223.165	-17.06
223.4	-17.06
223.635	-17.06
223.869	-23.06
224.104	-25.06
224.338	-24.06
224.573	-14.06
224.808	-15.06
225.042	-7.06
225.277	7.94
225.511	2.94
225.746	-4.06
225.98	9.94
226.215	29.94
226.449	13.94
226.683	22.94
226.918	17.94
227.152	23.94
227.387	38.94
227.621	48.94
227.856	40.94
228.09	38.94
228.324	46.94
228.559	51.94
228.793	78.94
229.027	100.94
229.262	93.94
229.496	86.94
229.73	106.94
229.964	123.94
230.199	97.94
230.433	99.94
230.667	108.94
230.901	118.94
231.136	113.94
231.37	107.94
231.604	110.94
231.838	120.94
232.072	113.94
232.306	92.94
232.541	123.94
232.775	113.94
233.009	116.94
233.243	106.94
233.477	115.94
233.711	125.94
233.945	125.94
234.179	111.94
234.413	100.94
234.647	133.94
234.881	117.94
235.115	107.94
235.349	118.94
235.583	111.94
235.817	118.94
236.051	113.94
236.285	113.94
236.519	121.94
236.753	130.94
236.987	129.94
237.221	158.94
237.455	160.94
237.689	155.94
237.922	141.94
238.156	141.94
238.39	127.94
238.624	122.94
238.858	121.94
239.091	128.94
239.325	125.94
239.559	139.94
239.793	121.94
240.027	125.94
240.26	151.94
240.494	146.94
240.728	132.94
240.961	131.94
241.195	142.94
241.429	143.94
241.662	133.94
241.896	133.94
242.13	145.94
242.363	134.94
242.597	145.94
242.83	125.94
243.064	139.94
243.298	143.94
243.531	131.94
243.765	147.94
243.998	150.94
244.232	146.94
244.465	149.94
244.699	145.94
244.932	151.94
245.166	149.94
245.399	136.94
245.633	143.94
245.866	148.94
246.099	139.94
246.333	158.94
246.566	166.94
246.8	144.94
247.033	129.94
247.266	154.94
247.5	163.94
247.733	158.94
247.966	173.94
248.2	171.94
248.433	169.94
248.666	177.94
248.899	177.94
249.133	176.94
249.366	206.94
249.599	172.94
249.832	173.94
250.066	182.94
250.299	176.94
250.532	180.94
250.765	172.94
250.998	206.94
251.231	178.94
251.465	196.94
251.698	177.94
251.931	194.94
252.164	184.94
252.397	169.94
252.63	177.94
252.863	180.94
253.096	198.94
253.329	166.94
253.562	193.94
253.795	208.94
254.028	174.94
254.261	198.94
254.494	214.94
254.727	205.94
254.96	208.94
255.193	197.94
255.426	198.94
255.659	209.94
255.892	190.94
256.124	210.94
256.357	226.94
256.59	194.94
256.823	182.94
257.056	181.94
257.289	225.94
257.521	203.94
257.754	201.94
257.987	199.94
258.22	196.94
258.452	204.94
258.685	216.94
258.918	193.94
259.151	214.94
259.383	222.94
259.616	209.94
259.849	203.94
260.081	224.94
260.314	214.94
260.547	221.94
260.779	227.94
261.012	215.94
261.244	225.94
261.477	205.94
261.71	223.94
261.942	224.94
262.175	241.94
262.407	234.94
262.64	207.94
262.872	204.94
263.105	196.94
263.337	217.94
263.57	212.94
263.802	223.94
264.035	225.94
264.267	210.94
264.499	205.94
264.732	214.94
264.964	219.94
265.197	217.94
265.429	222.94
265.661	213.94
265.894	237.94
266.126	221.94
266.358	217.94
266.591	218.94
266.823	213.94
267.055	229.94
267.287	231.94
267.52	229.94
267.752	239.94
267.984	238.94
268.216	239.94
268.448	243.94
268.681	229.94
268.913	235.94
269.145	257.94
269.377	263.94
269.609	262.94
269.841	259.94
270.073	261.94
270.306	265.94
270.538	264.94
270.77	269.94
271.002	259.94
271.234	254.94
271.466	269.94
271.698	270.94
271.93	270.94
272.162	281.94
272.394	275.94
272.626	285.94
272.858	271.94
273.09	275.94
273.322	257.94
273.553	258.94
273.785	277.94
274.017	274.94
274.249	247.94
274.481	263.94
274.713	255.94
274.945	250.94
275.176	268.94
275.408	250.94
275.64	282.94
275.872	265.94
276.104	266.94
276.335	261.94
276.567	300.94
276.799	314.94
277.031	292.94
277.262	317.94
277.494	295.94
277.726	302.94
277.957	282.94
278.189	264.94
278.421	283.94
278.652	273.94
278.884	284.94
279.115	264.94
279.347	279.94
279.579	287.94
279.81	276.94
280.042	280.94
280.273	281.94
280.505	293.94
280.736	293.94
280.968	290.94
281.199	283.94
281.431	272.94
281.662	282.94
281.894	273.94
282.125	277.94
282.356	316.94
282.588	310.94
282.819	316.94
283.051	308.94
283.282	278.94
283.513	293.94
283.745	281.94
283.976	293.94
284.207	300.94
284.439	287.94
284.67	322.94
284.901	294.94
285.132	302.94
285.364	314.94
285.595	306.94
285.826	309.94
286.057	317.94
286.288	305.94
286.52	307.94
286.751	309.94
286.982	308.94
287.213	304.94
287.444	302.94
287.675	309.94
287.906	335.94
288.138	342.94
288.369	321.94
288.6	323.94
288.831	327.94
289.062	321.94
289.293	316.94
289.524	311.94
289.755	325.94
289.986	324.94
290.217	316.94
290.448	332.94
290.679	317.94
290.91	315.94
291.141	335.94
291.371	310.94
291.602	326.94
291.833	316.94
292.064	317.94
292.295	325.94
292.526	330.94
292.757	332.94
292.987	333.94
293.218	324.94
293.449	337.94
293.68	327.94
293.91	326.94
294.141	316.94
294.372	313.94
294.603	336.94
294.833	314.94
295.064	329.94
295.295	318.94
295.525	308.94
295.756	344.94
295.987	348.94
296.217	362.94
296.448	367.94
296.679	341.94
296.909	340.94
297.14	347.94
297.37	354.94
297.601	337.94
297.831	356.94
298.062	341.94
298.292	349.94
298.523	366.94
298.753	356.94
298.984	363.94
299.214	350.94
299.445	373.94
299.675	356.94
299.905	367.94
300.136	362.94
300.366	353.94
300.597	346.94
300.827	377.94
301.057	361.94
301.288	384.94
301.518	379.94
301.748	376.94
301.979	411.94
302.209	374.94
302.439	379.94
302.669	375.94
302.9	390.94
303.13	381.94
303.36	365.94
303.59	382.94
303.82	397.94
304.051	383.94
304.281	367.94
304.511	379.94
304.741	384.94
304.971	363.94
305.201	380.94
305.431	374.94
305.661	371.94
305.891	354.94
306.121	385.94
306.352	391.94
306.582	383.94
306.812	374.94
307.042	377.94
307.272	372.94
307.502	386.94
307.731	377.94
307.961	382.94
308.191	386.94
308.421	389.94
308.651	370.94
308.881	392.94
309.111	407.94
309.341	395.94
309.571	392.94
309.8	433.94
310.03	415.94
310.26	425.94
310.49	399.94
310.72	399.94
310.949	421.94
311.179	419.94
311.409	425.94
311.639	417.94
311.868	398.94
312.098	418.94
312.328	445.94
312.557	432.94
312.787	438.94
313.017	443.94
313.246	433.94
313.476	412.94
313.706	434.94
313.935	449.94
314.165	447.94
314.394	461.94
314.624	442.94
314.853	431.94
315.083	436.94
315.312	441.94
315.542	455.94
315.771	422.94
316.001	419.94
316.23	436.94
316.46	429.94
316.689	433.94
316.919	421.94
317.148	439.94
317.377	447.94
317.607	439.94
317.836	421.94
318.065	406.94
318.295	436.94
318.524	420.94
318.753	425.94
318.983	411.94
319.212	434.94
319.441	453.94
319.67	469.94
319.9	446.94
320.129	435.94
320.358	433.94
320.587	417.94
320.816	429.94
321.046	441.94
321.275	457.94
321.504	452.94
321.733	459.94
321.962	449.94
322.191	466.94
322.42	473.94
322.649	491.94
322.878	491.94
323.108	493.94
323.337	519.94
323.566	533.94
323.795	550.94
324.024	613.94
324.253	659.94
324.482	879.94
324.71	1263.94
324.939	1756.94
325.168	1401.94
325.397	785.94
325.626	621.94
325.855	575.94
326.084	542.94
326.313	550.94
326.542	568.94
326.77	605.94
326.999	656.94
327.228	860.94
327.457	1253.94
327.686	1477.94
327.914	957.94
328.143	715.94
328.372	670.94
328.6	632.94
328.829	609.94
329.058	599.94
329.287	606.94
329.515	594.94
329.744	560.94
329.972	590.94
330.201	597.94
330.43	658.94
330.658	649.94
330.887	683.94
331.115	651.94
331.344	567.94
331.572	558.94
331.801	564.94
332.03	564.94
332.258	587.94
332.486	561.94
332.715	576.94
332.943	570.94
333.172	623.94
333.4	632.94
333.629	651.94
333.857	656.94
334.085	666.94
334.314	687.94
334.542	711.94
334.771	738.94
334.999	665.94
335.227	612.94
335.455	617.94
335.684	581.94
335.912	603.94
336.14	575.94
336.369	577.94
336.597	616.94
336.825	600.94
337.053	574.94
337.281	582.94
337.51	594.94
337.738	558.94
337.966	566.94
338.194	571.94
338.422	539.94
338.65	547.94
338.878	541.94
339.106	523.94
339.334	553.94
339.562	554.94
339.79	527.94
340.018	533.94
340.246	548.94
340.474	518.94
340.702	525.94
340.93	526.94
341.158	513.94
341.386	537.94
341.614	557.94
341.842	531.94
342.07	542.94
342.298	527.94
342.526	539.94
342.754	534.94
342.981	561.94
343.209	546.94
343.437	539.94
343.665	556.94
343.893	602.94
344.12	617.94
344.348	599.94
344.576	599.94
344.804	568.94
345.031	564.94
345.259	557.94
345.487	541.94
345.714	534.94
345.942	526.94
346.17	537.94
346.397	531.94
346.625	533.94
346.853	532.94
347.08	529.94
347.308	537.94
347.535	534.94
347.763	543.94
347.99	560.94
348.218	545.94
348.445	549.94
348.673	529.94
348.9	513.94
349.128	529.94
349.355	519.94
349.583	534.94
349.81	505.94
350.037	491.94
350.265	517.94
350.492	509.94
350.72	506.94
350.947	510.94
351.174	525.94
351.402	527.94
351.629	541.94
351.856	525.94
352.083	525.94
352.311	518.94
352.538	541.94
352.765	542.94
352.992	525.94
353.22	516.94
353.447	541.94
353.674	530.94
353.901	524.94
354.128	514.94
354.355	526.94
354.583	500.94
354.81	508.94
355.037	517.94
355.264	537.94
355.491	508.94
355.718	496.94
355.945	505.94
356.172	516.94
356.399	519.94
356.626	513.94
356.853	525.94
357.08	481.94
357.307	514.94
357.534	509.94
357.761	511.94
357.988	536.94
358.215	490.94
358.441	516.94
358.668	508.94
358.895	507.94
359.122	526.94
359.349	531.94
359.576	532.94
359.802	559.94
360.029	569.94
360.256	613.94
360.483	598.94
360.709	538.94
360.936	536.94
361.163	545.94
361.39	542.94
361.616	543.94
361.843	543.94
362.07	563.94
362.296	564.94
362.523	534.94
362.749	538.94
362.976	540.94
363.203	516.94
363.429	530.94
363.656	543.94
363.882	535.94
364.109	548.94
364.335	524.94
364.562	532.94
364.788	516.94
365.015	535.94
365.241	541.94
365.468	546.94
365.694	535.94
365.92	547.94
366.147	537.94
366.373	525.94
366.599	543.94
366.826	537.94
367.052	544.94
367.278	534.94
367.505	531.94
367.731	532.94
367.957	546.94
368.184	562.94
368.41	571.94
368.636	569.94
368.862	563.94
369.089	571.94
369.315	552.94
369.541	543.94
369.767	541.94
369.993	564.94
370.219	566.94
370.445	575.94
370.672	584.94
370.898	574.94
371.124	590.94
371.35	590.94
371.576	587.94
371.802	591.94
372.028	544.94
372.254	573.94
372.48	579.94
372.706	581.94
372.932	588.94
373.158	585.94
373.384	596.94
373.61	584.94
373.835	599.94
374.061	589.94
374.287	583.94
374.513	596.94
374.739	609.94
374.965	630.94
375.191	618.94
375.416	620.94
375.642	612.94
375.868	630.94
376.094	594.94
376.319	592.94
376.545	613.94
376.771	600.94
376.997	624.94
377.222	581.94
377.448	596.94
377.674	594.94
377.899	573.94
378.125	598.94
378.35	595.94
378.576	603.94
378.802	589.94
379.027	570.94
379.253	583.94
379.478	585.94
379.704	595.94
379.929	597.94
380.155	601.94
380.38	593.94
380.606	581.94
380.831	593.94
381.057	608.94
381.282	594.94
381.507	615.94
381.733	589.94
381.958	599.94
382.184	611.94
382.409	612.94
382.634	602.94
382.86	639.94
383.085	609.94
383.31	615.94
383.535	625.94
383.761	657.94
383.986	660.94
384.211	689.94
384.436	686.94
384.662	690.94
384.887	690.94
385.112	682.94
385.337	699.94
385.562	709.94
385.787	677.94
386.013	717.94
386.238	721.94
386.463	742.94
386.688	713.94
386.913	709.94
387.138	701.94
387.363	687.94
387.588	675.94
387.813	706.94
388.038	708.94
388.263	716.94
388.488	731.94
388.713	728.94
388.938	708.94
389.163	695.94
389.387	723.94
389.612	708.94
389.837	715.94
390.062	691.94
390.287	714.94
390.512	716.94
390.736	735.94
390.961	749.94
391.186	740.94
391.411	770.94
391.636	770.94
391.86	802.94
392.085	791.94
392.31	797.94
392.534	787.94
392.759	774.94
392.984	781.94
393.208	779.94
393.433	788.94
393.658	774.94
393.882	788.94
394.107	772.94
394.331	795.94
394.556	798.94
394.78	806.94
395.005	783.94
395.229	799.94
395.454	803.94
395.678	826.94
395.903	841.94
396.127	833.94
396.352	820.94
396.576	819.94
396.801	799.94
397.025	809.94
397.249	839.94
397.474	825.94
397.698	845.94
397.922	870.94
398.147	846.94
398.371	884.94
398.595	885.94
398.82	890.94
399.044	978.94
399.268	1050.94
399.492	1177.94
399.717	1325.94
399.941	1328.94
400.165	1222.94
400.389	1129.94
400.613	1041.94
400.837	993.94
401.062	1004.94
401.286	964.94
401.51	966.94
401.734	958.94
401.958	998.94
402.182	984.94
402.406	1039.94
402.63	1060.94
402.854	1029.94
403.078	1065.94
403.302	1049.94
403.526	1096.94
403.75	1088.94
403.974	1116.94
404.198	1113.94
404.422	1108.94
404.645	1069.94
404.869	1101.94
405.093	1123.94
405.317	1145.94
405.541	1139.94
405.765	1121.94
405.988	1108.94
406.212	1142.94
406.436	1169.94
406.66	1220.94
406.883	1146.94
407.107	1212.94
407.331	1248.94
407.555	1331.94
407.778	1284.94
408.002	1277.94
408.226	1229.94
408.449	1200.94
408.673	1185.94
408.896	1140.94
409.12	1187.94
409.344	1190.94
409.567	1181.94
409.791	1171.94
410.014	1155.94
410.238	1130.94
410.461	1148.94
410.685	1167.94
410.908	1158.94
411.132	1149.94
411.355	1131.94
411.578	1116.94
411.802	1089.94
412.025	1071.94
412.249	1134.94
412.472	1155.94
412.695	1165.94
412.919	1103.94
413.142	1077.94
413.365	1066.94
413.589	1079.94
413.812	1043.94
414.035	1033.94
414.258	1067.94
414.482	1073.94
414.705	1073.94
414.928	1075.94
415.151	1073.94
415.374	1063.94
415.597	1060.94
415.821	1037.94
416.044	1061.94
416.267	1061.94
416.49	1046.94
416.713	1094.94
416.936	1078.94
417.159	1087.94
417.382	1082.94
417.605	1090.94
417.828	1085.94
418.051	1120.94
418.274	1101.94
418.497	1110.94
418.72	1149.94
418.943	1135.94
419.166	1181.94
419.389	1230.94
419.611	1229.94
419.834	1195.94
420.057	1152.94
420.28	1140.94
420.503	1137.94
420.726	1105.94
420.948	1114.94
421.171	1108.94
421.394	1166.94
421.617	1120.94
421.839	1159.94
422.062	1100.94
422.285	1113.94
422.507	1168.94
422.73	1195.94
422.953	1178.94
423.175	1126.94
423.398	1160.94
423.621	1137.94
423.843	1194.94
424.066	1199.94
424.288	1199.94
424.511	1214.94
424.733	1194.94
424.956	1221.94
425.178	1212.94
425.401	1193.94
425.623	1219.94
425.846	1111.94
426.068	1113.94
426.291	1083.94
426.513	1107.94
426.735	1097.94
426.958	1088.94
427.18	1150.94
427.402	1189.94
427.625	1294.94
427.847	1249.94
428.069	1157.94
428.292	1059.94
428.514	1027.94
428.736	1035.94
428.958	1050.94
429.181	1022.94
429.403	1037.94
429.625	1031.94
429.847	1040.94
430.069	1059.94
430.292	1060.94
430.514	987.94
430.736	1021.94
430.958	1018.94
431.18	1030.94
431.402	1010.94
431.624	977.94
431.846	977.94
432.068	954.94
432.29	957.94
432.512	957.94
432.734	1013.94
432.956	1065.94
433.178	1031.94
433.4	1035.94
433.622	1038.94
433.844	1024.94
434.066	1032.94
434.287	982.94
434.509	1002.94
434.731	1038.94
434.953	1088.94
435.175	1134.94
435.397	1099.94
435.618	1072.94
435.84	1039.94
436.062	1067.94
436.284	1123.94
436.505	1039.94
436.727	1027.94
436.949	1042.94
437.17	1025.94
437.392	1024.94
437.614	1001.94
437.835	983.94
438.057	1069.94
438.278	1086.94
438.5	1106.94
438.721	1142.94
438.943	1137.94
439.165	1062.94
439.386	1063.94
439.608	1077.94
439.829	1061.94
440.05	1101.94
440.272	1147.94
440.493	1089.94
440.715	1084.94
440.936	1075.94
441.158	1114.94
441.379	1131.94
441.6	1136.94
441.822	1199.94
442.043	1177.94
442.264	1182.94
442.486	1185.94
442.707	1143.94
442.928	1136.94
443.149	1173.94
443.371	1173.94
443.592	1153.94
443.813	1186.94
444.034	1225.94
444.255	1193.94
444.476	1217.94
444.698	1257.94
444.919	1293.94
445.14	1351.94
445.361	1277.94
445.582	1169.94
445.803	1181.94
446.024	1210.94
446.245	1210.94
446.466	1153.94
446.687	1130.94
446.908	1079.94
447.129	1014.94
447.35	1041.94
447.571	1031.94
447.792	1024.94
448.013	976.94
448.234	994.94
448.455	1022.94
448.675	1035.94
448.896	1109.94
449.117	1031.94
449.338	1008.94
449.559	1053.94
449.779	1105.94
450	1021.94
450.221	986.94
450.442	975.94
450.662	976.94
450.883	986.94
451.104	1010.94
451.324	1003.94
451.545	947.94
451.766	959.94
451.986	947.94
452.207	902.94
452.428	919.94
452.648	920.94
452.869	884.94
453.089	895.94
453.31	875.94
453.53	879.94
453.751	867.94
453.971	871.94
454.192	912.94
454.412	883.94
454.633	877.94
454.853	866.94
455.073	856.94
455.294	907.94
455.514	922.94
455.734	880.94
455.955	860.94
456.175	827.94
456.395	796.94
456.616	805.94
456.836	794.94
457.056	814.94
457.276	812.94
457.497	802.94
457.717	808.94
457.937	829.94
458.157	827.94
458.377	844.94
458.598	847.94
458.818	948.94
459.038	997.94
459.258	982.94
459.478	921.94
459.698	903.94
459.918	934.94
460.138	962.94
460.358	1043.94
460.578	1035.94
460.798	1031.94
461.018	1095.94
461.238	1067.94
461.458	1045.94
461.678	1044.94
461.898	1062.94
462.118	1072.94
462.338	1085.94
462.558	1144.94
462.777	1117.94
462.997	1220.94
463.217	1323.94
463.437	1315.94
463.657	1235.94
463.876	1210.94
464.096	1191.94
464.316	1165.94
464.536	1202.94
464.755	1205.94
464.975	1169.94
465.195	1196.94
465.414	1215.94
465.634	1083.94
465.854	1012.94
466.073	981.94
466.293	979.94
466.512	945.94
466.732	964.94
466.951	942.94
467.171	959.94
467.391	949.94
467.61	969.94
467.829	978.94
468.049	958.94
468.268	981.94
468.488	918.94
468.707	909.94
468.927	902.94
469.146	910.94
469.365	937.94
469.585	938.94
469.804	946.94
470.023	1022.94
470.243	982.94
470.462	1012.94
470.681	1018.94
470.901	1029.94
471.12	973.94
471.339	959.94
471.558	944.94
471.777	941.94
471.997	923.94
472.216	928.94
472.435	1011.94
472.654	925.94
472.873	857.94
473.092	856.94
473.311	874.94
473.53	883.94
473.749	877.94
473.968	887.94
474.187	920.94
474.406	938.94
474.625	918.94
474.844	903.94
475.063	889.94
475.282	887.94
475.501	864.94
475.72	888.94
475.939	931.94
476.158	903.94
476.377	912.94
476.596	905.94
476.814	886.94
477.033	917.94
477.252	917.94
477.471	924.94
477.69	988.94
477.908	1006.94
478.127	1023.94
478.346	1012.94
478.564	1045.94
478.783	1036.94
479.002	1087.94
479.22	1081.94
479.439	1088.94
479.658	1057.94
479.876	1075.94
480.095	1075.94
480.313	1109.94
480.532	1141.94
480.751	1135.94
480.969	1076.94
481.188	1181.94
481.406	1263.94
481.624	1019.94
481.843	1004.94
482.061	994.94
482.28	959.94
482.498	981.94
482.717	958.94
482.935	994.94
483.153	1022.94
483.372	1045.94
483.59	1027.94
483.808	1037.94
484.027	992.94
484.245	1006.94
484.463	1023.94
484.681	1071.94
484.9	1036.94
485.118	1071.94
485.336	1018.94
485.554	1006.94
485.772	1028.94
485.99	1008.94
486.209	1027.94
486.427	996.94
486.645	1064.94
486.863	1111.94
487.081	1095.94
487.299	1078.94
487.517	1097.94
487.735	1133.94
487.953	1175.94
488.171	1145.94
488.389	1131.94
488.607	1102.94
488.825	1044.94
489.043	1023.94
489.261	1076.94
489.479	1092.94
489.696	1054.94
489.914	1080.94
490.132	1088.94
490.35	1083.94
490.568	1148.94
490.786	1155.94
491.003	1170.94
491.221	1192.94
491.439	1239.94
491.657	1264.94
491.874	1295.94
492.092	1335.94
492.31	1346.94
492.527	1335.94
492.745	1309.94
492.963	1281.94
493.18	1288.94
493.398	1238.94
493.615	1262.94
493.833	1256.94
494.05	1228.94
494.268	1276.94
494.485	1266.94
494.703	1242.94
494.92	1250.94
495.138	1250.94
495.355	1252.94
495.573	1242.94
495.79	1252.94
496.008	1249.94
496.225	1250.94
496.442	1229.94
496.66	1258.94
496.877	1279.94
497.094	1279.94
497.312	1295.94
497.529	1303.94
497.746	1283.94
497.963	1298.94
498.181	1323.94
498.398	1359.94
498.615	1417.94
498.832	1490.94
499.049	1628.94
499.267	1643.94
499.484	1804.94
499.701	1962.94
499.918	2152.94
500.135	2410.94
500.352	2710.94
500.569	2734.94
500.786	2727.94
501.003	2503.94
501.22	2314.94
501.437	2086.94
501.654	1904.94
501.871	1783.94
502.088	1691.94
502.305	1539.94
502.522	1493.94
502.739	1519.94
502.956	1385.94
503.172	1331.94
503.389	1312.94
503.606	1287.94
503.823	1247.94
504.04	1230.94
504.256	1227.94
504.473	1276.94
504.69	1277.94
504.907	1251.94
505.123	1207.94
505.34	1156.94
505.557	1130.94
505.773	1094.94
505.99	1086.94
506.207	1036.94
506.423	1070.94
506.64	1049.94
506.856	1059.94
507.073	1030.94
507.289	1005.94
507.506	1028.94
507.722	1069.94
507.939	1058.94
508.155	1028.94
508.372	987.94
508.588	979.94
508.805	960.94
509.021	946.94
509.238	942.94
509.454	953.94
509.67	950.94
509.887	940.94
510.103	949.94
510.319	961.94
510.536	1150.94
510.752	2349.94
510.968	1575.94
511.184	979.94
511.401	919.94
511.617	929.94
511.833	915.94
512.049	914.94
512.265	899.94
512.481	880.94
512.698	890.94
512.914	889.94
513.13	890.94
513.346	904.94
513.562	911.94
513.778	892.94
513.994	916.94
514.21	953.94
514.426	966.94
514.642	1035.94
514.858	1017.94
515.074	1133.94
515.29	1325.94
515.506	2205.94
515.721	1699.94
515.937	1121.94
516.153	1055.94
516.369	986.94
516.585	1024.94
516.801	1038.94
517.016	1040.94
517.232	1113.94
517.448	1129.94
517.664	1129.94
517.879	1158.94
518.095	1171.94
518.311	1160.94
518.527	1107.94
518.742	1079.94
518.958	1037.94
519.173	1043.94
519.389	998.94
519.605	1025.94
519.82	990.94
520.036	986.94
520.251	1000.94
520.467	1012.94
520.682	987.94
520.898	983.94
521.113	1003.94
521.329	1031.94
521.544	1135.94
521.76	1510.94
521.975	2899.94
522.19	2700.94
522.406	1354.94
522.621	1028.94
522.836	932.94
523.052	919.94
523.267	874.94
523.482	867.94
523.698	873.94
523.913	891.94
524.128	896.94
524.343	867.94
524.559	859.94
524.774	855.94
524.989	858.94
525.204	856.94
525.419	804.94
525.634	856.94
525.849	807.94
526.064	829.94
526.28	797.94
526.495	797.94
526.71	772.94
526.925	753.94
527.14	774.94
527.355	771.94
527.57	756.94
527.785	774.94
527.999	751.94
528.214	781.94
528.429	800.94
528.644	809.94
528.859	850.94
529.074	856.94
529.289	907.94
529.503	1008.94
529.718	945.94
529.933	837.94
530.148	809.94
530.363	770.94
530.577	763.94
530.792	767.94
531.007	783.94
531.221	770.94
531.436	743.94
531.651	756.94
531.865	763.94
532.08	737.94
532.295	773.94
532.509	753.94
532.724	779.94
532.938	768.94
533.153	787.94
533.367	792.94
533.582	775.94
533.796	789.94
534.011	783.94
534.225	771.94
534.44	747.94
534.654	729.94
534.868	731.94
535.083	751.94
535.297	758.94
535.511	765.94
535.726	751.94
535.94	758.94
536.154	714.94
536.369	722.94
536.583	701.94
536.797	729.94
537.011	718.94
537.225	699.94
537.44	717.94
537.654	701.94
537.868	724.94
538.082	674.94
538.296	705.94
538.51	702.94
538.724	740.94
538.938	747.94
539.153	748.94
539.367	747.94
539.581	741.94
539.795	706.94
540.009	674.94
540.222	672.94
540.436	705.94
540.65	726.94
540.864	740.94
541.078	782.94
541.292	776.94
541.506	803.94
541.72	837.94
541.934	881.94
542.147	841.94
542.361	852.94
542.575	810.94
542.789	775.94
543.002	725.94
543.216	729.94
543.43	728.94
543.644	726.94
543.857	767.94
544.071	809.94
544.285	830.94
544.498	817.94
544.712	814.94
544.925	772.94
545.139	821.94
545.352	827.94
545.566	815.94
545.779	839.94
545.993	848.94
546.206	814.94
546.42	836.94
546.633	825.94
546.847	825.94
547.06	833.94
547.274	842.94
547.487	833.94
547.7	832.94
547.914	839.94
548.127	830.94
548.34	845.94
548.554	814.94
548.767	825.94
548.98	817.94
549.193	811.94
549.407	818.94
549.62	838.94
549.833	871.94
550.046	815.94
550.259	794.94
550.473	789.94
550.686	751.94
550.899	771.94
551.112	787.94
551.325	759.94
551.538	763.94
551.751	725.94
551.964	730.94
552.177	752.94
552.39	769.94
552.603	798.94
552.816	837.94
553.029	829.94
553.242	858.94
553.455	851.94
553.667	865.94
553.88	880.94
554.093	819.94
554.306	802.94
554.519	806.94
554.732	769.94
554.944	764.94
555.157	776.94
555.37	727.94
555.583	730.94
555.795	740.94
556.008	721.94
556.221	695.94
556.433	682.94
556.646	685.94
556.859	678.94
557.071	677.94
557.284	709.94
557.496	703.94
557.709	682.94
557.921	673.94
558.134	685.94
558.346	671.94
558.559	683.94
558.771	653.94
558.984	643.94
559.196	659.94
559.409	634.94
559.621	617.94
559.833	644.94
560.046	628.94
560.258	629.94
560.47	640.94
560.683	625.94
560.895	639.94
561.107	635.94
561.32	628.94
561.532	673.94
561.744	622.94
561.956	643.94
562.168	651.94
562.381	636.94
562.593	621.94
562.805	625.94
563.017	635.94
563.229	631.94
563.441	618.94
563.653	641.94
563.865	637.94
564.077	622.94
564.289	621.94
564.501	631.94
564.713	628.94
564.925	639.94
565.137	678.94
565.349	655.94
565.561	655.94
565.773	693.94
565.985	716.94
566.197	731.94
566.408	776.94
566.62	821.94
566.832	917.94
567.044	885.94
567.255	886.94
567.467	888.94
567.679	945.94
567.891	991.94
568.102	983.94
568.314	927.94
568.526	863.94
568.737	789.94
568.949	735.94
569.161	688.94
569.372	651.94
569.584	618.94
569.795	578.94
570.007	587.94
570.218	663.94
570.43	642.94
570.641	582.94
570.853	580.94
571.064	588.94
571.276	628.94
571.487	538.94
571.698	553.94
571.91	561.94
572.121	554.94
572.333	519.94
572.544	521.94
572.755	500.94
572.966	493.94
573.178	461.94
573.389	466.94
573.6	476.94
573.811	459.94
574.023	452.94
574.234	467.94
574.445	440.94
574.656	469.94
574.867	455.94
575.078	485.94
575.289	444.94
575.501	449.94
575.712	448.94
575.923	417.94
576.134	438.94
576.345	444.94
576.556	444.94
576.767	443.94
576.978	454.94
577.188	470.94
577.399	429.94
577.61	438.94
577.821	435.94
578.032	426.94
578.243	505.94
578.454	868.94
578.665	584.94
578.875	446.94
579.086	413.94
579.297	420.94
579.508	399.94
579.718	409.94
579.929	374.94
580.14	409.94
580.35	379.94
580.561	401.94
580.772	402.94
580.982	397.94
581.193	406.94
581.403	392.94
581.614	392.94
581.825	400.94
582.035	373.94
582.246	392.94
582.456	379.94
582.667	405.94
582.877	381.94
583.087	387.94
583.298	386.94
583.508	374.94
583.719	382.94
583.929	381.94
584.139	399.94
584.35	391.94
584.56	382.94
584.77	363.94
584.981	379.94
585.191	374.94
585.401	363.94
585.611	374.94
585.821	371.94
586.032	365.94
586.242	388.94
586.452	378.94
586.662	375.94
586.872	346.94
587.082	387.94
587.292	383.94
587.502	366.94
587.713	372.94
587.923	363.94
588.133	373.94
588.343	352.94
588.553	377.94
588.762	372.94
588.972	374.94
589.182	388.94
589.392	375.94
589.602	357.94
589.812	361.94
590.022	355.94
590.232	378.94
590.441	392.94
590.651	371.94
590.861	382.94
591.071	379.94
591.281	369.94
591.49	387.94
591.7	386.94
591.91	370.94
592.119	404.94
592.329	407.94
592.539	427.94
592.748	410.94
592.958	414.94
593.167	431.94
593.377	466.94
593.587	443.94
593.796	445.94
594.006	454.94
594.215	456.94
594.424	440.94
594.634	430.94
594.843	420.94
595.053	423.94
595.262	410.94
595.472	419.94
595.681	376.94
595.89	374.94
596.1	375.94
596.309	371.94
596.518	382.94
596.727	364.94
596.937	364.94
597.146	345.94
597.355	341.94
597.564	330.94
597.774	349.94
597.983	334.94
598.192	306.94
598.401	325.94
598.61	342.94
598.819	339.94
599.028	324.94
599.237	322.94
599.446	330.94
599.655	321.94
599.864	323.94
600.073	320.94
600.282	326.94
600.491	312.94
600.7	329.94
600.909	314.94
601.118	313.94
601.327	329.94
601.536	343.94
601.745	325.94
601.953	325.94
602.162	333.94
602.371	337.94
602.58	358.94
602.789	336.94
602.997	335.94
603.206	345.94
603.415	333.94
603.623	331.94
603.832	343.94
604.041	324.94
604.249	331.94
604.458	315.94
604.666	323.94
604.875	310.94
605.084	321.94
605.292	318.94
605.501	337.94
605.709	335.94
605.918	344.94
606.126	343.94
606.334	355.94
606.543	325.94
606.751	337.94
606.96	340.94
607.168	325.94
607.376	338.94
607.585	332.94
607.793	345.94
608.001	323.94
608.21	311.94
608.418	327.94
608.626	339.94
608.834	336.94
609.043	322.94
609.251	318.94
609.459	329.94
609.667	344.94
609.875	348.94
610.083	337.94
610.291	325.94
610.499	325.94
610.707	327.94
610.916	310.94
611.124	320.94
611.332	317.94
611.54	316.94
611.748	325.94
611.955	326.94
612.163	311.94
612.371	306.94
612.579	333.94
612.787	322.94
612.995	318.94
613.203	316.94
613.411	323.94
613.618	329.94
613.826	324.94
614.034	316.94
614.242	326.94
614.449	332.94
614.657	329.94
614.865	299.94
615.072	324.94
615.28	309.94
615.488	296.94
615.695	310.94
615.903	314.94
616.111	313.94
616.318	317.94
616.526	318.94
616.733	332.94
616.941	327.94
617.148	326.94
617.356	306.94
617.563	324.94
617.771	309.94
617.978	300.94
618.185	307.94
618.393	317.94
618.6	318.94
618.807	306.94
619.015	309.94
619.222	303.94
619.429	278.94
619.637	308.94
619.844	296.94
620.051	298.94
620.258	298.94
620.466	290.94
620.673	296.94
620.88	281.94
621.087	282.94
621.294	287.94
621.501	282.94
621.708	271.94
621.915	292.94
622.122	297.94
622.329	292.94
622.536	305.94
622.743	285.94
622.95	271.94
623.157	277.94
623.364	301.94
623.571	308.94
623.778	294.94
623.985	275.94
624.192	278.94
624.399	286.94
624.606	271.94
624.812	259.94
625.019	281.94
625.226	280.94
625.433	265.94
625.639	268.94
625.846	244.94
626.053	250.94
626.259	231.94
626.466	242.94
626.673	258.94
626.879	252.94
627.086	266.94
627.293	270.94
627.499	272.94
627.706	277.94
627.912	263.94
628.119	250.94
628.325	256.94
628.532	249.94
628.738	253.94
628.945	269.94
629.151	253.94
629.357	253.94
629.564	270.94
629.77	253.94
629.976	252.94
630.183	246.94
630.389	242.94
630.595	250.94
630.802	229.94
631.008	249.94
631.214	252.94
631.42	250.94
631.627	244.94
631.833	234.94
632.039	224.94
632.245	239.94
632.451	244.94
632.657	235.94
632.863	241.94
633.069	229.94
633.275	255.94
633.481	228.94
633.688	245.94
633.893	217.94
634.099	218.94
634.305	233.94
634.511	222.94
634.717	236.94
634.923	220.94
635.129	214.94
635.335	224.94
635.541	233.94
635.747	211.94
635.952	230.94
636.158	243.94
636.364	239.94
636.57	236.94
636.775	241.94
636.981	222.94
637.187	242.94
637.392	207.94
637.598	231.94
637.804	225.94
638.009	237.94
638.215	230.94
638.421	213.94
638.626	224.94
638.832	209.94
639.037	200.94
639.243	208.94
639.448	213.94
639.654	201.94
639.859	203.94
640.065	204.94
640.27	220.94
640.475	202.94
640.681	219.94
640.886	226.94
641.091	213.94
641.297	220.94
641.502	199.94
641.707	210.94
641.913	193.94
642.118	198.94
642.323	208.94
642.528	217.94
642.733	207.94
642.939	198.94
643.144	194.94
643.349	213.94
643.554	192.94
643.759	224.94
643.964	198.94
644.169	208.94
644.374	196.94
644.579	210.94
644.784	202.94
644.989	222.94
645.194	193.94
645.399	210.94
645.604	203.94
645.809	212.94
646.014	200.94
646.219	207.94
646.423	218.94
646.628	200.94
646.833	199.94
647.038	213.94
647.243	197.94
647.447	198.94
647.652	209.94
647.857	211.94
648.062	224.94
648.266	212.94
648.471	206.94
648.676	214.94
648.88	204.94
649.085	218.94
649.289	194.94
649.494	217.94
649.698	216.94
649.903	201.94
650.107	180.94
650.312	202.94
650.516	195.94
650.721	182.94
650.925	181.94
651.13	189.94
651.334	180.94
651.539	180.94
651.743	176.94
651.947	182.94
652.152	181.94
652.356	169.94
652.56	173.94
652.764	161.94
652.969	166.94
653.173	180.94
653.377	169.94
653.581	166.94
653.785	149.94
653.99	162.94
654.194	162.94
654.398	155.94
654.602	155.94
654.806	149.94
655.01	158.94
655.214	173.94
655.418	166.94
655.622	154.94
655.826	140.94
656.03	166.94
656.234	148.94
656.438	154.94
656.642	153.94
656.846	165.94
657.049	149.94
657.253	143.94
657.457	136.94
657.661	140.94
657.865	142.94
658.068	134.94
658.272	121.94
658.476	123.94
658.68	119.94
658.883	113.94
659.087	102.94
659.291	107.94
659.494	105.94
659.698	107.94
659.901	102.94
660.105	103.94
660.309	104.94
660.512	113.94
660.716	91.94
660.919	94.94
661.123	95.94
661.326	94.94
661.53	90.94
661.733	96.94
661.936	94.94
662.14	89.94
662.343	86.94
662.546	92.94
662.75	87.94
662.953	96.94
663.156	100.94
663.36	65.94
663.563	81.94
663.766	90.94
663.969	97.94
664.173	81.94
664.376	82.94
664.579	78.94
664.782	74.94
664.985	83.94
665.188	89.94
665.391	92.94
665.594	84.94
665.797	82.94
666	80.94
666.203	62.94
666.406	77.94
666.609	78.94
666.812	91.94
667.015	73.94
667.218	95.94
667.421	90.94
667.624	97.94
667.827	89.94
668.03	80.94
668.232	70.94
668.435	80.94
668.638	71.94
668.841	96.94
669.043	83.94
669.246	85.94
669.449	67.94
669.651	80.94
669.854	78.94
670.057	84.94
670.259	72.94
670.462	82.94
670.665	75.94
670.867	87.94
671.07	78.94
671.272	93.94
671.475	98.94
671.677	74.94
671.88	77.94
672.082	76.94
672.284	83.94
672.487	91.94
672.689	85.94
672.892	81.94
