223.165	-19.06
223.4	-19.06
223.635	-19.06
223.869	-34.06
224.104	-17.06
224.338	-13.06
224.573	-28.06
224.808	-16.06
225.042	-5.06
225.277	2.94
225.511	-0.06
225.746	-0.06
225.98	4.94
226.215	17.94
226.449	20.94
226.683	26.94
226.918	20.94
227.152	37.94
227.387	36.94
227.621	35.94
227.856	56.94
228.09	37.94
228.324	62.94
228.559	60.94
228.793	68.94
229.027	79.94
229.262	117.94
229.496	110.94
229.73	111.94
229.964	127.94
230.199	112.94
230.433	99.94
230.667	118.94
230.901	109.94
231.136	106.94
231.37	118.94
231.604	129.94
231.838	102.94
232.072	110.94
232.306	112.94
232.541	115.94
232.775	112.94
233.009	118.94
233.243	120.94
233.477	115.94
233.711	110.94
233.945	108.94
234.179	125.94
234.413	126.94
234.647	125.94
234.881	135.94
235.115	129.94
235.349	117.94
235.583	126.94
235.817	119.94
236.051	135.94
236.285	131.94
236.519	136.94
236.753	127.94
236.987	133.94
237.221	152.94
237.455	148.94
237.689	142.94
237.922	133.94
238.156	134.94
238.39	128.94
238.624	111.94
238.858	123.94
239.091	136.94
239.325	130.94
239.559	135.94
239.793	126.94
240.027	137.94
240.26	133.94
240.494	136.94
240.728	136.94
240.961	138.94
241.195	140.94
241.429	142.94
241.662	132.94
241.896	135.94
242.13	137.94
242.363	140.94
242.597	126.94
242.83	139.94
243.064	132.94
243.298	142.94
243.531	148.94
243.765	158.94
243.998	150.94
244.232	145.94
244.465	148.94
244.699	152.94
244.932	138.94
245.166	146.94
245.399	153.94
245.633	149.94
245.866	158.94
246.099	151.94
246.333	160.94
246.566	147.94
246.8	166.94
247.033	163.94
247.266	156.94
247.5	165.94
247.733	174.94
247.966	164.94
248.2	178.94
248.433	166.94
248.666	179.94
248.899	168.94
249.133	178.94
249.366	186.94
249.599	180.94
249.832	177.94
250.066	169.94
250.299	176.94
250.532	176.94
250.765	192.94
250.998	206.94
251.231	207.94
251.465	180.94
251.698	172.94
251.931	180.94
252.164	178.94
252.397	187.94
252.63	183.94
252.863	195.94
253.096	193.94
253.329	187.94
253.562	189.94
253.795	186.94
254.028	205.94
254.261	194.94
254.494	195.94
254.727	191.94
254.96	231.94
255.193	202.94
255.426	203.94
255.659	192.94
255.892	222.94
256.124	243.94
256.357	244.94
256.59	217.94
256.823	212.94
257.056	214.94
257.289	200.94
257.521	200.94
257.754	216.94
257.987	207.94
258.22	197.94
258.452	198.94
258.685	210.94
258.918	197.94
259.151	209.94
259.383	205.94
259.616	218.94
259.849	214.94
260.081	223.94
260.314	230.94
260.547	241.94
260.779	229.94
261.012	229.94
261.244	221.94
261.477	220.94
261.71	222.94
261.942	216.94
262.175	229.94
262.407	239.94
262.64	221.94
262.872	208.94
263.105	194.94
263.337	227.94
263.57	220.94
263.802	213.94
264.035	210.94
264.267	225.94
264.499	213.94
264.732	216.94
264.964	211.94
265.197	215.94
265.429	224.94
265.661	226.94
265.894	223.94
266.126	223.94
266.358	230.94
266.591	211.94
266.823	237.94
267.055	231.94
267.287	239.94
267.52	237.94
267.752	232.94
267.984	223.94
268.216	242.94
268.448	252.94
268.681	241.94
268.913	236.94
269.145	252.94
269.377	256.94
269.609	255.94
269.841	259.94
270.073	258.94
270.306	255.94
270.538	268.94
270.77	271.94
271.002	255.94
271.234	271.94
271.466	271.94
271.698	265.94
271.93	263.94
272.162	277.94
272.394	274.94
272.626	265.94
272.858	252.94
273.09	257.94
273.322	256.94
273.553	263.94
273.785	270.94
274.017	249.94
274.249	260.94
274.481	285.94
274.713	262.94
274.945	275.94
275.176	242.94
275.408	258.94
275.64	270.94
275.872	253.94
276.104	276.94
276.335	262.94
276.567	280.94
276.799	278.94
277.031	312.94
277.262	308.94
277.494	294.94
277.726	291.94
277.957	303.94
278.189	268.94
278.421	280.94
278.652	284.94
278.884	288.94
279.115	275.94
279.347	288.94
279.579	263.94
279.81	270.94
280.042	297.94
280.273	294.94
280.505	311.94
280.736	292.94
280.968	286.94
281.199	296.94
281.431	284.94
281.662	280.94
281.894	285.94
282.125	296.94
282.356	288.94
282.588	332.94
282.819	327.94
283.051	296.94
283.282	297.94
283.513	284.94
283.745	312.94
283.976	322.94
284.207	308.94
284.439	305.94
284.67	296.94
284.901	297.94
285.132	307.94
285.364	294.94
285.595	300.94
285.826	317.94
286.057	306.94
286.288	317.94
286.52	296.94
286.751	287.94
286.982	304.94
287.213	298.94
287.444	308.94
287.675	304.94
287.906	308.94
288.138	314.94
288.369	335.94
288.6	321.94
288.831	329.94
289.062	304.94
289.293	326.94
289.524	314.94
289.755	311.94
289.986	309.94
290.217	323.94
290.448	321.94
290.679	317.94
290.91	332.94
291.141	319.94
291.371	317.94
291.602	327.94
291.833	334.94
292.064	335.94
292.295	320.94
292.526	342.94
292.757	322.94
292.987	321.94
293.218	323.94
293.449	314.94
293.68	323.94
293.91	333.94
294.141	332.94
294.372	336.94
294.603	328.94
294.833	318.94
295.064	348.94
295.295	333.94
295.525	336.94
295.756	328.94
295.987	341.94
296.217	360.94
296.448	365.94
296.679	318.94
296.909	349.94
297.14	359.94
297.37	344.94
297.601	333.94
297.831	326.94
298.062	343.94
298.292	329.94
298.523	346.94
298.753	355.94
298.984	357.94
299.214	359.94
299.445	349.94
299.675	355.94
299.905	351.94
300.136	351.94
300.366	351.94
300.597	361.94
300.827	364.94
301.057	373.94
301.288	389.94
301.518	377.94
301.748	390.94
301.979	391.94
302.209	374.94
302.439	381.94
302.669	411.94
302.9	374.94
303.13	372.94
303.36	380.94
303.59	376.94
303.82	386.94
304.051	413.94
304.281	371.94
304.511	376.94
304.741	377.94
304.971	387.94
305.201	379.94
305.431	384.94
305.661	380.94
305.891	385.94
306.121	374.94
306.352	392.94
306.582	402.94
306.812	391.94
307.042	364.94
307.272	383.94
307.502	392.94
307.731	401.94
307.961	390.94
308.191	374.94
308.421	388.94
308.651	379.94
308.881	390.94
309.111	387.94
309.341	386.94
309.571	402.94
309.8	390.94
310.03	406.94
310.26	417.94
310.49	416.94
310.72	414.94
310.949	435.94
311.179	440.94
311.409	415.94
311.639	409.94
311.868	418.94
312.098	430.94
312.328	428.94
312.557	418.94
312.787	462.94
313.017	430.94
313.246	441.94
313.476	444.94
313.706	412.94
313.935	406.94
314.165	445.94
314.394	457.94
314.624	458.94
314.853	440.94
315.083	425.94
315.312	449.94
315.542	421.94
315.771	418.94
316.001	421.94
316.23	417.94
316.46	435.94
316.689	425.94
316.919	448.94
317.148	425.94
317.377	445.94
317.607	442.94
317.836	419.94
318.065	432.94
318.295	424.94
318.524	429.94
318.753	414.94
318.983	435.94
319.212	446.94
319.441	440.94
319.67	458.94
319.9	437.94
320.129	434.94
320.358	449.94
320.587	454.94
320.816	469.94
321.046	471.94
321.275	449.94
321.504	460.94
321.733	438.94
321.962	445.94
322.191	480.94
322.42	464.94
322.649	497.94
322.878	486.94
323.108	497.94
323.337	522.94
323.566	523.94
323.795	562.94
324.024	576.94
324.253	678.94
324.482	886.94
324.71	1245.94
324.939	1665.94
325.168	1392.94
325.397	784.94
325.626	596.94
325.855	573.94
326.084	541.94
326.313	542.94
326.542	575.94
326.77	609.94
326.999	680.94
327.228	812.94
327.457	1198.94
327.686	1382.94
327.914	908.94
328.143	750.94
328.372	719.94
328.6	661.94
328.829	629.94
329.058	652.94
329.287	640.94
329.515	632.94
329.744	611.94
329.972	636.94
330.201	743.94
330.43	836.94
330.658	796.94
330.887	743.94
331.115	680.94
331.344	616.94
331.572	574.94
331.801	597.94
332.03	575.94
332.258	577.94
332.486	591.94
332.715	609.94
332.943	607.94
333.172	625.94
333.4	656.94
333.629	671.94
333.857	709.94
334.085	748.94
334.314	810.94
334.542	988.94
334.771	1022.94
334.999	831.94
335.227	676.94
335.455	662.94
335.684	640.94
335.912	607.94
336.14	605.94
336.369	601.94
336.597	597.94
336.825	615.94
337.053	587.94
337.281	608.94
337.51	591.94
337.738	582.94
337.966	573.94
338.194	582.94
338.422	578.94
338.65	551.94
338.878	538.94
339.106	541.94
339.334	556.94
339.562	536.94
339.79	530.94
340.018	516.94
340.246	522.94
340.474	536.94
340.702	531.94
340.93	525.94
341.158	514.94
341.386	501.94
341.614	520.94
341.842	544.94
342.07	520.94
342.298	532.94
342.526	514.94
342.754	501.94
342.981	542.94
343.209	519.94
343.437	562.94
343.665	550.94
343.893	592.94
344.12	609.94
344.348	588.94
344.576	575.94
344.804	577.94
345.031	556.94
345.259	562.94
345.487	539.94
345.714	526.94
345.942	522.94
346.17	505.94
346.397	506.94
346.625	525.94
346.853	530.94
347.08	494.94
347.308	515.94
347.535	551.94
347.763	546.94
347.99	543.94
348.218	532.94
348.445	542.94
348.673	538.94
348.9	536.94
349.128	513.94
349.355	531.94
349.583	519.94
349.81	514.94
350.037	480.94
350.265	479.94
350.492	518.94
350.72	516.94
350.947	522.94
351.174	522.94
351.402	527.94
351.629	505.94
351.856	519.94
352.083	537.94
352.311	539.94
352.538	529.94
352.765	534.94
352.992	523.94
353.22	511.94
353.447	545.94
353.674	501.94
353.901	494.94
354.128	502.94
354.355	506.94
354.583	488.94
354.81	487.94
355.037	534.94
355.264	509.94
355.491	493.94
355.718	517.94
355.945	483.94
356.172	521.94
356.399	494.94
356.626	483.94
356.853	506.94
357.08	518.94
357.307	497.94
357.534	520.94
357.761	507.94
357.988	508.94
358.215	514.94
358.441	504.94
358.668	513.94
358.895	502.94
359.122	527.94
359.349	542.94
359.576	529.94
359.802	545.94
360.029	600.94
360.256	605.94
360.483	568.94
360.709	549.94
360.936	567.94
361.163	558.94
361.39	498.94
361.616	539.94
361.843	522.94
362.07	528.94
362.296	558.94
362.523	541.94
362.749	524.94
362.976	550.94
363.203	544.94
363.429	533.94
363.656	539.94
363.882	522.94
364.109	523.94
364.335	528.94
364.562	513.94
364.788	499.94
365.015	502.94
365.241	525.94
365.468	547.94
365.694	548.94
365.92	534.94
366.147	531.94
366.373	528.94
366.599	513.94
366.826	521.94
367.052	526.94
367.278	524.94
367.505	542.94
367.731	541.94
367.957	537.94
368.184	542.94
368.41	548.94
368.636	556.94
368.862	564.94
369.089	548.94
369.315	546.94
369.541	540.94
369.767	554.94
369.993	563.94
370.219	568.94
370.445	580.94
370.672	568.94
370.898	567.94
371.124	575.94
371.35	553.94
371.576	567.94
371.802	546.94
372.028	562.94
372.254	570.94
372.48	567.94
372.706	580.94
372.932	582.94
373.158	590.94
373.384	589.94
373.61	577.94
373.835	589.94
374.061	596.94
374.287	588.94
374.513	560.94
374.739	615.94
374.965	610.94
375.191	624.94
375.416	625.94
375.642	633.94
375.868	599.94
376.094	578.94
376.319	573.94
376.545	587.94
376.771	602.94
376.997	577.94
377.222	560.94
377.448	585.94
377.674	582.94
377.899	575.94
378.125	591.94
378.35	574.94
378.576	597.94
378.802	580.94
379.027	571.94
379.253	568.94
379.478	591.94
379.704	562.94
379.929	580.94
380.155	584.94
380.38	591.94
380.606	624.94
380.831	600.94
381.057	605.94
381.282	597.94
381.507	586.94
381.733	604.94
381.958	603.94
382.184	587.94
382.409	621.94
382.634	609.94
382.86	620.94
383.085	607.94
383.31	616.94
383.535	643.94
383.761	662.94
383.986	652.94
384.211	663.94
384.436	641.94
384.662	674.94
384.887	696.94
385.112	663.94
385.337	690.94
385.562	687.94
385.787	681.94
386.013	709.94
386.238	711.94
386.463	725.94
386.688	686.94
386.913	680.94
387.138	728.94
387.363	700.94
387.588	705.94
387.813	697.94
388.038	700.94
388.263	714.94
388.488	704.94
388.713	709.94
388.938	717.94
389.163	718.94
389.387	687.94
389.612	700.94
389.837	698.94
390.062	698.94
390.287	703.94
390.512	714.94
390.736	701.94
390.961	735.94
391.186	726.94
391.411	721.94
391.636	768.94
391.86	790.94
392.085	796.94
392.31	786.94
392.534	801.94
392.759	777.94
392.984	766.94
393.208	755.94
393.433	768.94
393.658	771.94
393.882	777.94
394.107	768.94
394.331	776.94
394.556	762.94
394.78	777.94
395.005	784.94
395.229	777.94
395.454	819.94
395.678	815.94
395.903	838.94
396.127	806.94
396.352	812.94
396.576	802.94
396.801	773.94
397.025	812.94
397.249	815.94
397.474	868.94
397.698	834.94
397.922	841.94
398.147	844.94
398.371	873.94
398.595	885.94
398.82	886.94
399.044	947.94
399.268	1018.94
399.492	1161.94
399.717	1302.94
399.941	1280.94
400.165	1162.94
400.389	1098.94
400.613	1018.94
400.837	959.94
401.062	955.94
401.286	960.94
401.51	959.94
401.734	957.94
401.958	969.94
402.182	979.94
402.406	1033.94
402.63	1034.94
402.854	1009.94
403.078	1031.94
403.302	1026.94
403.526	1074.94
403.75	1096.94
403.974	1093.94
404.198	1094.94
404.422	1127.94
404.645	1128.94
404.869	1113.94
405.093	1110.94
405.317	1140.94
405.541	1159.94
405.765	1122.94
405.988	1076.94
406.212	1112.94
406.436	1156.94
406.66	1204.94
406.883	1140.94
407.107	1177.94
407.331	1247.94
407.555	1287.94
407.778	1277.94
408.002	1239.94
408.226	1199.94
408.449	1171.94
408.673	1135.94
408.896	1161.94
409.12	1151.94
409.344	1157.94
409.567	1117.94
409.791	1136.94
410.014	1150.94
410.238	1116.94
410.461	1107.94
410.685	1123.94
410.908	1075.94
411.132	1119.94
411.355	1101.94
411.578	1108.94
411.802	1091.94
412.025	1104.94
412.249	1134.94
412.472	1118.94
412.695	1172.94
412.919	1106.94
413.142	1088.94
413.365	1076.94
413.589	1054.94
413.812	1050.94
414.035	1043.94
414.258	1054.94
414.482	1076.94
414.705	1095.94
414.928	1066.94
415.151	1054.94
415.374	1066.94
415.597	1070.94
415.821	1030.94
416.044	1015.94
416.267	1037.94
416.49	1048.94
416.713	1066.94
416.936	1078.94
417.159	1034.94
417.382	1037.94
417.605	1064.94
417.828	1084.94
418.051	1107.94
418.274	1060.94
418.497	1058.94
418.72	1077.94
418.943	1082.94
419.166	1147.94
419.389	1204.94
419.611	1160.94
419.834	1160.94
420.057	1154.94
420.28	1116.94
420.503	1096.94
420.726	1086.94
420.948	1092.94
421.171	1135.94
421.394	1130.94
421.617	1088.94
421.839	1119.94
422.062	1106.94
422.285	1080.94
422.507	1141.94
422.73	1169.94
422.953	1130.94
423.175	1136.94
423.398	1122.94
423.621	1136.94
423.843	1193.94
424.066	1176.94
424.288	1152.94
424.511	1202.94
424.733	1217.94
424.956	1212.94
425.178	1201.94
425.401	1181.94
425.623	1178.94
425.846	1107.94
426.068	1122.94
426.291	1081.94
426.513	1058.94
426.735	1082.94
426.958	1110.94
427.18	1133.94
427.402	1215.94
427.625	1256.94
427.847	1229.94
428.069	1129.94
428.292	1113.94
428.514	1062.94
428.736	1036.94
428.958	1000.94
429.181	1004.94
429.403	1008.94
429.625	995.94
429.847	1050.94
430.069	1035.94
430.292	1072.94
430.514	1014.94
430.736	970.94
430.958	987.94
431.18	984.94
431.402	973.94
431.624	956.94
431.846	940.94
432.068	928.94
432.29	967.94
432.512	960.94
432.734	999.94
432.956	994.94
433.178	998.94
433.4	1049.94
433.622	1055.94
433.844	1025.94
434.066	981.94
434.287	966.94
434.509	971.94
434.731	993.94
434.953	1049.94
435.175	1056.94
435.397	1059.94
435.618	1044.94
435.84	1006.94
436.062	1074.94
436.284	1101.94
436.505	1020.94
436.727	1010.94
436.949	1007.94
437.17	1008.94
437.392	965.94
437.614	966.94
437.835	977.94
438.057	1050.94
438.278	1046.94
438.5	1064.94
438.721	1123.94
438.943	1119.94
439.165	1031.94
439.386	1046.94
439.608	1051.94
439.829	1059.94
440.05	1075.94
440.272	1074.94
440.493	1078.94
440.715	1054.94
440.936	1055.94
441.158	1089.94
441.379	1101.94
441.6	1150.94
441.822	1156.94
442.043	1160.94
442.264	1194.94
442.486	1176.94
442.707	1144.94
442.928	1145.94
443.149	1133.94
443.371	1171.94
443.592	1168.94
443.813	1232.94
444.034	1216.94
444.255	1209.94
444.476	1136.94
444.698	1222.94
444.919	1241.94
445.14	1384.94
445.361	1244.94
445.582	1189.94
445.803	1158.94
446.024	1205.94
446.245	1193.94
446.466	1134.94
446.687	1096.94
446.908	1076.94
447.129	1047.94
447.35	1013.94
447.571	1040.94
447.792	988.94
448.013	977.94
448.234	1020.94
448.455	998.94
448.675	1048.94
448.896	1077.94
449.117	1025.94
449.338	1014.94
449.559	1065.94
449.779	1092.94
450	1005.94
450.221	960.94
450.442	955.94
450.662	949.94
450.883	958.94
451.104	977.94
451.324	1005.94
451.545	939.94
451.766	954.94
451.986	905.94
452.207	923.94
452.428	898.94
452.648	897.94
452.869	886.94
453.089	881.94
453.31	909.94
453.53	864.94
453.751	858.94
453.971	861.94
454.192	896.94
454.412	870.94
454.633	836.94
454.853	838.94
455.073	856.94
455.294	873.94
455.514	898.94
455.734	884.94
455.955	822.94
456.175	808.94
456.395	782.94
456.616	798.94
456.836	810.94
457.056	777.94
457.276	791.94
457.497	805.94
457.717	785.94
457.937	798.94
458.157	802.94
458.377	818.94
458.598	833.94
458.818	902.94
459.038	976.94
459.258	965.94
459.478	929.94
459.698	894.94
459.918	899.94
460.138	970.94
460.358	1007.94
460.578	1023.94
460.798	1022.94
461.018	1060.94
461.238	1055.94
461.458	1009.94
461.678	1037.94
461.898	1017.94
462.118	1030.94
462.338	1089.94
462.558	1106.94
462.777	1138.94
462.997	1196.94
463.217	1299.94
463.437	1289.94
463.657	1206.94
463.876	1124.94
464.096	1160.94
464.316	1170.94
464.536	1177.94
464.755	1136.94
464.975	1118.94
465.195	1122.94
465.414	1234.94
465.634	1053.94
465.854	990.94
466.073	970.94
466.293	969.94
466.512	942.94
466.732	948.94
466.951	975.94
467.171	949.94
467.391	945.94
467.61	970.94
467.829	973.94
468.049	985.94
468.268	1058.94
468.488	991.94
468.707	936.94
468.927	936.94
469.146	912.94
469.365	941.94
469.585	925.94
469.804	953.94
470.023	973.94
470.243	979.94
470.462	1008.94
470.681	1025.94
470.901	999.94
471.12	1006.94
471.339	967.94
471.558	942.94
471.777	951.94
471.997	921.94
472.216	1002.94
472.435	1311.94
472.654	1091.94
472.873	905.94
473.092	926.94
473.311	883.94
473.53	882.94
473.749	878.94
473.968	912.94
474.187	949.94
474.406	937.94
474.625	872.94
474.844	873.94
475.063	879.94
475.282	860.94
475.501	808.94
475.72	858.94
475.939	884.94
476.158	906.94
476.377	893.94
476.596	896.94
476.814	900.94
477.033	910.94
477.252	889.94
477.471	942.94
477.69	948.94
477.908	989.94
478.127	1015.94
478.346	1028.94
478.564	1032.94
478.783	1023.94
479.002	1085.94
479.22	1094.94
479.439	1077.94
479.658	1087.94
479.876	1056.94
480.095	1071.94
480.313	1069.94
480.532	1155.94
480.751	1108.94
480.969	1122.94
481.188	1600.94
481.406	1794.94
481.624	1215.94
481.843	1077.94
482.061	1030.94
482.28	1020.94
482.498	1003.94
482.717	982.94
482.935	1006.94
483.153	1026.94
483.372	1049.94
483.59	1070.94
483.808	1027.94
484.027	1001.94
484.245	1024.94
484.463	1054.94
484.681	1080.94
484.9	1058.94
485.118	1046.94
485.336	1044.94
485.554	1010.94
485.772	990.94
485.99	994.94
486.209	1031.94
486.427	1016.94
486.645	1041.94
486.863	1112.94
487.081	1091.94
487.299	1058.94
487.517	1032.94
487.735	1135.94
487.953	1178.94
488.171	1180.94
488.389	1137.94
488.607	1102.94
488.825	1050.94
489.043	1052.94
489.261	1058.94
489.479	1096.94
489.696	1088.94
489.914	1089.94
490.132	1094.94
490.35	1106.94
490.568	1139.94
490.786	1180.94
491.003	1188.94
491.221	1254.94
491.439	1273.94
491.657	1308.94
491.874	1316.94
492.092	1375.94
492.31	1403.94
492.527	1385.94
492.745	1392.94
492.963	1334.94
493.18	1350.94
493.398	1346.94
493.615	1304.94
493.833	1290.94
494.05	1284.94
494.268	1303.94
494.485	1290.94
494.703	1290.94
494.92	1274.94
495.138	1254.94
495.355	1301.94
495.573	1268.94
495.79	1244.94
496.008	1261.94
496.225	1261.94
496.442	1250.94
496.66	1266.94
496.877	1250.94
497.094	1264.94
497.312	1294.94
497.529	1279.94
497.746	1307.94
497.963	1306.94
498.181	1320.94
498.398	1322.94
498.615	1400.94
498.832	1491.94
499.049	1540.94
499.267	1666.94
499.484	1751.94
499.701	1907.94
499.918	2076.94
500.135	2332.94
500.352	2589.94
500.569	2680.94
500.786	2650.94
501.003	2500.94
501.22	2299.94
501.437	2019.94
501.654	1897.94
501.871	1776.94
502.088	1666.94
502.305	1560.94
502.522	1459.94
502.739	1416.94
502.956	1349.94
503.172	1301.94
503.389	1285.94
503.606	1265.94
503.823	1261.94
504.04	1235.94
504.256	1221.94
504.473	1239.94
504.69	1248.94
504.907	1244.94
505.123	1174.94
505.34	1147.94
505.557	1111.94
505.773	1087.94
505.99	1054.94
506.207	1055.94
506.423	1008.94
506.64	988.94
506.856	975.94
507.073	1042.94
507.289	1027.94
507.506	997.94
507.722	1025.94
507.939	1030.94
508.155	1015.94
508.372	970.94
508.588	933.94
508.805	943.94
509.021	947.94
509.238	958.94
509.454	925.94
509.67	930.94
509.887	922.94
510.103	929.94
510.319	947.94
510.536	1162.94
510.752	2369.94
510.968	1577.94
511.184	957.94
511.401	882.94
511.617	881.94
511.833	909.94
512.049	919.94
512.265	903.94
512.481	916.94
512.698	915.94
512.914	892.94
513.13	916.94
513.346	870.94
513.562	892.94
513.778	910.94
513.994	902.94
514.21	926.94
514.426	958.94
514.642	1016.94
514.858	1057.94
515.074	1101.94
515.29	1349.94
515.506	2201.94
515.721	1678.94
515.937	1076.94
516.153	995.94
516.369	1040.94
516.585	1022.94
516.801	1023.94
517.016	1043.94
517.232	1043.94
517.448	1082.94
517.664	1129.94
517.879	1117.94
518.095	1146.94
518.311	1102.94
518.527	1061.94
518.742	1063.94
518.958	1007.94
519.173	1016.94
519.389	1010.94
519.605	975.94
519.82	963.94
520.036	960.94
520.251	992.94
520.467	1008.94
520.682	952.94
520.898	979.94
521.113	995.94
521.329	1055.94
521.544	1179.94
521.76	1506.94
521.975	2917.94
522.19	2794.94
522.406	1389.94
522.621	1033.94
522.836	937.94
523.052	909.94
523.267	880.94
523.482	876.94
523.698	869.94
523.913	865.94
524.128	857.94
524.343	882.94
524.559	851.94
524.774	835.94
524.989	838.94
525.204	852.94
525.419	833.94
525.634	821.94
525.849	789.94
526.064	814.94
526.28	789.94
526.495	774.94
526.71	760.94
526.925	720.94
527.14	755.94
527.355	736.94
527.57	753.94
527.785	746.94
527.999	760.94
528.214	772.94
528.429	806.94
528.644	789.94
528.859	828.94
529.074	861.94
529.289	889.94
529.503	1022.94
529.718	937.94
529.933	824.94
530.148	820.94
530.363	762.94
530.577	730.94
530.792	740.94
531.007	724.94
531.221	741.94
531.436	723.94
531.651	725.94
531.865	728.94
532.08	743.94
532.295	755.94
532.509	717.94
532.724	728.94
532.938	754.94
533.153	754.94
533.367	748.94
533.582	772.94
533.796	769.94
534.011	762.94
534.225	731.94
534.44	710.94
534.654	724.94
534.868	742.94
535.083	744.94
535.297	724.94
535.511	739.94
535.726	735.94
535.94	713.94
536.154	718.94
536.369	710.94
536.583	692.94
536.797	701.94
537.011	690.94
537.225	671.94
537.44	676.94
537.654	711.94
537.868	694.94
538.082	692.94
538.296	698.94
538.51	708.94
538.724	740.94
538.938	740.94
539.153	726.94
539.367	742.94
539.581	727.94
539.795	697.94
540.009	696.94
540.222	696.94
540.436	699.94
540.65	714.94
540.864	731.94
541.078	766.94
541.292	782.94
541.506	777.94
541.72	826.94
541.934	873.94
542.147	914.94
542.361	865.94
542.575	823.94
542.789	757.94
543.002	737.94
543.216	741.94
543.43	724.94
543.644	745.94
543.857	782.94
544.071	783.94
544.285	833.94
544.498	820.94
544.712	824.94
544.925	832.94
545.139	823.94
545.352	845.94
545.566	809.94
545.779	817.94
545.993	833.94
546.206	852.94
546.42	870.94
546.633	847.94
546.847	812.94
547.06	809.94
547.274	836.94
547.487	826.94
547.7	842.94
547.914	845.94
548.127	859.94
548.34	815.94
548.554	817.94
548.767	838.94
548.98	821.94
549.193	803.94
549.407	826.94
549.62	836.94
549.833	833.94
550.046	818.94
550.259	799.94
550.473	795.94
550.686	806.94
550.899	794.94
551.112	791.94
551.325	768.94
551.538	730.94
551.751	717.94
551.964	730.94
552.177	735.94
552.39	777.94
552.603	794.94
552.816	838.94
553.029	857.94
553.242	864.94
553.455	887.94
553.667	871.94
553.88	880.94
554.093	840.94
554.306	849.94
554.519	822.94
554.732	778.94
554.944	777.94
555.157	772.94
555.37	742.94
555.583	750.94
555.795	724.94
556.008	710.94
556.221	710.94
556.433	679.94
556.646	723.94
556.859	696.94
557.071	682.94
557.284	691.94
557.496	675.94
557.709	684.94
557.921	666.94
558.134	696.94
558.346	672.94
558.559	665.94
558.771	656.94
558.984	644.94
559.196	650.94
559.409	635.94
559.621	649.94
559.833	631.94
560.046	638.94
560.258	657.94
560.47	660.94
560.683	616.94
560.895	642.94
561.107	629.94
561.32	622.94
561.532	646.94
561.744	622.94
561.956	620.94
562.168	633.94
562.381	625.94
562.593	634.94
562.805	637.94
563.017	634.94
563.229	616.94
563.441	640.94
563.653	626.94
563.865	627.94
564.077	628.94
564.289	605.94
564.501	617.94
564.713	644.94
564.925	658.94
565.137	637.94
565.349	671.94
565.561	654.94
565.773	693.94
565.985	713.94
566.197	734.94
566.408	778.94
566.62	814.94
566.832	879.94
567.044	873.94
567.255	889.94
567.467	858.94
567.679	930.94
567.891	980.94
568.102	975.94
568.314	938.94
568.526	836.94
568.737	753.94
568.949	737.94
569.161	671.94
569.372	617.94
569.584	597.94
569.795	594.94
570.007	585.94
570.218	638.94
570.43	611.94
570.641	566.94
570.853	569.94
571.064	569.94
571.276	578.94
571.487	564.94
571.698	560.94
571.91	529.94
572.121	499.94
572.333	492.94
572.544	502.94
572.755	472.94
572.966	471.94
573.178	453.94
573.389	479.94
573.6	458.94
573.811	446.94
574.023	440.94
574.234	450.94
574.445	455.94
574.656	438.94
574.867	454.94
575.078	458.94
575.289	466.94
575.501	459.94
575.712	421.94
575.923	447.94
576.134	437.94
576.345	446.94
576.556	447.94
576.767	456.94
576.978	438.94
577.188	446.94
577.399	456.94
577.61	425.94
577.821	444.94
578.032	449.94
578.243	493.94
578.454	904.94
578.665	589.94
578.875	422.94
579.086	404.94
579.297	405.94
579.508	420.94
579.718	408.94
579.929	378.94
580.14	370.94
580.35	378.94
580.561	391.94
580.772	399.94
580.982	393.94
581.193	400.94
581.403	398.94
581.614	396.94
581.825	381.94
582.035	413.94
582.246	401.94
582.456	384.94
582.667	383.94
582.877	365.94
583.087	382.94
583.298	396.94
583.508	388.94
583.719	398.94
583.929	391.94
584.139	380.94
584.35	372.94
584.56	358.94
584.77	376.94
584.981	364.94
585.191	392.94
585.401	382.94
585.611	361.94
585.821	365.94
586.032	368.94
586.242	355.94
586.452	370.94
586.662	357.94
586.872	365.94
587.082	354.94
587.292	369.94
587.502	378.94
587.713	362.94
587.923	374.94
588.133	357.94
588.343	368.94
588.553	369.94
588.762	359.94
588.972	359.94
589.182	374.94
589.392	364.94
589.602	348.94
589.812	369.94
590.022	378.94
590.232	370.94
590.441	369.94
590.651	354.94
590.861	382.94
591.071	349.94
591.281	370.94
591.49	391.94
591.7	379.94
591.91	373.94
592.119	395.94
592.329	380.94
592.539	398.94
592.748	416.94
592.958	425.94
593.167	409.94
593.377	425.94
593.587	450.94
593.796	429.94
594.006	449.94
594.215	434.94
594.424	447.94
594.634	441.94
594.843	436.94
595.053	426.94
595.262	398.94
595.472	383.94
595.681	382.94
595.89	383.94
596.1	364.94
596.309	369.94
596.518	375.94
596.727	383.94
596.937	342.94
597.146	340.94
597.355	347.94
597.564	357.94
597.774	329.94
597.983	328.94
598.192	303.94
598.401	326.94
598.61	344.94
598.819	335.94
599.028	329.94
599.237	304.94
599.446	318.94
599.655	328.94
599.864	302.94
600.073	332.94
600.282	304.94
600.491	310.94
600.7	304.94
600.909	308.94
601.118	319.94
601.327	340.94
601.536	345.94
601.745	333.94
601.953	341.94
602.162	337.94
602.371	371.94
602.58	356.94
602.789	336.94
602.997	334.94
603.206	328.94
603.415	334.94
603.623	337.94
603.832	360.94
604.041	336.94
604.249	344.94
604.458	322.94
604.666	306.94
604.875	290.94
605.084	313.94
605.292	328.94
605.501	342.94
605.709	338.94
605.918	335.94
606.126	340.94
606.334	329.94
606.543	331.94
606.751	328.94
606.96	324.94
607.168	334.94
607.376	325.94
607.585	298.94
607.793	316.94
608.001	331.94
608.21	319.94
608.418	329.94
608.626	332.94
608.834	330.94
609.043	335.94
609.251	306.94
609.459	348.94
609.667	335.94
609.875	323.94
610.083	321.94
610.291	355.94
610.499	337.94
610.707	328.94
610.916	350.94
611.124	341.94
611.332	359.94
611.54	329.94
611.748	349.94
611.955	325.94
612.163	319.94
612.371	324.94
612.579	348.94
612.787	331.94
612.995	335.94
613.203	315.94
613.411	320.94
613.618	341.94
613.826	316.94
614.034	321.94
614.242	320.94
614.449	316.94
614.657	330.94
614.865	333.94
615.072	325.94
615.28	305.94
615.488	324.94
615.695	333.94
615.903	332.94
616.111	328.94
616.318	314.94
616.526	337.94
616.733	340.94
616.941	308.94
617.148	305.94
617.356	322.94
617.563	304.94
617.771	296.94
617.978	310.94
618.185	320.94
618.393	321.94
618.6	311.94
618.807	321.94
619.015	336.94
619.222	313.94
619.429	290.94
619.637	284.94
619.844	283.94
620.051	283.94
620.258	295.94
620.466	295.94
620.673	297.94
620.88	311.94
621.087	284.94
621.294	297.94
621.501	274.94
621.708	286.94
621.915	300.94
622.122	279.94
622.329	285.94
622.536	305.94
622.743	288.94
622.95	289.94
623.157	285.94
623.364	303.94
623.571	279.94
623.778	279.94
623.985	297.94
624.192	274.94
624.399	289.94
624.606	280.94
624.812	272.94
625.019	266.94
625.226	275.94
625.433	261.94
625.639	258.94
625.846	264.94
626.053	246.94
626.259	240.94
626.466	239.94
626.673	255.94
626.879	239.94
627.086	243.94
627.293	282.94
627.499	266.94
627.706	263.94
627.912	270.94
628.119	267.94
628.325	266.94
628.532	248.94
628.738	254.94
628.945	236.94
629.151	253.94
629.357	256.94
629.564	248.94
629.77	250.94
629.976	225.94
630.183	256.94
630.389	239.94
630.595	245.94
630.802	254.94
631.008	240.94
631.214	248.94
631.42	229.94
631.627	233.94
631.833	233.94
632.039	253.94
632.245	247.94
632.451	249.94
632.657	226.94
632.863	244.94
633.069	242.94
633.275	231.94
633.481	229.94
633.688	226.94
633.893	247.94
634.099	221.94
634.305	242.94
634.511	230.94
634.717	221.94
634.923	216.94
635.129	219.94
635.335	229.94
635.541	228.94
635.747	221.94
635.952	248.94
636.158	242.94
636.364	260.94
636.57	265.94
636.775	251.94
636.981	247.94
637.187	218.94
637.392	244.94
637.598	236.94
637.804	233.94
638.009	239.94
638.215	236.94
638.421	231.94
638.626	234.94
638.832	228.94
639.037	218.94
639.243	218.94
639.448	223.94
639.654	216.94
639.859	201.94
640.065	222.94
640.27	215.94
640.475	213.94
640.681	212.94
640.886	213.94
641.091	203.94
641.297	224.94
641.502	220.94
641.707	220.94
641.913	221.94
642.118	218.94
642.323	220.94
642.528	229.94
642.733	210.94
642.939	208.94
643.144	219.94
643.349	208.94
643.554	218.94
643.759	223.94
643.964	206.94
644.169	218.94
644.374	225.94
644.579	211.94
644.784	207.94
644.989	214.94
645.194	216.94
645.399	207.94
645.604	206.94
645.809	204.94
646.014	210.94
646.219	207.94
646.423	209.94
646.628	197.94
646.833	214.94
647.038	210.94
647.243	218.94
647.447	216.94
647.652	202.94
647.857	210.94
648.062	196.94
648.266	198.94
648.471	201.94
648.676	216.94
648.88	210.94
649.085	219.94
649.289	220.94
649.494	221.94
649.698	215.94
649.903	213.94
650.107	185.94
650.312	194.94
650.516	189.94
650.721	204.94
650.925	176.94
651.13	194.94
651.334	177.94
651.539	186.94
651.743	185.94
651.947	174.94
652.152	181.94
652.356	187.94
652.56	182.94
652.764	188.94
652.969	188.94
653.173	163.94
653.377	164.94
653.581	158.94
653.785	176.94
653.99	164.94
654.194	153.94
654.398	172.94
654.602	158.94
654.806	152.94
655.01	166.94
655.214	170.94
655.418	153.94
655.622	167.94
655.826	146.94
656.03	164.94
656.234	163.94
656.438	178.94
656.642	164.94
656.846	159.94
657.049	141.94
657.253	131.94
657.457	142.94
657.661	133.94
657.865	132.94
658.068	131.94
658.272	135.94
658.476	134.94
658.68	118.94
658.883	122.94
659.087	119.94
659.291	117.94
659.494	125.94
659.698	99.94
659.901	111.94
660.105	117.94
660.309	115.94
660.512	92.94
660.716	102.94
660.919	97.94
661.123	102.94
661.326	106.94
661.53	96.94
661.733	102.94
661.936	103.94
662.14	82.94
662.343	94.94
662.546	86.94
662.75	89.94
662.953	91.94
663.156	87.94
663.36	97.94
663.563	86.94
663.766	71.94
663.969	88.94
664.173	77.94
664.376	69.94
664.579	86.94
664.782	85.94
664.985	89.94
665.188	87.94
665.391	97.94
665.594	84.94
665.797	83.94
666	82.94
666.203	82.94
666.406	76.94
666.609	81.94
666.812	91.94
667.015	80.94
667.218	78.94
667.421	84.94
667.624	82.94
667.827	77.94
668.03	80.94
668.232	86.94
668.435	90.94
668.638	84.94
668.841	74.94
669.043	76.94
669.246	83.94
669.449	86.94
669.651	87.94
669.854	80.94
670.057	79.94
670.259	85.94
670.462	89.94
670.665	74.94
670.867	90.94
671.07	97.94
671.272	77.94
671.475	87.94
671.677	81.94
671.88	87.94
672.082	75.94
672.284	72.94
672.487	86.94
672.689	81.94
672.892	92.94
