223.165	-25.62
223.4	-25.62
223.635	-25.62
223.869	-25.62
224.104	-13.62
224.338	-16.62
224.573	-17.62
224.808	-7.62
225.042	-12.62
225.277	-2.62
225.511	-6.62
225.746	17.38
225.98	6.38
226.215	16.38
226.449	15.38
226.683	26.38
226.918	25.38
227.152	21.38
227.387	28.38
227.621	53.38
227.856	42.38
228.09	48.38
228.324	47.38
228.559	48.38
228.793	62.38
229.027	99.38
229.262	94.38
229.496	100.38
229.73	125.38
229.964	125.38
230.199	129.38
230.433	125.38
230.667	127.38
230.901	98.38
231.136	116.38
231.37	126.38
231.604	116.38
231.838	118.38
232.072	104.38
232.306	114.38
232.541	109.38
232.775	112.38
233.009	112.38
233.243	115.38
233.477	117.38
233.711	123.38
233.945	114.38
234.179	114.38
234.413	127.38
234.647	120.38
234.881	120.38
235.115	111.38
235.349	119.38
235.583	112.38
235.817	127.38
236.051	129.38
236.285	116.38
236.519	112.38
236.753	122.38
236.987	131.38
237.221	149.38
237.455	173.38
237.689	165.38
237.922	119.38
238.156	132.38
238.39	121.38
238.624	127.38
238.858	125.38
239.091	126.38
239.325	133.38
239.559	141.38
239.793	124.38
240.027	139.38
240.26	127.38
240.494	139.38
240.728	132.38
240.961	150.38
241.195	145.38
241.429	133.38
241.662	133.38
241.896	133.38
242.13	131.38
242.363	130.38
242.597	124.38
242.83	140.38
243.064	129.38
243.298	137.38
243.531	135.38
243.765	137.38
243.998	143.38
244.232	146.38
244.465	135.38
244.699	138.38
244.932	132.38
245.166	145.38
245.399	153.38
245.633	146.38
245.866	136.38
246.099	148.38
246.333	141.38
246.566	146.38
246.8	142.38
247.033	156.38
247.266	164.38
247.5	181.38
247.733	156.38
247.966	161.38
248.2	162.38
248.433	155.38
248.666	162.38
248.899	166.38
249.133	178.38
249.366	174.38
249.599	183.38
249.832	185.38
250.066	170.38
250.299	181.38
250.532	188.38
250.765	195.38
250.998	204.38
251.231	193.38
251.465	184.38
251.698	178.38
251.931	185.38
252.164	184.38
252.397	200.38
252.63	204.38
252.863	195.38
253.096	178.38
253.329	200.38
253.562	183.38
253.795	186.38
254.028	198.38
254.261	186.38
254.494	212.38
254.727	212.38
254.96	215.38
255.193	210.38
255.426	219.38
255.659	206.38
255.892	207.38
256.124	227.38
256.357	239.38
256.59	218.38
256.823	178.38
257.056	182.38
257.289	190.38
257.521	204.38
257.754	209.38
257.987	202.38
258.22	191.38
258.452	205.38
258.685	223.38
258.918	197.38
259.151	203.38
259.383	202.38
259.616	210.38
259.849	205.38
260.081	218.38
260.314	212.38
260.547	198.38
260.779	224.38
261.012	204.38
261.244	215.38
261.477	220.38
261.71	209.38
261.942	223.38
262.175	222.38
262.407	214.38
262.64	214.38
262.872	208.38
263.105	209.38
263.337	219.38
263.57	222.38
263.802	221.38
264.035	225.38
264.267	204.38
264.499	227.38
264.732	214.38
264.964	218.38
265.197	212.38
265.429	217.38
265.661	227.38
265.894	233.38
266.126	211.38
266.358	212.38
266.591	224.38
266.823	232.38
267.055	238.38
267.287	214.38
267.52	226.38
267.752	244.38
267.984	233.38
268.216	242.38
268.448	226.38
268.681	238.38
268.913	239.38
269.145	254.38
269.377	255.38
269.609	239.38
269.841	246.38
270.073	266.38
270.306	269.38
270.538	277.38
270.77	268.38
271.002	262.38
271.234	265.38
271.466	272.38
271.698	274.38
271.93	297.38
272.162	290.38
272.394	275.38
272.626	271.38
272.858	285.38
273.09	278.38
273.322	278.38
273.553	269.38
273.785	290.38
274.017	250.38
274.249	273.38
274.481	264.38
274.713	268.38
274.945	270.38
275.176	278.38
275.408	257.38
275.64	283.38
275.872	256.38
276.104	282.38
276.335	276.38
276.567	287.38
276.799	278.38
277.031	305.38
277.262	321.38
277.494	285.38
277.726	304.38
277.957	297.38
278.189	283.38
278.421	273.38
278.652	251.38
278.884	289.38
279.115	269.38
279.347	297.38
279.579	278.38
279.81	281.38
280.042	293.38
280.273	280.38
280.505	304.38
280.736	300.38
280.968	280.38
281.199	306.38
281.431	287.38
281.662	280.38
281.894	299.38
282.125	292.38
282.356	305.38
282.588	317.38
282.819	315.38
283.051	275.38
283.282	280.38
283.513	297.38
283.745	324.38
283.976	297.38
284.207	291.38
284.439	301.38
284.67	299.38
284.901	294.38
285.132	318.38
285.364	307.38
285.595	311.38
285.826	306.38
286.057	316.38
286.288	307.38
286.52	308.38
286.751	318.38
286.982	304.38
287.213	294.38
287.444	299.38
287.675	309.38
287.906	313.38
288.138	328.38
288.369	321.38
288.6	315.38
288.831	316.38
289.062	325.38
289.293	319.38
289.524	318.38
289.755	317.38
289.986	319.38
290.217	320.38
290.448	308.38
290.679	332.38
290.91	305.38
291.141	327.38
291.371	329.38
291.602	333.38
291.833	319.38
292.064	327.38
292.295	315.38
292.526	317.38
292.757	328.38
292.987	309.38
293.218	291.38
293.449	324.38
293.68	310.38
293.91	314.38
294.141	318.38
294.372	316.38
294.603	328.38
294.833	331.38
295.064	339.38
295.295	340.38
295.525	327.38
295.756	355.38
295.987	341.38
296.217	349.38
296.448	364.38
296.679	339.38
296.909	365.38
297.14	343.38
297.37	350.38
297.601	356.38
297.831	374.38
298.062	348.38
298.292	371.38
298.523	355.38
298.753	369.38
298.984	353.38
299.214	350.38
299.445	356.38
299.675	352.38
299.905	363.38
300.136	363.38
300.366	364.38
300.597	377.38
300.827	379.38
301.057	389.38
301.288	399.38
301.518	373.38
301.748	394.38
301.979	406.38
302.209	369.38
302.439	377.38
302.669	379.38
302.9	370.38
303.13	371.38
303.36	390.38
303.59	380.38
303.82	389.38
304.051	369.38
304.281	390.38
304.511	379.38
304.741	387.38
304.971	366.38
305.201	367.38
305.431	384.38
305.661	383.38
305.891	377.38
306.121	404.38
306.352	390.38
306.582	389.38
306.812	382.38
307.042	400.38
307.272	381.38
307.502	395.38
307.731	390.38
307.961	398.38
308.191	392.38
308.421	394.38
308.651	403.38
308.881	377.38
309.111	383.38
309.341	400.38
309.571	420.38
309.8	413.38
310.03	382.38
310.26	422.38
310.49	415.38
310.72	422.38
310.949	427.38
311.179	460.38
311.409	426.38
311.639	422.38
311.868	427.38
312.098	447.38
312.328	448.38
312.557	436.38
312.787	453.38
313.017	455.38
313.246	452.38
313.476	431.38
313.706	433.38
313.935	436.38
314.165	453.38
314.394	455.38
314.624	466.38
314.853	435.38
315.083	441.38
315.312	409.38
315.542	416.38
315.771	427.38
316.001	423.38
316.23	403.38
316.46	419.38
316.689	426.38
316.919	443.38
317.148	439.38
317.377	441.38
317.607	443.38
317.836	439.38
318.065	420.38
318.295	431.38
318.524	423.38
318.753	446.38
318.983	437.38
319.212	431.38
319.441	448.38
319.67	454.38
319.9	448.38
320.129	434.38
320.358	446.38
320.587	422.38
320.816	439.38
321.046	444.38
321.275	446.38
321.504	472.38
321.733	466.38
321.962	454.38
322.191	468.38
322.42	478.38
322.649	494.38
322.878	486.38
323.108	512.38
323.337	509.38
323.566	527.38
323.795	563.38
324.024	586.38
324.253	646.38
324.482	862.38
324.71	1210.38
324.939	1614.38
325.168	1313.38
325.397	787.38
325.626	638.38
325.855	582.38
326.084	569.38
326.313	532.38
326.542	556.38
326.77	601.38
326.999	674.38
327.228	839.38
327.457	1185.38
327.686	1343.38
327.914	914.38
328.143	711.38
328.372	692.38
328.6	671.38
328.829	601.38
329.058	606.38
329.287	622.38
329.515	609.38
329.744	608.38
329.972	632.38
330.201	692.38
330.43	787.38
330.658	761.38
330.887	702.38
331.115	658.38
331.344	585.38
331.572	579.38
331.801	573.38
332.03	604.38
332.258	589.38
332.486	562.38
332.715	605.38
332.943	595.38
333.172	627.38
333.4	642.38
333.629	637.38
333.857	685.38
334.085	738.38
334.314	780.38
334.542	891.38
334.771	953.38
334.999	744.38
335.227	678.38
335.455	607.38
335.684	623.38
335.912	614.38
336.14	600.38
336.369	608.38
336.597	603.38
336.825	617.38
337.053	600.38
337.281	583.38
337.51	585.38
337.738	577.38
337.966	571.38
338.194	584.38
338.422	579.38
338.65	553.38
338.878	547.38
339.106	558.38
339.334	541.38
339.562	553.38
339.79	527.38
340.018	531.38
340.246	517.38
340.474	527.38
340.702	551.38
340.93	543.38
341.158	535.38
341.386	541.38
341.614	531.38
341.842	510.38
342.07	536.38
342.298	532.38
342.526	555.38
342.754	523.38
342.981	523.38
343.209	549.38
343.437	569.38
343.665	567.38
343.893	597.38
344.12	625.38
344.348	593.38
344.576	579.38
344.804	569.38
345.031	577.38
345.259	561.38
345.487	548.38
345.714	555.38
345.942	541.38
346.17	550.38
346.397	522.38
346.625	519.38
346.853	513.38
347.08	525.38
347.308	517.38
347.535	526.38
347.763	558.38
347.99	548.38
348.218	565.38
348.445	544.38
348.673	534.38
348.9	533.38
349.128	528.38
349.355	504.38
349.583	515.38
349.81	498.38
350.037	508.38
350.265	514.38
350.492	517.38
350.72	517.38
350.947	524.38
351.174	544.38
351.402	543.38
351.629	511.38
351.856	509.38
352.083	562.38
352.311	542.38
352.538	525.38
352.765	525.38
352.992	542.38
353.22	525.38
353.447	527.38
353.674	492.38
353.901	511.38
354.128	495.38
354.355	497.38
354.583	512.38
354.81	507.38
355.037	523.38
355.264	492.38
355.491	513.38
355.718	512.38
355.945	509.38
356.172	516.38
356.399	534.38
356.626	506.38
356.853	509.38
357.08	507.38
357.307	516.38
357.534	513.38
357.761	507.38
357.988	519.38
358.215	496.38
358.441	505.38
358.668	500.38
358.895	528.38
359.122	518.38
359.349	509.38
359.576	538.38
359.802	555.38
360.029	592.38
360.256	580.38
360.483	585.38
360.709	539.38
360.936	538.38
361.163	551.38
361.39	532.38
361.616	518.38
361.843	557.38
362.07	539.38
362.296	532.38
362.523	557.38
362.749	556.38
362.976	541.38
363.203	546.38
363.429	499.38
363.656	532.38
363.882	515.38
364.109	534.38
364.335	547.38
364.562	511.38
364.788	520.38
365.015	535.38
365.241	548.38
365.468	534.38
365.694	552.38
365.92	531.38
366.147	544.38
366.373	533.38
366.599	531.38
366.826	535.38
367.052	540.38
367.278	527.38
367.505	512.38
367.731	553.38
367.957	532.38
368.184	539.38
368.41	564.38
368.636	578.38
368.862	572.38
369.089	571.38
369.315	545.38
369.541	549.38
369.767	539.38
369.993	587.38
370.219	557.38
370.445	582.38
370.672	571.38
370.898	583.38
371.124	575.38
371.35	578.38
371.576	578.38
371.802	557.38
372.028	579.38
372.254	586.38
372.48	608.38
372.706	593.38
372.932	579.38
373.158	580.38
373.384	606.38
373.61	559.38
373.835	574.38
374.061	602.38
374.287	589.38
374.513	604.38
374.739	611.38
374.965	622.38
375.191	647.38
375.416	623.38
375.642	593.38
375.868	609.38
376.094	589.38
376.319	593.38
376.545	591.38
376.771	580.38
376.997	606.38
377.222	589.38
377.448	617.38
377.674	590.38
377.899	582.38
378.125	596.38
378.35	598.38
378.576	598.38
378.802	595.38
379.027	584.38
379.253	567.38
379.478	570.38
379.704	560.38
379.929	581.38
380.155	581.38
380.38	606.38
380.606	580.38
380.831	594.38
381.057	614.38
381.282	588.38
381.507	590.38
381.733	623.38
381.958	602.38
382.184	600.38
382.409	621.38
382.634	627.38
382.86	604.38
383.085	623.38
383.31	651.38
383.535	642.38
383.761	643.38
383.986	687.38
384.211	687.38
384.436	700.38
384.662	686.38
384.887	708.38
385.112	672.38
385.337	666.38
385.562	690.38
385.787	697.38
386.013	729.38
386.238	714.38
386.463	726.38
386.688	704.38
386.913	711.38
387.138	701.38
387.363	720.38
387.588	691.38
387.813	727.38
388.038	710.38
388.263	699.38
388.488	701.38
388.713	721.38
388.938	699.38
389.163	710.38
389.387	709.38
389.612	695.38
389.837	697.38
390.062	705.38
390.287	735.38
390.512	713.38
390.736	735.38
390.961	721.38
391.186	724.38
391.411	767.38
391.636	765.38
391.86	802.38
392.085	820.38
392.31	802.38
392.534	781.38
392.759	778.38
392.984	777.38
393.208	777.38
393.433	785.38
393.658	751.38
393.882	783.38
394.107	775.38
394.331	791.38
394.556	790.38
394.78	774.38
395.005	812.38
395.229	789.38
395.454	799.38
395.678	824.38
395.903	819.38
396.127	820.38
396.352	801.38
396.576	795.38
396.801	782.38
397.025	819.38
397.249	837.38
397.474	837.38
397.698	830.38
397.922	850.38
398.147	862.38
398.371	863.38
398.595	909.38
398.82	929.38
399.044	989.38
399.268	1046.38
399.492	1169.38
399.717	1268.38
399.941	1293.38
400.165	1201.38
400.389	1104.38
400.613	1028.38
400.837	1010.38
401.062	981.38
401.286	957.38
401.51	963.38
401.734	942.38
401.958	996.38
402.182	1008.38
402.406	1041.38
402.63	1076.38
402.854	1043.38
403.078	1034.38
403.302	1056.38
403.526	1057.38
403.75	1084.38
403.974	1103.38
404.198	1101.38
404.422	1129.38
404.645	1123.38
404.869	1129.38
405.093	1172.38
405.317	1151.38
405.541	1111.38
405.765	1155.38
405.988	1095.38
406.212	1138.38
406.436	1170.38
406.66	1200.38
406.883	1177.38
407.107	1243.38
407.331	1257.38
407.555	1351.38
407.778	1326.38
408.002	1304.38
408.226	1212.38
408.449	1205.38
408.673	1173.38
408.896	1168.38
409.12	1197.38
409.344	1197.38
409.567	1166.38
409.791	1133.38
410.014	1138.38
410.238	1113.38
410.461	1110.38
410.685	1122.38
410.908	1084.38
411.132	1144.38
411.355	1123.38
411.578	1105.38
411.802	1087.38
412.025	1114.38
412.249	1097.38
412.472	1112.38
412.695	1167.38
412.919	1103.38
413.142	1125.38
413.365	1102.38
413.589	1116.38
413.812	1066.38
414.035	1049.38
414.258	1037.38
414.482	1092.38
414.705	1088.38
414.928	1071.38
415.151	1100.38
415.374	1057.38
415.597	1075.38
415.821	1082.38
416.044	1078.38
416.267	1066.38
416.49	1069.38
416.713	1083.38
416.936	1053.38
417.159	1042.38
417.382	1052.38
417.605	1085.38
417.828	1103.38
418.051	1105.38
418.274	1094.38
418.497	1094.38
418.72	1117.38
418.943	1102.38
419.166	1185.38
419.389	1216.38
419.611	1225.38
419.834	1154.38
420.057	1153.38
420.28	1125.38
420.503	1116.38
420.726	1094.38
420.948	1095.38
421.171	1123.38
421.394	1145.38
421.617	1121.38
421.839	1129.38
422.062	1119.38
422.285	1115.38
422.507	1152.38
422.73	1147.38
422.953	1146.38
423.175	1166.38
423.398	1178.38
423.621	1163.38
423.843	1160.38
424.066	1186.38
424.288	1187.38
424.511	1190.38
424.733	1239.38
424.956	1228.38
425.178	1208.38
425.401	1178.38
425.623	1217.38
425.846	1111.38
426.068	1109.38
426.291	1102.38
426.513	1078.38
426.735	1101.38
426.958	1071.38
427.18	1108.38
427.402	1207.38
427.625	1244.38
427.847	1216.38
428.069	1150.38
428.292	1058.38
428.514	1035.38
428.736	1015.38
428.958	1016.38
429.181	998.38
429.403	1010.38
429.625	1003.38
429.847	1036.38
430.069	1057.38
430.292	1061.38
430.514	1015.38
430.736	1033.38
430.958	1022.38
431.18	985.38
431.402	981.38
431.624	1010.38
431.846	966.38
432.068	968.38
432.29	956.38
432.512	987.38
432.734	993.38
432.956	1042.38
433.178	1047.38
433.4	1050.38
433.622	1054.38
433.844	1044.38
434.066	979.38
434.287	995.38
434.509	982.38
434.731	1020.38
434.953	1069.38
435.175	1097.38
435.397	1107.38
435.618	1077.38
435.84	1004.38
436.062	1062.38
436.284	1108.38
436.505	1031.38
436.727	1035.38
436.949	1009.38
437.17	1008.38
437.392	1004.38
437.614	985.38
437.835	979.38
438.057	1060.38
438.278	1065.38
438.5	1073.38
438.721	1155.38
438.943	1148.38
439.165	1027.38
439.386	1039.38
439.608	1067.38
439.829	1065.38
440.05	1089.38
440.272	1122.38
440.493	1077.38
440.715	1081.38
440.936	1080.38
441.158	1090.38
441.379	1122.38
441.6	1148.38
441.822	1157.38
442.043	1172.38
442.264	1176.38
442.486	1195.38
442.707	1153.38
442.928	1171.38
443.149	1153.38
443.371	1152.38
443.592	1186.38
443.813	1200.38
444.034	1258.38
444.255	1210.38
444.476	1207.38
444.698	1248.38
444.919	1281.38
445.14	1379.38
445.361	1260.38
445.582	1206.38
445.803	1215.38
446.024	1195.38
446.245	1156.38
446.466	1162.38
446.687	1109.38
446.908	1107.38
447.129	1054.38
447.35	1069.38
447.571	1046.38
447.792	978.38
448.013	1018.38
448.234	1023.38
448.455	1005.38
448.675	1073.38
448.896	1119.38
449.117	1006.38
449.338	1027.38
449.559	1066.38
449.779	1107.38
450	1015.38
450.221	976.38
450.442	980.38
450.662	980.38
450.883	1018.38
451.104	1034.38
451.324	970.38
451.545	959.38
451.766	962.38
451.986	942.38
452.207	915.38
452.428	916.38
452.648	931.38
452.869	889.38
453.089	866.38
453.31	925.38
453.53	879.38
453.751	867.38
453.971	879.38
454.192	889.38
454.412	854.38
454.633	877.38
454.853	895.38
455.073	866.38
455.294	877.38
455.514	909.38
455.734	888.38
455.955	858.38
456.175	830.38
456.395	819.38
456.616	814.38
456.836	808.38
457.056	814.38
457.276	786.38
457.497	811.38
457.717	806.38
457.937	825.38
458.157	852.38
458.377	826.38
458.598	862.38
458.818	921.38
459.038	977.38
459.258	967.38
459.478	933.38
459.698	916.38
459.918	929.38
460.138	948.38
460.358	1038.38
460.578	1052.38
460.798	1023.38
461.018	1056.38
461.238	1057.38
461.458	1044.38
461.678	1028.38
461.898	1039.38
462.118	1077.38
462.338	1094.38
462.558	1126.38
462.777	1143.38
462.997	1215.38
463.217	1279.38
463.437	1337.38
463.657	1217.38
463.876	1178.38
464.096	1142.38
464.316	1159.38
464.536	1167.38
464.755	1186.38
464.975	1155.38
465.195	1159.38
465.414	1263.38
465.634	1069.38
465.854	990.38
466.073	955.38
466.293	951.38
466.512	931.38
466.732	977.38
466.951	941.38
467.171	931.38
467.391	963.38
467.61	982.38
467.829	975.38
468.049	961.38
468.268	1023.38
468.488	953.38
468.707	924.38
468.927	903.38
469.146	907.38
469.365	964.38
469.585	947.38
469.804	961.38
470.023	1017.38
470.243	989.38
470.462	1019.38
470.681	1035.38
470.901	1018.38
471.12	990.38
471.339	965.38
471.558	971.38
471.777	978.38
471.997	965.38
472.216	982.38
472.435	1189.38
472.654	1026.38
472.873	927.38
473.092	881.38
473.311	898.38
473.53	886.38
473.749	886.38
473.968	903.38
474.187	950.38
474.406	925.38
474.625	889.38
474.844	903.38
475.063	878.38
475.282	901.38
475.501	881.38
475.72	901.38
475.939	912.38
476.158	923.38
476.377	903.38
476.596	904.38
476.814	908.38
477.033	910.38
477.252	905.38
477.471	921.38
477.69	982.38
477.908	1006.38
478.127	1039.38
478.346	1010.38
478.564	1077.38
478.783	1049.38
479.002	1110.38
479.22	1085.38
479.439	1105.38
479.658	1097.38
479.876	1066.38
480.095	1065.38
480.313	1142.38
480.532	1169.38
480.751	1101.38
480.969	1129.38
481.188	1489.38
481.406	1611.38
481.624	1146.38
481.843	1048.38
482.061	1033.38
482.28	992.38
482.498	1011.38
482.717	985.38
482.935	994.38
483.153	1036.38
483.372	1061.38
483.59	1055.38
483.808	999.38
484.027	1031.38
484.245	1021.38
484.463	1039.38
484.681	1091.38
484.9	1083.38
485.118	1087.38
485.336	1035.38
485.554	1010.38
485.772	1027.38
485.99	1030.38
486.209	1040.38
486.427	1045.38
486.645	1077.38
486.863	1115.38
487.081	1097.38
487.299	1080.38
487.517	1087.38
487.735	1140.38
487.953	1167.38
488.171	1184.38
488.389	1159.38
488.607	1090.38
488.825	1106.38
489.043	1050.38
489.261	1067.38
489.479	1103.38
489.696	1110.38
489.914	1102.38
490.132	1081.38
490.35	1147.38
490.568	1145.38
490.786	1187.38
491.003	1238.38
491.221	1250.38
491.439	1268.38
491.657	1285.38
491.874	1340.38
492.092	1387.38
492.31	1381.38
492.527	1368.38
492.745	1337.38
492.963	1306.38
493.18	1328.38
493.398	1305.38
493.615	1326.38
493.833	1302.38
494.05	1263.38
494.268	1291.38
494.485	1294.38
494.703	1268.38
494.92	1274.38
495.138	1265.38
495.355	1293.38
495.573	1308.38
495.79	1281.38
496.008	1282.38
496.225	1277.38
496.442	1277.38
496.66	1297.38
496.877	1241.38
497.094	1288.38
497.312	1293.38
497.529	1302.38
497.746	1321.38
497.963	1351.38
498.181	1361.38
498.398	1386.38
498.615	1461.38
498.832	1476.38
499.049	1554.38
499.267	1687.38
499.484	1823.38
499.701	1948.38
499.918	2133.38
500.135	2368.38
500.352	2686.38
500.569	2730.38
500.786	2701.38
501.003	2561.38
501.22	2321.38
501.437	2133.38
501.654	1921.38
501.871	1791.38
502.088	1657.38
502.305	1554.38
502.522	1489.38
502.739	1428.38
502.956	1364.38
503.172	1370.38
503.389	1293.38
503.606	1267.38
503.823	1246.38
504.04	1232.38
504.256	1227.38
504.473	1249.38
504.69	1285.38
504.907	1274.38
505.123	1204.38
505.34	1157.38
505.557	1120.38
505.773	1101.38
505.99	1069.38
506.207	1066.38
506.423	1058.38
506.64	1026.38
506.856	1016.38
507.073	1017.38
507.289	1015.38
507.506	1030.38
507.722	1046.38
507.939	1044.38
508.155	1014.38
508.372	1002.38
508.588	952.38
508.805	955.38
509.021	925.38
509.238	943.38
509.454	953.38
509.67	941.38
509.887	907.38
510.103	927.38
510.319	972.38
510.536	1171.38
510.752	2290.38
510.968	1577.38
511.184	1017.38
511.401	929.38
511.617	909.38
511.833	922.38
512.049	912.38
512.265	912.38
512.481	891.38
512.698	899.38
512.914	912.38
513.13	910.38
513.346	902.38
513.562	893.38
513.778	909.38
513.994	915.38
514.21	943.38
514.426	984.38
514.642	1001.38
514.858	1033.38
515.074	1093.38
515.29	1353.38
515.506	2164.38
515.721	1711.38
515.937	1125.38
516.153	1044.38
516.369	1005.38
516.585	1036.38
516.801	1033.38
517.016	1025.38
517.232	1079.38
517.448	1131.38
517.664	1154.38
517.879	1112.38
518.095	1167.38
518.311	1122.38
518.527	1060.38
518.742	1073.38
518.958	1049.38
519.173	1025.38
519.389	1026.38
519.605	994.38
519.82	986.38
520.036	964.38
520.251	1019.38
520.467	1003.38
520.682	997.38
520.898	1001.38
521.113	1037.38
521.329	1089.38
521.544	1171.38
521.76	1515.38
521.975	2859.38
522.19	2717.38
522.406	1372.38
522.621	1007.38
522.836	946.38
523.052	926.38
523.267	910.38
523.482	893.38
523.698	882.38
523.913	875.38
524.128	878.38
524.343	901.38
524.559	842.38
524.774	858.38
524.989	842.38
525.204	868.38
525.419	857.38
525.634	801.38
525.849	833.38
526.064	774.38
526.28	816.38
526.495	784.38
526.71	768.38
526.925	786.38
527.14	761.38
527.355	764.38
527.57	763.38
527.785	787.38
527.999	779.38
528.214	757.38
528.429	790.38
528.644	812.38
528.859	834.38
529.074	858.38
529.289	914.38
529.503	1029.38
529.718	945.38
529.933	836.38
530.148	794.38
530.363	775.38
530.577	736.38
530.792	757.38
531.007	761.38
531.221	768.38
531.436	733.38
531.651	751.38
531.865	738.38
532.08	735.38
532.295	775.38
532.509	722.38
532.724	734.38
532.938	728.38
533.153	755.38
533.367	779.38
533.582	786.38
533.796	782.38
534.011	782.38
534.225	761.38
534.44	733.38
534.654	734.38
534.868	733.38
535.083	738.38
535.297	730.38
535.511	751.38
535.726	759.38
535.94	757.38
536.154	748.38
536.369	714.38
536.583	703.38
536.797	686.38
537.011	686.38
537.225	698.38
537.44	684.38
537.654	699.38
537.868	713.38
538.082	703.38
538.296	739.38
538.51	710.38
538.724	738.38
538.938	763.38
539.153	761.38
539.367	775.38
539.581	737.38
539.795	710.38
540.009	697.38
540.222	674.38
540.436	683.38
540.65	700.38
540.864	741.38
541.078	810.38
541.292	798.38
541.506	815.38
541.72	818.38
541.934	876.38
542.147	921.38
542.361	883.38
542.575	809.38
542.789	778.38
543.002	747.38
543.216	735.38
543.43	730.38
543.644	737.38
543.857	790.38
544.071	818.38
544.285	821.38
544.498	817.38
544.712	825.38
544.925	830.38
545.139	823.38
545.352	813.38
545.566	835.38
545.779	845.38
545.993	823.38
546.206	862.38
546.42	858.38
546.633	817.38
546.847	823.38
547.06	852.38
547.274	849.38
547.487	870.38
547.7	879.38
547.914	860.38
548.127	861.38
548.34	824.38
548.554	829.38
548.767	854.38
548.98	834.38
549.193	809.38
549.407	852.38
549.62	839.38
549.833	849.38
550.046	827.38
550.259	811.38
550.473	805.38
550.686	787.38
550.899	792.38
551.112	790.38
551.325	759.38
551.538	782.38
551.751	729.38
551.964	738.38
552.177	759.38
552.39	803.38
552.603	815.38
552.816	832.38
553.029	854.38
553.242	840.38
553.455	900.38
553.667	877.38
553.88	883.38
554.093	827.38
554.306	844.38
554.519	800.38
554.732	800.38
554.944	786.38
555.157	753.38
555.37	758.38
555.583	761.38
555.795	746.38
556.008	708.38
556.221	667.38
556.433	674.38
556.646	692.38
556.859	702.38
557.071	704.38
557.284	709.38
557.496	702.38
557.709	701.38
557.921	694.38
558.134	687.38
558.346	687.38
558.559	685.38
558.771	657.38
558.984	650.38
559.196	651.38
559.409	628.38
559.621	644.38
559.833	636.38
560.046	646.38
560.258	658.38
560.47	646.38
560.683	644.38
560.895	644.38
561.107	657.38
561.32	644.38
561.532	633.38
561.744	648.38
561.956	621.38
562.168	639.38
562.381	653.38
562.593	652.38
562.805	626.38
563.017	653.38
563.229	630.38
563.441	633.38
563.653	639.38
563.865	652.38
564.077	642.38
564.289	637.38
564.501	645.38
564.713	627.38
564.925	653.38
565.137	669.38
565.349	661.38
565.561	674.38
565.773	716.38
565.985	719.38
566.197	736.38
566.408	782.38
566.62	834.38
566.832	907.38
567.044	893.38
567.255	860.38
567.467	889.38
567.679	937.38
567.891	973.38
568.102	972.38
568.314	947.38
568.526	853.38
568.737	773.38
568.949	712.38
569.161	665.38
569.372	645.38
569.584	623.38
569.795	607.38
570.007	593.38
570.218	641.38
570.43	626.38
570.641	593.38
570.853	592.38
571.064	588.38
571.276	580.38
571.487	564.38
571.698	564.38
571.91	548.38
572.121	530.38
572.333	514.38
572.544	485.38
572.755	487.38
572.966	501.38
573.178	484.38
573.389	470.38
573.6	492.38
573.811	474.38
574.023	479.38
574.234	464.38
574.445	473.38
574.656	474.38
574.867	465.38
575.078	483.38
575.289	471.38
575.501	473.38
575.712	465.38
575.923	448.38
576.134	450.38
576.345	416.38
576.556	450.38
576.767	458.38
576.978	451.38
577.188	432.38
577.399	433.38
577.61	442.38
577.821	431.38
578.032	429.38
578.243	502.38
578.454	881.38
578.665	577.38
578.875	417.38
579.086	419.38
579.297	414.38
579.508	398.38
579.718	399.38
579.929	414.38
580.14	396.38
580.35	426.38
580.561	399.38
580.772	387.38
580.982	400.38
581.193	388.38
581.403	416.38
581.614	406.38
581.825	374.38
582.035	411.38
582.246	395.38
582.456	382.38
582.667	391.38
582.877	388.38
583.087	401.38
583.298	391.38
583.508	376.38
583.719	375.38
583.929	367.38
584.139	381.38
584.35	373.38
584.56	380.38
584.77	380.38
584.981	397.38
585.191	377.38
585.401	381.38
585.611	372.38
585.821	365.38
586.032	383.38
586.242	362.38
586.452	378.38
586.662	372.38
586.872	373.38
587.082	351.38
587.292	363.38
587.502	359.38
587.713	367.38
587.923	353.38
588.133	354.38
588.343	375.38
588.553	355.38
588.762	357.38
588.972	356.38
589.182	370.38
589.392	358.38
589.602	375.38
589.812	371.38
590.022	366.38
590.232	361.38
590.441	364.38
590.651	374.38
590.861	377.38
591.071	368.38
591.281	382.38
591.49	379.38
591.7	372.38
591.91	387.38
592.119	375.38
592.329	410.38
592.539	409.38
592.748	435.38
592.958	409.38
593.167	427.38
593.377	433.38
593.587	458.38
593.796	433.38
594.006	445.38
594.215	447.38
594.424	453.38
594.634	439.38
594.843	406.38
595.053	406.38
595.262	415.38
595.472	418.38
595.681	370.38
595.89	380.38
596.1	377.38
596.309	375.38
596.518	371.38
596.727	363.38
596.937	357.38
597.146	349.38
597.355	345.38
597.564	368.38
597.774	351.38
597.983	338.38
598.192	321.38
598.401	345.38
598.61	329.38
598.819	326.38
599.028	324.38
599.237	324.38
599.446	340.38
599.655	341.38
599.864	307.38
600.073	307.38
600.282	293.38
600.491	313.38
600.7	327.38
600.909	317.38
601.118	321.38
601.327	330.38
601.536	328.38
601.745	333.38
601.953	346.38
602.162	346.38
602.371	348.38
602.58	331.38
602.789	345.38
602.997	346.38
603.206	344.38
603.415	336.38
603.623	336.38
603.832	333.38
604.041	325.38
604.249	317.38
604.458	325.38
604.666	302.38
604.875	315.38
605.084	317.38
605.292	320.38
605.501	346.38
605.709	345.38
605.918	336.38
606.126	338.38
606.334	354.38
606.543	328.38
606.751	340.38
606.96	325.38
607.168	334.38
607.376	313.38
607.585	330.38
607.793	334.38
608.001	341.38
608.21	331.38
608.418	330.38
608.626	345.38
608.834	337.38
609.043	319.38
609.251	341.38
609.459	326.38
609.667	348.38
609.875	343.38
610.083	326.38
610.291	311.38
610.499	322.38
610.707	330.38
610.916	334.38
611.124	341.38
611.332	340.38
611.54	340.38
611.748	324.38
611.955	313.38
612.163	318.38
612.371	333.38
612.579	333.38
612.787	333.38
612.995	334.38
613.203	322.38
613.411	307.38
613.618	314.38
613.826	319.38
614.034	321.38
614.242	330.38
614.449	324.38
614.657	317.38
614.865	323.38
615.072	326.38
615.28	329.38
615.488	309.38
615.695	335.38
615.903	315.38
616.111	333.38
616.318	325.38
616.526	331.38
616.733	324.38
616.941	307.38
617.148	324.38
617.356	310.38
617.563	329.38
617.771	324.38
617.978	313.38
618.185	303.38
618.393	308.38
618.6	312.38
618.807	315.38
619.015	329.38
619.222	315.38
619.429	313.38
619.637	310.38
619.844	281.38
620.051	291.38
620.258	285.38
620.466	290.38
620.673	285.38
620.88	275.38
621.087	290.38
621.294	279.38
621.501	278.38
621.708	276.38
621.915	276.38
622.122	290.38
622.329	300.38
622.536	277.38
622.743	278.38
622.95	294.38
623.157	296.38
623.364	289.38
623.571	287.38
623.778	266.38
623.985	296.38
624.192	302.38
624.399	275.38
624.606	297.38
624.812	269.38
625.019	262.38
625.226	269.38
625.433	275.38
625.639	261.38
625.846	255.38
626.053	243.38
626.259	264.38
626.466	263.38
626.673	266.38
626.879	237.38
627.086	240.38
627.293	257.38
627.499	255.38
627.706	270.38
627.912	277.38
628.119	264.38
628.325	267.38
628.532	261.38
628.738	261.38
628.945	258.38
629.151	257.38
629.357	250.38
629.564	258.38
629.77	249.38
629.976	259.38
630.183	225.38
630.389	235.38
630.595	255.38
630.802	248.38
631.008	253.38
631.214	247.38
631.42	281.38
631.627	229.38
631.833	238.38
632.039	242.38
632.245	241.38
632.451	240.38
632.657	226.38
632.863	252.38
633.069	227.38
633.275	211.38
633.481	245.38
633.688	245.38
633.893	233.38
634.099	230.38
634.305	227.38
634.511	233.38
634.717	222.38
634.923	225.38
635.129	220.38
635.335	226.38
635.541	226.38
635.747	219.38
635.952	227.38
636.158	237.38
636.364	251.38
636.57	250.38
636.775	246.38
636.981	234.38
637.187	236.38
637.392	222.38
637.598	234.38
637.804	227.38
638.009	234.38
638.215	237.38
638.421	202.38
638.626	208.38
638.832	214.38
639.037	214.38
639.243	212.38
639.448	212.38
639.654	217.38
639.859	219.38
640.065	206.38
640.27	219.38
640.475	206.38
640.681	197.38
640.886	207.38
641.091	203.38
641.297	219.38
641.502	218.38
641.707	216.38
641.913	217.38
642.118	220.38
642.323	222.38
642.528	204.38
642.733	213.38
642.939	199.38
643.144	214.38
643.349	209.38
643.554	204.38
643.759	223.38
643.964	217.38
644.169	194.38
644.374	203.38
644.579	203.38
644.784	211.38
644.989	199.38
645.194	219.38
645.399	198.38
645.604	217.38
645.809	202.38
646.014	191.38
646.219	206.38
646.423	202.38
646.628	197.38
646.833	200.38
647.038	207.38
647.243	209.38
647.447	209.38
647.652	209.38
647.857	200.38
648.062	201.38
648.266	212.38
648.471	206.38
648.676	198.38
648.88	226.38
649.085	222.38
649.289	218.38
649.494	207.38
649.698	211.38
649.903	227.38
650.107	204.38
650.312	203.38
650.516	207.38
650.721	178.38
650.925	189.38
651.13	172.38
651.334	178.38
651.539	180.38
651.743	183.38
651.947	171.38
652.152	176.38
652.356	168.38
652.56	182.38
652.764	184.38
652.969	173.38
653.173	175.38
653.377	157.38
653.581	167.38
653.785	160.38
653.99	151.38
654.194	164.38
654.398	146.38
654.602	150.38
654.806	145.38
655.01	160.38
655.214	157.38
655.418	163.38
655.622	139.38
655.826	155.38
656.03	148.38
656.234	155.38
656.438	156.38
656.642	153.38
656.846	151.38
657.049	133.38
657.253	146.38
657.457	138.38
657.661	140.38
657.865	122.38
658.068	129.38
658.272	119.38
658.476	123.38
658.68	112.38
658.883	96.38
659.087	118.38
659.291	109.38
659.494	121.38
659.698	102.38
659.901	111.38
660.105	111.38
660.309	101.38
660.512	98.38
660.716	116.38
660.919	102.38
661.123	107.38
661.326	95.38
661.53	95.38
661.733	80.38
661.936	88.38
662.14	88.38
662.343	94.38
662.546	96.38
662.75	94.38
662.953	88.38
663.156	94.38
663.36	86.38
663.563	82.38
663.766	81.38
663.969	82.38
664.173	83.38
664.376	86.38
664.579	81.38
664.782	70.38
664.985	88.38
665.188	83.38
665.391	71.38
665.594	91.38
665.797	73.38
666	71.38
666.203	93.38
666.406	82.38
666.609	87.38
666.812	84.38
667.015	86.38
667.218	76.38
667.421	88.38
667.624	84.38
667.827	65.38
668.03	87.38
668.232	89.38
668.435	80.38
668.638	75.38
668.841	70.38
669.043	91.38
669.246	74.38
669.449	81.38
669.651	63.38
669.854	79.38
670.057	87.38
670.259	90.38
670.462	88.38
670.665	77.38
670.867	74.38
671.07	79.38
671.272	87.38
671.475	87.38
671.677	87.38
671.88	81.38
672.082	84.38
672.284	80.38
672.487	86.38
672.689	71.38
672.892	83.38
