223.165	-8
223.4	-8
223.635	-8
223.869	-14
224.104	-2
224.338	-17
224.573	-29
224.808	-8
225.042	-18
225.277	-3
225.511	7
225.746	5
225.98	8
226.215	3
226.449	3
226.683	25
226.918	17
227.152	31
227.387	31
227.621	41
227.856	33
228.09	51
228.324	40
228.559	54
228.793	54
229.027	96
229.262	96
229.496	109
229.73	119
229.964	136
230.199	121
230.433	103
230.667	105
230.901	122
231.136	119
231.37	112
231.604	115
231.838	123
232.072	130
232.306	120
232.541	128
232.775	123
233.009	119
233.243	127
233.477	138
233.711	134
233.945	131
234.179	119
234.413	127
234.647	127
234.881	116
235.115	116
235.349	120
235.583	131
235.817	122
236.051	126
236.285	133
236.519	123
236.753	134
236.987	152
237.221	159
237.455	190
237.689	171
237.922	144
238.156	142
238.39	127
238.624	121
238.858	118
239.091	124
239.325	144
239.559	125
239.793	126
240.027	133
240.26	131
240.494	156
240.728	152
240.961	155
241.195	148
241.429	138
241.662	131
241.896	138
242.13	130
242.363	133
242.597	143
242.83	143
243.064	140
243.298	148
243.531	145
243.765	160
243.998	145
244.232	144
244.465	142
244.699	146
244.932	140
245.166	147
245.399	147
245.633	152
245.866	147
246.099	145
246.333	162
246.566	151
246.8	149
247.033	158
247.266	147
247.5	147
247.733	156
247.966	156
248.2	173
248.433	167
248.666	168
248.899	172
249.133	194
249.366	196
249.599	201
249.832	176
250.066	163
250.299	182
250.532	196
250.765	189
250.998	196
251.231	202
251.465	198
251.698	183
251.931	178
252.164	198
252.397	193
252.63	199
252.863	212
253.096	185
253.329	197
253.562	198
253.795	198
254.028	181
254.261	206
254.494	209
254.727	233
254.96	217
255.193	229
255.426	196
255.659	204
255.892	225
256.124	223
256.357	233
256.59	208
256.823	209
257.056	197
257.289	187
257.521	200
257.754	201
257.987	211
258.22	216
258.452	208
258.685	198
258.918	192
259.151	205
259.383	207
259.616	200
259.849	226
260.081	239
260.314	238
260.547	218
260.779	195
261.012	225
261.244	204
261.477	220
261.71	216
261.942	207
262.175	233
262.407	229
262.64	215
262.872	211
263.105	233
263.337	221
263.57	231
263.802	212
264.035	207
264.267	237
264.499	216
264.732	218
264.964	233
265.197	232
265.429	227
265.661	215
265.894	221
266.126	233
266.358	240
266.591	223
266.823	243
267.055	225
267.287	232
267.52	217
267.752	240
267.984	236
268.216	240
268.448	243
268.681	255
268.913	251
269.145	259
269.377	252
269.609	256
269.841	260
270.073	274
270.306	277
270.538	277
270.77	280
271.002	262
271.234	272
271.466	297
271.698	274
271.93	290
272.162	285
272.394	280
272.626	284
272.858	255
273.09	265
273.322	255
273.553	263
273.785	254
274.017	269
274.249	281
274.481	273
274.713	265
274.945	268
275.176	292
275.408	277
275.64	273
275.872	277
276.104	287
276.335	282
276.567	295
276.799	301
277.031	315
277.262	334
277.494	315
277.726	269
277.957	280
278.189	280
278.421	277
278.652	297
278.884	303
279.115	295
279.347	280
279.579	284
279.81	294
280.042	280
280.273	300
280.505	302
280.736	282
280.968	287
281.199	323
281.431	301
281.662	295
281.894	296
282.125	322
282.356	315
282.588	340
282.819	348
283.051	296
283.282	304
283.513	297
283.745	289
283.976	308
284.207	305
284.439	312
284.67	312
284.901	312
285.132	306
285.364	312
285.595	301
285.826	304
286.057	307
286.288	324
286.52	324
286.751	316
286.982	328
287.213	319
287.444	335
287.675	320
287.906	316
288.138	329
288.369	336
288.6	341
288.831	324
289.062	333
289.293	317
289.524	338
289.755	327
289.986	305
290.217	338
290.448	318
290.679	324
290.91	322
291.141	335
291.371	348
291.602	323
291.833	334
292.064	332
292.295	343
292.526	331
292.757	335
292.987	335
293.218	341
293.449	327
293.68	320
293.91	335
294.141	338
294.372	335
294.603	343
294.833	339
295.064	339
295.295	328
295.525	335
295.756	341
295.987	369
296.217	374
296.448	380
296.679	344
296.909	359
297.14	343
297.37	363
297.601	360
297.831	367
298.062	363
298.292	371
298.523	374
298.753	366
298.984	364
299.214	368
299.445	376
299.675	376
299.905	370
300.136	381
300.366	374
300.597	375
300.827	395
301.057	426
301.288	403
301.518	419
301.748	386
301.979	378
302.209	390
302.439	380
302.669	401
302.9	381
303.13	388
303.36	395
303.59	381
303.82	402
304.051	387
304.281	398
304.511	419
304.741	405
304.971	394
305.201	389
305.431	408
305.661	394
305.891	389
306.121	383
306.352	408
306.582	412
306.812	404
307.042	387
307.272	395
307.502	423
307.731	393
307.961	407
308.191	409
308.421	389
308.651	383
308.881	399
309.111	394
309.341	434
309.571	415
309.8	412
310.03	400
310.26	398
310.49	414
310.72	423
310.949	439
311.179	438
311.409	438
311.639	445
311.868	443
312.098	423
312.328	436
312.557	456
312.787	477
313.017	476
313.246	441
313.476	427
313.706	449
313.935	431
314.165	463
314.394	482
314.624	457
314.853	457
315.083	447
315.312	452
315.542	447
315.771	444
316.001	445
316.23	454
316.46	449
316.689	438
316.919	452
317.148	447
317.377	469
317.607	448
317.836	461
318.065	441
318.295	444
318.524	441
318.753	429
318.983	430
319.212	433
319.441	463
319.67	468
319.9	460
320.129	456
320.358	451
320.587	440
320.816	468
321.046	477
321.275	495
321.504	456
321.733	471
321.962	461
322.191	478
322.42	497
322.649	504
322.878	523
323.108	529
323.337	538
323.566	549
323.795	579
324.024	599
324.253	664
324.482	894
324.71	1277
324.939	1707
325.168	1415
325.397	801
325.626	659
325.855	591
326.084	551
326.313	578
326.542	576
326.77	607
326.999	686
327.228	879
327.457	1251
327.686	1432
327.914	982
328.143	739
328.372	716
328.6	694
328.829	678
329.058	637
329.287	675
329.515	644
329.744	608
329.972	625
330.201	700
330.43	791
330.658	793
330.887	747
331.115	693
331.344	634
331.572	602
331.801	596
332.03	612
332.258	611
332.486	617
332.715	626
332.943	640
333.172	642
333.4	669
333.629	669
333.857	717
334.085	727
334.314	786
334.542	895
334.771	997
334.999	775
335.227	667
335.455	662
335.684	611
335.912	614
336.14	629
336.369	635
336.597	620
336.825	596
337.053	624
337.281	597
337.51	585
337.738	587
337.966	598
338.194	588
338.422	583
338.65	561
338.878	584
339.106	541
339.334	577
339.562	569
339.79	548
340.018	555
340.246	555
340.474	547
340.702	576
340.93	550
341.158	549
341.386	566
341.614	545
341.842	532
342.07	555
342.298	529
342.526	551
342.754	536
342.981	531
343.209	556
343.437	555
343.665	608
343.893	635
344.12	625
344.348	620
344.576	607
344.804	600
345.031	588
345.259	562
345.487	587
345.714	558
345.942	544
346.17	538
346.397	542
346.625	550
346.853	530
347.08	535
347.308	575
347.535	559
347.763	544
347.99	584
348.218	553
348.445	577
348.673	582
348.9	573
349.128	557
349.355	549
349.583	533
349.81	528
350.037	505
350.265	515
350.492	531
350.72	527
350.947	534
351.174	514
351.402	541
351.629	560
351.856	559
352.083	561
352.311	564
352.538	552
352.765	555
352.992	541
353.22	558
353.447	531
353.674	549
353.901	530
354.128	544
354.355	520
354.583	531
354.81	523
355.037	527
355.264	529
355.491	524
355.718	519
355.945	516
356.172	523
356.399	522
356.626	525
356.853	509
357.08	513
357.307	523
357.534	522
357.761	520
357.988	505
358.215	529
358.441	531
358.668	531
358.895	541
359.122	527
359.349	563
359.576	564
359.802	574
360.029	589
360.256	611
360.483	590
360.709	581
360.936	546
361.163	552
361.39	548
361.616	567
361.843	573
362.07	551
362.296	564
362.523	543
362.749	553
362.976	566
363.203	559
363.429	522
363.656	529
363.882	548
364.109	545
364.335	541
364.562	553
364.788	535
365.015	545
365.241	556
365.468	563
365.694	551
365.92	584
366.147	562
366.373	556
366.599	551
366.826	553
367.052	538
367.278	561
367.505	552
367.731	542
367.957	566
368.184	583
368.41	563
368.636	587
368.862	574
369.089	585
369.315	565
369.541	590
369.767	597
369.993	604
370.219	564
370.445	596
370.672	585
370.898	574
371.124	604
371.35	591
371.576	611
371.802	591
372.028	606
372.254	597
372.48	581
372.706	591
372.932	607
373.158	617
373.384	614
373.61	596
373.835	614
374.061	596
374.287	618
374.513	628
374.739	623
374.965	646
375.191	653
375.416	653
375.642	610
375.868	623
376.094	629
376.319	603
376.545	595
376.771	608
376.997	621
377.222	615
377.448	611
377.674	605
377.899	577
378.125	617
378.35	595
378.576	606
378.802	578
379.027	614
379.253	609
379.478	623
379.704	612
379.929	601
380.155	587
380.38	590
380.606	577
380.831	597
381.057	628
381.282	611
381.507	627
381.733	619
381.958	621
382.184	632
382.409	633
382.634	669
382.86	629
383.085	640
383.31	677
383.535	648
383.761	670
383.986	659
384.211	669
384.436	708
384.662	704
384.887	736
385.112	705
385.337	717
385.562	710
385.787	712
386.013	741
386.238	741
386.463	722
386.688	740
386.913	724
387.138	696
387.363	722
387.588	720
387.813	717
388.038	708
388.263	727
388.488	740
388.713	734
388.938	732
389.163	730
389.387	734
389.612	720
389.837	739
390.062	726
390.287	731
390.512	738
390.736	760
390.961	750
391.186	743
391.411	763
391.636	783
391.86	803
392.085	830
392.31	839
392.534	824
392.759	819
392.984	787
393.208	799
393.433	803
393.658	798
393.882	792
394.107	767
394.331	815
394.556	824
394.78	811
395.005	838
395.229	798
395.454	850
395.678	868
395.903	832
396.127	863
396.352	840
396.576	821
396.801	807
397.025	840
397.249	848
397.474	865
397.698	879
397.922	853
398.147	873
398.371	892
398.595	919
398.82	935
399.044	1012
399.268	1072
399.492	1212
399.717	1310
399.941	1353
400.165	1219
400.389	1132
400.613	1076
400.837	1022
401.062	1018
401.286	998
401.51	1015
401.734	971
401.958	1000
402.182	1012
402.406	1035
402.63	1060
402.854	1043
403.078	1074
403.302	1071
403.526	1103
403.75	1103
403.974	1134
404.198	1141
404.422	1126
404.645	1145
404.869	1157
405.093	1162
405.317	1181
405.541	1176
405.765	1167
405.988	1146
406.212	1149
406.436	1221
406.66	1253
406.883	1200
407.107	1226
407.331	1305
407.555	1368
407.778	1297
408.002	1297
408.226	1192
408.449	1228
408.673	1192
408.896	1233
409.12	1190
409.344	1209
409.567	1182
409.791	1169
410.014	1132
410.238	1175
410.461	1161
410.685	1179
410.908	1118
411.132	1166
411.355	1161
411.578	1124
411.802	1105
412.025	1134
412.249	1167
412.472	1180
412.695	1168
412.919	1183
413.142	1139
413.365	1095
413.589	1131
413.812	1090
414.035	1083
414.258	1087
414.482	1097
414.705	1096
414.928	1123
415.151	1099
415.374	1118
415.597	1090
415.821	1069
416.044	1080
416.267	1069
416.49	1095
416.713	1092
416.936	1080
417.159	1088
417.382	1075
417.605	1137
417.828	1102
418.051	1146
418.274	1140
418.497	1129
418.72	1151
418.943	1153
419.166	1223
419.389	1273
419.611	1244
419.834	1214
420.057	1186
420.28	1171
420.503	1163
420.726	1161
420.948	1128
421.171	1168
421.394	1153
421.617	1161
421.839	1153
422.062	1143
422.285	1148
422.507	1200
422.73	1223
422.953	1190
423.175	1165
423.398	1175
423.621	1188
423.843	1235
424.066	1227
424.288	1229
424.511	1225
424.733	1241
424.956	1236
425.178	1245
425.401	1220
425.623	1212
425.846	1181
426.068	1129
426.291	1139
426.513	1161
426.735	1111
426.958	1126
427.18	1153
427.402	1261
427.625	1310
427.847	1276
428.069	1189
428.292	1119
428.514	1091
428.736	1077
428.958	1084
429.181	1026
429.403	1061
429.625	1051
429.847	1079
430.069	1131
430.292	1072
430.514	1029
430.736	1043
430.958	1050
431.18	1038
431.402	1019
431.624	976
431.846	994
432.068	969
432.29	994
432.512	973
432.734	1039
432.956	1020
433.178	1089
433.4	1066
433.622	1049
433.844	1051
434.066	1038
434.287	1000
434.509	1004
434.731	1051
434.953	1097
435.175	1148
435.397	1123
435.618	1101
435.84	1052
436.062	1080
436.284	1110
436.505	1109
436.727	1080
436.949	1057
437.17	1043
437.392	1031
437.614	1054
437.835	1036
438.057	1101
438.278	1142
438.5	1105
438.721	1163
438.943	1164
439.165	1067
439.386	1071
439.608	1099
439.829	1103
440.05	1109
440.272	1131
440.493	1141
440.715	1115
440.936	1074
441.158	1115
441.379	1123
441.6	1183
441.822	1223
442.043	1193
442.264	1206
442.486	1207
442.707	1143
442.928	1153
443.149	1198
443.371	1173
443.592	1211
443.813	1261
444.034	1254
444.255	1206
444.476	1212
444.698	1288
444.919	1335
445.14	1407
445.361	1280
445.582	1244
445.803	1203
446.024	1255
446.245	1212
446.466	1203
446.687	1129
446.908	1113
447.129	1086
447.35	1099
447.571	1061
447.792	1039
448.013	1063
448.234	1047
448.455	1087
448.675	1100
448.896	1121
449.117	1072
449.338	1023
449.559	1107
449.779	1139
450	1033
450.221	982
450.442	997
450.662	1005
450.883	1019
451.104	1055
451.324	1014
451.545	990
451.766	990
451.986	952
452.207	966
452.428	926
452.648	922
452.869	919
453.089	905
453.31	914
453.53	895
453.751	872
453.971	891
454.192	885
454.412	869
454.633	865
454.853	876
455.073	872
455.294	912
455.514	921
455.734	914
455.955	850
456.175	850
456.395	825
456.616	852
456.836	827
457.056	823
457.276	809
457.497	823
457.717	829
457.937	829
458.157	853
458.377	848
458.598	888
458.818	923
459.038	1007
459.258	1024
459.478	940
459.698	941
459.918	962
460.138	1031
460.358	1054
460.578	1080
460.798	1067
461.018	1088
461.238	1063
461.458	1079
461.678	1069
461.898	1081
462.118	1067
462.338	1149
462.558	1147
462.777	1181
462.997	1225
463.217	1353
463.437	1342
463.657	1276
463.876	1207
464.096	1185
464.316	1187
464.536	1202
464.755	1207
464.975	1195
465.195	1239
465.414	1284
465.634	1118
465.854	1028
466.073	1030
466.293	991
466.512	933
466.732	950
466.951	983
467.171	988
467.391	971
467.61	1016
467.829	1005
468.049	999
468.268	1034
468.488	982
468.707	934
468.927	988
469.146	931
469.365	936
469.585	960
469.804	980
470.023	1031
470.243	1033
470.462	1026
470.681	1081
470.901	1038
471.12	996
471.339	977
471.558	993
471.777	998
471.997	974
472.216	1048
472.435	1252
472.654	1071
472.873	901
473.092	913
473.311	912
473.53	919
473.749	929
473.968	937
474.187	966
474.406	942
474.625	950
474.844	892
475.063	902
475.282	932
475.501	869
475.72	892
475.939	920
476.158	927
476.377	933
476.596	926
476.814	940
477.033	946
477.252	934
477.471	974
477.69	1030
477.908	1047
478.127	1067
478.346	1054
478.564	1054
478.783	1114
479.002	1102
479.22	1124
479.439	1124
479.658	1143
479.876	1087
480.095	1072
480.313	1128
480.532	1149
480.751	1182
480.969	1165
481.188	1505
481.406	1660
481.624	1177
481.843	1101
482.061	1027
482.28	1029
482.498	1047
482.717	992
482.935	1031
483.153	1073
483.372	1077
483.59	1091
483.808	1060
484.027	1046
484.245	1052
484.463	1036
484.681	1074
484.9	1096
485.118	1071
485.336	1085
485.554	1024
485.772	1047
485.99	1012
486.209	1061
486.427	1039
486.645	1105
486.863	1160
487.081	1147
487.299	1126
487.517	1128
487.735	1145
487.953	1201
488.171	1196
488.389	1168
488.607	1153
488.825	1139
489.043	1071
489.261	1099
489.479	1112
489.696	1128
489.914	1106
490.132	1133
490.35	1181
490.568	1198
490.786	1223
491.003	1252
491.221	1288
491.439	1291
491.657	1333
491.874	1349
492.092	1403
492.31	1501
492.527	1421
492.745	1385
492.963	1377
493.18	1339
493.398	1327
493.615	1335
493.833	1351
494.05	1314
494.268	1299
494.485	1322
494.703	1346
494.92	1330
495.138	1286
495.355	1332
495.573	1321
495.79	1316
496.008	1286
496.225	1253
496.442	1320
496.66	1326
496.877	1317
497.094	1329
497.312	1323
497.529	1334
497.746	1361
497.963	1359
498.181	1377
498.398	1413
498.615	1483
498.832	1525
499.049	1597
499.267	1713
499.484	1852
499.701	2020
499.918	2200
500.135	2432
500.352	2707
500.569	2814
500.786	2743
501.003	2616
501.22	2371
501.437	2139
501.654	1991
501.871	1893
502.088	1727
502.305	1646
502.522	1525
502.739	1476
502.956	1446
503.172	1377
503.389	1308
503.606	1322
503.823	1301
504.04	1274
504.256	1273
504.473	1299
504.69	1325
504.907	1298
505.123	1211
505.34	1165
505.557	1112
505.773	1137
505.99	1118
506.207	1109
506.423	1080
506.64	1063
506.856	1048
507.073	1042
507.289	1061
507.506	1053
507.722	1072
507.939	1095
508.155	1038
508.372	1027
508.588	1025
508.805	1011
509.021	990
509.238	988
509.454	984
509.67	952
509.887	938
510.103	953
510.319	994
510.536	1211
510.752	2418
510.968	1654
511.184	996
511.401	951
511.617	961
511.833	935
512.049	938
512.265	928
512.481	945
512.698	918
512.914	929
513.13	949
513.346	921
513.562	920
513.778	923
513.994	943
514.21	997
514.426	996
514.642	1069
514.858	1068
515.074	1153
515.29	1401
515.506	2363
515.721	1740
515.937	1161
516.153	1067
516.369	1084
516.585	1057
516.801	1045
517.016	1090
517.232	1110
517.448	1177
517.664	1196
517.879	1197
518.095	1197
518.311	1150
518.527	1119
518.742	1129
518.958	1067
519.173	1045
519.389	1047
519.605	1037
519.82	1021
520.036	1042
520.251	1042
520.467	1036
520.682	1029
520.898	1047
521.113	1064
521.329	1120
521.544	1251
521.76	1583
521.975	3111
522.19	2923
522.406	1407
522.621	1099
522.836	988
523.052	942
523.267	936
523.482	899
523.698	913
523.913	893
524.128	929
524.343	891
524.559	879
524.774	904
524.989	891
525.204	890
525.419	877
525.634	845
525.849	858
526.064	824
526.28	828
526.495	823
526.71	783
526.925	775
527.14	791
527.355	793
527.57	773
527.785	756
527.999	769
528.214	794
528.429	818
528.644	857
528.859	879
529.074	892
529.289	929
529.503	1066
529.718	984
529.933	880
530.148	830
530.363	787
530.577	779
530.792	769
531.007	790
531.221	789
531.436	729
531.651	777
531.865	767
532.08	795
532.295	789
532.509	752
532.724	750
532.938	769
533.153	804
533.367	799
533.582	787
533.796	809
534.011	781
534.225	773
534.44	748
534.654	763
534.868	781
535.083	740
535.297	761
535.511	777
535.726	787
535.94	767
536.154	752
536.369	739
536.583	732
536.797	719
537.011	751
537.225	712
537.44	709
537.654	726
537.868	716
538.082	715
538.296	717
538.51	714
538.724	787
538.938	752
539.153	760
539.367	793
539.581	769
539.795	735
540.009	707
540.222	736
540.436	726
540.65	740
540.864	759
541.078	797
541.292	804
541.506	842
541.72	853
541.934	870
542.147	915
542.361	871
542.575	838
542.789	789
543.002	767
543.216	764
543.43	768
543.644	766
543.857	777
544.071	828
544.285	822
544.498	840
544.712	845
544.925	847
545.139	856
545.352	853
545.566	834
545.779	857
545.993	862
546.206	861
546.42	866
546.633	863
546.847	855
547.06	826
547.274	863
547.487	886
547.7	876
547.914	860
548.127	835
548.34	870
548.554	817
548.767	847
548.98	840
549.193	868
549.407	848
549.62	870
549.833	844
550.046	852
550.259	834
550.473	865
550.686	829
550.899	804
551.112	809
551.325	776
551.538	793
551.751	736
551.964	756
552.177	775
552.39	789
552.603	835
552.816	846
553.029	857
553.242	879
553.455	893
553.667	920
553.88	877
554.093	866
554.306	833
554.519	838
554.732	819
554.944	823
555.157	789
555.37	791
555.583	756
555.795	753
556.008	706
556.221	689
556.433	705
556.646	692
556.859	725
557.071	716
557.284	697
557.496	715
557.709	700
557.921	721
558.134	691
558.346	692
558.559	676
558.771	696
558.984	655
559.196	679
559.409	687
559.621	657
559.833	646
560.046	642
560.258	668
560.47	661
560.683	686
560.895	646
561.107	630
561.32	654
561.532	655
561.744	661
561.956	646
562.168	666
562.381	661
562.593	639
562.805	628
563.017	668
563.229	656
563.441	645
563.653	657
563.865	637
564.077	650
564.289	650
564.501	672
564.713	654
564.925	661
565.137	685
565.349	692
565.561	694
565.773	733
565.985	736
566.197	742
566.408	831
566.62	860
566.832	906
567.044	928
567.255	909
567.467	931
567.679	929
567.891	979
568.102	1012
568.314	947
568.526	845
568.737	792
568.949	737
569.161	720
569.372	659
569.584	615
569.795	599
570.007	597
570.218	699
570.43	663
570.641	588
570.853	611
571.064	597
571.276	603
571.487	594
571.698	572
571.91	553
572.121	543
572.333	547
572.544	507
572.755	496
572.966	486
573.178	484
573.389	467
573.6	480
573.811	478
574.023	480
574.234	457
574.445	459
574.656	476
574.867	474
575.078	473
575.289	479
575.501	472
575.712	458
575.923	437
576.134	463
576.345	454
576.556	473
576.767	467
576.978	483
577.188	439
577.399	455
577.61	441
577.821	422
578.032	461
578.243	511
578.454	903
578.665	613
578.875	451
579.086	433
579.297	415
579.508	405
579.718	418
579.929	412
580.14	412
580.35	414
580.561	402
580.772	417
580.982	403
581.193	388
581.403	424
581.614	401
581.825	398
582.035	416
582.246	425
582.456	396
582.667	393
582.877	399
583.087	405
583.298	397
583.508	378
583.719	395
583.929	410
584.139	374
584.35	390
584.56	396
584.77	371
584.981	384
585.191	378
585.401	381
585.611	383
585.821	380
586.032	379
586.242	376
586.452	381
586.662	379
586.872	383
587.082	395
587.292	356
587.502	378
587.713	373
587.923	371
588.133	360
588.343	373
588.553	379
588.762	380
588.972	386
589.182	374
589.392	353
589.602	374
589.812	373
590.022	385
590.232	381
590.441	392
590.651	375
590.861	373
591.071	364
591.281	379
591.49	370
591.7	400
591.91	395
592.119	413
592.329	413
592.539	423
592.748	431
592.958	441
593.167	438
593.377	451
593.587	457
593.796	448
594.006	457
594.215	453
594.424	454
594.634	458
594.843	431
595.053	400
595.262	429
595.472	409
595.681	407
595.89	385
596.1	381
596.309	364
596.518	375
596.727	369
596.937	371
597.146	353
597.355	371
597.564	345
597.774	351
597.983	332
598.192	354
598.401	351
598.61	348
598.819	333
599.028	331
599.237	334
599.446	326
599.655	316
599.864	309
600.073	334
600.282	332
600.491	321
600.7	332
600.909	341
601.118	337
601.327	330
601.536	363
601.745	341
601.953	351
602.162	365
602.371	368
602.58	360
602.789	349
602.997	335
603.206	344
603.415	331
603.623	317
603.832	319
604.041	340
604.249	332
604.458	319
604.666	303
604.875	328
605.084	312
605.292	334
605.501	349
605.709	346
605.918	322
606.126	366
606.334	349
606.543	331
606.751	360
606.96	341
607.168	342
607.376	339
607.585	337
607.793	371
608.001	337
608.21	355
608.418	317
608.626	337
608.834	341
609.043	330
609.251	336
609.459	334
609.667	347
609.875	349
610.083	326
610.291	325
610.499	337
610.707	333
610.916	339
611.124	350
611.332	342
611.54	354
611.748	339
611.955	339
612.163	327
612.371	352
612.579	348
612.787	337
612.995	350
613.203	332
613.411	332
613.618	311
613.826	330
614.034	337
614.242	321
614.449	330
614.657	318
614.865	329
615.072	330
615.28	320
615.488	325
615.695	334
615.903	332
616.111	317
616.318	349
616.526	302
616.733	342
616.941	312
617.148	343
617.356	338
617.563	316
617.771	294
617.978	313
618.185	311
618.393	343
618.6	316
618.807	313
619.015	323
619.222	320
619.429	310
619.637	301
619.844	287
620.051	310
620.258	325
620.466	312
620.673	297
620.88	296
621.087	287
621.294	270
621.501	276
621.708	294
621.915	294
622.122	311
622.329	318
622.536	305
622.743	301
622.95	295
623.157	291
623.364	294
623.571	296
623.778	295
623.985	294
624.192	293
624.399	287
624.606	295
624.812	281
625.019	278
625.226	259
625.433	277
625.639	267
625.846	260
626.053	253
626.259	253
626.466	258
626.673	256
626.879	261
627.086	269
627.293	269
627.499	276
627.706	275
627.912	284
628.119	293
628.325	289
628.532	255
628.738	268
628.945	257
629.151	259
629.357	249
629.564	274
629.77	249
629.976	247
630.183	245
630.389	243
630.595	272
630.802	265
631.008	246
631.214	241
631.42	260
631.627	257
631.833	249
632.039	233
632.245	233
632.451	236
632.657	247
632.863	242
633.069	244
633.275	245
633.481	243
633.688	234
633.893	243
634.099	236
634.305	246
634.511	217
634.717	240
634.923	218
635.129	218
635.335	227
635.541	235
635.747	232
635.952	227
636.158	223
636.364	262
636.57	269
636.775	245
636.981	246
637.187	217
637.392	228
637.598	229
637.804	232
638.009	250
638.215	235
638.421	225
638.626	228
638.832	222
639.037	220
639.243	215
639.448	213
639.654	216
639.859	215
640.065	240
640.27	225
640.475	209
640.681	223
640.886	230
641.091	213
641.297	214
641.502	226
641.707	219
641.913	203
642.118	197
642.323	222
642.528	223
642.733	216
642.939	210
643.144	203
643.349	223
643.554	222
643.759	221
643.964	211
644.169	229
644.374	217
644.579	224
644.784	206
644.989	208
645.194	216
645.399	214
645.604	210
645.809	223
646.014	219
646.219	199
646.423	208
646.628	214
646.833	212
647.038	206
647.243	218
647.447	205
647.652	226
647.857	217
648.062	225
648.266	199
648.471	213
648.676	206
648.88	203
649.085	221
649.289	203
649.494	227
649.698	235
649.903	213
650.107	190
650.312	200
650.516	197
650.721	205
650.925	187
651.13	187
651.334	192
651.539	195
651.743	185
651.947	193
652.152	179
652.356	176
652.56	172
652.764	177
652.969	157
653.173	173
653.377	165
653.581	170
653.785	171
653.99	156
654.194	166
654.398	177
654.602	151
654.806	167
655.01	167
655.214	165
655.418	160
655.622	157
655.826	146
656.03	160
656.234	171
656.438	173
656.642	150
656.846	143
657.049	145
657.253	150
657.457	128
657.661	127
657.865	138
658.068	125
658.272	138
658.476	117
658.68	127
658.883	116
659.087	109
659.291	117
659.494	108
659.698	85
659.901	100
660.105	108
660.309	108
660.512	84
660.716	92
660.919	102
661.123	110
661.326	110
661.53	105
661.733	96
661.936	96
662.14	90
662.343	84
662.546	94
662.75	76
662.953	83
663.156	87
663.36	77
663.563	79
663.766	89
663.969	82
664.173	78
664.376	78
664.579	89
664.782	83
664.985	96
665.188	83
665.391	88
665.594	88
665.797	82
666	81
666.203	77
666.406	79
666.609	72
666.812	70
667.015	84
667.218	91
667.421	77
667.624	82
667.827	99
668.03	81
668.232	89
668.435	78
668.638	80
668.841	87
669.043	89
669.246	81
669.449	75
669.651	80
669.854	78
670.057	87
670.259	72
670.462	84
670.665	80
670.867	82
671.07	104
671.272	85
671.475	88
671.677	84
671.88	94
672.082	77
672.284	84
672.487	99
672.689	81
672.892	83
