223.165	-16.06
223.4	-16.06
223.635	-16.06
223.869	-9.06
224.104	-5.06
224.338	-23.06
224.573	-14.06
224.808	-7.06
225.042	-13.06
225.277	-5.06
225.511	-6.06
225.746	-0.06
225.98	14.94
226.215	2.94
226.449	29.94
226.683	11.94
226.918	20.94
227.152	17.94
227.387	41.94
227.621	46.94
227.856	32.94
228.09	40.94
228.324	38.94
228.559	42.94
228.793	55.94
229.027	101.94
229.262	102.94
229.496	91.94
229.73	110.94
229.964	120.94
230.199	111.94
230.433	108.94
230.667	100.94
230.901	95.94
231.136	92.94
231.37	111.94
231.604	108.94
231.838	107.94
232.072	107.94
232.306	111.94
232.541	114.94
232.775	114.94
233.009	108.94
233.243	120.94
233.477	123.94
233.711	121.94
233.945	126.94
234.179	115.94
234.413	117.94
234.647	96.94
234.881	116.94
235.115	109.94
235.349	111.94
235.583	129.94
235.817	114.94
236.051	132.94
236.285	128.94
236.519	129.94
236.753	122.94
236.987	127.94
237.221	156.94
237.455	174.94
237.689	146.94
237.922	136.94
238.156	118.94
238.39	107.94
238.624	119.94
238.858	139.94
239.091	127.94
239.325	126.94
239.559	137.94
239.793	124.94
240.027	136.94
240.26	135.94
240.494	143.94
240.728	135.94
240.961	136.94
241.195	130.94
241.429	126.94
241.662	127.94
241.896	126.94
242.13	136.94
242.363	128.94
242.597	116.94
242.83	132.94
243.064	147.94
243.298	131.94
243.531	143.94
243.765	129.94
243.998	139.94
244.232	156.94
244.465	132.94
244.699	154.94
244.932	134.94
245.166	131.94
245.399	156.94
245.633	142.94
245.866	150.94
246.099	140.94
246.333	148.94
246.566	158.94
246.8	152.94
247.033	145.94
247.266	166.94
247.5	157.94
247.733	146.94
247.966	150.94
248.2	154.94
248.433	162.94
248.666	161.94
248.899	180.94
249.133	173.94
249.366	184.94
249.599	184.94
249.832	187.94
250.066	160.94
250.299	185.94
250.532	175.94
250.765	175.94
250.998	191.94
251.231	197.94
251.465	190.94
251.698	183.94
251.931	179.94
252.164	189.94
252.397	180.94
252.63	195.94
252.863	186.94
253.096	192.94
253.329	187.94
253.562	204.94
253.795	182.94
254.028	200.94
254.261	188.94
254.494	209.94
254.727	205.94
254.96	214.94
255.193	206.94
255.426	203.94
255.659	203.94
255.892	184.94
256.124	210.94
256.357	228.94
256.59	217.94
256.823	186.94
257.056	196.94
257.289	188.94
257.521	191.94
257.754	209.94
257.987	213.94
258.22	214.94
258.452	194.94
258.685	195.94
258.918	207.94
259.151	209.94
259.383	198.94
259.616	214.94
259.849	231.94
260.081	215.94
260.314	216.94
260.547	230.94
260.779	217.94
261.012	223.94
261.244	216.94
261.477	207.94
261.71	200.94
261.942	219.94
262.175	226.94
262.407	234.94
262.64	216.94
262.872	192.94
263.105	208.94
263.337	211.94
263.57	205.94
263.802	230.94
264.035	217.94
264.267	227.94
264.499	215.94
264.732	237.94
264.964	220.94
265.197	224.94
265.429	214.94
265.661	212.94
265.894	217.94
266.126	224.94
266.358	226.94
266.591	225.94
266.823	243.94
267.055	228.94
267.287	253.94
267.52	215.94
267.752	221.94
267.984	218.94
268.216	232.94
268.448	222.94
268.681	242.94
268.913	234.94
269.145	245.94
269.377	248.94
269.609	244.94
269.841	268.94
270.073	266.94
270.306	271.94
270.538	289.94
270.77	266.94
271.002	263.94
271.234	281.94
271.466	258.94
271.698	265.94
271.93	273.94
272.162	239.94
272.394	266.94
272.626	272.94
272.858	267.94
273.09	269.94
273.322	256.94
273.553	247.94
273.785	261.94
274.017	270.94
274.249	263.94
274.481	268.94
274.713	268.94
274.945	288.94
275.176	270.94
275.408	270.94
275.64	281.94
275.872	257.94
276.104	247.94
276.335	272.94
276.567	279.94
276.799	298.94
277.031	305.94
277.262	308.94
277.494	298.94
277.726	294.94
277.957	297.94
278.189	288.94
278.421	282.94
278.652	281.94
278.884	294.94
279.115	291.94
279.347	279.94
279.579	273.94
279.81	278.94
280.042	299.94
280.273	302.94
280.505	278.94
280.736	275.94
280.968	293.94
281.199	280.94
281.431	281.94
281.662	297.94
281.894	291.94
282.125	292.94
282.356	299.94
282.588	307.94
282.819	328.94
283.051	318.94
283.282	299.94
283.513	294.94
283.745	290.94
283.976	302.94
284.207	302.94
284.439	300.94
284.67	299.94
284.901	312.94
285.132	320.94
285.364	295.94
285.595	291.94
285.826	296.94
286.057	300.94
286.288	301.94
286.52	323.94
286.751	294.94
286.982	311.94
287.213	326.94
287.444	315.94
287.675	336.94
287.906	325.94
288.138	318.94
288.369	316.94
288.6	322.94
288.831	302.94
289.062	341.94
289.293	328.94
289.524	328.94
289.755	321.94
289.986	312.94
290.217	335.94
290.448	317.94
290.679	336.94
290.91	330.94
291.141	336.94
291.371	342.94
291.602	312.94
291.833	326.94
292.064	314.94
292.295	310.94
292.526	315.94
292.757	328.94
292.987	322.94
293.218	305.94
293.449	333.94
293.68	323.94
293.91	333.94
294.141	328.94
294.372	338.94
294.603	314.94
294.833	336.94
295.064	329.94
295.295	326.94
295.525	332.94
295.756	329.94
295.987	336.94
296.217	377.94
296.448	382.94
296.679	353.94
296.909	328.94
297.14	354.94
297.37	351.94
297.601	363.94
297.831	361.94
298.062	334.94
298.292	366.94
298.523	366.94
298.753	360.94
298.984	362.94
299.214	353.94
299.445	354.94
299.675	350.94
299.905	364.94
300.136	382.94
300.366	365.94
300.597	359.94
300.827	359.94
301.057	396.94
301.288	389.94
301.518	378.94
301.748	381.94
301.979	390.94
302.209	380.94
302.439	359.94
302.669	383.94
302.9	390.94
303.13	388.94
303.36	402.94
303.59	397.94
303.82	388.94
304.051	386.94
304.281	385.94
304.511	376.94
304.741	380.94
304.971	381.94
305.201	394.94
305.431	392.94
305.661	384.94
305.891	365.94
306.121	373.94
306.352	377.94
306.582	406.94
306.812	382.94
307.042	376.94
307.272	402.94
307.502	387.94
307.731	388.94
307.961	398.94
308.191	392.94
308.421	397.94
308.651	408.94
308.881	402.94
309.111	380.94
309.341	389.94
309.571	404.94
309.8	405.94
310.03	420.94
310.26	426.94
310.49	428.94
310.72	418.94
310.949	455.94
311.179	436.94
311.409	411.94
311.639	425.94
311.868	433.94
312.098	440.94
312.328	438.94
312.557	447.94
312.787	456.94
313.017	461.94
313.246	449.94
313.476	436.94
313.706	436.94
313.935	442.94
314.165	447.94
314.394	450.94
314.624	455.94
314.853	438.94
315.083	446.94
315.312	433.94
315.542	412.94
315.771	451.94
316.001	443.94
316.23	440.94
316.46	407.94
316.689	426.94
316.919	433.94
317.148	453.94
317.377	456.94
317.607	447.94
317.836	428.94
318.065	442.94
318.295	449.94
318.524	447.94
318.753	421.94
318.983	443.94
319.212	432.94
319.441	458.94
319.67	469.94
319.9	436.94
320.129	443.94
320.358	425.94
320.587	437.94
320.816	439.94
321.046	470.94
321.275	464.94
321.504	471.94
321.733	452.94
321.962	460.94
322.191	463.94
322.42	510.94
322.649	489.94
322.878	487.94
323.108	502.94
323.337	517.94
323.566	550.94
323.795	536.94
324.024	583.94
324.253	657.94
324.482	845.94
324.71	1237.94
324.939	1712.94
325.168	1369.94
325.397	794.94
325.626	639.94
325.855	558.94
326.084	552.94
326.313	531.94
326.542	570.94
326.77	599.94
326.999	662.94
327.228	866.94
327.457	1229.94
327.686	1399.94
327.914	912.94
328.143	688.94
328.372	651.94
328.6	605.94
328.829	601.94
329.058	628.94
329.287	643.94
329.515	600.94
329.744	575.94
329.972	611.94
330.201	647.94
330.43	704.94
330.658	695.94
330.887	685.94
331.115	666.94
331.344	594.94
331.572	578.94
331.801	593.94
332.03	574.94
332.258	583.94
332.486	574.94
332.715	565.94
332.943	622.94
333.172	649.94
333.4	643.94
333.629	657.94
333.857	684.94
334.085	693.94
334.314	711.94
334.542	786.94
334.771	836.94
334.999	688.94
335.227	640.94
335.455	635.94
335.684	605.94
335.912	614.94
336.14	598.94
336.369	603.94
336.597	607.94
336.825	617.94
337.053	590.94
337.281	580.94
337.51	553.94
337.738	587.94
337.966	574.94
338.194	580.94
338.422	566.94
338.65	566.94
338.878	554.94
339.106	533.94
339.334	543.94
339.562	546.94
339.79	524.94
340.018	521.94
340.246	534.94
340.474	546.94
340.702	547.94
340.93	543.94
341.158	542.94
341.386	550.94
341.614	542.94
341.842	527.94
342.07	523.94
342.298	521.94
342.526	513.94
342.754	516.94
342.981	538.94
343.209	530.94
343.437	558.94
343.665	584.94
343.893	601.94
344.12	625.94
344.348	617.94
344.576	591.94
344.804	566.94
345.031	577.94
345.259	565.94
345.487	568.94
345.714	541.94
345.942	563.94
346.17	531.94
346.397	528.94
346.625	528.94
346.853	523.94
347.08	540.94
347.308	517.94
347.535	558.94
347.763	556.94
347.99	560.94
348.218	537.94
348.445	562.94
348.673	532.94
348.9	547.94
349.128	517.94
349.355	511.94
349.583	521.94
349.81	513.94
350.037	506.94
350.265	514.94
350.492	520.94
350.72	508.94
350.947	515.94
351.174	512.94
351.402	520.94
351.629	552.94
351.856	533.94
352.083	540.94
352.311	546.94
352.538	520.94
352.765	554.94
352.992	527.94
353.22	525.94
353.447	527.94
353.674	504.94
353.901	506.94
354.128	503.94
354.355	498.94
354.583	516.94
354.81	524.94
355.037	488.94
355.264	518.94
355.491	486.94
355.718	519.94
355.945	506.94
356.172	520.94
356.399	503.94
356.626	519.94
356.853	520.94
357.08	503.94
357.307	508.94
357.534	525.94
357.761	528.94
357.988	517.94
358.215	506.94
358.441	502.94
358.668	536.94
358.895	519.94
359.122	526.94
359.349	535.94
359.576	542.94
359.802	585.94
360.029	585.94
360.256	577.94
360.483	594.94
360.709	570.94
360.936	555.94
361.163	555.94
361.39	569.94
361.616	545.94
361.843	550.94
362.07	547.94
362.296	556.94
362.523	538.94
362.749	558.94
362.976	568.94
363.203	539.94
363.429	532.94
363.656	522.94
363.882	566.94
364.109	532.94
364.335	541.94
364.562	542.94
364.788	558.94
365.015	510.94
365.241	535.94
365.468	542.94
365.694	547.94
365.92	565.94
366.147	538.94
366.373	554.94
366.599	531.94
366.826	552.94
367.052	532.94
367.278	542.94
367.505	551.94
367.731	575.94
367.957	551.94
368.184	553.94
368.41	568.94
368.636	572.94
368.862	586.94
369.089	548.94
369.315	564.94
369.541	561.94
369.767	586.94
369.993	576.94
370.219	563.94
370.445	562.94
370.672	572.94
370.898	575.94
371.124	571.94
371.35	566.94
371.576	616.94
371.802	576.94
372.028	571.94
372.254	572.94
372.48	588.94
372.706	594.94
372.932	604.94
373.158	581.94
373.384	606.94
373.61	616.94
373.835	585.94
374.061	599.94
374.287	594.94
374.513	611.94
374.739	610.94
374.965	629.94
375.191	656.94
375.416	644.94
375.642	619.94
375.868	622.94
376.094	593.94
376.319	601.94
376.545	581.94
376.771	618.94
376.997	586.94
377.222	617.94
377.448	575.94
377.674	572.94
377.899	581.94
378.125	571.94
378.35	553.94
378.576	584.94
378.802	600.94
379.027	599.94
379.253	594.94
379.478	586.94
379.704	580.94
379.929	606.94
380.155	603.94
380.38	586.94
380.606	607.94
380.831	570.94
381.057	600.94
381.282	617.94
381.507	582.94
381.733	613.94
381.958	591.94
382.184	590.94
382.409	614.94
382.634	609.94
382.86	617.94
383.085	630.94
383.31	638.94
383.535	640.94
383.761	662.94
383.986	644.94
384.211	676.94
384.436	686.94
384.662	698.94
384.887	696.94
385.112	674.94
385.337	713.94
385.562	719.94
385.787	706.94
386.013	702.94
386.238	750.94
386.463	705.94
386.688	730.94
386.913	707.94
387.138	715.94
387.363	736.94
387.588	705.94
387.813	714.94
388.038	709.94
388.263	693.94
388.488	749.94
388.713	712.94
388.938	718.94
389.163	707.94
389.387	738.94
389.612	700.94
389.837	716.94
390.062	718.94
390.287	729.94
390.512	732.94
390.736	714.94
390.961	718.94
391.186	745.94
391.411	762.94
391.636	810.94
391.86	803.94
392.085	794.94
392.31	814.94
392.534	791.94
392.759	793.94
392.984	799.94
393.208	760.94
393.433	780.94
393.658	775.94
393.882	786.94
394.107	792.94
394.331	804.94
394.556	808.94
394.78	779.94
395.005	819.94
395.229	784.94
395.454	818.94
395.678	848.94
395.903	839.94
396.127	855.94
396.352	830.94
396.576	810.94
396.801	792.94
397.025	814.94
397.249	842.94
397.474	864.94
397.698	852.94
397.922	862.94
398.147	862.94
398.371	886.94
398.595	889.94
398.82	921.94
399.044	1000.94
399.268	1075.94
399.492	1206.94
399.717	1297.94
399.941	1300.94
400.165	1202.94
400.389	1136.94
400.613	1028.94
400.837	1002.94
401.062	973.94
401.286	953.94
401.51	973.94
401.734	975.94
401.958	980.94
402.182	1001.94
402.406	1055.94
402.63	1029.94
402.854	1050.94
403.078	1033.94
403.302	1086.94
403.526	1084.94
403.75	1089.94
403.974	1115.94
404.198	1114.94
404.422	1118.94
404.645	1120.94
404.869	1109.94
405.093	1154.94
405.317	1136.94
405.541	1168.94
405.765	1151.94
405.988	1127.94
406.212	1164.94
406.436	1185.94
406.66	1204.94
406.883	1169.94
407.107	1216.94
407.331	1250.94
407.555	1327.94
407.778	1352.94
408.002	1248.94
408.226	1205.94
408.449	1206.94
408.673	1214.94
408.896	1183.94
409.12	1195.94
409.344	1174.94
409.567	1158.94
409.791	1162.94
410.014	1173.94
410.238	1113.94
410.461	1147.94
410.685	1167.94
410.908	1128.94
411.132	1145.94
411.355	1118.94
411.578	1120.94
411.802	1122.94
412.025	1099.94
412.249	1144.94
412.472	1150.94
412.695	1142.94
412.919	1133.94
413.142	1075.94
413.365	1074.94
413.589	1099.94
413.812	1093.94
414.035	1043.94
414.258	1063.94
414.482	1091.94
414.705	1103.94
414.928	1070.94
415.151	1099.94
415.374	1092.94
415.597	1105.94
415.821	1058.94
416.044	1072.94
416.267	1107.94
416.49	1075.94
416.713	1066.94
416.936	1105.94
417.159	1104.94
417.382	1076.94
417.605	1097.94
417.828	1134.94
418.051	1130.94
418.274	1121.94
418.497	1091.94
418.72	1110.94
418.943	1127.94
419.166	1185.94
419.389	1255.94
419.611	1225.94
419.834	1179.94
420.057	1188.94
420.28	1142.94
420.503	1106.94
420.726	1133.94
420.948	1136.94
421.171	1131.94
421.394	1113.94
421.617	1137.94
421.839	1142.94
422.062	1138.94
422.285	1146.94
422.507	1170.94
422.73	1205.94
422.953	1148.94
423.175	1160.94
423.398	1189.94
423.621	1179.94
423.843	1177.94
424.066	1202.94
424.288	1214.94
424.511	1212.94
424.733	1212.94
424.956	1246.94
425.178	1203.94
425.401	1218.94
425.623	1254.94
425.846	1148.94
426.068	1147.94
426.291	1111.94
426.513	1097.94
426.735	1111.94
426.958	1098.94
427.18	1158.94
427.402	1208.94
427.625	1279.94
427.847	1226.94
428.069	1168.94
428.292	1125.94
428.514	1050.94
428.736	1030.94
428.958	1070.94
429.181	1030.94
429.403	1020.94
429.625	1042.94
429.847	1065.94
430.069	1054.94
430.292	1040.94
430.514	1005.94
430.736	1041.94
430.958	1020.94
431.18	991.94
431.402	992.94
431.624	986.94
431.846	980.94
432.068	944.94
432.29	988.94
432.512	972.94
432.734	992.94
432.956	1021.94
433.178	1053.94
433.4	1081.94
433.622	1034.94
433.844	1024.94
434.066	1027.94
434.287	995.94
434.509	1026.94
434.731	1038.94
434.953	1086.94
435.175	1137.94
435.397	1114.94
435.618	1065.94
435.84	1043.94
436.062	1072.94
436.284	1095.94
436.505	1073.94
436.727	1066.94
436.949	1023.94
437.17	1008.94
437.392	984.94
437.614	1018.94
437.835	1016.94
438.057	1053.94
438.278	1083.94
438.5	1113.94
438.721	1144.94
438.943	1140.94
439.165	1057.94
439.386	1066.94
439.608	1085.94
439.829	1110.94
440.05	1104.94
440.272	1131.94
440.493	1116.94
440.715	1084.94
440.936	1072.94
441.158	1092.94
441.379	1128.94
441.6	1174.94
441.822	1200.94
442.043	1197.94
442.264	1209.94
442.486	1181.94
442.707	1176.94
442.928	1135.94
443.149	1155.94
443.371	1155.94
443.592	1193.94
443.813	1229.94
444.034	1277.94
444.255	1216.94
444.476	1224.94
444.698	1278.94
444.919	1322.94
445.14	1369.94
445.361	1277.94
445.582	1199.94
445.803	1166.94
446.024	1208.94
446.245	1224.94
446.466	1135.94
446.687	1082.94
446.908	1064.94
447.129	1060.94
447.35	1032.94
447.571	1040.94
447.792	1033.94
448.013	1042.94
448.234	1048.94
448.455	1028.94
448.675	1079.94
448.896	1107.94
449.117	985.94
449.338	1014.94
449.559	1084.94
449.779	1123.94
450	1004.94
450.221	984.94
450.442	968.94
450.662	993.94
450.883	1000.94
451.104	1010.94
451.324	1006.94
451.545	988.94
451.766	964.94
451.986	935.94
452.207	907.94
452.428	903.94
452.648	951.94
452.869	910.94
453.089	906.94
453.31	888.94
453.53	899.94
453.751	863.94
453.971	876.94
454.192	912.94
454.412	871.94
454.633	880.94
454.853	880.94
455.073	873.94
455.294	918.94
455.514	917.94
455.734	906.94
455.955	852.94
456.175	813.94
456.395	825.94
456.616	835.94
456.836	809.94
457.056	861.94
457.276	789.94
457.497	849.94
457.717	819.94
457.937	809.94
458.157	841.94
458.377	819.94
458.598	858.94
458.818	908.94
459.038	991.94
459.258	984.94
459.478	913.94
459.698	940.94
459.918	944.94
460.138	971.94
460.358	1051.94
460.578	1062.94
460.798	1062.94
461.018	1070.94
461.238	1067.94
461.458	1066.94
461.678	1059.94
461.898	1102.94
462.118	1053.94
462.338	1105.94
462.558	1122.94
462.777	1144.94
462.997	1282.94
463.217	1315.94
463.437	1310.94
463.657	1211.94
463.876	1216.94
464.096	1200.94
464.316	1172.94
464.536	1164.94
464.755	1167.94
464.975	1159.94
465.195	1191.94
465.414	1242.94
465.634	1092.94
465.854	1035.94
466.073	1001.94
466.293	980.94
466.512	947.94
466.732	946.94
466.951	974.94
467.171	952.94
467.391	971.94
467.61	984.94
467.829	972.94
468.049	980.94
468.268	1012.94
468.488	984.94
468.707	938.94
468.927	963.94
469.146	928.94
469.365	938.94
469.585	920.94
469.804	984.94
470.023	979.94
470.243	992.94
470.462	1011.94
470.681	1044.94
470.901	1011.94
471.12	997.94
471.339	987.94
471.558	969.94
471.777	968.94
471.997	935.94
472.216	956.94
472.435	1080.94
472.654	976.94
472.873	890.94
473.092	871.94
473.311	880.94
473.53	899.94
473.749	905.94
473.968	913.94
474.187	955.94
474.406	912.94
474.625	898.94
474.844	914.94
475.063	905.94
475.282	886.94
475.501	900.94
475.72	893.94
475.939	894.94
476.158	891.94
476.377	938.94
476.596	886.94
476.814	920.94
477.033	897.94
477.252	936.94
477.471	962.94
477.69	973.94
477.908	1018.94
478.127	1032.94
478.346	1047.94
478.564	1068.94
478.783	1035.94
479.002	1107.94
479.22	1092.94
479.439	1105.94
479.658	1102.94
479.876	1063.94
480.095	1067.94
480.313	1118.94
480.532	1125.94
480.751	1117.94
480.969	1122.94
481.188	1308.94
481.406	1379.94
481.624	1105.94
481.843	1006.94
482.061	984.94
482.28	1018.94
482.498	1011.94
482.717	987.94
482.935	1010.94
483.153	1027.94
483.372	1042.94
483.59	1056.94
483.808	1054.94
484.027	1002.94
484.245	994.94
484.463	1044.94
484.681	1071.94
484.9	1079.94
485.118	1048.94
485.336	1092.94
485.554	1019.94
485.772	1005.94
485.99	1014.94
486.209	1050.94
486.427	1051.94
486.645	1048.94
486.863	1129.94
487.081	1126.94
487.299	1106.94
487.517	1094.94
487.735	1120.94
487.953	1188.94
488.171	1152.94
488.389	1145.94
488.607	1137.94
488.825	1084.94
489.043	1057.94
489.261	1082.94
489.479	1092.94
489.696	1112.94
489.914	1121.94
490.132	1102.94
490.35	1144.94
490.568	1180.94
490.786	1186.94
491.003	1219.94
491.221	1241.94
491.439	1285.94
491.657	1280.94
491.874	1309.94
492.092	1365.94
492.31	1413.94
492.527	1360.94
492.745	1332.94
492.963	1315.94
493.18	1305.94
493.398	1297.94
493.615	1309.94
493.833	1288.94
494.05	1302.94
494.268	1289.94
494.485	1281.94
494.703	1264.94
494.92	1294.94
495.138	1295.94
495.355	1287.94
495.573	1264.94
495.79	1306.94
496.008	1264.94
496.225	1304.94
496.442	1291.94
496.66	1278.94
496.877	1282.94
497.094	1304.94
497.312	1273.94
497.529	1310.94
497.746	1306.94
497.963	1371.94
498.181	1360.94
498.398	1390.94
498.615	1450.94
498.832	1474.94
499.049	1564.94
499.267	1692.94
499.484	1835.94
499.701	1987.94
499.918	2128.94
500.135	2444.94
500.352	2670.94
500.569	2780.94
500.786	2723.94
501.003	2578.94
501.22	2338.94
501.437	2128.94
501.654	1944.94
501.871	1814.94
502.088	1721.94
502.305	1578.94
502.522	1519.94
502.739	1487.94
502.956	1410.94
503.172	1349.94
503.389	1298.94
503.606	1281.94
503.823	1265.94
504.04	1258.94
504.256	1251.94
504.473	1278.94
504.69	1300.94
504.907	1282.94
505.123	1168.94
505.34	1164.94
505.557	1109.94
505.773	1097.94
505.99	1094.94
506.207	1074.94
506.423	1083.94
506.64	1073.94
506.856	1042.94
507.073	1042.94
507.289	1041.94
507.506	1036.94
507.722	1046.94
507.939	1055.94
508.155	1043.94
508.372	983.94
508.588	1001.94
508.805	1003.94
509.021	988.94
509.238	967.94
509.454	976.94
509.67	960.94
509.887	962.94
510.103	967.94
510.319	948.94
510.536	1155.94
510.752	2311.94
510.968	1623.94
511.184	1002.94
511.401	948.94
511.617	940.94
511.833	924.94
512.049	918.94
512.265	926.94
512.481	928.94
512.698	942.94
512.914	903.94
513.13	892.94
513.346	908.94
513.562	909.94
513.778	940.94
513.994	946.94
514.21	957.94
514.426	986.94
514.642	1057.94
514.858	1035.94
515.074	1114.94
515.29	1365.94
515.506	2215.94
515.721	1737.94
515.937	1167.94
516.153	1060.94
516.369	1036.94
516.585	1042.94
516.801	1034.94
517.016	1101.94
517.232	1138.94
517.448	1128.94
517.664	1199.94
517.879	1185.94
518.095	1190.94
518.311	1186.94
518.527	1118.94
518.742	1110.94
518.958	1053.94
519.173	1038.94
519.389	1051.94
519.605	1010.94
519.82	1016.94
520.036	994.94
520.251	1034.94
520.467	1022.94
520.682	1017.94
520.898	1004.94
521.113	1045.94
521.329	1070.94
521.544	1168.94
521.76	1506.94
521.975	2963.94
522.19	2776.94
522.406	1350.94
522.621	1066.94
522.836	974.94
523.052	905.94
523.267	895.94
523.482	868.94
523.698	886.94
523.913	906.94
524.128	901.94
524.343	905.94
524.559	868.94
524.774	874.94
524.989	883.94
525.204	851.94
525.419	851.94
525.634	828.94
525.849	861.94
526.064	817.94
526.28	823.94
526.495	792.94
526.71	792.94
526.925	798.94
527.14	789.94
527.355	782.94
527.57	761.94
527.785	747.94
527.999	770.94
528.214	782.94
528.429	813.94
528.644	832.94
528.859	840.94
529.074	870.94
529.289	902.94
529.503	1022.94
529.718	938.94
529.933	856.94
530.148	819.94
530.363	778.94
530.577	768.94
530.792	772.94
531.007	751.94
531.221	765.94
531.436	756.94
531.651	771.94
531.865	765.94
532.08	753.94
532.295	751.94
532.509	750.94
532.724	780.94
532.938	764.94
533.153	759.94
533.367	786.94
533.582	804.94
533.796	808.94
534.011	808.94
534.225	747.94
534.44	728.94
534.654	743.94
534.868	732.94
535.083	747.94
535.297	749.94
535.511	743.94
535.726	772.94
535.94	783.94
536.154	727.94
536.369	744.94
536.583	748.94
536.797	745.94
537.011	718.94
537.225	675.94
537.44	683.94
537.654	706.94
537.868	690.94
538.082	702.94
538.296	707.94
538.51	718.94
538.724	735.94
538.938	727.94
539.153	760.94
539.367	796.94
539.581	758.94
539.795	717.94
540.009	726.94
540.222	698.94
540.436	703.94
540.65	721.94
540.864	795.94
541.078	770.94
541.292	812.94
541.506	810.94
541.72	828.94
541.934	874.94
542.147	901.94
542.361	871.94
542.575	812.94
542.789	808.94
543.002	747.94
543.216	768.94
543.43	732.94
543.644	752.94
543.857	760.94
544.071	815.94
544.285	808.94
544.498	848.94
544.712	834.94
544.925	842.94
545.139	835.94
545.352	833.94
545.566	843.94
545.779	848.94
545.993	838.94
546.206	843.94
546.42	852.94
546.633	847.94
546.847	846.94
547.06	852.94
547.274	855.94
547.487	828.94
547.7	875.94
547.914	839.94
548.127	836.94
548.34	848.94
548.554	820.94
548.767	828.94
548.98	834.94
549.193	849.94
549.407	852.94
549.62	820.94
549.833	834.94
550.046	831.94
550.259	803.94
550.473	829.94
550.686	805.94
550.899	800.94
551.112	766.94
551.325	739.94
551.538	731.94
551.751	733.94
551.964	741.94
552.177	770.94
552.39	775.94
552.603	801.94
552.816	837.94
553.029	849.94
553.242	878.94
553.455	859.94
553.667	891.94
553.88	874.94
554.093	841.94
554.306	823.94
554.519	812.94
554.732	814.94
554.944	776.94
555.157	760.94
555.37	750.94
555.583	734.94
555.795	743.94
556.008	716.94
556.221	711.94
556.433	711.94
556.646	719.94
556.859	687.94
557.071	697.94
557.284	698.94
557.496	713.94
557.709	679.94
557.921	690.94
558.134	675.94
558.346	680.94
558.559	657.94
558.771	642.94
558.984	661.94
559.196	626.94
559.409	673.94
559.621	651.94
559.833	634.94
560.046	660.94
560.258	660.94
560.47	658.94
560.683	626.94
560.895	652.94
561.107	646.94
561.32	609.94
561.532	644.94
561.744	601.94
561.956	629.94
562.168	634.94
562.381	628.94
562.593	628.94
562.805	648.94
563.017	651.94
563.229	621.94
563.441	634.94
563.653	622.94
563.865	639.94
564.077	648.94
564.289	650.94
564.501	649.94
564.713	642.94
564.925	681.94
565.137	680.94
565.349	671.94
565.561	680.94
565.773	706.94
565.985	712.94
566.197	779.94
566.408	782.94
566.62	843.94
566.832	896.94
567.044	918.94
567.255	913.94
567.467	908.94
567.679	968.94
567.891	991.94
568.102	1039.94
568.314	985.94
568.526	864.94
568.737	800.94
568.949	724.94
569.161	689.94
569.372	656.94
569.584	616.94
569.795	611.94
570.007	591.94
570.218	670.94
570.43	614.94
570.641	592.94
570.853	558.94
571.064	620.94
571.276	593.94
571.487	572.94
571.698	555.94
571.91	531.94
572.121	528.94
572.333	508.94
572.544	526.94
572.755	505.94
572.966	498.94
573.178	492.94
573.389	476.94
573.6	477.94
573.811	467.94
574.023	458.94
574.234	464.94
574.445	460.94
574.656	445.94
574.867	449.94
575.078	471.94
575.289	451.94
575.501	448.94
575.712	455.94
575.923	440.94
576.134	436.94
576.345	450.94
576.556	430.94
576.767	453.94
576.978	458.94
577.188	439.94
577.399	442.94
577.61	436.94
577.821	430.94
578.032	435.94
578.243	502.94
578.454	863.94
578.665	591.94
578.875	433.94
579.086	429.94
579.297	404.94
579.508	414.94
579.718	415.94
579.929	424.94
580.14	408.94
580.35	391.94
580.561	418.94
580.772	413.94
580.982	410.94
581.193	407.94
581.403	386.94
581.614	401.94
581.825	404.94
582.035	382.94
582.246	390.94
582.456	392.94
582.667	399.94
582.877	391.94
583.087	385.94
583.298	394.94
583.508	383.94
583.719	370.94
583.929	382.94
584.139	391.94
584.35	379.94
584.56	372.94
584.77	360.94
584.981	379.94
585.191	392.94
585.401	382.94
585.611	392.94
585.821	385.94
586.032	378.94
586.242	366.94
586.452	367.94
586.662	376.94
586.872	380.94
587.082	368.94
587.292	355.94
587.502	382.94
587.713	365.94
587.923	365.94
588.133	361.94
588.343	366.94
588.553	355.94
588.762	364.94
588.972	374.94
589.182	380.94
589.392	362.94
589.602	384.94
589.812	382.94
590.022	376.94
590.232	358.94
590.441	378.94
590.651	371.94
590.861	364.94
591.071	369.94
591.281	391.94
591.49	387.94
591.7	398.94
591.91	378.94
592.119	394.94
592.329	392.94
592.539	395.94
592.748	423.94
592.958	413.94
593.167	443.94
593.377	430.94
593.587	463.94
593.796	436.94
594.006	460.94
594.215	450.94
594.424	456.94
594.634	432.94
594.843	419.94
595.053	430.94
595.262	401.94
595.472	389.94
595.681	368.94
595.89	370.94
596.1	386.94
596.309	379.94
596.518	355.94
596.727	359.94
596.937	352.94
597.146	355.94
597.355	351.94
597.564	346.94
597.774	340.94
597.983	347.94
598.192	320.94
598.401	319.94
598.61	315.94
598.819	336.94
599.028	326.94
599.237	331.94
599.446	321.94
599.655	321.94
599.864	315.94
600.073	318.94
600.282	314.94
600.491	327.94
600.7	316.94
600.909	307.94
601.118	316.94
601.327	327.94
601.536	339.94
601.745	328.94
601.953	344.94
602.162	331.94
602.371	351.94
602.58	321.94
602.789	338.94
602.997	341.94
603.206	343.94
603.415	342.94
603.623	316.94
603.832	321.94
604.041	318.94
604.249	314.94
604.458	319.94
604.666	300.94
604.875	312.94
605.084	312.94
605.292	315.94
605.501	354.94
605.709	331.94
605.918	326.94
606.126	334.94
606.334	342.94
606.543	344.94
606.751	320.94
606.96	318.94
607.168	353.94
607.376	322.94
607.585	325.94
607.793	334.94
608.001	331.94
608.21	323.94
608.418	317.94
608.626	324.94
608.834	329.94
609.043	326.94
609.251	314.94
609.459	310.94
609.667	327.94
609.875	328.94
610.083	329.94
610.291	320.94
610.499	332.94
610.707	329.94
610.916	328.94
611.124	353.94
611.332	328.94
611.54	323.94
611.748	323.94
611.955	331.94
612.163	317.94
612.371	318.94
612.579	307.94
612.787	317.94
612.995	318.94
613.203	313.94
613.411	324.94
613.618	327.94
613.826	315.94
614.034	306.94
614.242	314.94
614.449	316.94
614.657	303.94
614.865	304.94
615.072	321.94
615.28	329.94
615.488	335.94
615.695	321.94
615.903	329.94
616.111	328.94
616.318	334.94
616.526	314.94
616.733	315.94
616.941	312.94
617.148	298.94
617.356	305.94
617.563	311.94
617.771	323.94
617.978	318.94
618.185	302.94
618.393	312.94
618.6	318.94
618.807	325.94
619.015	307.94
619.222	298.94
619.429	282.94
619.637	296.94
619.844	276.94
620.051	303.94
620.258	288.94
620.466	281.94
620.673	286.94
620.88	281.94
621.087	289.94
621.294	283.94
621.501	307.94
621.708	302.94
621.915	289.94
622.122	296.94
622.329	281.94
622.536	306.94
622.743	282.94
622.95	284.94
623.157	274.94
623.364	286.94
623.571	283.94
623.778	285.94
623.985	294.94
624.192	281.94
624.399	290.94
624.606	279.94
624.812	279.94
625.019	270.94
625.226	273.94
625.433	270.94
625.639	263.94
625.846	264.94
626.053	252.94
626.259	268.94
626.466	247.94
626.673	240.94
626.879	225.94
627.086	244.94
627.293	252.94
627.499	264.94
627.706	242.94
627.912	269.94
628.119	271.94
628.325	258.94
628.532	276.94
628.738	278.94
628.945	252.94
629.151	248.94
629.357	241.94
629.564	266.94
629.77	248.94
629.976	243.94
630.183	250.94
630.389	246.94
630.595	251.94
630.802	249.94
631.008	247.94
631.214	231.94
631.42	242.94
631.627	219.94
631.833	232.94
632.039	231.94
632.245	232.94
632.451	239.94
632.657	235.94
632.863	233.94
633.069	235.94
633.275	227.94
633.481	228.94
633.688	217.94
633.893	233.94
634.099	222.94
634.305	227.94
634.511	225.94
634.717	218.94
634.923	217.94
635.129	222.94
635.335	219.94
635.541	216.94
635.747	208.94
635.952	228.94
636.158	234.94
636.364	244.94
636.57	246.94
636.775	252.94
636.981	222.94
637.187	247.94
637.392	234.94
637.598	223.94
637.804	223.94
638.009	226.94
638.215	217.94
638.421	220.94
638.626	221.94
638.832	226.94
639.037	202.94
639.243	231.94
639.448	214.94
639.654	224.94
639.859	219.94
640.065	233.94
640.27	210.94
640.475	215.94
640.681	206.94
640.886	213.94
641.091	216.94
641.297	204.94
641.502	221.94
641.707	206.94
641.913	207.94
642.118	214.94
642.323	215.94
642.528	215.94
642.733	216.94
642.939	201.94
643.144	201.94
643.349	196.94
643.554	200.94
643.759	206.94
643.964	202.94
644.169	217.94
644.374	195.94
644.579	226.94
644.784	207.94
644.989	214.94
645.194	199.94
645.399	188.94
645.604	205.94
645.809	228.94
646.014	186.94
646.219	199.94
646.423	211.94
646.628	186.94
646.833	197.94
647.038	202.94
647.243	205.94
647.447	208.94
647.652	186.94
647.857	202.94
648.062	201.94
648.266	227.94
648.471	202.94
648.676	204.94
648.88	217.94
649.085	209.94
649.289	197.94
649.494	202.94
649.698	228.94
649.903	222.94
650.107	191.94
650.312	191.94
650.516	180.94
650.721	189.94
650.925	183.94
651.13	191.94
651.334	170.94
651.539	190.94
651.743	176.94
651.947	172.94
652.152	171.94
652.356	181.94
652.56	172.94
652.764	189.94
652.969	174.94
653.173	171.94
653.377	159.94
653.581	164.94
653.785	162.94
653.99	163.94
654.194	166.94
654.398	160.94
654.602	152.94
654.806	146.94
655.01	156.94
655.214	140.94
655.418	151.94
655.622	148.94
655.826	166.94
656.03	157.94
656.234	156.94
656.438	166.94
656.642	159.94
656.846	160.94
657.049	144.94
657.253	144.94
657.457	143.94
657.661	122.94
657.865	142.94
658.068	115.94
658.272	124.94
658.476	123.94
658.68	118.94
658.883	86.94
659.087	102.94
659.291	113.94
659.494	113.94
659.698	121.94
659.901	101.94
660.105	101.94
660.309	100.94
660.512	104.94
660.716	107.94
660.919	104.94
661.123	92.94
661.326	89.94
661.53	94.94
661.733	95.94
661.936	91.94
662.14	90.94
662.343	86.94
662.546	84.94
662.75	89.94
662.953	77.94
663.156	82.94
663.36	90.94
663.563	79.94
663.766	90.94
663.969	81.94
664.173	92.94
664.376	80.94
664.579	71.94
664.782	82.94
664.985	80.94
665.188	87.94
665.391	80.94
665.594	81.94
665.797	87.94
666	85.94
666.203	67.94
666.406	64.94
666.609	81.94
666.812	94.94
667.015	75.94
667.218	75.94
667.421	74.94
667.624	76.94
667.827	72.94
668.03	67.94
668.232	77.94
668.435	74.94
668.638	75.94
668.841	80.94
669.043	85.94
669.246	75.94
669.449	79.94
669.651	77.94
669.854	84.94
670.057	72.94
670.259	62.94
670.462	88.94
670.665	81.94
670.867	82.94
671.07	81.94
671.272	81.94
671.475	63.94
671.677	78.94
671.88	90.94
672.082	78.94
672.284	69.94
672.487	71.94
672.689	73.94
672.892	68.94
