223.165	-8.75
223.4	-8.75
223.635	-8.75
223.869	-15.75
224.104	-5.75
224.338	-24.75
224.573	-16.75
224.808	-20.75
225.042	-0.75
225.277	-4.75
225.511	-8.75
225.746	-2.75
225.98	6.25
226.215	6.25
226.449	10.25
226.683	12.25
226.918	30.25
227.152	44.25
227.387	44.25
227.621	56.25
227.856	42.25
228.09	66.25
228.324	47.25
228.559	42.25
228.793	66.25
229.027	86.25
229.262	113.25
229.496	119.25
229.73	129.25
229.964	125.25
230.199	101.25
230.433	112.25
230.667	106.25
230.901	111.25
231.136	119.25
231.37	108.25
231.604	118.25
231.838	124.25
232.072	103.25
232.306	136.25
232.541	130.25
232.775	99.25
233.009	124.25
233.243	114.25
233.477	119.25
233.711	126.25
233.945	118.25
234.179	107.25
234.413	118.25
234.647	122.25
234.881	122.25
235.115	101.25
235.349	118.25
235.583	126.25
235.817	132.25
236.051	129.25
236.285	135.25
236.519	123.25
236.753	130.25
236.987	115.25
237.221	158.25
237.455	161.25
237.689	158.25
237.922	136.25
238.156	132.25
238.39	127.25
238.624	130.25
238.858	133.25
239.091	122.25
239.325	134.25
239.559	136.25
239.793	139.25
240.027	139.25
240.26	137.25
240.494	145.25
240.728	135.25
240.961	128.25
241.195	126.25
241.429	137.25
241.662	134.25
241.896	146.25
242.13	124.25
242.363	126.25
242.597	130.25
242.83	146.25
243.064	136.25
243.298	144.25
243.531	136.25
243.765	136.25
243.998	136.25
244.232	152.25
244.465	140.25
244.699	145.25
244.932	147.25
245.166	140.25
245.399	147.25
245.633	142.25
245.866	129.25
246.099	149.25
246.333	154.25
246.566	155.25
246.8	156.25
247.033	141.25
247.266	154.25
247.5	153.25
247.733	151.25
247.966	152.25
248.2	154.25
248.433	164.25
248.666	182.25
248.899	180.25
249.133	185.25
249.366	186.25
249.599	182.25
249.832	173.25
250.066	173.25
250.299	182.25
250.532	199.25
250.765	194.25
250.998	199.25
251.231	207.25
251.465	178.25
251.698	186.25
251.931	180.25
252.164	179.25
252.397	166.25
252.63	172.25
252.863	188.25
253.096	196.25
253.329	206.25
253.562	198.25
253.795	200.25
254.028	189.25
254.261	200.25
254.494	200.25
254.727	197.25
254.96	220.25
255.193	210.25
255.426	195.25
255.659	194.25
255.892	218.25
256.124	225.25
256.357	223.25
256.59	228.25
256.823	195.25
257.056	208.25
257.289	216.25
257.521	194.25
257.754	214.25
257.987	200.25
258.22	188.25
258.452	200.25
258.685	197.25
258.918	201.25
259.151	198.25
259.383	210.25
259.616	219.25
259.849	221.25
260.081	224.25
260.314	210.25
260.547	228.25
260.779	228.25
261.012	212.25
261.244	219.25
261.477	227.25
261.71	224.25
261.942	219.25
262.175	219.25
262.407	243.25
262.64	226.25
262.872	222.25
263.105	211.25
263.337	206.25
263.57	221.25
263.802	218.25
264.035	202.25
264.267	211.25
264.499	212.25
264.732	245.25
264.964	204.25
265.197	221.25
265.429	206.25
265.661	210.25
265.894	215.25
266.126	218.25
266.358	227.25
266.591	226.25
266.823	226.25
267.055	215.25
267.287	222.25
267.52	220.25
267.752	238.25
267.984	233.25
268.216	234.25
268.448	245.25
268.681	240.25
268.913	249.25
269.145	240.25
269.377	263.25
269.609	242.25
269.841	262.25
270.073	238.25
270.306	256.25
270.538	277.25
270.77	256.25
271.002	283.25
271.234	280.25
271.466	282.25
271.698	279.25
271.93	282.25
272.162	299.25
272.394	295.25
272.626	268.25
272.858	264.25
273.09	268.25
273.322	259.25
273.553	266.25
273.785	260.25
274.017	258.25
274.249	259.25
274.481	258.25
274.713	268.25
274.945	293.25
275.176	284.25
275.408	284.25
275.64	283.25
275.872	288.25
276.104	257.25
276.335	286.25
276.567	270.25
276.799	292.25
277.031	303.25
277.262	299.25
277.494	300.25
277.726	297.25
277.957	284.25
278.189	283.25
278.421	282.25
278.652	270.25
278.884	278.25
279.115	276.25
279.347	267.25
279.579	275.25
279.81	272.25
280.042	291.25
280.273	306.25
280.505	294.25
280.736	307.25
280.968	293.25
281.199	296.25
281.431	295.25
281.662	272.25
281.894	302.25
282.125	294.25
282.356	307.25
282.588	325.25
282.819	323.25
283.051	309.25
283.282	291.25
283.513	299.25
283.745	295.25
283.976	323.25
284.207	308.25
284.439	293.25
284.67	312.25
284.901	316.25
285.132	312.25
285.364	317.25
285.595	308.25
285.826	297.25
286.057	331.25
286.288	314.25
286.52	329.25
286.751	293.25
286.982	318.25
287.213	316.25
287.444	319.25
287.675	323.25
287.906	328.25
288.138	332.25
288.369	308.25
288.6	306.25
288.831	324.25
289.062	327.25
289.293	321.25
289.524	312.25
289.755	290.25
289.986	304.25
290.217	319.25
290.448	314.25
290.679	318.25
290.91	319.25
291.141	318.25
291.371	327.25
291.602	315.25
291.833	324.25
292.064	315.25
292.295	324.25
292.526	323.25
292.757	339.25
292.987	327.25
293.218	333.25
293.449	328.25
293.68	346.25
293.91	335.25
294.141	318.25
294.372	312.25
294.603	311.25
294.833	322.25
295.064	339.25
295.295	337.25
295.525	331.25
295.756	342.25
295.987	354.25
296.217	365.25
296.448	362.25
296.679	352.25
296.909	318.25
297.14	343.25
297.37	345.25
297.601	328.25
297.831	342.25
298.062	337.25
298.292	372.25
298.523	370.25
298.753	368.25
298.984	368.25
299.214	346.25
299.445	376.25
299.675	369.25
299.905	366.25
300.136	371.25
300.366	363.25
300.597	368.25
300.827	373.25
301.057	373.25
301.288	404.25
301.518	385.25
301.748	396.25
301.979	397.25
302.209	376.25
302.439	377.25
302.669	380.25
302.9	377.25
303.13	390.25
303.36	387.25
303.59	389.25
303.82	384.25
304.051	407.25
304.281	390.25
304.511	397.25
304.741	387.25
304.971	390.25
305.201	373.25
305.431	379.25
305.661	386.25
305.891	381.25
306.121	378.25
306.352	392.25
306.582	392.25
306.812	387.25
307.042	405.25
307.272	379.25
307.502	409.25
307.731	404.25
307.961	399.25
308.191	392.25
308.421	374.25
308.651	370.25
308.881	388.25
309.111	390.25
309.341	413.25
309.571	426.25
309.8	404.25
310.03	405.25
310.26	420.25
310.49	423.25
310.72	414.25
310.949	415.25
311.179	447.25
311.409	420.25
311.639	407.25
311.868	426.25
312.098	427.25
312.328	426.25
312.557	445.25
312.787	442.25
313.017	456.25
313.246	436.25
313.476	439.25
313.706	442.25
313.935	446.25
314.165	447.25
314.394	461.25
314.624	471.25
314.853	452.25
315.083	440.25
315.312	430.25
315.542	439.25
315.771	420.25
316.001	430.25
316.23	432.25
316.46	444.25
316.689	443.25
316.919	448.25
317.148	431.25
317.377	445.25
317.607	430.25
317.836	421.25
318.065	434.25
318.295	440.25
318.524	434.25
318.753	446.25
318.983	441.25
319.212	436.25
319.441	462.25
319.67	459.25
319.9	450.25
320.129	441.25
320.358	464.25
320.587	457.25
320.816	467.25
321.046	462.25
321.275	452.25
321.504	474.25
321.733	471.25
321.962	463.25
322.191	474.25
322.42	470.25
322.649	486.25
322.878	492.25
323.108	487.25
323.337	519.25
323.566	540.25
323.795	556.25
324.024	571.25
324.253	646.25
324.482	876.25
324.71	1265.25
324.939	1680.25
325.168	1377.25
325.397	781.25
325.626	624.25
325.855	581.25
326.084	573.25
326.313	554.25
326.542	567.25
326.77	617.25
326.999	674.25
327.228	861.25
327.457	1214.25
327.686	1442.25
327.914	930.25
328.143	734.25
328.372	718.25
328.6	658.25
328.829	603.25
329.058	642.25
329.287	644.25
329.515	655.25
329.744	589.25
329.972	632.25
330.201	676.25
330.43	785.25
330.658	721.25
330.887	699.25
331.115	660.25
331.344	608.25
331.572	587.25
331.801	594.25
332.03	592.25
332.258	579.25
332.486	588.25
332.715	595.25
332.943	593.25
333.172	635.25
333.4	642.25
333.629	677.25
333.857	688.25
334.085	730.25
334.314	783.25
334.542	863.25
334.771	927.25
334.999	774.25
335.227	658.25
335.455	629.25
335.684	647.25
335.912	643.25
336.14	643.25
336.369	606.25
336.597	615.25
336.825	598.25
337.053	598.25
337.281	588.25
337.51	581.25
337.738	574.25
337.966	578.25
338.194	572.25
338.422	566.25
338.65	539.25
338.878	573.25
339.106	562.25
339.334	545.25
339.562	554.25
339.79	530.25
340.018	534.25
340.246	524.25
340.474	535.25
340.702	556.25
340.93	544.25
341.158	518.25
341.386	555.25
341.614	559.25
341.842	546.25
342.07	521.25
342.298	539.25
342.526	510.25
342.754	539.25
342.981	541.25
343.209	548.25
343.437	557.25
343.665	588.25
343.893	629.25
344.12	624.25
344.348	612.25
344.576	563.25
344.804	550.25
345.031	578.25
345.259	582.25
345.487	565.25
345.714	565.25
345.942	544.25
346.17	536.25
346.397	529.25
346.625	532.25
346.853	523.25
347.08	521.25
347.308	549.25
347.535	532.25
347.763	553.25
347.99	549.25
348.218	558.25
348.445	529.25
348.673	547.25
348.9	539.25
349.128	535.25
349.355	537.25
349.583	519.25
349.81	512.25
350.037	512.25
350.265	527.25
350.492	501.25
350.72	532.25
350.947	528.25
351.174	518.25
351.402	537.25
351.629	516.25
351.856	498.25
352.083	552.25
352.311	555.25
352.538	524.25
352.765	564.25
352.992	551.25
353.22	530.25
353.447	528.25
353.674	526.25
353.901	502.25
354.128	502.25
354.355	511.25
354.583	507.25
354.81	514.25
355.037	535.25
355.264	526.25
355.491	514.25
355.718	501.25
355.945	512.25
356.172	521.25
356.399	510.25
356.626	517.25
356.853	516.25
357.08	540.25
357.307	495.25
357.534	504.25
357.761	529.25
357.988	529.25
358.215	506.25
358.441	514.25
358.668	510.25
358.895	528.25
359.122	520.25
359.349	537.25
359.576	540.25
359.802	544.25
360.029	600.25
360.256	599.25
360.483	570.25
360.709	521.25
360.936	541.25
361.163	533.25
361.39	533.25
361.616	559.25
361.843	516.25
362.07	528.25
362.296	556.25
362.523	544.25
362.749	530.25
362.976	540.25
363.203	532.25
363.429	549.25
363.656	548.25
363.882	546.25
364.109	525.25
364.335	527.25
364.562	549.25
364.788	546.25
365.015	538.25
365.241	523.25
365.468	562.25
365.694	556.25
365.92	558.25
366.147	547.25
366.373	534.25
366.599	563.25
366.826	535.25
367.052	530.25
367.278	534.25
367.505	525.25
367.731	550.25
367.957	540.25
368.184	538.25
368.41	563.25
368.636	549.25
368.862	584.25
369.089	568.25
369.315	564.25
369.541	570.25
369.767	563.25
369.993	564.25
370.219	544.25
370.445	573.25
370.672	577.25
370.898	570.25
371.124	556.25
371.35	564.25
371.576	587.25
371.802	578.25
372.028	578.25
372.254	582.25
372.48	562.25
372.706	602.25
372.932	616.25
373.158	601.25
373.384	594.25
373.61	588.25
373.835	581.25
374.061	582.25
374.287	603.25
374.513	585.25
374.739	619.25
374.965	605.25
375.191	636.25
375.416	642.25
375.642	614.25
375.868	618.25
376.094	611.25
376.319	580.25
376.545	573.25
376.771	593.25
376.997	588.25
377.222	604.25
377.448	568.25
377.674	598.25
377.899	580.25
378.125	583.25
378.35	590.25
378.576	597.25
378.802	598.25
379.027	591.25
379.253	572.25
379.478	578.25
379.704	584.25
379.929	600.25
380.155	578.25
380.38	592.25
380.606	614.25
380.831	599.25
381.057	596.25
381.282	603.25
381.507	623.25
381.733	612.25
381.958	614.25
382.184	610.25
382.409	630.25
382.634	614.25
382.86	625.25
383.085	638.25
383.31	640.25
383.535	635.25
383.761	650.25
383.986	677.25
384.211	671.25
384.436	673.25
384.662	677.25
384.887	701.25
385.112	702.25
385.337	704.25
385.562	712.25
385.787	709.25
386.013	734.25
386.238	698.25
386.463	716.25
386.688	688.25
386.913	716.25
387.138	687.25
387.363	694.25
387.588	707.25
387.813	704.25
388.038	701.25
388.263	723.25
388.488	709.25
388.713	702.25
388.938	713.25
389.163	712.25
389.387	723.25
389.612	703.25
389.837	707.25
390.062	726.25
390.287	714.25
390.512	732.25
390.736	710.25
390.961	724.25
391.186	766.25
391.411	749.25
391.636	785.25
391.86	791.25
392.085	820.25
392.31	820.25
392.534	799.25
392.759	784.25
392.984	763.25
393.208	774.25
393.433	782.25
393.658	784.25
393.882	785.25
394.107	805.25
394.331	783.25
394.556	784.25
394.78	787.25
395.005	794.25
395.229	798.25
395.454	858.25
395.678	819.25
395.903	844.25
396.127	817.25
396.352	791.25
396.576	826.25
396.801	778.25
397.025	818.25
397.249	834.25
397.474	857.25
397.698	857.25
397.922	886.25
398.147	862.25
398.371	878.25
398.595	896.25
398.82	907.25
399.044	996.25
399.268	1073.25
399.492	1188.25
399.717	1276.25
399.941	1277.25
400.165	1198.25
400.389	1126.25
400.613	1055.25
400.837	994.25
401.062	987.25
401.286	963.25
401.51	989.25
401.734	963.25
401.958	1013.25
402.182	1010.25
402.406	996.25
402.63	1051.25
402.854	1039.25
403.078	1047.25
403.302	1067.25
403.526	1077.25
403.75	1076.25
403.974	1106.25
404.198	1108.25
404.422	1101.25
404.645	1096.25
404.869	1127.25
405.093	1120.25
405.317	1130.25
405.541	1198.25
405.765	1126.25
405.988	1115.25
406.212	1154.25
406.436	1182.25
406.66	1210.25
406.883	1160.25
407.107	1194.25
407.331	1237.25
407.555	1339.25
407.778	1312.25
408.002	1224.25
408.226	1218.25
408.449	1178.25
408.673	1168.25
408.896	1142.25
409.12	1191.25
409.344	1158.25
409.567	1146.25
409.791	1154.25
410.014	1150.25
410.238	1112.25
410.461	1138.25
410.685	1130.25
410.908	1146.25
411.132	1147.25
411.355	1136.25
411.578	1132.25
411.802	1108.25
412.025	1122.25
412.249	1110.25
412.472	1144.25
412.695	1166.25
412.919	1146.25
413.142	1075.25
413.365	1064.25
413.589	1094.25
413.812	1078.25
414.035	1071.25
414.258	1101.25
414.482	1077.25
414.705	1070.25
414.928	1092.25
415.151	1114.25
415.374	1094.25
415.597	1081.25
415.821	1049.25
416.044	1070.25
416.267	1063.25
416.49	1053.25
416.713	1054.25
416.936	1052.25
417.159	1088.25
417.382	1068.25
417.605	1087.25
417.828	1086.25
418.051	1123.25
418.274	1106.25
418.497	1093.25
418.72	1143.25
418.943	1105.25
419.166	1187.25
419.389	1242.25
419.611	1221.25
419.834	1166.25
420.057	1141.25
420.28	1143.25
420.503	1106.25
420.726	1126.25
420.948	1132.25
421.171	1134.25
421.394	1163.25
421.617	1126.25
421.839	1142.25
422.062	1138.25
422.285	1104.25
422.507	1156.25
422.73	1188.25
422.953	1184.25
423.175	1153.25
423.398	1200.25
423.621	1158.25
423.843	1204.25
424.066	1187.25
424.288	1184.25
424.511	1207.25
424.733	1222.25
424.956	1216.25
425.178	1230.25
425.401	1201.25
425.623	1217.25
425.846	1138.25
426.068	1091.25
426.291	1084.25
426.513	1078.25
426.735	1096.25
426.958	1123.25
427.18	1137.25
427.402	1194.25
427.625	1248.25
427.847	1176.25
428.069	1148.25
428.292	1077.25
428.514	1028.25
428.736	1042.25
428.958	1028.25
429.181	997.25
429.403	1015.25
429.625	1041.25
429.847	993.25
430.069	1072.25
430.292	1077.25
430.514	1005.25
430.736	1053.25
430.958	1035.25
431.18	1019.25
431.402	1010.25
431.624	968.25
431.846	984.25
432.068	927.25
432.29	958.25
432.512	978.25
432.734	1028.25
432.956	1040.25
433.178	1055.25
433.4	1049.25
433.622	1012.25
433.844	1046.25
434.066	1005.25
434.287	978.25
434.509	1006.25
434.731	990.25
434.953	1055.25
435.175	1142.25
435.397	1128.25
435.618	1100.25
435.84	1023.25
436.062	1060.25
436.284	1109.25
436.505	1075.25
436.727	998.25
436.949	1022.25
437.17	1018.25
437.392	1000.25
437.614	1010.25
437.835	997.25
438.057	1102.25
438.278	1103.25
438.5	1087.25
438.721	1119.25
438.943	1110.25
439.165	1089.25
439.386	1032.25
439.608	1070.25
439.829	1082.25
440.05	1115.25
440.272	1108.25
440.493	1083.25
440.715	1077.25
440.936	1057.25
441.158	1095.25
441.379	1094.25
441.6	1153.25
441.822	1166.25
442.043	1154.25
442.264	1180.25
442.486	1195.25
442.707	1166.25
442.928	1136.25
443.149	1121.25
443.371	1152.25
443.592	1188.25
443.813	1179.25
444.034	1234.25
444.255	1187.25
444.476	1205.25
444.698	1243.25
444.919	1318.25
445.14	1376.25
445.361	1255.25
445.582	1186.25
445.803	1172.25
446.024	1242.25
446.245	1173.25
446.466	1150.25
446.687	1095.25
446.908	1079.25
447.129	1046.25
447.35	1052.25
447.571	1004.25
447.792	976.25
448.013	991.25
448.234	1007.25
448.455	1011.25
448.675	1074.25
448.896	1119.25
449.117	1022.25
449.338	1014.25
449.559	1061.25
449.779	1112.25
450	991.25
450.221	987.25
450.442	978.25
450.662	988.25
450.883	965.25
451.104	1025.25
451.324	952.25
451.545	974.25
451.766	960.25
451.986	932.25
452.207	896.25
452.428	932.25
452.648	904.25
452.869	903.25
453.089	876.25
453.31	909.25
453.53	886.25
453.751	839.25
453.971	852.25
454.192	892.25
454.412	868.25
454.633	864.25
454.853	887.25
455.073	867.25
455.294	891.25
455.514	884.25
455.734	881.25
455.955	869.25
456.175	829.25
456.395	812.25
456.616	804.25
456.836	822.25
457.056	795.25
457.276	782.25
457.497	814.25
457.717	811.25
457.937	808.25
458.157	812.25
458.377	855.25
458.598	832.25
458.818	910.25
459.038	980.25
459.258	979.25
459.478	929.25
459.698	938.25
459.918	945.25
460.138	974.25
460.358	1014.25
460.578	1028.25
460.798	1064.25
461.018	1054.25
461.238	1048.25
461.458	1038.25
461.678	1040.25
461.898	1051.25
462.118	1042.25
462.338	1076.25
462.558	1114.25
462.777	1130.25
462.997	1239.25
463.217	1320.25
463.437	1298.25
463.657	1211.25
463.876	1158.25
464.096	1144.25
464.316	1171.25
464.536	1190.25
464.755	1159.25
464.975	1135.25
465.195	1218.25
465.414	1256.25
465.634	1060.25
465.854	1000.25
466.073	983.25
466.293	968.25
466.512	939.25
466.732	937.25
466.951	947.25
467.171	935.25
467.391	950.25
467.61	970.25
467.829	969.25
468.049	973.25
468.268	1029.25
468.488	974.25
468.707	940.25
468.927	926.25
469.146	924.25
469.365	940.25
469.585	922.25
469.804	960.25
470.023	1030.25
470.243	1015.25
470.462	1003.25
470.681	1018.25
470.901	1018.25
471.12	987.25
471.339	982.25
471.558	965.25
471.777	956.25
471.997	950.25
472.216	992.25
472.435	1205.25
472.654	1046.25
472.873	908.25
473.092	893.25
473.311	901.25
473.53	909.25
473.749	906.25
473.968	940.25
474.187	964.25
474.406	944.25
474.625	914.25
474.844	904.25
475.063	910.25
475.282	894.25
475.501	847.25
475.72	855.25
475.939	877.25
476.158	932.25
476.377	904.25
476.596	914.25
476.814	899.25
477.033	916.25
477.252	939.25
477.471	968.25
477.69	938.25
477.908	1000.25
478.127	1052.25
478.346	1038.25
478.564	1032.25
478.783	1056.25
479.002	1066.25
479.22	1075.25
479.439	1104.25
479.658	1109.25
479.876	1067.25
480.095	1043.25
480.313	1134.25
480.532	1121.25
480.751	1068.25
480.969	1154.25
481.188	1448.25
481.406	1600.25
481.624	1146.25
481.843	1054.25
482.061	1050.25
482.28	1008.25
482.498	1003.25
482.717	987.25
482.935	1002.25
483.153	1040.25
483.372	1084.25
483.59	1054.25
483.808	1035.25
484.027	1017.25
484.245	1026.25
484.463	1060.25
484.681	1067.25
484.9	1029.25
485.118	1073.25
485.336	1069.25
485.554	1016.25
485.772	1020.25
485.99	1006.25
486.209	1030.25
486.427	1049.25
486.645	1068.25
486.863	1107.25
487.081	1103.25
487.299	1090.25
487.517	1089.25
487.735	1134.25
487.953	1200.25
488.171	1159.25
488.389	1142.25
488.607	1089.25
488.825	1073.25
489.043	1055.25
489.261	1053.25
489.479	1071.25
489.696	1084.25
489.914	1100.25
490.132	1103.25
490.35	1128.25
490.568	1163.25
490.786	1187.25
491.003	1200.25
491.221	1282.25
491.439	1274.25
491.657	1293.25
491.874	1332.25
492.092	1356.25
492.31	1431.25
492.527	1439.25
492.745	1357.25
492.963	1329.25
493.18	1327.25
493.398	1277.25
493.615	1324.25
493.833	1322.25
494.05	1318.25
494.268	1330.25
494.485	1305.25
494.703	1285.25
494.92	1266.25
495.138	1261.25
495.355	1292.25
495.573	1274.25
495.79	1285.25
496.008	1274.25
496.225	1278.25
496.442	1263.25
496.66	1270.25
496.877	1271.25
497.094	1300.25
497.312	1296.25
497.529	1303.25
497.746	1332.25
497.963	1333.25
498.181	1343.25
498.398	1348.25
498.615	1443.25
498.832	1530.25
499.049	1586.25
499.267	1659.25
499.484	1840.25
499.701	1974.25
499.918	2119.25
500.135	2367.25
500.352	2631.25
500.569	2757.25
500.786	2751.25
501.003	2541.25
501.22	2316.25
501.437	2102.25
501.654	1911.25
501.871	1830.25
502.088	1664.25
502.305	1572.25
502.522	1492.25
502.739	1463.25
502.956	1420.25
503.172	1324.25
503.389	1288.25
503.606	1276.25
503.823	1272.25
504.04	1252.25
504.256	1253.25
504.473	1263.25
504.69	1293.25
504.907	1294.25
505.123	1170.25
505.34	1151.25
505.557	1125.25
505.773	1093.25
505.99	1099.25
506.207	1092.25
506.423	1062.25
506.64	1060.25
506.856	1062.25
507.073	1013.25
507.289	1055.25
507.506	1004.25
507.722	1052.25
507.939	1071.25
508.155	1008.25
508.372	960.25
508.588	967.25
508.805	970.25
509.021	1018.25
509.238	990.25
509.454	938.25
509.67	952.25
509.887	935.25
510.103	940.25
510.319	952.25
510.536	1164.25
510.752	2365.25
510.968	1633.25
511.184	970.25
511.401	934.25
511.617	921.25
511.833	886.25
512.049	924.25
512.265	934.25
512.481	907.25
512.698	900.25
512.914	922.25
513.13	905.25
513.346	906.25
513.562	905.25
513.778	917.25
513.994	923.25
514.21	946.25
514.426	995.25
514.642	1031.25
514.858	1068.25
515.074	1125.25
515.29	1349.25
515.506	2214.25
515.721	1697.25
515.937	1141.25
516.153	1064.25
516.369	1040.25
516.585	1022.25
516.801	1031.25
517.016	1044.25
517.232	1096.25
517.448	1110.25
517.664	1159.25
517.879	1150.25
518.095	1151.25
518.311	1140.25
518.527	1102.25
518.742	1061.25
518.958	1043.25
519.173	1042.25
519.389	1004.25
519.605	984.25
519.82	982.25
520.036	997.25
520.251	994.25
520.467	1006.25
520.682	972.25
520.898	1013.25
521.113	999.25
521.329	1059.25
521.544	1171.25
521.76	1499.25
521.975	2931.25
522.19	2773.25
522.406	1345.25
522.621	1042.25
522.836	930.25
523.052	912.25
523.267	912.25
523.482	891.25
523.698	867.25
523.913	902.25
524.128	886.25
524.343	887.25
524.559	870.25
524.774	870.25
524.989	854.25
525.204	855.25
525.419	869.25
525.634	839.25
525.849	818.25
526.064	813.25
526.28	763.25
526.495	793.25
526.71	766.25
526.925	780.25
527.14	748.25
527.355	727.25
527.57	752.25
527.785	743.25
527.999	773.25
528.214	799.25
528.429	788.25
528.644	801.25
528.859	826.25
529.074	892.25
529.289	917.25
529.503	1032.25
529.718	934.25
529.933	871.25
530.148	791.25
530.363	796.25
530.577	751.25
530.792	748.25
531.007	751.25
531.221	743.25
531.436	749.25
531.651	766.25
531.865	748.25
532.08	748.25
532.295	755.25
532.509	758.25
532.724	736.25
532.938	766.25
533.153	772.25
533.367	803.25
533.582	789.25
533.796	780.25
534.011	771.25
534.225	747.25
534.44	735.25
534.654	742.25
534.868	746.25
535.083	750.25
535.297	772.25
535.511	770.25
535.726	763.25
535.94	768.25
536.154	747.25
536.369	718.25
536.583	702.25
536.797	703.25
537.011	663.25
537.225	710.25
537.44	684.25
537.654	713.25
537.868	703.25
538.082	700.25
538.296	718.25
538.51	712.25
538.724	741.25
538.938	722.25
539.153	722.25
539.367	774.25
539.581	736.25
539.795	715.25
540.009	705.25
540.222	713.25
540.436	696.25
540.65	726.25
540.864	732.25
541.078	777.25
541.292	788.25
541.506	850.25
541.72	848.25
541.934	888.25
542.147	858.25
542.361	866.25
542.575	777.25
542.789	771.25
543.002	736.25
543.216	766.25
543.43	738.25
543.644	742.25
543.857	787.25
544.071	804.25
544.285	812.25
544.498	832.25
544.712	822.25
544.925	818.25
545.139	816.25
545.352	839.25
545.566	861.25
545.779	830.25
545.993	824.25
546.206	860.25
546.42	860.25
546.633	845.25
546.847	804.25
547.06	823.25
547.274	839.25
547.487	848.25
547.7	863.25
547.914	853.25
548.127	861.25
548.34	852.25
548.554	845.25
548.767	835.25
548.98	807.25
549.193	837.25
549.407	823.25
549.62	847.25
549.833	856.25
550.046	830.25
550.259	795.25
550.473	796.25
550.686	812.25
550.899	796.25
551.112	789.25
551.325	782.25
551.538	752.25
551.751	734.25
551.964	731.25
552.177	740.25
552.39	766.25
552.603	805.25
552.816	822.25
553.029	847.25
553.242	885.25
553.455	866.25
553.667	900.25
553.88	884.25
554.093	850.25
554.306	824.25
554.519	805.25
554.732	773.25
554.944	784.25
555.157	782.25
555.37	776.25
555.583	751.25
555.795	731.25
556.008	718.25
556.221	712.25
556.433	691.25
556.646	682.25
556.859	683.25
557.071	706.25
557.284	718.25
557.496	707.25
557.709	698.25
557.921	701.25
558.134	701.25
558.346	677.25
558.559	699.25
558.771	644.25
558.984	654.25
559.196	653.25
559.409	640.25
559.621	662.25
559.833	652.25
560.046	659.25
560.258	665.25
560.47	643.25
560.683	653.25
560.895	653.25
561.107	637.25
561.32	636.25
561.532	648.25
561.744	634.25
561.956	646.25
562.168	623.25
562.381	625.25
562.593	634.25
562.805	616.25
563.017	616.25
563.229	641.25
563.441	644.25
563.653	623.25
563.865	660.25
564.077	654.25
564.289	658.25
564.501	655.25
564.713	631.25
564.925	656.25
565.137	675.25
565.349	664.25
565.561	696.25
565.773	676.25
565.985	723.25
566.197	726.25
566.408	794.25
566.62	820.25
566.832	895.25
567.044	884.25
567.255	864.25
567.467	880.25
567.679	940.25
567.891	987.25
568.102	981.25
568.314	922.25
568.526	846.25
568.737	772.25
568.949	713.25
569.161	676.25
569.372	631.25
569.584	594.25
569.795	564.25
570.007	583.25
570.218	663.25
570.43	621.25
570.641	565.25
570.853	581.25
571.064	583.25
571.276	604.25
571.487	583.25
571.698	552.25
571.91	531.25
572.121	531.25
572.333	538.25
572.544	512.25
572.755	478.25
572.966	478.25
573.178	471.25
573.389	467.25
573.6	465.25
573.811	470.25
574.023	474.25
574.234	458.25
574.445	462.25
574.656	449.25
574.867	470.25
575.078	478.25
575.289	447.25
575.501	454.25
575.712	452.25
575.923	450.25
576.134	466.25
576.345	467.25
576.556	459.25
576.767	445.25
576.978	439.25
577.188	410.25
577.399	431.25
577.61	432.25
577.821	436.25
578.032	431.25
578.243	507.25
578.454	874.25
578.665	573.25
578.875	448.25
579.086	404.25
579.297	416.25
579.508	398.25
579.718	421.25
579.929	408.25
580.14	394.25
580.35	389.25
580.561	394.25
580.772	430.25
580.982	406.25
581.193	378.25
581.403	388.25
581.614	407.25
581.825	415.25
582.035	402.25
582.246	397.25
582.456	400.25
582.667	388.25
582.877	386.25
583.087	362.25
583.298	377.25
583.508	384.25
583.719	365.25
583.929	373.25
584.139	380.25
584.35	371.25
584.56	382.25
584.77	390.25
584.981	391.25
585.191	389.25
585.401	370.25
585.611	380.25
585.821	386.25
586.032	386.25
586.242	360.25
586.452	378.25
586.662	362.25
586.872	388.25
587.082	378.25
587.292	370.25
587.502	369.25
587.713	384.25
587.923	360.25
588.133	368.25
588.343	378.25
588.553	369.25
588.762	379.25
588.972	348.25
589.182	368.25
589.392	378.25
589.602	392.25
589.812	365.25
590.022	375.25
590.232	349.25
590.441	357.25
590.651	363.25
590.861	378.25
591.071	379.25
591.281	395.25
591.49	379.25
591.7	382.25
591.91	382.25
592.119	372.25
592.329	382.25
592.539	404.25
592.748	399.25
592.958	434.25
593.167	430.25
593.377	441.25
593.587	440.25
593.796	448.25
594.006	451.25
594.215	455.25
594.424	434.25
594.634	453.25
594.843	447.25
595.053	417.25
595.262	400.25
595.472	392.25
595.681	366.25
595.89	370.25
596.1	369.25
596.309	358.25
596.518	357.25
596.727	380.25
596.937	338.25
597.146	359.25
597.355	336.25
597.564	346.25
597.774	338.25
597.983	310.25
598.192	339.25
598.401	334.25
598.61	325.25
598.819	342.25
599.028	329.25
599.237	328.25
599.446	325.25
599.655	320.25
599.864	331.25
600.073	327.25
600.282	345.25
600.491	315.25
600.7	334.25
600.909	326.25
601.118	330.25
601.327	348.25
601.536	328.25
601.745	347.25
601.953	324.25
602.162	348.25
602.371	339.25
602.58	342.25
602.789	331.25
602.997	333.25
603.206	326.25
603.415	316.25
603.623	346.25
603.832	337.25
604.041	337.25
604.249	336.25
604.458	317.25
604.666	314.25
604.875	324.25
605.084	305.25
605.292	328.25
605.501	346.25
605.709	330.25
605.918	348.25
606.126	346.25
606.334	330.25
606.543	343.25
606.751	341.25
606.96	346.25
607.168	324.25
607.376	339.25
607.585	336.25
607.793	351.25
608.001	366.25
608.21	332.25
608.418	335.25
608.626	333.25
608.834	328.25
609.043	311.25
609.251	337.25
609.459	347.25
609.667	340.25
609.875	326.25
610.083	343.25
610.291	329.25
610.499	341.25
610.707	350.25
610.916	328.25
611.124	330.25
611.332	318.25
611.54	337.25
611.748	356.25
611.955	328.25
612.163	328.25
612.371	358.25
612.579	321.25
612.787	336.25
612.995	320.25
613.203	337.25
613.411	313.25
613.618	328.25
613.826	341.25
614.034	320.25
614.242	320.25
614.449	308.25
614.657	315.25
614.865	340.25
615.072	316.25
615.28	330.25
615.488	299.25
615.695	327.25
615.903	312.25
616.111	327.25
616.318	337.25
616.526	327.25
616.733	327.25
616.941	347.25
617.148	328.25
617.356	316.25
617.563	321.25
617.771	321.25
617.978	323.25
618.185	320.25
618.393	332.25
618.6	320.25
618.807	327.25
619.015	320.25
619.222	318.25
619.429	305.25
619.637	300.25
619.844	285.25
620.051	285.25
620.258	305.25
620.466	295.25
620.673	306.25
620.88	285.25
621.087	284.25
621.294	277.25
621.501	272.25
621.708	285.25
621.915	303.25
622.122	284.25
622.329	292.25
622.536	312.25
622.743	300.25
622.95	281.25
623.157	287.25
623.364	310.25
623.571	289.25
623.778	294.25
623.985	299.25
624.192	270.25
624.399	283.25
624.606	289.25
624.812	266.25
625.019	270.25
625.226	256.25
625.433	274.25
625.639	280.25
625.846	259.25
626.053	230.25
626.259	258.25
626.466	260.25
626.673	238.25
626.879	240.25
627.086	254.25
627.293	259.25
627.499	256.25
627.706	250.25
627.912	264.25
628.119	258.25
628.325	270.25
628.532	285.25
628.738	282.25
628.945	270.25
629.151	251.25
629.357	255.25
629.564	243.25
629.77	255.25
629.976	252.25
630.183	247.25
630.389	243.25
630.595	251.25
630.802	254.25
631.008	239.25
631.214	243.25
631.42	239.25
631.627	230.25
631.833	249.25
632.039	248.25
632.245	225.25
632.451	234.25
632.657	233.25
632.863	250.25
633.069	226.25
633.275	236.25
633.481	239.25
633.688	246.25
633.893	226.25
634.099	231.25
634.305	236.25
634.511	213.25
634.717	231.25
634.923	222.25
635.129	199.25
635.335	211.25
635.541	224.25
635.747	230.25
635.952	232.25
636.158	236.25
636.364	262.25
636.57	256.25
636.775	230.25
636.981	237.25
637.187	244.25
637.392	230.25
637.598	243.25
637.804	229.25
638.009	220.25
638.215	238.25
638.421	222.25
638.626	234.25
638.832	227.25
639.037	206.25
639.243	227.25
639.448	201.25
639.654	215.25
639.859	219.25
640.065	210.25
640.27	219.25
640.475	208.25
640.681	207.25
640.886	213.25
641.091	221.25
641.297	213.25
641.502	214.25
641.707	201.25
641.913	223.25
642.118	221.25
642.323	206.25
642.528	215.25
642.733	218.25
642.939	209.25
643.144	220.25
643.349	212.25
643.554	233.25
643.759	206.25
643.964	210.25
644.169	215.25
644.374	199.25
644.579	207.25
644.784	219.25
644.989	215.25
645.194	215.25
645.399	194.25
645.604	197.25
645.809	210.25
646.014	211.25
646.219	203.25
646.423	204.25
646.628	209.25
646.833	208.25
647.038	198.25
647.243	194.25
647.447	207.25
647.652	220.25
647.857	199.25
648.062	218.25
648.266	205.25
648.471	213.25
648.676	199.25
648.88	212.25
649.085	215.25
649.289	200.25
649.494	204.25
649.698	228.25
649.903	205.25
650.107	202.25
650.312	194.25
650.516	192.25
650.721	195.25
650.925	193.25
651.13	183.25
651.334	190.25
651.539	182.25
651.743	191.25
651.947	191.25
652.152	178.25
652.356	186.25
652.56	172.25
652.764	158.25
652.969	166.25
653.173	173.25
653.377	148.25
653.581	184.25
653.785	170.25
653.99	174.25
654.194	160.25
654.398	156.25
654.602	151.25
654.806	157.25
655.01	172.25
655.214	172.25
655.418	150.25
655.622	142.25
655.826	156.25
656.03	159.25
656.234	158.25
656.438	162.25
656.642	142.25
656.846	142.25
657.049	150.25
657.253	134.25
657.457	137.25
657.661	130.25
657.865	118.25
658.068	126.25
658.272	116.25
658.476	114.25
658.68	113.25
658.883	106.25
659.087	103.25
659.291	117.25
659.494	117.25
659.698	103.25
659.901	111.25
660.105	118.25
660.309	111.25
660.512	100.25
660.716	106.25
660.919	111.25
661.123	103.25
661.326	90.25
661.53	80.25
661.733	95.25
661.936	95.25
662.14	93.25
662.343	88.25
662.546	83.25
662.75	91.25
662.953	89.25
663.156	88.25
663.36	93.25
663.563	85.25
663.766	92.25
663.969	94.25
664.173	92.25
664.376	83.25
664.579	93.25
664.782	87.25
664.985	75.25
665.188	96.25
665.391	81.25
665.594	85.25
665.797	78.25
666	97.25
666.203	97.25
666.406	72.25
666.609	79.25
666.812	84.25
667.015	87.25
667.218	82.25
667.421	83.25
667.624	76.25
667.827	82.25
668.03	70.25
668.232	69.25
668.435	80.25
668.638	80.25
668.841	96.25
669.043	79.25
669.246	94.25
669.449	69.25
669.651	89.25
669.854	74.25
670.057	80.25
670.259	77.25
670.462	77.25
670.665	76.25
670.867	84.25
671.07	82.25
671.272	80.25
671.475	84.25
671.677	78.25
671.88	89.25
672.082	85.25
672.284	74.25
672.487	81.25
672.689	81.25
672.892	76.25
