223.165	-20.94
223.4	-20.94
223.635	-20.94
223.869	-24.94
224.104	-21.94
224.338	-21.94
224.573	-19.94
224.808	4.06
225.042	-2.94
225.277	1.06
225.511	-9.94
225.746	13.06
225.98	11.06
226.215	10.06
226.449	7.06
226.683	27.06
226.918	21.06
227.152	28.06
227.387	42.06
227.621	40.06
227.856	42.06
228.09	47.06
228.324	58.06
228.559	55.06
228.793	74.06
229.027	98.06
229.262	113.06
229.496	107.06
229.73	122.06
229.964	134.06
230.199	109.06
230.433	99.06
230.667	116.06
230.901	109.06
231.136	116.06
231.37	137.06
231.604	122.06
231.838	119.06
232.072	113.06
232.306	118.06
232.541	115.06
232.775	114.06
233.009	115.06
233.243	117.06
233.477	117.06
233.711	103.06
233.945	117.06
234.179	124.06
234.413	119.06
234.647	118.06
234.881	132.06
235.115	118.06
235.349	110.06
235.583	111.06
235.817	137.06
236.051	130.06
236.285	137.06
236.519	130.06
236.753	114.06
236.987	132.06
237.221	159.06
237.455	176.06
237.689	153.06
237.922	130.06
238.156	124.06
238.39	138.06
238.624	118.06
238.858	122.06
239.091	146.06
239.325	146.06
239.559	133.06
239.793	118.06
240.027	140.06
240.26	167.06
240.494	148.06
240.728	130.06
240.961	125.06
241.195	144.06
241.429	159.06
241.662	130.06
241.896	138.06
242.13	150.06
242.363	154.06
242.597	140.06
242.83	149.06
243.064	136.06
243.298	140.06
243.531	150.06
243.765	132.06
243.998	147.06
244.232	154.06
244.465	150.06
244.699	142.06
244.932	129.06
245.166	140.06
245.399	155.06
245.633	148.06
245.866	146.06
246.099	147.06
246.333	150.06
246.566	140.06
246.8	162.06
247.033	159.06
247.266	154.06
247.5	173.06
247.733	165.06
247.966	181.06
248.2	171.06
248.433	170.06
248.666	165.06
248.899	187.06
249.133	170.06
249.366	186.06
249.599	184.06
249.832	182.06
250.066	167.06
250.299	174.06
250.532	207.06
250.765	189.06
250.998	213.06
251.231	193.06
251.465	193.06
251.698	181.06
251.931	193.06
252.164	187.06
252.397	180.06
252.63	192.06
252.863	194.06
253.096	189.06
253.329	210.06
253.562	209.06
253.795	197.06
254.028	205.06
254.261	188.06
254.494	202.06
254.727	221.06
254.96	223.06
255.193	197.06
255.426	216.06
255.659	197.06
255.892	204.06
256.124	227.06
256.357	203.06
256.59	206.06
256.823	207.06
257.056	187.06
257.289	204.06
257.521	206.06
257.754	207.06
257.987	203.06
258.22	198.06
258.452	216.06
258.685	206.06
258.918	199.06
259.151	221.06
259.383	201.06
259.616	211.06
259.849	226.06
260.081	228.06
260.314	219.06
260.547	211.06
260.779	213.06
261.012	220.06
261.244	221.06
261.477	220.06
261.71	207.06
261.942	230.06
262.175	244.06
262.407	226.06
262.64	214.06
262.872	219.06
263.105	206.06
263.337	220.06
263.57	211.06
263.802	221.06
264.035	201.06
264.267	223.06
264.499	218.06
264.732	236.06
264.964	226.06
265.197	221.06
265.429	220.06
265.661	220.06
265.894	234.06
266.126	227.06
266.358	235.06
266.591	224.06
266.823	219.06
267.055	231.06
267.287	237.06
267.52	236.06
267.752	241.06
267.984	246.06
268.216	237.06
268.448	250.06
268.681	235.06
268.913	253.06
269.145	275.06
269.377	278.06
269.609	253.06
269.841	262.06
270.073	261.06
270.306	280.06
270.538	277.06
270.77	267.06
271.002	277.06
271.234	288.06
271.466	260.06
271.698	288.06
271.93	293.06
272.162	282.06
272.394	294.06
272.626	273.06
272.858	282.06
273.09	268.06
273.322	269.06
273.553	258.06
273.785	258.06
274.017	262.06
274.249	270.06
274.481	275.06
274.713	283.06
274.945	282.06
275.176	277.06
275.408	272.06
275.64	276.06
275.872	283.06
276.104	267.06
276.335	279.06
276.567	301.06
276.799	301.06
277.031	311.06
277.262	321.06
277.494	314.06
277.726	277.06
277.957	293.06
278.189	282.06
278.421	293.06
278.652	281.06
278.884	281.06
279.115	274.06
279.347	304.06
279.579	283.06
279.81	295.06
280.042	290.06
280.273	286.06
280.505	306.06
280.736	294.06
280.968	303.06
281.199	286.06
281.431	293.06
281.662	288.06
281.894	275.06
282.125	302.06
282.356	310.06
282.588	332.06
282.819	340.06
283.051	310.06
283.282	312.06
283.513	310.06
283.745	306.06
283.976	311.06
284.207	303.06
284.439	318.06
284.67	319.06
284.901	319.06
285.132	296.06
285.364	288.06
285.595	307.06
285.826	315.06
286.057	301.06
286.288	296.06
286.52	320.06
286.751	317.06
286.982	316.06
287.213	331.06
287.444	308.06
287.675	316.06
287.906	332.06
288.138	313.06
288.369	340.06
288.6	336.06
288.831	319.06
289.062	319.06
289.293	318.06
289.524	342.06
289.755	333.06
289.986	327.06
290.217	325.06
290.448	339.06
290.679	331.06
290.91	321.06
291.141	317.06
291.371	329.06
291.602	331.06
291.833	323.06
292.064	321.06
292.295	322.06
292.526	314.06
292.757	317.06
292.987	341.06
293.218	342.06
293.449	332.06
293.68	312.06
293.91	333.06
294.141	324.06
294.372	327.06
294.603	344.06
294.833	351.06
295.064	343.06
295.295	336.06
295.525	368.06
295.756	341.06
295.987	346.06
296.217	374.06
296.448	364.06
296.679	375.06
296.909	367.06
297.14	354.06
297.37	336.06
297.601	357.06
297.831	370.06
298.062	352.06
298.292	370.06
298.523	374.06
298.753	355.06
298.984	349.06
299.214	370.06
299.445	370.06
299.675	366.06
299.905	360.06
300.136	344.06
300.366	369.06
300.597	374.06
300.827	380.06
301.057	375.06
301.288	391.06
301.518	392.06
301.748	354.06
301.979	374.06
302.209	386.06
302.439	386.06
302.669	376.06
302.9	395.06
303.13	382.06
303.36	402.06
303.59	393.06
303.82	403.06
304.051	412.06
304.281	394.06
304.511	395.06
304.741	384.06
304.971	395.06
305.201	409.06
305.431	420.06
305.661	385.06
305.891	397.06
306.121	386.06
306.352	383.06
306.582	386.06
306.812	397.06
307.042	395.06
307.272	413.06
307.502	383.06
307.731	408.06
307.961	429.06
308.191	412.06
308.421	392.06
308.651	416.06
308.881	391.06
309.111	396.06
309.341	392.06
309.571	407.06
309.8	413.06
310.03	437.06
310.26	408.06
310.49	406.06
310.72	431.06
310.949	435.06
311.179	444.06
311.409	417.06
311.639	442.06
311.868	434.06
312.098	445.06
312.328	445.06
312.557	419.06
312.787	440.06
313.017	446.06
313.246	463.06
313.476	429.06
313.706	460.06
313.935	452.06
314.165	446.06
314.394	461.06
314.624	486.06
314.853	462.06
315.083	440.06
315.312	446.06
315.542	448.06
315.771	450.06
316.001	457.06
316.23	432.06
316.46	434.06
316.689	456.06
316.919	463.06
317.148	465.06
317.377	460.06
317.607	443.06
317.836	443.06
318.065	465.06
318.295	451.06
318.524	456.06
318.753	444.06
318.983	461.06
319.212	444.06
319.441	449.06
319.67	475.06
319.9	435.06
320.129	465.06
320.358	440.06
320.587	455.06
320.816	454.06
321.046	480.06
321.275	444.06
321.504	462.06
321.733	444.06
321.962	463.06
322.191	471.06
322.42	499.06
322.649	512.06
322.878	502.06
323.108	519.06
323.337	528.06
323.566	540.06
323.795	578.06
324.024	602.06
324.253	667.06
324.482	856.06
324.71	1222.06
324.939	1686.06
325.168	1378.06
325.397	772.06
325.626	621.06
325.855	590.06
326.084	571.06
326.313	571.06
326.542	590.06
326.77	637.06
326.999	666.06
327.228	857.06
327.457	1235.06
327.686	1397.06
327.914	900.06
328.143	734.06
328.372	677.06
328.6	649.06
328.829	615.06
329.058	598.06
329.287	624.06
329.515	627.06
329.744	607.06
329.972	614.06
330.201	622.06
330.43	694.06
330.658	684.06
330.887	692.06
331.115	660.06
331.344	626.06
331.572	587.06
331.801	582.06
332.03	631.06
332.258	599.06
332.486	604.06
332.715	610.06
332.943	619.06
333.172	634.06
333.4	657.06
333.629	687.06
333.857	694.06
334.085	690.06
334.314	724.06
334.542	787.06
334.771	824.06
334.999	678.06
335.227	656.06
335.455	636.06
335.684	611.06
335.912	622.06
336.14	624.06
336.369	608.06
336.597	646.06
336.825	626.06
337.053	624.06
337.281	583.06
337.51	613.06
337.738	580.06
337.966	577.06
338.194	592.06
338.422	595.06
338.65	548.06
338.878	590.06
339.106	567.06
339.334	576.06
339.562	567.06
339.79	531.06
340.018	558.06
340.246	548.06
340.474	558.06
340.702	546.06
340.93	580.06
341.158	562.06
341.386	578.06
341.614	559.06
341.842	540.06
342.07	532.06
342.298	551.06
342.526	545.06
342.754	548.06
342.981	543.06
343.209	548.06
343.437	575.06
343.665	584.06
343.893	618.06
344.12	642.06
344.348	618.06
344.576	594.06
344.804	580.06
345.031	593.06
345.259	586.06
345.487	578.06
345.714	544.06
345.942	547.06
346.17	570.06
346.397	545.06
346.625	534.06
346.853	536.06
347.08	552.06
347.308	546.06
347.535	547.06
347.763	556.06
347.99	550.06
348.218	561.06
348.445	560.06
348.673	560.06
348.9	548.06
349.128	532.06
349.355	525.06
349.583	531.06
349.81	539.06
350.037	548.06
350.265	520.06
350.492	517.06
350.72	545.06
350.947	530.06
351.174	537.06
351.402	546.06
351.629	542.06
351.856	556.06
352.083	541.06
352.311	530.06
352.538	581.06
352.765	546.06
352.992	532.06
353.22	543.06
353.447	539.06
353.674	523.06
353.901	545.06
354.128	529.06
354.355	502.06
354.583	509.06
354.81	504.06
355.037	497.06
355.264	525.06
355.491	530.06
355.718	529.06
355.945	534.06
356.172	532.06
356.399	518.06
356.626	518.06
356.853	558.06
357.08	538.06
357.307	535.06
357.534	529.06
357.761	534.06
357.988	529.06
358.215	511.06
358.441	544.06
358.668	535.06
358.895	528.06
359.122	530.06
359.349	548.06
359.576	563.06
359.802	570.06
360.029	585.06
360.256	614.06
360.483	581.06
360.709	566.06
360.936	570.06
361.163	562.06
361.39	548.06
361.616	580.06
361.843	568.06
362.07	553.06
362.296	560.06
362.523	536.06
362.749	551.06
362.976	564.06
363.203	532.06
363.429	532.06
363.656	547.06
363.882	553.06
364.109	553.06
364.335	557.06
364.562	551.06
364.788	520.06
365.015	569.06
365.241	544.06
365.468	548.06
365.694	555.06
365.92	562.06
366.147	571.06
366.373	542.06
366.599	536.06
366.826	528.06
367.052	526.06
367.278	550.06
367.505	563.06
367.731	549.06
367.957	558.06
368.184	570.06
368.41	570.06
368.636	580.06
368.862	579.06
369.089	557.06
369.315	563.06
369.541	583.06
369.767	576.06
369.993	570.06
370.219	566.06
370.445	581.06
370.672	572.06
370.898	583.06
371.124	564.06
371.35	603.06
371.576	559.06
371.802	607.06
372.028	606.06
372.254	581.06
372.48	596.06
372.706	608.06
372.932	621.06
373.158	628.06
373.384	618.06
373.61	628.06
373.835	597.06
374.061	594.06
374.287	613.06
374.513	637.06
374.739	633.06
374.965	631.06
375.191	648.06
375.416	664.06
375.642	640.06
375.868	624.06
376.094	624.06
376.319	601.06
376.545	599.06
376.771	618.06
376.997	606.06
377.222	620.06
377.448	606.06
377.674	605.06
377.899	612.06
378.125	593.06
378.35	599.06
378.576	616.06
378.802	616.06
379.027	593.06
379.253	608.06
379.478	588.06
379.704	601.06
379.929	606.06
380.155	595.06
380.38	614.06
380.606	602.06
380.831	604.06
381.057	588.06
381.282	599.06
381.507	620.06
381.733	626.06
381.958	622.06
382.184	622.06
382.409	642.06
382.634	645.06
382.86	639.06
383.085	672.06
383.31	659.06
383.535	658.06
383.761	651.06
383.986	654.06
384.211	667.06
384.436	676.06
384.662	688.06
384.887	688.06
385.112	700.06
385.337	698.06
385.562	710.06
385.787	721.06
386.013	741.06
386.238	750.06
386.463	767.06
386.688	750.06
386.913	730.06
387.138	731.06
387.363	707.06
387.588	707.06
387.813	718.06
388.038	702.06
388.263	734.06
388.488	718.06
388.713	732.06
388.938	731.06
389.163	738.06
389.387	736.06
389.612	699.06
389.837	751.06
390.062	738.06
390.287	739.06
390.512	723.06
390.736	728.06
390.961	767.06
391.186	732.06
391.411	792.06
391.636	786.06
391.86	811.06
392.085	810.06
392.31	842.06
392.534	799.06
392.759	796.06
392.984	799.06
393.208	787.06
393.433	810.06
393.658	796.06
393.882	792.06
394.107	801.06
394.331	806.06
394.556	801.06
394.78	818.06
395.005	840.06
395.229	835.06
395.454	860.06
395.678	853.06
395.903	853.06
396.127	837.06
396.352	844.06
396.576	822.06
396.801	814.06
397.025	816.06
397.249	825.06
397.474	881.06
397.698	846.06
397.922	876.06
398.147	892.06
398.371	903.06
398.595	888.06
398.82	935.06
399.044	969.06
399.268	1102.06
399.492	1199.06
399.717	1344.06
399.941	1334.06
400.165	1221.06
400.389	1159.06
400.613	1056.06
400.837	1003.06
401.062	1004.06
401.286	1005.06
401.51	995.06
401.734	981.06
401.958	1015.06
402.182	1020.06
402.406	1055.06
402.63	1051.06
402.854	1035.06
403.078	1094.06
403.302	1090.06
403.526	1099.06
403.75	1141.06
403.974	1092.06
404.198	1109.06
404.422	1170.06
404.645	1143.06
404.869	1146.06
405.093	1179.06
405.317	1180.06
405.541	1175.06
405.765	1131.06
405.988	1120.06
406.212	1152.06
406.436	1185.06
406.66	1226.06
406.883	1169.06
407.107	1244.06
407.331	1282.06
407.555	1338.06
407.778	1340.06
408.002	1280.06
408.226	1260.06
408.449	1217.06
408.673	1171.06
408.896	1206.06
409.12	1196.06
409.344	1189.06
409.567	1169.06
409.791	1217.06
410.014	1185.06
410.238	1148.06
410.461	1185.06
410.685	1168.06
410.908	1176.06
411.132	1167.06
411.355	1164.06
411.578	1155.06
411.802	1118.06
412.025	1130.06
412.249	1153.06
412.472	1168.06
412.695	1158.06
412.919	1147.06
413.142	1116.06
413.365	1113.06
413.589	1115.06
413.812	1085.06
414.035	1079.06
414.258	1077.06
414.482	1107.06
414.705	1106.06
414.928	1096.06
415.151	1104.06
415.374	1097.06
415.597	1099.06
415.821	1097.06
416.044	1071.06
416.267	1080.06
416.49	1067.06
416.713	1072.06
416.936	1097.06
417.159	1123.06
417.382	1126.06
417.605	1117.06
417.828	1119.06
418.051	1108.06
418.274	1146.06
418.497	1122.06
418.72	1175.06
418.943	1159.06
419.166	1194.06
419.389	1286.06
419.611	1228.06
419.834	1175.06
420.057	1159.06
420.28	1142.06
420.503	1140.06
420.726	1130.06
420.948	1143.06
421.171	1139.06
421.394	1163.06
421.617	1170.06
421.839	1155.06
422.062	1136.06
422.285	1142.06
422.507	1187.06
422.73	1210.06
422.953	1221.06
423.175	1175.06
423.398	1179.06
423.621	1195.06
423.843	1207.06
424.066	1219.06
424.288	1214.06
424.511	1200.06
424.733	1240.06
424.956	1263.06
425.178	1228.06
425.401	1234.06
425.623	1216.06
425.846	1170.06
426.068	1125.06
426.291	1136.06
426.513	1102.06
426.735	1143.06
426.958	1147.06
427.18	1150.06
427.402	1218.06
427.625	1265.06
427.847	1263.06
428.069	1158.06
428.292	1141.06
428.514	1082.06
428.736	1075.06
428.958	1056.06
429.181	1046.06
429.403	1079.06
429.625	1050.06
429.847	1040.06
430.069	1049.06
430.292	1090.06
430.514	1051.06
430.736	1022.06
430.958	1047.06
431.18	1006.06
431.402	1014.06
431.624	1026.06
431.846	988.06
432.068	970.06
432.29	990.06
432.512	1007.06
432.734	1062.06
432.956	1060.06
433.178	1055.06
433.4	1084.06
433.622	1070.06
433.844	1044.06
434.066	1036.06
434.287	1006.06
434.509	1022.06
434.731	1038.06
434.953	1116.06
435.175	1105.06
435.397	1154.06
435.618	1103.06
435.84	1083.06
436.062	1105.06
436.284	1140.06
436.505	1085.06
436.727	1068.06
436.949	1102.06
437.17	1067.06
437.392	1028.06
437.614	1009.06
437.835	1045.06
438.057	1062.06
438.278	1102.06
438.5	1100.06
438.721	1151.06
438.943	1150.06
439.165	1105.06
439.386	1078.06
439.608	1104.06
439.829	1094.06
440.05	1101.06
440.272	1148.06
440.493	1126.06
440.715	1095.06
440.936	1112.06
441.158	1111.06
441.379	1133.06
441.6	1189.06
441.822	1203.06
442.043	1213.06
442.264	1222.06
442.486	1236.06
442.707	1142.06
442.928	1159.06
443.149	1191.06
443.371	1179.06
443.592	1217.06
443.813	1270.06
444.034	1278.06
444.255	1231.06
444.476	1213.06
444.698	1276.06
444.919	1302.06
445.14	1370.06
445.361	1243.06
445.582	1256.06
445.803	1218.06
446.024	1242.06
446.245	1204.06
446.466	1194.06
446.687	1120.06
446.908	1094.06
447.129	1061.06
447.35	1043.06
447.571	1077.06
447.792	1029.06
448.013	1009.06
448.234	1032.06
448.455	1040.06
448.675	1082.06
448.896	1132.06
449.117	1047.06
449.338	1033.06
449.559	1102.06
449.779	1141.06
450	1044.06
450.221	1004.06
450.442	974.06
450.662	966.06
450.883	980.06
451.104	1044.06
451.324	1021.06
451.545	996.06
451.766	959.06
451.986	962.06
452.207	942.06
452.428	937.06
452.648	953.06
452.869	919.06
453.089	898.06
453.31	924.06
453.53	916.06
453.751	870.06
453.971	889.06
454.192	940.06
454.412	891.06
454.633	895.06
454.853	893.06
455.073	888.06
455.294	896.06
455.514	933.06
455.734	925.06
455.955	864.06
456.175	853.06
456.395	859.06
456.616	867.06
456.836	855.06
457.056	833.06
457.276	825.06
457.497	878.06
457.717	850.06
457.937	864.06
458.157	851.06
458.377	862.06
458.598	869.06
458.818	945.06
459.038	1024.06
459.258	966.06
459.478	971.06
459.698	975.06
459.918	976.06
460.138	1022.06
460.358	1070.06
460.578	1099.06
460.798	1085.06
461.018	1061.06
461.238	1078.06
461.458	1098.06
461.678	1091.06
461.898	1072.06
462.118	1104.06
462.338	1124.06
462.558	1144.06
462.777	1210.06
462.997	1255.06
463.217	1363.06
463.437	1351.06
463.657	1255.06
463.876	1197.06
464.096	1181.06
464.316	1188.06
464.536	1247.06
464.755	1182.06
464.975	1165.06
465.195	1195.06
465.414	1262.06
465.634	1086.06
465.854	1031.06
466.073	1061.06
466.293	1002.06
466.512	967.06
466.732	966.06
466.951	964.06
467.171	949.06
467.391	1031.06
467.61	1004.06
467.829	1003.06
468.049	1024.06
468.268	1023.06
468.488	957.06
468.707	916.06
468.927	938.06
469.146	940.06
469.365	934.06
469.585	952.06
469.804	997.06
470.023	1012.06
470.243	1021.06
470.462	1085.06
470.681	1073.06
470.901	1051.06
471.12	1001.06
471.339	973.06
471.558	977.06
471.777	965.06
471.997	950.06
472.216	967.06
472.435	1086.06
472.654	963.06
472.873	885.06
473.092	898.06
473.311	880.06
473.53	915.06
473.749	926.06
473.968	935.06
474.187	986.06
474.406	952.06
474.625	926.06
474.844	902.06
475.063	904.06
475.282	946.06
475.501	905.06
475.72	912.06
475.939	893.06
476.158	930.06
476.377	954.06
476.596	932.06
476.814	922.06
477.033	920.06
477.252	895.06
477.471	946.06
477.69	1031.06
477.908	1038.06
478.127	1072.06
478.346	1071.06
478.564	1099.06
478.783	1075.06
479.002	1092.06
479.22	1116.06
479.439	1108.06
479.658	1087.06
479.876	1101.06
480.095	1083.06
480.313	1136.06
480.532	1157.06
480.751	1147.06
480.969	1110.06
481.188	1296.06
481.406	1353.06
481.624	1059.06
481.843	1043.06
482.061	1007.06
482.28	1027.06
482.498	1029.06
482.717	989.06
482.935	989.06
483.153	1071.06
483.372	1069.06
483.59	1097.06
483.808	1049.06
484.027	1037.06
484.245	1042.06
484.463	1057.06
484.681	1083.06
484.9	1096.06
485.118	1102.06
485.336	1066.06
485.554	1034.06
485.772	1036.06
485.99	1053.06
486.209	1059.06
486.427	1094.06
486.645	1092.06
486.863	1149.06
487.081	1111.06
487.299	1064.06
487.517	1098.06
487.735	1170.06
487.953	1207.06
488.171	1166.06
488.389	1139.06
488.607	1150.06
488.825	1094.06
489.043	1079.06
489.261	1091.06
489.479	1093.06
489.696	1117.06
489.914	1119.06
490.132	1158.06
490.35	1166.06
490.568	1201.06
490.786	1228.06
491.003	1204.06
491.221	1260.06
491.439	1295.06
491.657	1296.06
491.874	1306.06
492.092	1367.06
492.31	1443.06
492.527	1401.06
492.745	1369.06
492.963	1341.06
493.18	1308.06
493.398	1308.06
493.615	1289.06
493.833	1284.06
494.05	1306.06
494.268	1300.06
494.485	1302.06
494.703	1323.06
494.92	1304.06
495.138	1280.06
495.355	1281.06
495.573	1283.06
495.79	1285.06
496.008	1288.06
496.225	1296.06
496.442	1304.06
496.66	1310.06
496.877	1355.06
497.094	1310.06
497.312	1300.06
497.529	1324.06
497.746	1311.06
497.963	1342.06
498.181	1424.06
498.398	1397.06
498.615	1465.06
498.832	1530.06
499.049	1598.06
499.267	1677.06
499.484	1862.06
499.701	2006.06
499.918	2180.06
500.135	2455.06
500.352	2705.06
500.569	2790.06
500.786	2767.06
501.003	2615.06
501.22	2380.06
501.437	2168.06
501.654	1949.06
501.871	1850.06
502.088	1690.06
502.305	1605.06
502.522	1548.06
502.739	1529.06
502.956	1446.06
503.172	1400.06
503.389	1358.06
503.606	1298.06
503.823	1294.06
504.04	1269.06
504.256	1269.06
504.473	1299.06
504.69	1317.06
504.907	1310.06
505.123	1194.06
505.34	1176.06
505.557	1162.06
505.773	1168.06
505.99	1127.06
506.207	1106.06
506.423	1128.06
506.64	1058.06
506.856	1067.06
507.073	1073.06
507.289	1055.06
507.506	1053.06
507.722	1055.06
507.939	1060.06
508.155	1037.06
508.372	1013.06
508.588	987.06
508.805	957.06
509.021	976.06
509.238	941.06
509.454	972.06
509.67	969.06
509.887	938.06
510.103	982.06
510.319	973.06
510.536	1194.06
510.752	2308.06
510.968	1606.06
511.184	1003.06
511.401	931.06
511.617	909.06
511.833	918.06
512.049	893.06
512.265	911.06
512.481	948.06
512.698	908.06
512.914	929.06
513.13	936.06
513.346	928.06
513.562	917.06
513.778	952.06
513.994	964.06
514.21	980.06
514.426	983.06
514.642	1078.06
514.858	1086.06
515.074	1111.06
515.29	1365.06
515.506	2198.06
515.721	1727.06
515.937	1160.06
516.153	1058.06
516.369	1061.06
516.585	1078.06
516.801	1056.06
517.016	1086.06
517.232	1131.06
517.448	1143.06
517.664	1181.06
517.879	1209.06
518.095	1189.06
518.311	1179.06
518.527	1111.06
518.742	1105.06
518.958	1086.06
519.173	1052.06
519.389	1056.06
519.605	1040.06
519.82	1016.06
520.036	1029.06
520.251	1024.06
520.467	1064.06
520.682	1024.06
520.898	987.06
521.113	1056.06
521.329	1091.06
521.544	1177.06
521.76	1559.06
521.975	2872.06
522.19	2725.06
522.406	1375.06
522.621	1064.06
522.836	1006.06
523.052	975.06
523.267	928.06
523.482	894.06
523.698	913.06
523.913	915.06
524.128	925.06
524.343	867.06
524.559	889.06
524.774	886.06
524.989	886.06
525.204	902.06
525.419	886.06
525.634	850.06
525.849	838.06
526.064	824.06
526.28	791.06
526.495	802.06
526.71	813.06
526.925	764.06
527.14	753.06
527.355	798.06
527.57	770.06
527.785	786.06
527.999	810.06
528.214	821.06
528.429	812.06
528.644	841.06
528.859	877.06
529.074	894.06
529.289	934.06
529.503	1035.06
529.718	962.06
529.933	865.06
530.148	836.06
530.363	800.06
530.577	789.06
530.792	787.06
531.007	783.06
531.221	757.06
531.436	762.06
531.651	749.06
531.865	772.06
532.08	782.06
532.295	784.06
532.509	771.06
532.724	788.06
532.938	790.06
533.153	781.06
533.367	773.06
533.582	807.06
533.796	818.06
534.011	788.06
534.225	763.06
534.44	782.06
534.654	745.06
534.868	788.06
535.083	735.06
535.297	771.06
535.511	790.06
535.726	810.06
535.94	782.06
536.154	747.06
536.369	747.06
536.583	704.06
536.797	728.06
537.011	731.06
537.225	726.06
537.44	707.06
537.654	736.06
537.868	714.06
538.082	722.06
538.296	734.06
538.51	740.06
538.724	749.06
538.938	752.06
539.153	764.06
539.367	783.06
539.581	762.06
539.795	735.06
540.009	717.06
540.222	699.06
540.436	724.06
540.65	752.06
540.864	768.06
541.078	801.06
541.292	811.06
541.506	830.06
541.72	836.06
541.934	890.06
542.147	919.06
542.361	865.06
542.575	827.06
542.789	777.06
543.002	779.06
543.216	776.06
543.43	743.06
543.644	774.06
543.857	832.06
544.071	838.06
544.285	823.06
544.498	836.06
544.712	828.06
544.925	819.06
545.139	853.06
545.352	840.06
545.566	856.06
545.779	834.06
545.993	867.06
546.206	866.06
546.42	880.06
546.633	855.06
546.847	865.06
547.06	870.06
547.274	849.06
547.487	864.06
547.7	878.06
547.914	852.06
548.127	854.06
548.34	829.06
548.554	830.06
548.767	827.06
548.98	865.06
549.193	860.06
549.407	838.06
549.62	856.06
549.833	856.06
550.046	867.06
550.259	829.06
550.473	810.06
550.686	812.06
550.899	798.06
551.112	794.06
551.325	774.06
551.538	779.06
551.751	738.06
551.964	734.06
552.177	780.06
552.39	803.06
552.603	834.06
552.816	838.06
553.029	876.06
553.242	892.06
553.455	899.06
553.667	904.06
553.88	895.06
554.093	889.06
554.306	836.06
554.519	812.06
554.732	823.06
554.944	826.06
555.157	783.06
555.37	767.06
555.583	763.06
555.795	771.06
556.008	727.06
556.221	692.06
556.433	717.06
556.646	721.06
556.859	696.06
557.071	686.06
557.284	705.06
557.496	684.06
557.709	707.06
557.921	697.06
558.134	676.06
558.346	675.06
558.559	692.06
558.771	672.06
558.984	670.06
559.196	662.06
559.409	646.06
559.621	656.06
559.833	664.06
560.046	643.06
560.258	614.06
560.47	659.06
560.683	658.06
560.895	640.06
561.107	657.06
561.32	632.06
561.532	638.06
561.744	655.06
561.956	638.06
562.168	646.06
562.381	656.06
562.593	631.06
562.805	671.06
563.017	650.06
563.229	627.06
563.441	659.06
563.653	638.06
563.865	633.06
564.077	635.06
564.289	655.06
564.501	651.06
564.713	643.06
564.925	666.06
565.137	674.06
565.349	686.06
565.561	675.06
565.773	723.06
565.985	722.06
566.197	741.06
566.408	828.06
566.62	857.06
566.832	903.06
567.044	916.06
567.255	890.06
567.467	921.06
567.679	968.06
567.891	999.06
568.102	1022.06
568.314	959.06
568.526	850.06
568.737	803.06
568.949	753.06
569.161	687.06
569.372	646.06
569.584	622.06
569.795	612.06
570.007	613.06
570.218	673.06
570.43	640.06
570.641	585.06
570.853	576.06
571.064	590.06
571.276	613.06
571.487	587.06
571.698	568.06
571.91	554.06
572.121	547.06
572.333	543.06
572.544	512.06
572.755	491.06
572.966	506.06
573.178	484.06
573.389	497.06
573.6	487.06
573.811	485.06
574.023	472.06
574.234	476.06
574.445	467.06
574.656	463.06
574.867	496.06
575.078	463.06
575.289	499.06
575.501	463.06
575.712	460.06
575.923	458.06
576.134	466.06
576.345	468.06
576.556	464.06
576.767	484.06
576.978	474.06
577.188	466.06
577.399	443.06
577.61	435.06
577.821	449.06
578.032	462.06
578.243	528.06
578.454	897.06
578.665	586.06
578.875	441.06
579.086	430.06
579.297	434.06
579.508	418.06
579.718	425.06
579.929	403.06
580.14	399.06
580.35	388.06
580.561	391.06
580.772	420.06
580.982	421.06
581.193	414.06
581.403	412.06
581.614	427.06
581.825	413.06
582.035	401.06
582.246	420.06
582.456	416.06
582.667	400.06
582.877	373.06
583.087	399.06
583.298	393.06
583.508	385.06
583.719	385.06
583.929	390.06
584.139	371.06
584.35	403.06
584.56	394.06
584.77	380.06
584.981	365.06
585.191	390.06
585.401	369.06
585.611	386.06
585.821	386.06
586.032	381.06
586.242	367.06
586.452	372.06
586.662	365.06
586.872	384.06
587.082	389.06
587.292	375.06
587.502	398.06
587.713	370.06
587.923	374.06
588.133	380.06
588.343	378.06
588.553	367.06
588.762	369.06
588.972	386.06
589.182	371.06
589.392	375.06
589.602	366.06
589.812	376.06
590.022	388.06
590.232	360.06
590.441	382.06
590.651	374.06
590.861	389.06
591.071	375.06
591.281	382.06
591.49	391.06
591.7	385.06
591.91	413.06
592.119	392.06
592.329	415.06
592.539	404.06
592.748	427.06
592.958	430.06
593.167	445.06
593.377	474.06
593.587	457.06
593.796	467.06
594.006	427.06
594.215	439.06
594.424	472.06
594.634	447.06
594.843	433.06
595.053	434.06
595.262	430.06
595.472	409.06
595.681	392.06
595.89	386.06
596.1	358.06
596.309	377.06
596.518	380.06
596.727	367.06
596.937	360.06
597.146	372.06
597.355	359.06
597.564	346.06
597.774	346.06
597.983	340.06
598.192	327.06
598.401	336.06
598.61	338.06
598.819	324.06
599.028	335.06
599.237	318.06
599.446	343.06
599.655	315.06
599.864	332.06
600.073	335.06
600.282	325.06
600.491	333.06
600.7	325.06
600.909	355.06
601.118	317.06
601.327	328.06
601.536	357.06
601.745	348.06
601.953	375.06
602.162	348.06
602.371	343.06
602.58	348.06
602.789	321.06
602.997	353.06
603.206	347.06
603.415	347.06
603.623	311.06
603.832	333.06
604.041	328.06
604.249	321.06
604.458	326.06
604.666	303.06
604.875	314.06
605.084	303.06
605.292	332.06
605.501	348.06
605.709	333.06
605.918	335.06
606.126	353.06
606.334	345.06
606.543	343.06
606.751	350.06
606.96	321.06
607.168	337.06
607.376	330.06
607.585	317.06
607.793	342.06
608.001	343.06
608.21	320.06
608.418	334.06
608.626	340.06
608.834	342.06
609.043	334.06
609.251	338.06
609.459	347.06
609.667	341.06
609.875	335.06
610.083	338.06
610.291	346.06
610.499	337.06
610.707	337.06
610.916	333.06
611.124	341.06
611.332	324.06
611.54	340.06
611.748	336.06
611.955	307.06
612.163	334.06
612.371	327.06
612.579	320.06
612.787	334.06
612.995	336.06
613.203	327.06
613.411	317.06
613.618	324.06
613.826	335.06
614.034	327.06
614.242	333.06
614.449	312.06
614.657	327.06
614.865	329.06
615.072	338.06
615.28	325.06
615.488	329.06
615.695	319.06
615.903	324.06
616.111	348.06
616.318	335.06
616.526	330.06
616.733	338.06
616.941	319.06
617.148	319.06
617.356	331.06
617.563	328.06
617.771	322.06
617.978	321.06
618.185	302.06
618.393	307.06
618.6	324.06
618.807	318.06
619.015	331.06
619.222	312.06
619.429	318.06
619.637	303.06
619.844	292.06
620.051	292.06
620.258	304.06
620.466	306.06
620.673	313.06
620.88	309.06
621.087	304.06
621.294	299.06
621.501	281.06
621.708	302.06
621.915	309.06
622.122	275.06
622.329	291.06
622.536	280.06
622.743	278.06
622.95	279.06
623.157	279.06
623.364	280.06
623.571	300.06
623.778	274.06
623.985	266.06
624.192	290.06
624.399	287.06
624.606	284.06
624.812	286.06
625.019	261.06
625.226	277.06
625.433	268.06
625.639	276.06
625.846	241.06
626.053	256.06
626.259	233.06
626.466	267.06
626.673	250.06
626.879	228.06
627.086	241.06
627.293	254.06
627.499	258.06
627.706	262.06
627.912	276.06
628.119	274.06
628.325	262.06
628.532	258.06
628.738	263.06
628.945	261.06
629.151	271.06
629.357	260.06
629.564	257.06
629.77	256.06
629.976	230.06
630.183	246.06
630.389	252.06
630.595	259.06
630.802	259.06
631.008	237.06
631.214	266.06
631.42	253.06
631.627	251.06
631.833	230.06
632.039	238.06
632.245	242.06
632.451	235.06
632.657	253.06
632.863	240.06
633.069	234.06
633.275	238.06
633.481	254.06
633.688	224.06
633.893	223.06
634.099	226.06
634.305	252.06
634.511	222.06
634.717	209.06
634.923	227.06
635.129	216.06
635.335	222.06
635.541	227.06
635.747	223.06
635.952	215.06
636.158	220.06
636.364	260.06
636.57	252.06
636.775	247.06
636.981	237.06
637.187	223.06
637.392	231.06
637.598	234.06
637.804	231.06
638.009	234.06
638.215	229.06
638.421	213.06
638.626	235.06
638.832	211.06
639.037	209.06
639.243	220.06
639.448	222.06
639.654	221.06
639.859	204.06
640.065	220.06
640.27	213.06
640.475	214.06
640.681	208.06
640.886	197.06
641.091	214.06
641.297	220.06
641.502	221.06
641.707	219.06
641.913	216.06
642.118	208.06
642.323	214.06
642.528	211.06
642.733	200.06
642.939	214.06
643.144	196.06
643.349	195.06
643.554	212.06
643.759	230.06
643.964	214.06
644.169	208.06
644.374	189.06
644.579	205.06
644.784	204.06
644.989	198.06
645.194	198.06
645.399	209.06
645.604	196.06
645.809	222.06
646.014	225.06
646.219	216.06
646.423	211.06
646.628	199.06
646.833	211.06
647.038	197.06
647.243	203.06
647.447	221.06
647.652	204.06
647.857	203.06
648.062	212.06
648.266	215.06
648.471	220.06
648.676	212.06
648.88	225.06
649.085	214.06
649.289	200.06
649.494	215.06
649.698	210.06
649.903	212.06
650.107	207.06
650.312	203.06
650.516	200.06
650.721	204.06
650.925	188.06
651.13	187.06
651.334	182.06
651.539	180.06
651.743	188.06
651.947	179.06
652.152	200.06
652.356	182.06
652.56	167.06
652.764	185.06
652.969	174.06
653.173	160.06
653.377	173.06
653.581	174.06
653.785	161.06
653.99	165.06
654.194	171.06
654.398	158.06
654.602	178.06
654.806	156.06
655.01	176.06
655.214	154.06
655.418	161.06
655.622	175.06
655.826	146.06
656.03	159.06
656.234	163.06
656.438	179.06
656.642	167.06
656.846	161.06
657.049	161.06
657.253	154.06
657.457	119.06
657.661	130.06
657.865	114.06
658.068	126.06
658.272	110.06
658.476	123.06
658.68	106.06
658.883	121.06
659.087	110.06
659.291	116.06
659.494	102.06
659.698	118.06
659.901	110.06
660.105	119.06
660.309	90.06
660.512	92.06
660.716	110.06
660.919	114.06
661.123	97.06
661.326	102.06
661.53	105.06
661.733	103.06
661.936	86.06
662.14	97.06
662.343	91.06
662.546	84.06
662.75	96.06
662.953	93.06
663.156	91.06
663.36	91.06
663.563	92.06
663.766	80.06
663.969	87.06
664.173	87.06
664.376	74.06
664.579	81.06
664.782	80.06
664.985	85.06
665.188	76.06
665.391	79.06
665.594	81.06
665.797	92.06
666	78.06
666.203	91.06
666.406	89.06
666.609	68.06
666.812	79.06
667.015	66.06
667.218	73.06
667.421	92.06
667.624	84.06
667.827	81.06
668.03	77.06
668.232	69.06
668.435	79.06
668.638	74.06
668.841	82.06
669.043	88.06
669.246	82.06
669.449	84.06
669.651	69.06
669.854	82.06
670.057	89.06
670.259	86.06
670.462	86.06
670.665	80.06
670.867	81.06
671.07	73.06
671.272	84.06
671.475	100.06
671.677	79.06
671.88	85.06
672.082	81.06
672.284	79.06
672.487	98.06
672.689	81.06
672.892	91.06
