223.165	-16.5
223.4	-16.5
223.635	-16.5
223.869	-15.5
224.104	-22.5
224.338	1.5
224.573	-11.5
224.808	-18.5
225.042	-17.5
225.277	-13.5
225.511	-5.5
225.746	8.5
225.98	-9.5
226.215	7.5
226.449	19.5
226.683	31.5
226.918	32.5
227.152	29.5
227.387	38.5
227.621	30.5
227.856	40.5
228.09	42.5
228.324	58.5
228.559	58.5
228.793	64.5
229.027	90.5
229.262	106.5
229.496	103.5
229.73	109.5
229.964	133.5
230.199	123.5
230.433	108.5
230.667	115.5
230.901	121.5
231.136	127.5
231.37	121.5
231.604	114.5
231.838	99.5
232.072	110.5
232.306	121.5
232.541	119.5
232.775	111.5
233.009	126.5
233.243	127.5
233.477	119.5
233.711	102.5
233.945	111.5
234.179	119.5
234.413	119.5
234.647	119.5
234.881	122.5
235.115	127.5
235.349	122.5
235.583	123.5
235.817	133.5
236.051	118.5
236.285	126.5
236.519	120.5
236.753	123.5
236.987	131.5
237.221	154.5
237.455	171.5
237.689	137.5
237.922	137.5
238.156	125.5
238.39	129.5
238.624	127.5
238.858	120.5
239.091	143.5
239.325	113.5
239.559	124.5
239.793	125.5
240.027	138.5
240.26	133.5
240.494	140.5
240.728	126.5
240.961	150.5
241.195	144.5
241.429	135.5
241.662	131.5
241.896	110.5
242.13	145.5
242.363	127.5
242.597	130.5
242.83	132.5
243.064	122.5
243.298	143.5
243.531	150.5
243.765	150.5
243.998	146.5
244.232	156.5
244.465	129.5
244.699	139.5
244.932	136.5
245.166	137.5
245.399	148.5
245.633	141.5
245.866	149.5
246.099	146.5
246.333	147.5
246.566	139.5
246.8	139.5
247.033	140.5
247.266	152.5
247.5	140.5
247.733	166.5
247.966	147.5
248.2	162.5
248.433	155.5
248.666	158.5
248.899	160.5
249.133	155.5
249.366	187.5
249.599	175.5
249.832	173.5
250.066	158.5
250.299	178.5
250.532	179.5
250.765	194.5
250.998	189.5
251.231	190.5
251.465	181.5
251.698	188.5
251.931	180.5
252.164	172.5
252.397	178.5
252.63	179.5
252.863	181.5
253.096	196.5
253.329	194.5
253.562	188.5
253.795	190.5
254.028	188.5
254.261	185.5
254.494	182.5
254.727	201.5
254.96	200.5
255.193	209.5
255.426	203.5
255.659	184.5
255.892	219.5
256.124	228.5
256.357	228.5
256.59	209.5
256.823	193.5
257.056	195.5
257.289	189.5
257.521	207.5
257.754	193.5
257.987	197.5
258.22	203.5
258.452	199.5
258.685	190.5
258.918	190.5
259.151	188.5
259.383	199.5
259.616	190.5
259.849	193.5
260.081	203.5
260.314	220.5
260.547	213.5
260.779	195.5
261.012	233.5
261.244	217.5
261.477	219.5
261.71	216.5
261.942	218.5
262.175	218.5
262.407	201.5
262.64	215.5
262.872	208.5
263.105	202.5
263.337	207.5
263.57	202.5
263.802	203.5
264.035	204.5
264.267	225.5
264.499	219.5
264.732	204.5
264.964	215.5
265.197	206.5
265.429	199.5
265.661	211.5
265.894	206.5
266.126	214.5
266.358	210.5
266.591	220.5
266.823	226.5
267.055	240.5
267.287	215.5
267.52	208.5
267.752	222.5
267.984	219.5
268.216	243.5
268.448	238.5
268.681	221.5
268.913	236.5
269.145	243.5
269.377	240.5
269.609	246.5
269.841	234.5
270.073	229.5
270.306	264.5
270.538	263.5
270.77	269.5
271.002	274.5
271.234	277.5
271.466	271.5
271.698	273.5
271.93	274.5
272.162	269.5
272.394	280.5
272.626	261.5
272.858	254.5
273.09	270.5
273.322	257.5
273.553	254.5
273.785	247.5
274.017	252.5
274.249	270.5
274.481	271.5
274.713	264.5
274.945	263.5
275.176	268.5
275.408	257.5
275.64	278.5
275.872	257.5
276.104	274.5
276.335	273.5
276.567	262.5
276.799	281.5
277.031	308.5
277.262	301.5
277.494	288.5
277.726	281.5
277.957	278.5
278.189	278.5
278.421	265.5
278.652	282.5
278.884	279.5
279.115	286.5
279.347	287.5
279.579	247.5
279.81	272.5
280.042	286.5
280.273	288.5
280.505	283.5
280.736	287.5
280.968	293.5
281.199	271.5
281.431	271.5
281.662	276.5
281.894	291.5
282.125	295.5
282.356	320.5
282.588	304.5
282.819	330.5
283.051	285.5
283.282	269.5
283.513	285.5
283.745	303.5
283.976	290.5
284.207	317.5
284.439	302.5
284.67	297.5
284.901	281.5
285.132	294.5
285.364	289.5
285.595	291.5
285.826	281.5
286.057	297.5
286.288	298.5
286.52	299.5
286.751	296.5
286.982	303.5
287.213	294.5
287.444	293.5
287.675	318.5
287.906	316.5
288.138	315.5
288.369	322.5
288.6	335.5
288.831	319.5
289.062	314.5
289.293	316.5
289.524	310.5
289.755	300.5
289.986	321.5
290.217	332.5
290.448	320.5
290.679	297.5
290.91	315.5
291.141	312.5
291.371	323.5
291.602	309.5
291.833	324.5
292.064	329.5
292.295	339.5
292.526	316.5
292.757	329.5
292.987	323.5
293.218	325.5
293.449	327.5
293.68	318.5
293.91	332.5
294.141	325.5
294.372	312.5
294.603	316.5
294.833	329.5
295.064	317.5
295.295	336.5
295.525	325.5
295.756	310.5
295.987	348.5
296.217	365.5
296.448	363.5
296.679	341.5
296.909	309.5
297.14	332.5
297.37	330.5
297.601	336.5
297.831	335.5
298.062	364.5
298.292	348.5
298.523	353.5
298.753	347.5
298.984	358.5
299.214	349.5
299.445	331.5
299.675	356.5
299.905	366.5
300.136	353.5
300.366	375.5
300.597	348.5
300.827	350.5
301.057	379.5
301.288	363.5
301.518	384.5
301.748	365.5
301.979	374.5
302.209	373.5
302.439	371.5
302.669	397.5
302.9	381.5
303.13	364.5
303.36	380.5
303.59	374.5
303.82	382.5
304.051	392.5
304.281	376.5
304.511	367.5
304.741	370.5
304.971	363.5
305.201	376.5
305.431	377.5
305.661	376.5
305.891	384.5
306.121	378.5
306.352	362.5
306.582	385.5
306.812	373.5
307.042	379.5
307.272	388.5
307.502	379.5
307.731	373.5
307.961	370.5
308.191	377.5
308.421	377.5
308.651	383.5
308.881	368.5
309.111	380.5
309.341	375.5
309.571	374.5
309.8	384.5
310.03	397.5
310.26	406.5
310.49	395.5
310.72	388.5
310.949	422.5
311.179	421.5
311.409	410.5
311.639	415.5
311.868	403.5
312.098	412.5
312.328	409.5
312.557	432.5
312.787	438.5
313.017	456.5
313.246	416.5
313.476	398.5
313.706	406.5
313.935	417.5
314.165	434.5
314.394	438.5
314.624	451.5
314.853	427.5
315.083	414.5
315.312	440.5
315.542	425.5
315.771	416.5
316.001	427.5
316.23	411.5
316.46	423.5
316.689	427.5
316.919	414.5
317.148	409.5
317.377	442.5
317.607	431.5
317.836	441.5
318.065	412.5
318.295	422.5
318.524	420.5
318.753	444.5
318.983	426.5
319.212	419.5
319.441	425.5
319.67	447.5
319.9	421.5
320.129	445.5
320.358	413.5
320.587	414.5
320.816	437.5
321.046	468.5
321.275	445.5
321.504	445.5
321.733	447.5
321.962	451.5
322.191	441.5
322.42	491.5
322.649	472.5
322.878	481.5
323.108	473.5
323.337	474.5
323.566	509.5
323.795	539.5
324.024	571.5
324.253	638.5
324.482	813.5
324.71	1167.5
324.939	1634.5
325.168	1283.5
325.397	753.5
325.626	618.5
325.855	562.5
326.084	576.5
326.313	548.5
326.542	547.5
326.77	589.5
326.999	635.5
327.228	793.5
327.457	1139.5
327.686	1307.5
327.914	908.5
328.143	709.5
328.372	681.5
328.6	644.5
328.829	598.5
329.058	606.5
329.287	621.5
329.515	569.5
329.744	589.5
329.972	597.5
330.201	692.5
330.43	758.5
330.658	738.5
330.887	661.5
331.115	652.5
331.344	620.5
331.572	566.5
331.801	592.5
332.03	601.5
332.258	576.5
332.486	582.5
332.715	600.5
332.943	610.5
333.172	631.5
333.4	621.5
333.629	628.5
333.857	673.5
334.085	709.5
334.314	773.5
334.542	865.5
334.771	924.5
334.999	723.5
335.227	655.5
335.455	626.5
335.684	627.5
335.912	586.5
336.14	579.5
336.369	581.5
336.597	599.5
336.825	599.5
337.053	570.5
337.281	566.5
337.51	562.5
337.738	543.5
337.966	558.5
338.194	564.5
338.422	549.5
338.65	565.5
338.878	528.5
339.106	550.5
339.334	535.5
339.562	525.5
339.79	529.5
340.018	511.5
340.246	507.5
340.474	523.5
340.702	515.5
340.93	505.5
341.158	517.5
341.386	515.5
341.614	502.5
341.842	524.5
342.07	511.5
342.298	510.5
342.526	521.5
342.754	524.5
342.981	503.5
343.209	509.5
343.437	545.5
343.665	565.5
343.893	587.5
344.12	613.5
344.348	572.5
344.576	583.5
344.804	548.5
345.031	569.5
345.259	558.5
345.487	543.5
345.714	532.5
345.942	541.5
346.17	535.5
346.397	523.5
346.625	515.5
346.853	496.5
347.08	516.5
347.308	524.5
347.535	541.5
347.763	526.5
347.99	529.5
348.218	549.5
348.445	537.5
348.673	519.5
348.9	537.5
349.128	526.5
349.355	493.5
349.583	491.5
349.81	535.5
350.037	511.5
350.265	507.5
350.492	509.5
350.72	498.5
350.947	528.5
351.174	522.5
351.402	516.5
351.629	512.5
351.856	518.5
352.083	540.5
352.311	527.5
352.538	526.5
352.765	523.5
352.992	516.5
353.22	553.5
353.447	511.5
353.674	503.5
353.901	513.5
354.128	505.5
354.355	493.5
354.583	501.5
354.81	483.5
355.037	489.5
355.264	500.5
355.491	520.5
355.718	493.5
355.945	503.5
356.172	506.5
356.399	513.5
356.626	493.5
356.853	497.5
357.08	486.5
357.307	517.5
357.534	505.5
357.761	503.5
357.988	535.5
358.215	513.5
358.441	502.5
358.668	505.5
358.895	494.5
359.122	499.5
359.349	527.5
359.576	526.5
359.802	556.5
360.029	586.5
360.256	585.5
360.483	567.5
360.709	542.5
360.936	525.5
361.163	529.5
361.39	529.5
361.616	550.5
361.843	523.5
362.07	535.5
362.296	546.5
362.523	554.5
362.749	525.5
362.976	519.5
363.203	537.5
363.429	523.5
363.656	517.5
363.882	524.5
364.109	502.5
364.335	511.5
364.562	518.5
364.788	514.5
365.015	527.5
365.241	532.5
365.468	562.5
365.694	539.5
365.92	553.5
366.147	507.5
366.373	511.5
366.599	524.5
366.826	517.5
367.052	497.5
367.278	529.5
367.505	498.5
367.731	521.5
367.957	533.5
368.184	516.5
368.41	540.5
368.636	553.5
368.862	545.5
369.089	528.5
369.315	542.5
369.541	562.5
369.767	551.5
369.993	583.5
370.219	558.5
370.445	550.5
370.672	553.5
370.898	547.5
371.124	569.5
371.35	565.5
371.576	558.5
371.802	559.5
372.028	585.5
372.254	564.5
372.48	578.5
372.706	560.5
372.932	567.5
373.158	578.5
373.384	603.5
373.61	571.5
373.835	573.5
374.061	585.5
374.287	577.5
374.513	584.5
374.739	598.5
374.965	620.5
375.191	622.5
375.416	640.5
375.642	596.5
375.868	606.5
376.094	605.5
376.319	598.5
376.545	586.5
376.771	588.5
376.997	575.5
377.222	565.5
377.448	587.5
377.674	597.5
377.899	575.5
378.125	578.5
378.35	570.5
378.576	575.5
378.802	582.5
379.027	567.5
379.253	574.5
379.478	558.5
379.704	573.5
379.929	581.5
380.155	582.5
380.38	573.5
380.606	598.5
380.831	577.5
381.057	563.5
381.282	578.5
381.507	567.5
381.733	595.5
381.958	592.5
382.184	600.5
382.409	590.5
382.634	597.5
382.86	622.5
383.085	619.5
383.31	628.5
383.535	630.5
383.761	611.5
383.986	647.5
384.211	691.5
384.436	681.5
384.662	678.5
384.887	685.5
385.112	676.5
385.337	701.5
385.562	681.5
385.787	678.5
386.013	710.5
386.238	717.5
386.463	699.5
386.688	702.5
386.913	685.5
387.138	674.5
387.363	685.5
387.588	701.5
387.813	689.5
388.038	675.5
388.263	718.5
388.488	706.5
388.713	693.5
388.938	686.5
389.163	692.5
389.387	702.5
389.612	695.5
389.837	719.5
390.062	680.5
390.287	688.5
390.512	697.5
390.736	705.5
390.961	716.5
391.186	723.5
391.411	745.5
391.636	778.5
391.86	787.5
392.085	788.5
392.31	803.5
392.534	780.5
392.759	779.5
392.984	767.5
393.208	755.5
393.433	769.5
393.658	774.5
393.882	761.5
394.107	805.5
394.331	789.5
394.556	777.5
394.78	778.5
395.005	762.5
395.229	774.5
395.454	797.5
395.678	816.5
395.903	815.5
396.127	793.5
396.352	766.5
396.576	797.5
396.801	789.5
397.025	797.5
397.249	832.5
397.474	815.5
397.698	821.5
397.922	852.5
398.147	846.5
398.371	849.5
398.595	882.5
398.82	883.5
399.044	956.5
399.268	1044.5
399.492	1181.5
399.717	1291.5
399.941	1271.5
400.165	1172.5
400.389	1096.5
400.613	1028.5
400.837	961.5
401.062	953.5
401.286	921.5
401.51	941.5
401.734	925.5
401.958	947.5
402.182	1014.5
402.406	1012.5
402.63	1019.5
402.854	1010.5
403.078	1022.5
403.302	1038.5
403.526	1077.5
403.75	1051.5
403.974	1086.5
404.198	1069.5
404.422	1082.5
404.645	1059.5
404.869	1093.5
405.093	1108.5
405.317	1140.5
405.541	1155.5
405.765	1136.5
405.988	1082.5
406.212	1126.5
406.436	1185.5
406.66	1161.5
406.883	1154.5
407.107	1166.5
407.331	1246.5
407.555	1301.5
407.778	1283.5
408.002	1205.5
408.226	1173.5
408.449	1179.5
408.673	1150.5
408.896	1148.5
409.12	1152.5
409.344	1163.5
409.567	1109.5
409.791	1129.5
410.014	1110.5
410.238	1135.5
410.461	1143.5
410.685	1115.5
410.908	1109.5
411.132	1115.5
411.355	1092.5
411.578	1092.5
411.802	1068.5
412.025	1079.5
412.249	1116.5
412.472	1111.5
412.695	1119.5
412.919	1100.5
413.142	1090.5
413.365	1095.5
413.589	1058.5
413.812	1074.5
414.035	1041.5
414.258	1067.5
414.482	1073.5
414.705	1065.5
414.928	1070.5
415.151	1079.5
415.374	1061.5
415.597	1073.5
415.821	1008.5
416.044	1038.5
416.267	1055.5
416.49	1002.5
416.713	1022.5
416.936	1039.5
417.159	1054.5
417.382	1042.5
417.605	1051.5
417.828	1052.5
418.051	1088.5
418.274	1103.5
418.497	1066.5
418.72	1101.5
418.943	1093.5
419.166	1130.5
419.389	1221.5
419.611	1199.5
419.834	1162.5
420.057	1147.5
420.28	1118.5
420.503	1085.5
420.726	1086.5
420.948	1072.5
421.171	1107.5
421.394	1133.5
421.617	1119.5
421.839	1105.5
422.062	1103.5
422.285	1093.5
422.507	1129.5
422.73	1189.5
422.953	1142.5
423.175	1103.5
423.398	1117.5
423.621	1128.5
423.843	1169.5
424.066	1151.5
424.288	1189.5
424.511	1140.5
424.733	1185.5
424.956	1177.5
425.178	1174.5
425.401	1189.5
425.623	1178.5
425.846	1107.5
426.068	1095.5
426.291	1089.5
426.513	1022.5
426.735	1020.5
426.958	1058.5
427.18	1104.5
427.402	1171.5
427.625	1252.5
427.847	1208.5
428.069	1124.5
428.292	1077.5
428.514	1030.5
428.736	1030.5
428.958	990.5
429.181	983.5
429.403	985.5
429.625	997.5
429.847	1001.5
430.069	1017.5
430.292	1052.5
430.514	985.5
430.736	999.5
430.958	989.5
431.18	963.5
431.402	982.5
431.624	942.5
431.846	967.5
432.068	944.5
432.29	937.5
432.512	971.5
432.734	983.5
432.956	1007.5
433.178	1041.5
433.4	1065.5
433.622	1054.5
433.844	1001.5
434.066	997.5
434.287	955.5
434.509	963.5
434.731	1006.5
434.953	1032.5
435.175	1085.5
435.397	1087.5
435.618	1023.5
435.84	1012.5
436.062	1027.5
436.284	1075.5
436.505	1028.5
436.727	1022.5
436.949	981.5
437.17	993.5
437.392	989.5
437.614	978.5
437.835	999.5
438.057	1030.5
438.278	1024.5
438.5	1071.5
438.721	1108.5
438.943	1118.5
439.165	1021.5
439.386	1012.5
439.608	1056.5
439.829	1052.5
440.05	1072.5
440.272	1098.5
440.493	1066.5
440.715	1058.5
440.936	1089.5
441.158	1054.5
441.379	1057.5
441.6	1146.5
441.822	1179.5
442.043	1187.5
442.264	1174.5
442.486	1141.5
442.707	1097.5
442.928	1121.5
443.149	1146.5
443.371	1115.5
443.592	1125.5
443.813	1227.5
444.034	1219.5
444.255	1194.5
444.476	1190.5
444.698	1215.5
444.919	1261.5
445.14	1378.5
445.361	1246.5
445.582	1169.5
445.803	1163.5
446.024	1211.5
446.245	1167.5
446.466	1118.5
446.687	1111.5
446.908	1057.5
447.129	1053.5
447.35	1026.5
447.571	1003.5
447.792	978.5
448.013	998.5
448.234	992.5
448.455	1015.5
448.675	1047.5
448.896	1094.5
449.117	993.5
449.338	993.5
449.559	1050.5
449.779	1061.5
450	981.5
450.221	973.5
450.442	961.5
450.662	963.5
450.883	960.5
451.104	1012.5
451.324	987.5
451.545	967.5
451.766	894.5
451.986	916.5
452.207	917.5
452.428	903.5
452.648	895.5
452.869	893.5
453.089	875.5
453.31	873.5
453.53	858.5
453.751	859.5
453.971	824.5
454.192	864.5
454.412	858.5
454.633	854.5
454.853	838.5
455.073	855.5
455.294	846.5
455.514	874.5
455.734	854.5
455.955	812.5
456.175	816.5
456.395	814.5
456.616	811.5
456.836	793.5
457.056	775.5
457.276	773.5
457.497	794.5
457.717	806.5
457.937	794.5
458.157	794.5
458.377	822.5
458.598	856.5
458.818	913.5
459.038	979.5
459.258	949.5
459.478	929.5
459.698	893.5
459.918	918.5
460.138	969.5
460.358	1021.5
460.578	1029.5
460.798	1043.5
461.018	1041.5
461.238	1050.5
461.458	1022.5
461.678	1028.5
461.898	1005.5
462.118	1046.5
462.338	1070.5
462.558	1099.5
462.777	1135.5
462.997	1204.5
463.217	1278.5
463.437	1264.5
463.657	1175.5
463.876	1148.5
464.096	1121.5
464.316	1147.5
464.536	1151.5
464.755	1152.5
464.975	1077.5
465.195	1118.5
465.414	1170.5
465.634	1033.5
465.854	985.5
466.073	934.5
466.293	956.5
466.512	918.5
466.732	924.5
466.951	934.5
467.171	937.5
467.391	943.5
467.61	942.5
467.829	955.5
468.049	989.5
468.268	999.5
468.488	917.5
468.707	911.5
468.927	909.5
469.146	907.5
469.365	939.5
469.585	915.5
469.804	939.5
470.023	981.5
470.243	997.5
470.462	1019.5
470.681	1025.5
470.901	1004.5
471.12	961.5
471.339	981.5
471.558	947.5
471.777	955.5
471.997	916.5
472.216	971.5
472.435	1151.5
472.654	1012.5
472.873	910.5
473.092	858.5
473.311	887.5
473.53	885.5
473.749	878.5
473.968	910.5
474.187	940.5
474.406	921.5
474.625	870.5
474.844	880.5
475.063	881.5
475.282	862.5
475.501	846.5
475.72	859.5
475.939	897.5
476.158	893.5
476.377	862.5
476.596	893.5
476.814	879.5
477.033	881.5
477.252	910.5
477.471	939.5
477.69	943.5
477.908	1005.5
478.127	1009.5
478.346	994.5
478.564	1019.5
478.783	1065.5
479.002	1053.5
479.22	1105.5
479.439	1081.5
479.658	1069.5
479.876	1037.5
480.095	1029.5
480.313	1070.5
480.532	1102.5
480.751	1099.5
480.969	1096.5
481.188	1422.5
481.406	1585.5
481.624	1149.5
481.843	1011.5
482.061	1003.5
482.28	1005.5
482.498	978.5
482.717	971.5
482.935	989.5
483.153	1011.5
483.372	1031.5
483.59	1052.5
483.808	1019.5
484.027	1007.5
484.245	994.5
484.463	1031.5
484.681	1062.5
484.9	1030.5
485.118	1025.5
485.336	1029.5
485.554	1030.5
485.772	991.5
485.99	983.5
486.209	990.5
486.427	1019.5
486.645	1025.5
486.863	1093.5
487.081	1092.5
487.299	1055.5
487.517	1062.5
487.735	1132.5
487.953	1192.5
488.171	1182.5
488.389	1113.5
488.607	1106.5
488.825	1055.5
489.043	1010.5
489.261	1033.5
489.479	1060.5
489.696	1077.5
489.914	1065.5
490.132	1102.5
490.35	1115.5
490.568	1142.5
490.786	1179.5
491.003	1175.5
491.221	1226.5
491.439	1266.5
491.657	1263.5
491.874	1288.5
492.092	1355.5
492.31	1373.5
492.527	1349.5
492.745	1313.5
492.963	1297.5
493.18	1301.5
493.398	1290.5
493.615	1277.5
493.833	1291.5
494.05	1253.5
494.268	1254.5
494.485	1306.5
494.703	1254.5
494.92	1259.5
495.138	1252.5
495.355	1271.5
495.573	1242.5
495.79	1252.5
496.008	1220.5
496.225	1251.5
496.442	1269.5
496.66	1275.5
496.877	1284.5
497.094	1233.5
497.312	1281.5
497.529	1297.5
497.746	1287.5
497.963	1269.5
498.181	1314.5
498.398	1351.5
498.615	1358.5
498.832	1475.5
499.049	1567.5
499.267	1644.5
499.484	1831.5
499.701	1943.5
499.918	2086.5
500.135	2306.5
500.352	2592.5
500.569	2722.5
500.786	2650.5
501.003	2501.5
501.22	2223.5
501.437	2097.5
501.654	1899.5
501.871	1719.5
502.088	1658.5
502.305	1544.5
502.522	1461.5
502.739	1410.5
502.956	1351.5
503.172	1307.5
503.389	1267.5
503.606	1245.5
503.823	1237.5
504.04	1211.5
504.256	1234.5
504.473	1271.5
504.69	1253.5
504.907	1245.5
505.123	1145.5
505.34	1130.5
505.557	1101.5
505.773	1108.5
505.99	1074.5
506.207	1047.5
506.423	1038.5
506.64	978.5
506.856	1017.5
507.073	992.5
507.289	997.5
507.506	1010.5
507.722	1019.5
507.939	991.5
508.155	980.5
508.372	964.5
508.588	964.5
508.805	973.5
509.021	897.5
509.238	945.5
509.454	941.5
509.67	918.5
509.887	910.5
510.103	921.5
510.319	938.5
510.536	1141.5
510.752	2269.5
510.968	1559.5
511.184	933.5
511.401	910.5
511.617	853.5
511.833	889.5
512.049	873.5
512.265	874.5
512.481	889.5
512.698	884.5
512.914	902.5
513.13	903.5
513.346	867.5
513.562	877.5
513.778	875.5
513.994	887.5
514.21	922.5
514.426	929.5
514.642	984.5
514.858	1007.5
515.074	1092.5
515.29	1274.5
515.506	2065.5
515.721	1649.5
515.937	1091.5
516.153	1028.5
516.369	991.5
516.585	1038.5
516.801	998.5
517.016	1046.5
517.232	1039.5
517.448	1074.5
517.664	1117.5
517.879	1137.5
518.095	1123.5
518.311	1102.5
518.527	1068.5
518.742	1038.5
518.958	1009.5
519.173	1001.5
519.389	955.5
519.605	987.5
519.82	946.5
520.036	945.5
520.251	983.5
520.467	987.5
520.682	961.5
520.898	965.5
521.113	949.5
521.329	1035.5
521.544	1119.5
521.76	1436.5
521.975	2697.5
522.19	2582.5
522.406	1310.5
522.621	1007.5
522.836	929.5
523.052	884.5
523.267	868.5
523.482	884.5
523.698	867.5
523.913	878.5
524.128	881.5
524.343	853.5
524.559	831.5
524.774	844.5
524.989	839.5
525.204	854.5
525.419	817.5
525.634	826.5
525.849	813.5
526.064	786.5
526.28	788.5
526.495	781.5
526.71	760.5
526.925	741.5
527.14	761.5
527.355	753.5
527.57	750.5
527.785	750.5
527.999	733.5
528.214	755.5
528.429	775.5
528.644	802.5
528.859	830.5
529.074	884.5
529.289	903.5
529.503	1021.5
529.718	907.5
529.933	816.5
530.148	793.5
530.363	784.5
530.577	745.5
530.792	735.5
531.007	761.5
531.221	752.5
531.436	760.5
531.651	723.5
531.865	722.5
532.08	764.5
532.295	739.5
532.509	738.5
532.724	739.5
532.938	726.5
533.153	735.5
533.367	769.5
533.582	775.5
533.796	763.5
534.011	775.5
534.225	740.5
534.44	722.5
534.654	750.5
534.868	726.5
535.083	715.5
535.297	709.5
535.511	714.5
535.726	751.5
535.94	726.5
536.154	712.5
536.369	715.5
536.583	674.5
536.797	677.5
537.011	691.5
537.225	664.5
537.44	673.5
537.654	698.5
537.868	691.5
538.082	664.5
538.296	685.5
538.51	701.5
538.724	717.5
538.938	711.5
539.153	748.5
539.367	719.5
539.581	708.5
539.795	691.5
540.009	690.5
540.222	658.5
540.436	678.5
540.65	701.5
540.864	749.5
541.078	754.5
541.292	757.5
541.506	787.5
541.72	825.5
541.934	846.5
542.147	869.5
542.361	848.5
542.575	821.5
542.789	763.5
543.002	747.5
543.216	716.5
543.43	734.5
543.644	721.5
543.857	751.5
544.071	798.5
544.285	827.5
544.498	776.5
544.712	787.5
544.925	812.5
545.139	820.5
545.352	845.5
545.566	802.5
545.779	828.5
545.993	805.5
546.206	828.5
546.42	854.5
546.633	841.5
546.847	819.5
547.06	842.5
547.274	849.5
547.487	855.5
547.7	842.5
547.914	833.5
548.127	833.5
548.34	848.5
548.554	781.5
548.767	812.5
548.98	802.5
549.193	795.5
549.407	800.5
549.62	816.5
549.833	810.5
550.046	835.5
550.259	827.5
550.473	806.5
550.686	807.5
550.899	794.5
551.112	779.5
551.325	773.5
551.538	736.5
551.751	721.5
551.964	727.5
552.177	743.5
552.39	755.5
552.603	819.5
552.816	804.5
553.029	833.5
553.242	862.5
553.455	886.5
553.667	858.5
553.88	848.5
554.093	825.5
554.306	797.5
554.519	782.5
554.732	778.5
554.944	780.5
555.157	754.5
555.37	768.5
555.583	762.5
555.795	713.5
556.008	729.5
556.221	677.5
556.433	683.5
556.646	684.5
556.859	674.5
557.071	678.5
557.284	684.5
557.496	671.5
557.709	695.5
557.921	683.5
558.134	660.5
558.346	678.5
558.559	649.5
558.771	666.5
558.984	649.5
559.196	633.5
559.409	649.5
559.621	607.5
559.833	638.5
560.046	648.5
560.258	623.5
560.47	622.5
560.683	630.5
560.895	619.5
561.107	636.5
561.32	624.5
561.532	629.5
561.744	629.5
561.956	629.5
562.168	630.5
562.381	622.5
562.593	594.5
562.805	651.5
563.017	625.5
563.229	629.5
563.441	622.5
563.653	621.5
563.865	627.5
564.077	621.5
564.289	607.5
564.501	615.5
564.713	637.5
564.925	647.5
565.137	652.5
565.349	669.5
565.561	659.5
565.773	670.5
565.985	706.5
566.197	757.5
566.408	783.5
566.62	835.5
566.832	897.5
567.044	866.5
567.255	862.5
567.467	859.5
567.679	917.5
567.891	971.5
568.102	960.5
568.314	899.5
568.526	797.5
568.737	754.5
568.949	708.5
569.161	669.5
569.372	628.5
569.584	608.5
569.795	566.5
570.007	583.5
570.218	653.5
570.43	614.5
570.641	575.5
570.853	565.5
571.064	572.5
571.276	590.5
571.487	558.5
571.698	560.5
571.91	540.5
572.121	537.5
572.333	534.5
572.544	511.5
572.755	479.5
572.966	485.5
573.178	451.5
573.389	455.5
573.6	453.5
573.811	458.5
574.023	455.5
574.234	452.5
574.445	454.5
574.656	448.5
574.867	459.5
575.078	443.5
575.289	453.5
575.501	463.5
575.712	438.5
575.923	455.5
576.134	444.5
576.345	445.5
576.556	446.5
576.767	439.5
576.978	437.5
577.188	430.5
577.399	448.5
577.61	419.5
577.821	423.5
578.032	445.5
578.243	449.5
578.454	828.5
578.665	546.5
578.875	441.5
579.086	408.5
579.297	392.5
579.508	402.5
579.718	400.5
579.929	397.5
580.14	400.5
580.35	381.5
580.561	382.5
580.772	388.5
580.982	400.5
581.193	400.5
581.403	401.5
581.614	383.5
581.825	394.5
582.035	392.5
582.246	377.5
582.456	382.5
582.667	380.5
582.877	391.5
583.087	403.5
583.298	382.5
583.508	381.5
583.719	364.5
583.929	398.5
584.139	354.5
584.35	404.5
584.56	366.5
584.77	369.5
584.981	381.5
585.191	382.5
585.401	396.5
585.611	403.5
585.821	359.5
586.032	368.5
586.242	351.5
586.452	354.5
586.662	366.5
586.872	353.5
587.082	369.5
587.292	358.5
587.502	365.5
587.713	371.5
587.923	341.5
588.133	341.5
588.343	360.5
588.553	356.5
588.762	353.5
588.972	352.5
589.182	378.5
589.392	369.5
589.602	355.5
589.812	363.5
590.022	351.5
590.232	364.5
590.441	347.5
590.651	364.5
590.861	351.5
591.071	367.5
591.281	371.5
591.49	377.5
591.7	377.5
591.91	373.5
592.119	368.5
592.329	408.5
592.539	395.5
592.748	411.5
592.958	413.5
593.167	414.5
593.377	424.5
593.587	436.5
593.796	431.5
594.006	432.5
594.215	459.5
594.424	435.5
594.634	439.5
594.843	420.5
595.053	398.5
595.262	404.5
595.472	398.5
595.681	377.5
595.89	363.5
596.1	364.5
596.309	363.5
596.518	367.5
596.727	347.5
596.937	339.5
597.146	353.5
597.355	346.5
597.564	334.5
597.774	342.5
597.983	311.5
598.192	313.5
598.401	324.5
598.61	306.5
598.819	334.5
599.028	321.5
599.237	324.5
599.446	327.5
599.655	318.5
599.864	305.5
600.073	303.5
600.282	310.5
600.491	319.5
600.7	295.5
600.909	325.5
601.118	338.5
601.327	338.5
601.536	319.5
601.745	323.5
601.953	329.5
602.162	337.5
602.371	330.5
602.58	342.5
602.789	332.5
602.997	332.5
603.206	332.5
603.415	336.5
603.623	339.5
603.832	335.5
604.041	325.5
604.249	314.5
604.458	319.5
604.666	306.5
604.875	303.5
605.084	309.5
605.292	321.5
605.501	320.5
605.709	330.5
605.918	310.5
606.126	322.5
606.334	314.5
606.543	322.5
606.751	324.5
606.96	324.5
607.168	313.5
607.376	312.5
607.585	338.5
607.793	319.5
608.001	325.5
608.21	311.5
608.418	321.5
608.626	337.5
608.834	322.5
609.043	319.5
609.251	295.5
609.459	333.5
609.667	328.5
609.875	331.5
610.083	330.5
610.291	328.5
610.499	334.5
610.707	324.5
610.916	348.5
611.124	310.5
611.332	318.5
611.54	328.5
611.748	333.5
611.955	319.5
612.163	329.5
612.371	325.5
612.579	325.5
612.787	337.5
612.995	323.5
613.203	332.5
613.411	314.5
613.618	308.5
613.826	283.5
614.034	329.5
614.242	333.5
614.449	306.5
614.657	316.5
614.865	319.5
615.072	322.5
615.28	311.5
615.488	319.5
615.695	327.5
615.903	330.5
616.111	319.5
616.318	333.5
616.526	327.5
616.733	325.5
616.941	338.5
617.148	315.5
617.356	308.5
617.563	313.5
617.771	327.5
617.978	310.5
618.185	326.5
618.393	300.5
618.6	314.5
618.807	308.5
619.015	312.5
619.222	285.5
619.429	304.5
619.637	299.5
619.844	275.5
620.051	301.5
620.258	309.5
620.466	286.5
620.673	297.5
620.88	281.5
621.087	281.5
621.294	313.5
621.501	293.5
621.708	290.5
621.915	287.5
622.122	288.5
622.329	287.5
622.536	284.5
622.743	271.5
622.95	296.5
623.157	277.5
623.364	289.5
623.571	287.5
623.778	285.5
623.985	278.5
624.192	297.5
624.399	282.5
624.606	284.5
624.812	273.5
625.019	288.5
625.226	281.5
625.433	263.5
625.639	260.5
625.846	253.5
626.053	249.5
626.259	241.5
626.466	267.5
626.673	243.5
626.879	242.5
627.086	241.5
627.293	253.5
627.499	273.5
627.706	251.5
627.912	269.5
628.119	246.5
628.325	259.5
628.532	257.5
628.738	260.5
628.945	254.5
629.151	260.5
629.357	241.5
629.564	259.5
629.77	256.5
629.976	263.5
630.183	227.5
630.389	242.5
630.595	245.5
630.802	230.5
631.008	218.5
631.214	239.5
631.42	243.5
631.627	245.5
631.833	237.5
632.039	229.5
632.245	254.5
632.451	223.5
632.657	252.5
632.863	226.5
633.069	236.5
633.275	231.5
633.481	237.5
633.688	222.5
633.893	231.5
634.099	236.5
634.305	227.5
634.511	212.5
634.717	243.5
634.923	233.5
635.129	211.5
635.335	201.5
635.541	204.5
635.747	226.5
635.952	222.5
636.158	245.5
636.364	255.5
636.57	248.5
636.775	259.5
636.981	245.5
637.187	235.5
637.392	231.5
637.598	240.5
637.804	216.5
638.009	230.5
638.215	233.5
638.421	221.5
638.626	207.5
638.832	217.5
639.037	205.5
639.243	212.5
639.448	217.5
639.654	221.5
639.859	209.5
640.065	222.5
640.27	219.5
640.475	214.5
640.681	214.5
640.886	205.5
641.091	200.5
641.297	225.5
641.502	205.5
641.707	210.5
641.913	209.5
642.118	206.5
642.323	210.5
642.528	207.5
642.733	217.5
642.939	209.5
643.144	208.5
643.349	191.5
643.554	193.5
643.759	204.5
643.964	201.5
644.169	220.5
644.374	194.5
644.579	214.5
644.784	216.5
644.989	196.5
645.194	196.5
645.399	197.5
645.604	208.5
645.809	202.5
646.014	186.5
646.219	199.5
646.423	214.5
646.628	197.5
646.833	212.5
647.038	203.5
647.243	214.5
647.447	211.5
647.652	186.5
647.857	200.5
648.062	235.5
648.266	209.5
648.471	205.5
648.676	223.5
648.88	193.5
649.085	218.5
649.289	209.5
649.494	216.5
649.698	209.5
649.903	204.5
650.107	189.5
650.312	198.5
650.516	183.5
650.721	198.5
650.925	192.5
651.13	175.5
651.334	177.5
651.539	193.5
651.743	161.5
651.947	169.5
652.152	173.5
652.356	166.5
652.56	162.5
652.764	172.5
652.969	163.5
653.173	166.5
653.377	162.5
653.581	182.5
653.785	167.5
653.99	176.5
654.194	145.5
654.398	147.5
654.602	158.5
654.806	166.5
655.01	150.5
655.214	161.5
655.418	156.5
655.622	150.5
655.826	139.5
656.03	162.5
656.234	163.5
656.438	158.5
656.642	151.5
656.846	156.5
657.049	156.5
657.253	158.5
657.457	133.5
657.661	127.5
657.865	125.5
658.068	135.5
658.272	131.5
658.476	114.5
658.68	114.5
658.883	114.5
659.087	103.5
659.291	109.5
659.494	105.5
659.698	101.5
659.901	92.5
660.105	111.5
660.309	91.5
660.512	113.5
660.716	102.5
660.919	92.5
661.123	97.5
661.326	91.5
661.53	99.5
661.733	99.5
661.936	105.5
662.14	88.5
662.343	78.5
662.546	93.5
662.75	86.5
662.953	102.5
663.156	70.5
663.36	78.5
663.563	85.5
663.766	77.5
663.969	82.5
664.173	70.5
664.376	80.5
664.579	86.5
664.782	86.5
664.985	80.5
665.188	74.5
665.391	83.5
665.594	82.5
665.797	76.5
666	66.5
666.203	83.5
666.406	74.5
666.609	70.5
666.812	85.5
667.015	74.5
667.218	84.5
667.421	80.5
667.624	77.5
667.827	76.5
668.03	83.5
668.232	68.5
668.435	83.5
668.638	76.5
668.841	81.5
669.043	86.5
669.246	99.5
669.449	76.5
669.651	94.5
669.854	81.5
670.057	92.5
670.259	81.5
670.462	89.5
670.665	76.5
670.867	79.5
671.07	78.5
671.272	71.5
671.475	93.5
671.677	72.5
671.88	81.5
672.082	77.5
672.284	84.5
672.487	89.5
672.689	78.5
672.892	74.5
