223.165	-21
223.4	-21
223.635	-21
223.869	-11
224.104	-6
224.338	-23
224.573	-28
224.808	0
225.042	-6
225.277	-8
225.511	3
225.746	-6
225.98	2
226.215	16
226.449	20
226.683	9
226.918	25
227.152	34
227.387	26
227.621	38
227.856	56
228.09	62
228.324	58
228.559	56
228.793	78
229.027	103
229.262	122
229.496	112
229.73	127
229.964	153
230.199	125
230.433	111
230.667	115
230.901	121
231.136	123
231.37	131
231.604	125
231.838	135
232.072	127
232.306	110
232.541	114
232.775	127
233.009	126
233.243	134
233.477	121
233.711	116
233.945	130
234.179	128
234.413	136
234.647	127
234.881	122
235.115	120
235.349	126
235.583	119
235.817	137
236.051	126
236.285	126
236.519	121
236.753	132
236.987	144
237.221	180
237.455	171
237.689	158
237.922	138
238.156	144
238.39	138
238.624	129
238.858	129
239.091	134
239.325	128
239.559	132
239.793	139
240.027	140
240.26	140
240.494	148
240.728	146
240.961	150
241.195	139
241.429	126
241.662	138
241.896	155
242.13	130
242.363	141
242.597	150
242.83	148
243.064	163
243.298	156
243.531	124
243.765	145
243.998	147
244.232	154
244.465	146
244.699	148
244.932	155
245.166	148
245.399	156
245.633	165
245.866	145
246.099	163
246.333	163
246.566	145
246.8	161
247.033	161
247.266	153
247.5	168
247.733	161
247.966	171
248.2	165
248.433	172
248.666	155
248.899	191
249.133	188
249.366	180
249.599	186
249.832	172
250.066	184
250.299	180
250.532	180
250.765	169
250.998	195
251.231	192
251.465	186
251.698	184
251.931	186
252.164	174
252.397	188
252.63	192
252.863	200
253.096	198
253.329	215
253.562	202
253.795	206
254.028	209
254.261	202
254.494	200
254.727	228
254.96	224
255.193	219
255.426	210
255.659	212
255.892	206
256.124	207
256.357	188
256.59	217
256.823	195
257.056	196
257.289	216
257.521	198
257.754	202
257.987	209
258.22	214
258.452	195
258.685	196
258.918	216
259.151	212
259.383	210
259.616	202
259.849	226
260.081	208
260.314	221
260.547	246
260.779	223
261.012	216
261.244	229
261.477	228
261.71	229
261.942	223
262.175	229
262.407	236
262.64	224
262.872	226
263.105	211
263.337	214
263.57	213
263.802	234
264.035	218
264.267	233
264.499	222
264.732	221
264.964	219
265.197	232
265.429	220
265.661	236
265.894	238
266.126	234
266.358	241
266.591	234
266.823	229
267.055	231
267.287	239
267.52	224
267.752	228
267.984	241
268.216	233
268.448	252
268.681	243
268.913	245
269.145	264
269.377	264
269.609	252
269.841	275
270.073	274
270.306	272
270.538	275
270.77	279
271.002	272
271.234	274
271.466	288
271.698	284
271.93	277
272.162	294
272.394	286
272.626	261
272.858	297
273.09	258
273.322	283
273.553	264
273.785	271
274.017	283
274.249	287
274.481	279
274.713	270
274.945	280
275.176	306
275.408	282
275.64	261
275.872	278
276.104	286
276.335	299
276.567	281
276.799	316
277.031	322
277.262	294
277.494	312
277.726	298
277.957	280
278.189	289
278.421	288
278.652	279
278.884	278
279.115	280
279.347	315
279.579	274
279.81	275
280.042	292
280.273	296
280.505	307
280.736	279
280.968	288
281.199	306
281.431	281
281.662	300
281.894	313
282.125	323
282.356	318
282.588	324
282.819	327
283.051	308
283.282	303
283.513	308
283.745	296
283.976	297
284.207	321
284.439	322
284.67	305
284.901	293
285.132	300
285.364	308
285.595	318
285.826	304
286.057	315
286.288	316
286.52	327
286.751	308
286.982	313
287.213	312
287.444	332
287.675	325
287.906	320
288.138	338
288.369	335
288.6	340
288.831	330
289.062	330
289.293	329
289.524	330
289.755	328
289.986	333
290.217	332
290.448	334
290.679	347
290.91	328
291.141	331
291.371	344
291.602	328
291.833	332
292.064	330
292.295	343
292.526	341
292.757	326
292.987	326
293.218	330
293.449	329
293.68	343
293.91	331
294.141	314
294.372	335
294.603	344
294.833	344
295.064	337
295.295	352
295.525	338
295.756	351
295.987	374
296.217	366
296.448	371
296.679	354
296.909	345
297.14	357
297.37	358
297.601	333
297.831	352
298.062	366
298.292	355
298.523	356
298.753	370
298.984	357
299.214	355
299.445	370
299.675	374
299.905	371
300.136	376
300.366	359
300.597	388
300.827	378
301.057	369
301.288	387
301.518	414
301.748	377
301.979	379
302.209	402
302.439	393
302.669	388
302.9	390
303.13	399
303.36	386
303.59	394
303.82	418
304.051	385
304.281	388
304.511	387
304.741	414
304.971	398
305.201	395
305.431	395
305.661	400
305.891	395
306.121	393
306.352	396
306.582	402
306.812	396
307.042	398
307.272	373
307.502	383
307.731	386
307.961	400
308.191	389
308.421	394
308.651	378
308.881	398
309.111	404
309.341	405
309.571	413
309.8	440
310.03	436
310.26	435
310.49	406
310.72	454
310.949	438
311.179	434
311.409	438
311.639	439
311.868	455
312.098	431
312.328	446
312.557	469
312.787	471
313.017	466
313.246	454
313.476	454
313.706	434
313.935	445
314.165	466
314.394	462
314.624	479
314.853	451
315.083	470
315.312	453
315.542	434
315.771	474
316.001	452
316.23	445
316.46	449
316.689	438
316.919	449
317.148	432
317.377	461
317.607	460
317.836	443
318.065	426
318.295	436
318.524	443
318.753	435
318.983	443
319.212	441
319.441	469
319.67	466
319.9	474
320.129	443
320.358	458
320.587	449
320.816	468
321.046	476
321.275	450
321.504	478
321.733	467
321.962	490
322.191	470
322.42	482
322.649	516
322.878	516
323.108	531
323.337	532
323.566	553
323.795	592
324.024	604
324.253	712
324.482	914
324.71	1352
324.939	1904
325.168	1486
325.397	825
325.626	638
325.855	601
326.084	581
326.313	549
326.542	588
326.77	594
326.999	729
327.228	928
327.457	1341
327.686	1546
327.914	981
328.143	727
328.372	663
328.6	635
328.829	618
329.058	635
329.287	654
329.515	608
329.744	578
329.972	571
330.201	585
330.43	598
330.658	631
330.887	696
331.115	658
331.344	612
331.572	593
331.801	592
332.03	604
332.258	588
332.486	593
332.715	595
332.943	600
333.172	625
333.4	650
333.629	659
333.857	653
334.085	663
334.314	642
334.542	650
334.771	641
334.999	643
335.227	656
335.455	619
335.684	588
335.912	610
336.14	628
336.369	606
336.597	603
336.825	603
337.053	591
337.281	606
337.51	606
337.738	579
337.966	598
338.194	590
338.422	571
338.65	560
338.878	549
339.106	558
339.334	550
339.562	551
339.79	553
340.018	506
340.246	550
340.474	576
340.702	553
340.93	538
341.158	574
341.386	553
341.614	574
341.842	556
342.07	549
342.298	558
342.526	528
342.754	544
342.981	537
343.209	552
343.437	552
343.665	591
343.893	615
344.12	645
344.348	624
344.576	601
344.804	585
345.031	568
345.259	579
345.487	576
345.714	558
345.942	579
346.17	564
346.397	543
346.625	564
346.853	544
347.08	552
347.308	521
347.535	540
347.763	550
347.99	569
348.218	554
348.445	569
348.673	554
348.9	547
349.128	540
349.355	545
349.583	522
349.81	534
350.037	533
350.265	551
350.492	523
350.72	526
350.947	534
351.174	533
351.402	562
351.629	561
351.856	553
352.083	545
352.311	561
352.538	538
352.765	579
352.992	548
353.22	551
353.447	550
353.674	563
353.901	532
354.128	504
354.355	520
354.583	500
354.81	527
355.037	531
355.264	525
355.491	526
355.718	532
355.945	538
356.172	517
356.399	528
356.626	508
356.853	527
357.08	503
357.307	538
357.534	532
357.761	536
357.988	528
358.215	534
358.441	544
358.668	522
358.895	546
359.122	531
359.349	536
359.576	552
359.802	601
360.029	583
360.256	600
360.483	586
360.709	550
360.936	576
361.163	554
361.39	570
361.616	578
361.843	553
362.07	547
362.296	546
362.523	568
362.749	572
362.976	555
363.203	552
363.429	525
363.656	567
363.882	564
364.109	539
364.335	547
364.562	539
364.788	529
365.015	543
365.241	562
365.468	559
365.694	555
365.92	578
366.147	554
366.373	521
366.599	538
366.826	547
367.052	551
367.278	568
367.505	560
367.731	567
367.957	564
368.184	552
368.41	563
368.636	586
368.862	584
369.089	604
369.315	566
369.541	586
369.767	585
369.993	579
370.219	578
370.445	580
370.672	590
370.898	582
371.124	566
371.35	579
371.576	604
371.802	587
372.028	575
372.254	572
372.48	586
372.706	595
372.932	609
373.158	612
373.384	603
373.61	581
373.835	599
374.061	608
374.287	616
374.513	620
374.739	631
374.965	642
375.191	664
375.416	634
375.642	626
375.868	629
376.094	599
376.319	597
376.545	625
376.771	600
376.997	601
377.222	621
377.448	594
377.674	604
377.899	596
378.125	575
378.35	582
378.576	589
378.802	614
379.027	611
379.253	619
379.478	611
379.704	606
379.929	598
380.155	601
380.38	608
380.606	609
380.831	587
381.057	616
381.282	619
381.507	615
381.733	624
381.958	629
382.184	615
382.409	655
382.634	626
382.86	617
383.085	654
383.31	644
383.535	693
383.761	665
383.986	665
384.211	679
384.436	694
384.662	718
384.887	714
385.112	690
385.337	734
385.562	705
385.787	722
386.013	723
386.238	728
386.463	726
386.688	720
386.913	698
387.138	708
387.363	715
387.588	722
387.813	710
388.038	730
388.263	704
388.488	714
388.713	722
388.938	720
389.163	729
389.387	737
389.612	714
389.837	726
390.062	719
390.287	707
390.512	706
390.736	720
390.961	726
391.186	727
391.411	762
391.636	785
391.86	824
392.085	815
392.31	818
392.534	782
392.759	794
392.984	784
393.208	790
393.433	784
393.658	806
393.882	790
394.107	807
394.331	805
394.556	796
394.78	800
395.005	805
395.229	802
395.454	825
395.678	827
395.903	854
396.127	818
396.352	859
396.576	809
396.801	803
397.025	823
397.249	823
397.474	834
397.698	856
397.922	855
398.147	889
398.371	862
398.595	897
398.82	912
399.044	980
399.268	1055
399.492	1201
399.717	1343
399.941	1308
400.165	1204
400.389	1113
400.613	1080
400.837	1002
401.062	989
401.286	985
401.51	949
401.734	971
401.958	988
402.182	1006
402.406	1024
402.63	1064
402.854	1066
403.078	1037
403.302	1073
403.526	1076
403.75	1113
403.974	1124
404.198	1100
404.422	1127
404.645	1131
404.869	1121
405.093	1123
405.317	1107
405.541	1150
405.765	1102
405.988	1096
406.212	1168
406.436	1200
406.66	1263
406.883	1178
407.107	1234
407.331	1268
407.555	1351
407.778	1294
408.002	1301
408.226	1244
408.449	1197
408.673	1204
408.896	1202
409.12	1216
409.344	1216
409.567	1164
409.791	1159
410.014	1159
410.238	1141
410.461	1137
410.685	1131
410.908	1162
411.132	1142
411.355	1126
411.578	1110
411.802	1119
412.025	1095
412.249	1118
412.472	1146
412.695	1132
412.919	1105
413.142	1101
413.365	1072
413.589	1121
413.812	1077
414.035	1068
414.258	1080
414.482	1093
414.705	1128
414.928	1058
415.151	1084
415.374	1064
415.597	1076
415.821	1049
416.044	1071
416.267	1047
416.49	1082
416.713	1064
416.936	1122
417.159	1095
417.382	1087
417.605	1048
417.828	1109
418.051	1122
418.274	1143
418.497	1100
418.72	1141
418.943	1121
419.166	1201
419.389	1265
419.611	1246
419.834	1196
420.057	1179
420.28	1154
420.503	1129
420.726	1089
420.948	1125
421.171	1133
421.394	1131
421.617	1146
421.839	1121
422.062	1131
422.285	1123
422.507	1162
422.73	1207
422.953	1202
423.175	1191
423.398	1170
423.621	1158
423.843	1216
424.066	1178
424.288	1203
424.511	1215
424.733	1233
424.956	1256
425.178	1226
425.401	1223
425.623	1225
425.846	1143
426.068	1138
426.291	1135
426.513	1100
426.735	1130
426.958	1127
427.18	1159
427.402	1239
427.625	1302
427.847	1244
428.069	1147
428.292	1111
428.514	1075
428.736	1051
428.958	1070
429.181	1038
429.403	1020
429.625	1027
429.847	1058
430.069	1068
430.292	1088
430.514	1038
430.736	1043
430.958	1044
431.18	1024
431.402	1020
431.624	1001
431.846	1009
432.068	986
432.29	972
432.512	1014
432.734	1056
432.956	1042
433.178	1072
433.4	1060
433.622	1041
433.844	1049
434.066	1036
434.287	1024
434.509	1019
434.731	1050
434.953	1064
435.175	1124
435.397	1144
435.618	1077
435.84	1058
436.062	1099
436.284	1130
436.505	1067
436.727	1051
436.949	1061
437.17	1047
437.392	1024
437.614	1024
437.835	1022
438.057	1063
438.278	1120
438.5	1098
438.721	1176
438.943	1153
439.165	1078
439.386	1074
439.608	1095
439.829	1127
440.05	1095
440.272	1138
440.493	1120
440.715	1096
440.936	1081
441.158	1075
441.379	1118
441.6	1193
441.822	1183
442.043	1202
442.264	1214
442.486	1197
442.707	1165
442.928	1132
443.149	1142
443.371	1177
443.592	1214
443.813	1266
444.034	1254
444.255	1225
444.476	1247
444.698	1310
444.919	1301
445.14	1385
445.361	1268
445.582	1189
445.803	1201
446.024	1215
446.245	1214
446.466	1164
446.687	1071
446.908	1111
447.129	1050
447.35	1024
447.571	1033
447.792	1028
448.013	1055
448.234	1005
448.455	1032
448.675	1090
448.896	1142
449.117	1027
449.338	1012
449.559	1091
449.779	1126
450	1037
450.221	996
450.442	999
450.662	1000
450.883	1024
451.104	1046
451.324	1003
451.545	1006
451.766	993
451.986	933
452.207	935
452.428	954
452.648	926
452.869	912
453.089	886
453.31	942
453.53	892
453.751	855
453.971	887
454.192	938
454.412	890
454.633	860
454.853	900
455.073	890
455.294	924
455.514	959
455.734	916
455.955	855
456.175	858
456.395	837
456.616	836
456.836	810
457.056	827
457.276	807
457.497	832
457.717	824
457.937	842
458.157	842
458.377	845
458.598	872
458.818	929
459.038	1028
459.258	999
459.478	979
459.698	969
459.918	964
460.138	976
460.358	1043
460.578	1059
460.798	1064
461.018	1081
461.238	1084
461.458	1064
461.678	1065
461.898	1078
462.118	1088
462.338	1130
462.558	1108
462.777	1170
462.997	1282
463.217	1368
463.437	1318
463.657	1262
463.876	1219
464.096	1183
464.316	1220
464.536	1216
464.755	1195
464.975	1187
465.195	1218
465.414	1288
465.634	1112
465.854	1050
466.073	1008
466.293	1024
466.512	946
466.732	954
466.951	973
467.171	963
467.391	980
467.61	1012
467.829	983
468.049	962
468.268	942
468.488	931
468.707	918
468.927	940
469.146	914
469.365	955
469.585	940
469.804	979
470.023	998
470.243	1040
470.462	1014
470.681	1048
470.901	1018
471.12	983
471.339	976
471.558	969
471.777	963
471.997	971
472.216	928
472.435	924
472.654	850
472.873	860
473.092	899
473.311	883
473.53	904
473.749	883
473.968	894
474.187	961
474.406	942
474.625	933
474.844	918
475.063	911
475.282	918
475.501	907
475.72	892
475.939	898
476.158	932
476.377	951
476.596	902
476.814	934
477.033	895
477.252	920
477.471	966
477.69	981
477.908	1016
478.127	1052
478.346	1044
478.564	1041
478.783	1076
479.002	1081
479.22	1094
479.439	1091
479.658	1091
479.876	1095
480.095	1092
480.313	1135
480.532	1136
480.751	1113
480.969	1060
481.188	1070
481.406	1050
481.624	981
481.843	985
482.061	990
482.28	993
482.498	990
482.717	955
482.935	1024
483.153	1056
483.372	1057
483.59	1053
483.808	1031
484.027	1010
484.245	1029
484.463	1066
484.681	1067
484.9	1082
485.118	1082
485.336	1049
485.554	1052
485.772	1036
485.99	1057
486.209	1063
486.427	1037
486.645	1092
486.863	1111
487.081	1138
487.299	1081
487.517	1115
487.735	1137
487.953	1191
488.171	1141
488.389	1158
488.607	1114
488.825	1086
489.043	1065
489.261	1078
489.479	1095
489.696	1098
489.914	1090
490.132	1093
490.35	1148
490.568	1156
490.786	1182
491.003	1233
491.221	1206
491.439	1241
491.657	1246
491.874	1295
492.092	1338
492.31	1400
492.527	1368
492.745	1320
492.963	1316
493.18	1302
493.398	1280
493.615	1266
493.833	1305
494.05	1236
494.268	1298
494.485	1292
494.703	1275
494.92	1276
495.138	1275
495.355	1282
495.573	1281
495.79	1270
496.008	1264
496.225	1228
496.442	1308
496.66	1306
496.877	1275
497.094	1289
497.312	1288
497.529	1296
497.746	1302
497.963	1353
498.181	1361
498.398	1377
498.615	1428
498.832	1512
499.049	1600
499.267	1699
499.484	1842
499.701	1973
499.918	2123
500.135	2423
500.352	2733
500.569	2791
500.786	2712
501.003	2582
501.22	2350
501.437	2120
501.654	1922
501.871	1828
502.088	1687
502.305	1636
502.522	1563
502.739	1469
502.956	1404
503.172	1328
503.389	1323
503.606	1322
503.823	1298
504.04	1282
504.256	1256
504.473	1286
504.69	1313
504.907	1263
505.123	1220
505.34	1158
505.557	1122
505.773	1161
505.99	1117
506.207	1104
506.423	1061
506.64	1055
506.856	1052
507.073	1038
507.289	1071
507.506	1053
507.722	1054
507.939	1105
508.155	1045
508.372	1025
508.588	1018
508.805	974
509.021	1011
509.238	944
509.454	964
509.67	965
509.887	976
510.103	962
510.319	1022
510.536	1232
510.752	2621
510.968	1760
511.184	1012
511.401	934
511.617	916
511.833	932
512.049	942
512.265	912
512.481	901
512.698	941
512.914	930
513.13	930
513.346	938
513.562	921
513.778	930
513.994	968
514.21	984
514.426	1030
514.642	1075
514.858	1096
515.074	1162
515.29	1417
515.506	2450
515.721	1857
515.937	1206
516.153	1087
516.369	1051
516.585	1068
516.801	1076
517.016	1100
517.232	1132
517.448	1189
517.664	1176
517.879	1207
518.095	1198
518.311	1166
518.527	1101
518.742	1091
518.958	1080
519.173	1060
519.389	1022
519.605	1043
519.82	1004
520.036	1029
520.251	1042
520.467	1072
520.682	1043
520.898	1043
521.113	1065
521.329	1128
521.544	1270
521.76	1627
521.975	3193
522.19	3090
522.406	1440
522.621	1076
522.836	973
523.052	946
523.267	919
523.482	950
523.698	909
523.913	919
524.128	937
524.343	910
524.559	885
524.774	868
524.989	872
525.204	864
525.419	865
525.634	848
525.849	815
526.064	827
526.28	805
526.495	803
526.71	805
526.925	770
527.14	776
527.355	756
527.57	769
527.785	773
527.999	792
528.214	799
528.429	844
528.644	855
528.859	888
529.074	881
529.289	936
529.503	1038
529.718	956
529.933	852
530.148	803
530.363	811
530.577	777
530.792	782
531.007	801
531.221	785
531.436	798
531.651	777
531.865	743
532.08	753
532.295	776
532.509	754
532.724	754
532.938	769
533.153	784
533.367	800
533.582	795
533.796	800
534.011	777
534.225	783
534.44	750
534.654	758
534.868	750
535.083	732
535.297	743
535.511	757
535.726	782
535.94	793
536.154	759
536.369	738
536.583	728
536.797	715
537.011	703
537.225	706
537.44	727
537.654	705
537.868	709
538.082	706
538.296	712
538.51	734
538.724	740
538.938	765
539.153	775
539.367	757
539.581	779
539.795	732
540.009	700
540.222	703
540.436	730
540.65	747
540.864	760
541.078	803
541.292	781
541.506	790
541.72	831
541.934	876
542.147	888
542.361	854
542.575	842
542.789	766
543.002	753
543.216	751
543.43	744
543.644	761
543.857	801
544.071	783
544.285	831
544.498	808
544.712	817
544.925	841
545.139	847
545.352	842
545.566	819
545.779	791
545.993	830
546.206	828
546.42	834
546.633	850
546.847	831
547.06	820
547.274	821
547.487	850
547.7	852
547.914	844
548.127	834
548.34	835
548.554	819
548.767	804
548.98	826
549.193	808
549.407	834
549.62	822
549.833	832
550.046	802
550.259	814
550.473	838
550.686	824
550.899	790
551.112	747
551.325	759
551.538	740
551.751	738
551.964	708
552.177	752
552.39	808
552.603	820
552.816	842
553.029	846
553.242	875
553.455	870
553.667	869
553.88	897
554.093	857
554.306	816
554.519	818
554.732	780
554.944	788
555.157	754
555.37	777
555.583	756
555.795	753
556.008	733
556.221	693
556.433	663
556.646	712
556.859	670
557.071	679
557.284	703
557.496	698
557.709	649
557.921	706
558.134	689
558.346	663
558.559	666
558.771	672
558.984	673
559.196	659
559.409	653
559.621	647
559.833	656
560.046	669
560.258	662
560.47	626
560.683	632
560.895	631
561.107	626
561.32	627
561.532	652
561.744	672
561.956	646
562.168	656
562.381	638
562.593	615
562.805	662
563.017	640
563.229	603
563.441	626
563.653	628
563.865	620
564.077	658
564.289	641
564.501	634
564.713	651
564.925	656
565.137	660
565.349	691
565.561	686
565.773	706
565.985	725
566.197	724
566.408	808
566.62	859
566.832	908
567.044	914
567.255	889
567.467	932
567.679	955
567.891	974
568.102	1030
568.314	968
568.526	846
568.737	794
568.949	733
569.161	671
569.372	618
569.584	618
569.795	600
570.007	607
570.218	676
570.43	650
570.641	601
570.853	586
571.064	575
571.276	592
571.487	587
571.698	566
571.91	546
572.121	529
572.333	521
572.544	523
572.755	482
572.966	500
573.178	469
573.389	480
573.6	465
573.811	458
574.023	486
574.234	458
574.445	476
574.656	486
574.867	462
575.078	488
575.289	473
575.501	468
575.712	444
575.923	459
576.134	468
576.345	459
576.556	461
576.767	456
576.978	438
577.188	442
577.399	464
577.61	442
577.821	443
578.032	452
578.243	516
578.454	972
578.665	606
578.875	464
579.086	432
579.297	411
579.508	413
579.718	404
579.929	427
580.14	392
580.35	410
580.561	408
580.772	406
580.982	403
581.193	416
581.403	414
581.614	412
581.825	421
582.035	419
582.246	398
582.456	400
582.667	417
582.877	410
583.087	393
583.298	415
583.508	393
583.719	400
583.929	390
584.139	392
584.35	383
584.56	401
584.77	378
584.981	386
585.191	413
585.401	393
585.611	372
585.821	386
586.032	393
586.242	370
586.452	372
586.662	372
586.872	379
587.082	355
587.292	368
587.502	377
587.713	368
587.923	360
588.133	352
588.343	373
588.553	374
588.762	382
588.972	360
589.182	384
589.392	363
589.602	356
589.812	378
590.022	376
590.232	367
590.441	378
590.651	381
590.861	368
591.071	373
591.281	374
591.49	348
591.7	397
591.91	402
592.119	408
592.329	406
592.539	418
592.748	422
592.958	444
593.167	436
593.377	433
593.587	454
593.796	449
594.006	448
594.215	434
594.424	456
594.634	436
594.843	432
595.053	429
595.262	411
595.472	404
595.681	385
595.89	379
596.1	375
596.309	359
596.518	358
596.727	382
596.937	363
597.146	372
597.355	343
597.564	359
597.774	337
597.983	333
598.192	325
598.401	323
598.61	332
598.819	331
599.028	335
599.237	306
599.446	334
599.655	328
599.864	314
600.073	331
600.282	331
600.491	319
600.7	342
600.909	308
601.118	326
601.327	352
601.536	343
601.745	321
601.953	341
602.162	366
602.371	339
602.58	341
602.789	329
602.997	335
603.206	340
603.415	335
603.623	339
603.832	320
604.041	324
604.249	325
604.458	335
604.666	312
604.875	326
605.084	326
605.292	337
605.501	336
605.709	367
605.918	324
606.126	347
606.334	326
606.543	330
606.751	340
606.96	355
607.168	335
607.376	336
607.585	335
607.793	332
608.001	344
608.21	330
608.418	336
608.626	328
608.834	348
609.043	337
609.251	334
609.459	316
609.667	335
609.875	334
610.083	343
610.291	337
610.499	331
610.707	336
610.916	329
611.124	334
611.332	318
611.54	345
611.748	321
611.955	330
612.163	347
612.371	341
612.579	325
612.787	326
612.995	335
613.203	324
613.411	311
613.618	317
613.826	323
614.034	326
614.242	331
614.449	311
614.657	333
614.865	329
615.072	336
615.28	347
615.488	312
615.695	312
615.903	310
616.111	319
616.318	322
616.526	316
616.733	331
616.941	341
617.148	313
617.356	315
617.563	313
617.771	335
617.978	330
618.185	315
618.393	322
618.6	306
618.807	309
619.015	322
619.222	295
619.429	331
619.637	298
619.844	281
620.051	321
620.258	302
620.466	296
620.673	289
620.88	285
621.087	278
621.294	304
621.501	294
621.708	297
621.915	288
622.122	294
622.329	303
622.536	320
622.743	278
622.95	296
623.157	292
623.364	309
623.571	291
623.778	304
623.985	305
624.192	295
624.399	303
624.606	285
624.812	290
625.019	272
625.226	284
625.433	264
625.639	284
625.846	264
626.053	254
626.259	227
626.466	238
626.673	252
626.879	239
627.086	260
627.293	272
627.499	274
627.706	267
627.912	279
628.119	286
628.325	268
628.532	263
628.738	256
628.945	251
629.151	245
629.357	265
629.564	254
629.77	246
629.976	239
630.183	252
630.389	248
630.595	258
630.802	238
631.008	254
631.214	267
631.42	246
631.627	233
631.833	229
632.039	239
632.245	251
632.451	257
632.657	248
632.863	244
633.069	240
633.275	239
633.481	250
633.688	235
633.893	247
634.099	250
634.305	231
634.511	229
634.717	225
634.923	230
635.129	223
635.335	225
635.541	231
635.747	232
635.952	231
636.158	215
636.364	224
636.57	238
636.775	229
636.981	241
637.187	230
637.392	219
637.598	236
637.804	230
638.009	222
638.215	229
638.421	234
638.626	226
638.832	222
639.037	196
639.243	222
639.448	226
639.654	222
639.859	216
640.065	210
640.27	202
640.475	209
640.681	225
640.886	216
641.091	221
641.297	216
641.502	219
641.707	211
641.913	229
642.118	229
642.323	215
642.528	219
642.733	201
642.939	190
643.144	202
643.349	205
643.554	209
643.759	225
643.964	200
644.169	211
644.374	190
644.579	208
644.784	204
644.989	211
645.194	222
645.399	211
645.604	217
645.809	217
646.014	216
646.219	223
646.423	225
646.628	209
646.833	202
647.038	211
647.243	195
647.447	203
647.652	211
647.857	223
648.062	207
648.266	217
648.471	227
648.676	218
648.88	225
649.085	209
649.289	214
649.494	201
649.698	218
649.903	215
650.107	192
650.312	200
650.516	187
650.721	194
650.925	188
651.13	197
651.334	178
651.539	200
651.743	178
651.947	189
652.152	167
652.356	165
652.56	180
652.764	186
652.969	180
653.173	185
653.377	160
653.581	169
653.785	182
653.99	174
654.194	179
654.398	171
654.602	176
654.806	150
655.01	166
655.214	167
655.418	168
655.622	156
655.826	162
656.03	165
656.234	172
656.438	173
656.642	144
656.846	152
657.049	137
657.253	149
657.457	159
657.661	142
657.865	135
658.068	141
658.272	131
658.476	122
658.68	135
658.883	120
659.087	121
659.291	116
659.494	115
659.698	121
659.901	94
660.105	112
660.309	114
660.512	92
660.716	90
660.919	98
661.123	103
661.326	97
661.53	94
661.733	95
661.936	107
662.14	89
662.343	96
662.546	88
662.75	110
662.953	103
663.156	101
663.36	91
663.563	87
663.766	96
663.969	97
664.173	115
664.376	100
664.579	97
664.782	84
664.985	95
665.188	83
665.391	95
665.594	92
665.797	83
666	92
666.203	81
666.406	82
666.609	89
666.812	82
667.015	83
667.218	90
667.421	95
667.624	103
667.827	79
668.03	90
668.232	87
668.435	95
668.638	97
668.841	95
669.043	84
669.246	79
669.449	83
669.651	95
669.854	98
670.057	92
670.259	79
670.462	90
670.665	89
670.867	90
671.07	83
671.272	82
671.475	84
671.677	95
671.88	77
672.082	98
672.284	82
672.487	74
672.689	85
672.892	84
