223.165	-9.06
223.4	-9.06
223.635	-9.06
223.869	-24.06
224.104	-20.06
224.338	-22.06
224.573	-20.06
224.808	-3.06
225.042	-10.06
225.277	4.94
225.511	-9.06
225.746	7.94
225.98	3.94
226.215	29.94
226.449	8.94
226.683	18.94
226.918	10.94
227.152	31.94
227.387	43.94
227.621	39.94
227.856	51.94
228.09	35.94
228.324	44.94
228.559	55.94
228.793	74.94
229.027	99.94
229.262	94.94
229.496	104.94
229.73	114.94
229.964	140.94
230.199	125.94
230.433	110.94
230.667	110.94
230.901	107.94
231.136	106.94
231.37	131.94
231.604	116.94
231.838	110.94
232.072	107.94
232.306	114.94
232.541	122.94
232.775	126.94
233.009	118.94
233.243	97.94
233.477	127.94
233.711	121.94
233.945	107.94
234.179	107.94
234.413	137.94
234.647	127.94
234.881	123.94
235.115	117.94
235.349	117.94
235.583	117.94
235.817	128.94
236.051	103.94
236.285	112.94
236.519	126.94
236.753	125.94
236.987	131.94
237.221	159.94
237.455	179.94
237.689	151.94
237.922	134.94
238.156	120.94
238.39	125.94
238.624	127.94
238.858	136.94
239.091	139.94
239.325	124.94
239.559	137.94
239.793	135.94
240.027	140.94
240.26	141.94
240.494	146.94
240.728	150.94
240.961	151.94
241.195	131.94
241.429	126.94
241.662	136.94
241.896	135.94
242.13	133.94
242.363	142.94
242.597	127.94
242.83	131.94
243.064	150.94
243.298	136.94
243.531	157.94
243.765	144.94
243.998	146.94
244.232	138.94
244.465	137.94
244.699	148.94
244.932	139.94
245.166	149.94
245.399	146.94
245.633	138.94
245.866	144.94
246.099	155.94
246.333	156.94
246.566	141.94
246.8	158.94
247.033	155.94
247.266	160.94
247.5	157.94
247.733	155.94
247.966	164.94
248.2	154.94
248.433	167.94
248.666	156.94
248.899	159.94
249.133	177.94
249.366	186.94
249.599	179.94
249.832	175.94
250.066	179.94
250.299	177.94
250.532	167.94
250.765	188.94
250.998	172.94
251.231	197.94
251.465	198.94
251.698	207.94
251.931	181.94
252.164	185.94
252.397	166.94
252.63	179.94
252.863	180.94
253.096	195.94
253.329	193.94
253.562	173.94
253.795	183.94
254.028	182.94
254.261	173.94
254.494	187.94
254.727	212.94
254.96	238.94
255.193	209.94
255.426	212.94
255.659	203.94
255.892	218.94
256.124	240.94
256.357	248.94
256.59	216.94
256.823	199.94
257.056	202.94
257.289	190.94
257.521	200.94
257.754	214.94
257.987	204.94
258.22	190.94
258.452	199.94
258.685	187.94
258.918	197.94
259.151	198.94
259.383	205.94
259.616	200.94
259.849	206.94
260.081	222.94
260.314	222.94
260.547	227.94
260.779	211.94
261.012	214.94
261.244	234.94
261.477	206.94
261.71	220.94
261.942	234.94
262.175	251.94
262.407	234.94
262.64	219.94
262.872	227.94
263.105	202.94
263.337	219.94
263.57	217.94
263.802	218.94
264.035	212.94
264.267	215.94
264.499	206.94
264.732	221.94
264.964	221.94
265.197	227.94
265.429	220.94
265.661	242.94
265.894	241.94
266.126	240.94
266.358	216.94
266.591	220.94
266.823	217.94
267.055	217.94
267.287	222.94
267.52	242.94
267.752	236.94
267.984	205.94
268.216	222.94
268.448	246.94
268.681	230.94
268.913	252.94
269.145	256.94
269.377	272.94
269.609	248.94
269.841	260.94
270.073	251.94
270.306	278.94
270.538	268.94
270.77	276.94
271.002	267.94
271.234	275.94
271.466	269.94
271.698	259.94
271.93	281.94
272.162	277.94
272.394	277.94
272.626	276.94
272.858	268.94
273.09	258.94
273.322	253.94
273.553	275.94
273.785	276.94
274.017	257.94
274.249	273.94
274.481	255.94
274.713	262.94
274.945	278.94
275.176	261.94
275.408	267.94
275.64	254.94
275.872	268.94
276.104	290.94
276.335	281.94
276.567	267.94
276.799	293.94
277.031	321.94
277.262	309.94
277.494	307.94
277.726	291.94
277.957	278.94
278.189	275.94
278.421	273.94
278.652	298.94
278.884	287.94
279.115	265.94
279.347	290.94
279.579	292.94
279.81	284.94
280.042	294.94
280.273	293.94
280.505	279.94
280.736	294.94
280.968	290.94
281.199	290.94
281.431	304.94
281.662	282.94
281.894	298.94
282.125	307.94
282.356	293.94
282.588	318.94
282.819	328.94
283.051	313.94
283.282	285.94
283.513	296.94
283.745	314.94
283.976	314.94
284.207	299.94
284.439	320.94
284.67	298.94
284.901	301.94
285.132	282.94
285.364	288.94
285.595	314.94
285.826	293.94
286.057	312.94
286.288	314.94
286.52	327.94
286.751	328.94
286.982	302.94
287.213	318.94
287.444	315.94
287.675	316.94
287.906	318.94
288.138	331.94
288.369	309.94
288.6	327.94
288.831	303.94
289.062	318.94
289.293	318.94
289.524	309.94
289.755	313.94
289.986	327.94
290.217	310.94
290.448	316.94
290.679	338.94
290.91	324.94
291.141	309.94
291.371	313.94
291.602	325.94
291.833	326.94
292.064	311.94
292.295	317.94
292.526	320.94
292.757	319.94
292.987	328.94
293.218	324.94
293.449	343.94
293.68	321.94
293.91	316.94
294.141	353.94
294.372	334.94
294.603	339.94
294.833	335.94
295.064	333.94
295.295	318.94
295.525	332.94
295.756	350.94
295.987	339.94
296.217	352.94
296.448	376.94
296.679	364.94
296.909	335.94
297.14	330.94
297.37	343.94
297.601	330.94
297.831	340.94
298.062	331.94
298.292	365.94
298.523	376.94
298.753	368.94
298.984	334.94
299.214	366.94
299.445	326.94
299.675	355.94
299.905	364.94
300.136	354.94
300.366	362.94
300.597	378.94
300.827	371.94
301.057	385.94
301.288	380.94
301.518	372.94
301.748	391.94
301.979	368.94
302.209	391.94
302.439	379.94
302.669	388.94
302.9	381.94
303.13	379.94
303.36	389.94
303.59	380.94
303.82	395.94
304.051	411.94
304.281	387.94
304.511	389.94
304.741	392.94
304.971	387.94
305.201	387.94
305.431	381.94
305.661	377.94
305.891	379.94
306.121	367.94
306.352	400.94
306.582	388.94
306.812	377.94
307.042	396.94
307.272	392.94
307.502	397.94
307.731	386.94
307.961	369.94
308.191	398.94
308.421	392.94
308.651	392.94
308.881	400.94
309.111	373.94
309.341	400.94
309.571	407.94
309.8	417.94
310.03	418.94
310.26	424.94
310.49	426.94
310.72	412.94
310.949	412.94
311.179	452.94
311.409	423.94
311.639	417.94
311.868	409.94
312.098	432.94
312.328	435.94
312.557	445.94
312.787	452.94
313.017	460.94
313.246	446.94
313.476	426.94
313.706	426.94
313.935	456.94
314.165	434.94
314.394	442.94
314.624	438.94
314.853	436.94
315.083	429.94
315.312	420.94
315.542	442.94
315.771	432.94
316.001	450.94
316.23	415.94
316.46	409.94
316.689	428.94
316.919	444.94
317.148	458.94
317.377	443.94
317.607	434.94
317.836	413.94
318.065	432.94
318.295	444.94
318.524	414.94
318.753	437.94
318.983	446.94
319.212	424.94
319.441	444.94
319.67	424.94
319.9	435.94
320.129	442.94
320.358	432.94
320.587	455.94
320.816	444.94
321.046	450.94
321.275	437.94
321.504	458.94
321.733	447.94
321.962	440.94
322.191	465.94
322.42	473.94
322.649	490.94
322.878	493.94
323.108	495.94
323.337	499.94
323.566	513.94
323.795	538.94
324.024	581.94
324.253	647.94
324.482	813.94
324.71	1158.94
324.939	1580.94
325.168	1274.94
325.397	755.94
325.626	640.94
325.855	559.94
326.084	542.94
326.313	566.94
326.542	569.94
326.77	585.94
326.999	652.94
327.228	812.94
327.457	1142.94
327.686	1303.94
327.914	863.94
328.143	728.94
328.372	668.94
328.6	663.94
328.829	602.94
329.058	600.94
329.287	640.94
329.515	618.94
329.744	573.94
329.972	619.94
330.201	669.94
330.43	803.94
330.658	739.94
330.887	687.94
331.115	648.94
331.344	604.94
331.572	590.94
331.801	580.94
332.03	568.94
332.258	587.94
332.486	583.94
332.715	598.94
332.943	634.94
333.172	631.94
333.4	651.94
333.629	637.94
333.857	670.94
334.085	720.94
334.314	766.94
334.542	870.94
334.771	959.94
334.999	757.94
335.227	675.94
335.455	614.94
335.684	618.94
335.912	608.94
336.14	596.94
336.369	603.94
336.597	595.94
336.825	628.94
337.053	587.94
337.281	590.94
337.51	576.94
337.738	572.94
337.966	562.94
338.194	560.94
338.422	560.94
338.65	567.94
338.878	547.94
339.106	538.94
339.334	531.94
339.562	554.94
339.79	519.94
340.018	538.94
340.246	532.94
340.474	542.94
340.702	514.94
340.93	539.94
341.158	518.94
341.386	510.94
341.614	543.94
341.842	533.94
342.07	533.94
342.298	538.94
342.526	541.94
342.754	527.94
342.981	534.94
343.209	527.94
343.437	536.94
343.665	572.94
343.893	601.94
344.12	601.94
344.348	599.94
344.576	567.94
344.804	567.94
345.031	573.94
345.259	564.94
345.487	551.94
345.714	541.94
345.942	537.94
346.17	520.94
346.397	534.94
346.625	550.94
346.853	548.94
347.08	521.94
347.308	530.94
347.535	533.94
347.763	550.94
347.99	533.94
348.218	568.94
348.445	535.94
348.673	562.94
348.9	526.94
349.128	534.94
349.355	529.94
349.583	520.94
349.81	523.94
350.037	543.94
350.265	527.94
350.492	505.94
350.72	503.94
350.947	520.94
351.174	543.94
351.402	538.94
351.629	506.94
351.856	499.94
352.083	543.94
352.311	527.94
352.538	515.94
352.765	547.94
352.992	531.94
353.22	538.94
353.447	530.94
353.674	491.94
353.901	512.94
354.128	517.94
354.355	509.94
354.583	513.94
354.81	509.94
355.037	525.94
355.264	501.94
355.491	518.94
355.718	495.94
355.945	513.94
356.172	498.94
356.399	496.94
356.626	492.94
356.853	513.94
357.08	519.94
357.307	494.94
357.534	514.94
357.761	500.94
357.988	521.94
358.215	524.94
358.441	501.94
358.668	507.94
358.895	524.94
359.122	530.94
359.349	529.94
359.576	551.94
359.802	556.94
360.029	573.94
360.256	583.94
360.483	589.94
360.709	536.94
360.936	550.94
361.163	539.94
361.39	520.94
361.616	522.94
361.843	541.94
362.07	545.94
362.296	551.94
362.523	544.94
362.749	554.94
362.976	524.94
363.203	525.94
363.429	530.94
363.656	568.94
363.882	534.94
364.109	545.94
364.335	534.94
364.562	523.94
364.788	552.94
365.015	523.94
365.241	534.94
365.468	525.94
365.694	531.94
365.92	552.94
366.147	544.94
366.373	536.94
366.599	551.94
366.826	525.94
367.052	527.94
367.278	538.94
367.505	536.94
367.731	529.94
367.957	556.94
368.184	532.94
368.41	543.94
368.636	564.94
368.862	593.94
369.089	576.94
369.315	568.94
369.541	558.94
369.767	542.94
369.993	559.94
370.219	568.94
370.445	567.94
370.672	581.94
370.898	556.94
371.124	568.94
371.35	573.94
371.576	578.94
371.802	581.94
372.028	580.94
372.254	575.94
372.48	566.94
372.706	596.94
372.932	588.94
373.158	591.94
373.384	582.94
373.61	570.94
373.835	601.94
374.061	610.94
374.287	590.94
374.513	602.94
374.739	636.94
374.965	627.94
375.191	640.94
375.416	638.94
375.642	621.94
375.868	589.94
376.094	610.94
376.319	590.94
376.545	581.94
376.771	584.94
376.997	577.94
377.222	589.94
377.448	592.94
377.674	591.94
377.899	589.94
378.125	586.94
378.35	591.94
378.576	594.94
378.802	590.94
379.027	566.94
379.253	607.94
379.478	587.94
379.704	580.94
379.929	584.94
380.155	606.94
380.38	587.94
380.606	607.94
380.831	599.94
381.057	603.94
381.282	591.94
381.507	595.94
381.733	600.94
381.958	608.94
382.184	602.94
382.409	626.94
382.634	618.94
382.86	602.94
383.085	626.94
383.31	622.94
383.535	616.94
383.761	640.94
383.986	664.94
384.211	664.94
384.436	659.94
384.662	682.94
384.887	668.94
385.112	684.94
385.337	689.94
385.562	704.94
385.787	702.94
386.013	740.94
386.238	715.94
386.463	720.94
386.688	726.94
386.913	693.94
387.138	704.94
387.363	725.94
387.588	696.94
387.813	705.94
388.038	700.94
388.263	712.94
388.488	721.94
388.713	710.94
388.938	716.94
389.163	693.94
389.387	710.94
389.612	708.94
389.837	715.94
390.062	687.94
390.287	719.94
390.512	712.94
390.736	727.94
390.961	742.94
391.186	727.94
391.411	741.94
391.636	778.94
391.86	795.94
392.085	792.94
392.31	806.94
392.534	798.94
392.759	779.94
392.984	774.94
393.208	791.94
393.433	778.94
393.658	772.94
393.882	775.94
394.107	805.94
394.331	791.94
394.556	775.94
394.78	792.94
395.005	797.94
395.229	838.94
395.454	843.94
395.678	846.94
395.903	835.94
396.127	844.94
396.352	823.94
396.576	807.94
396.801	789.94
397.025	803.94
397.249	820.94
397.474	848.94
397.698	845.94
397.922	847.94
398.147	858.94
398.371	872.94
398.595	883.94
398.82	908.94
399.044	1005.94
399.268	1071.94
399.492	1180.94
399.717	1313.94
399.941	1300.94
400.165	1211.94
400.389	1121.94
400.613	1048.94
400.837	1009.94
401.062	983.94
401.286	965.94
401.51	935.94
401.734	949.94
401.958	983.94
402.182	1010.94
402.406	1018.94
402.63	1000.94
402.854	1020.94
403.078	1017.94
403.302	1075.94
403.526	1057.94
403.75	1072.94
403.974	1058.94
404.198	1102.94
404.422	1095.94
404.645	1111.94
404.869	1138.94
405.093	1140.94
405.317	1165.94
405.541	1182.94
405.765	1131.94
405.988	1114.94
406.212	1124.94
406.436	1196.94
406.66	1201.94
406.883	1178.94
407.107	1197.94
407.331	1238.94
407.555	1298.94
407.778	1307.94
408.002	1256.94
408.226	1235.94
408.449	1207.94
408.673	1176.94
408.896	1154.94
409.12	1150.94
409.344	1158.94
409.567	1115.94
409.791	1130.94
410.014	1159.94
410.238	1105.94
410.461	1110.94
410.685	1135.94
410.908	1131.94
411.132	1156.94
411.355	1129.94
411.578	1124.94
411.802	1134.94
412.025	1099.94
412.249	1138.94
412.472	1158.94
412.695	1162.94
412.919	1114.94
413.142	1092.94
413.365	1086.94
413.589	1100.94
413.812	1042.94
414.035	1057.94
414.258	1066.94
414.482	1075.94
414.705	1132.94
414.928	1105.94
415.151	1077.94
415.374	1083.94
415.597	1057.94
415.821	1066.94
416.044	1076.94
416.267	1060.94
416.49	1078.94
416.713	1048.94
416.936	1084.94
417.159	1032.94
417.382	1086.94
417.605	1088.94
417.828	1099.94
418.051	1122.94
418.274	1131.94
418.497	1074.94
418.72	1119.94
418.943	1103.94
419.166	1169.94
419.389	1232.94
419.611	1204.94
419.834	1180.94
420.057	1165.94
420.28	1150.94
420.503	1133.94
420.726	1120.94
420.948	1130.94
421.171	1166.94
421.394	1144.94
421.617	1137.94
421.839	1116.94
422.062	1110.94
422.285	1109.94
422.507	1126.94
422.73	1155.94
422.953	1152.94
423.175	1135.94
423.398	1179.94
423.621	1185.94
423.843	1166.94
424.066	1179.94
424.288	1178.94
424.511	1161.94
424.733	1228.94
424.956	1232.94
425.178	1216.94
425.401	1191.94
425.623	1218.94
425.846	1113.94
426.068	1120.94
426.291	1103.94
426.513	1106.94
426.735	1074.94
426.958	1125.94
427.18	1106.94
427.402	1206.94
427.625	1278.94
427.847	1202.94
428.069	1101.94
428.292	1112.94
428.514	1059.94
428.736	1022.94
428.958	1041.94
429.181	1025.94
429.403	979.94
429.625	1006.94
429.847	1060.94
430.069	1054.94
430.292	1072.94
430.514	1018.94
430.736	1034.94
430.958	1042.94
431.18	985.94
431.402	975.94
431.624	960.94
431.846	947.94
432.068	928.94
432.29	960.94
432.512	987.94
432.734	986.94
432.956	1016.94
433.178	1040.94
433.4	1082.94
433.622	1025.94
433.844	1028.94
434.066	1003.94
434.287	985.94
434.509	1031.94
434.731	989.94
434.953	1037.94
435.175	1107.94
435.397	1106.94
435.618	1057.94
435.84	1032.94
436.062	1072.94
436.284	1113.94
436.505	1061.94
436.727	1057.94
436.949	1051.94
437.17	1007.94
437.392	1008.94
437.614	997.94
437.835	987.94
438.057	1020.94
438.278	1086.94
438.5	1100.94
438.721	1126.94
438.943	1113.94
439.165	1071.94
439.386	1048.94
439.608	1070.94
439.829	1074.94
440.05	1072.94
440.272	1076.94
440.493	1072.94
440.715	1082.94
440.936	1099.94
441.158	1085.94
441.379	1083.94
441.6	1186.94
441.822	1186.94
442.043	1181.94
442.264	1223.94
442.486	1173.94
442.707	1144.94
442.928	1098.94
443.149	1156.94
443.371	1156.94
443.592	1165.94
443.813	1213.94
444.034	1260.94
444.255	1187.94
444.476	1223.94
444.698	1228.94
444.919	1280.94
445.14	1359.94
445.361	1230.94
445.582	1186.94
445.803	1183.94
446.024	1194.94
446.245	1189.94
446.466	1184.94
446.687	1086.94
446.908	1092.94
447.129	1074.94
447.35	1029.94
447.571	1030.94
447.792	1017.94
448.013	1005.94
448.234	986.94
448.455	1010.94
448.675	1072.94
448.896	1160.94
449.117	1048.94
449.338	1013.94
449.559	1063.94
449.779	1136.94
450	1018.94
450.221	982.94
450.442	955.94
450.662	967.94
450.883	982.94
451.104	1016.94
451.324	1014.94
451.545	966.94
451.766	927.94
451.986	899.94
452.207	916.94
452.428	914.94
452.648	900.94
452.869	899.94
453.089	872.94
453.31	927.94
453.53	864.94
453.751	843.94
453.971	885.94
454.192	863.94
454.412	869.94
454.633	855.94
454.853	879.94
455.073	865.94
455.294	892.94
455.514	900.94
455.734	876.94
455.955	847.94
456.175	814.94
456.395	794.94
456.616	786.94
456.836	803.94
457.056	790.94
457.276	798.94
457.497	818.94
457.717	788.94
457.937	804.94
458.157	825.94
458.377	836.94
458.598	865.94
458.818	911.94
459.038	999.94
459.258	991.94
459.478	962.94
459.698	935.94
459.918	946.94
460.138	990.94
460.358	1029.94
460.578	1031.94
460.798	1039.94
461.018	1068.94
461.238	1041.94
461.458	1023.94
461.678	1029.94
461.898	1056.94
462.118	1054.94
462.338	1100.94
462.558	1104.94
462.777	1133.94
462.997	1173.94
463.217	1294.94
463.437	1288.94
463.657	1200.94
463.876	1171.94
464.096	1174.94
464.316	1206.94
464.536	1166.94
464.755	1144.94
464.975	1137.94
465.195	1159.94
465.414	1211.94
465.634	1049.94
465.854	999.94
466.073	1008.94
466.293	979.94
466.512	932.94
466.732	935.94
466.951	981.94
467.171	940.94
467.391	956.94
467.61	955.94
467.829	957.94
468.049	1007.94
468.268	1020.94
468.488	963.94
468.707	917.94
468.927	933.94
469.146	906.94
469.365	901.94
469.585	915.94
469.804	962.94
470.023	1012.94
470.243	1002.94
470.462	1014.94
470.681	1020.94
470.901	1018.94
471.12	990.94
471.339	973.94
471.558	970.94
471.777	958.94
471.997	930.94
472.216	999.94
472.435	1186.94
472.654	1036.94
472.873	919.94
473.092	909.94
473.311	902.94
473.53	893.94
473.749	901.94
473.968	931.94
474.187	952.94
474.406	944.94
474.625	907.94
474.844	908.94
475.063	913.94
475.282	876.94
475.501	870.94
475.72	860.94
475.939	872.94
476.158	896.94
476.377	910.94
476.596	911.94
476.814	884.94
477.033	894.94
477.252	923.94
477.471	961.94
477.69	1001.94
477.908	1004.94
478.127	1037.94
478.346	1043.94
478.564	1016.94
478.783	1043.94
479.002	1073.94
479.22	1078.94
479.439	1060.94
479.658	1096.94
479.876	1088.94
480.095	1067.94
480.313	1108.94
480.532	1143.94
480.751	1143.94
480.969	1143.94
481.188	1452.94
481.406	1616.94
481.624	1178.94
481.843	1017.94
482.061	995.94
482.28	986.94
482.498	996.94
482.717	977.94
482.935	1018.94
483.153	1015.94
483.372	1069.94
483.59	1081.94
483.808	1033.94
484.027	999.94
484.245	1005.94
484.463	1042.94
484.681	1085.94
484.9	1058.94
485.118	1055.94
485.336	1050.94
485.554	1041.94
485.772	996.94
485.99	1015.94
486.209	1040.94
486.427	1030.94
486.645	1054.94
486.863	1093.94
487.081	1114.94
487.299	1086.94
487.517	1074.94
487.735	1125.94
487.953	1180.94
488.171	1202.94
488.389	1158.94
488.607	1136.94
488.825	1061.94
489.043	1051.94
489.261	1051.94
489.479	1040.94
489.696	1105.94
489.914	1106.94
490.132	1092.94
490.35	1136.94
490.568	1139.94
490.786	1194.94
491.003	1237.94
491.221	1245.94
491.439	1280.94
491.657	1306.94
491.874	1359.94
492.092	1349.94
492.31	1394.94
492.527	1412.94
492.745	1365.94
492.963	1329.94
493.18	1308.94
493.398	1294.94
493.615	1342.94
493.833	1308.94
494.05	1308.94
494.268	1288.94
494.485	1291.94
494.703	1299.94
494.92	1286.94
495.138	1282.94
495.355	1286.94
495.573	1294.94
495.79	1324.94
496.008	1272.94
496.225	1260.94
496.442	1280.94
496.66	1283.94
496.877	1263.94
497.094	1289.94
497.312	1298.94
497.529	1314.94
497.746	1355.94
497.963	1363.94
498.181	1333.94
498.398	1386.94
498.615	1416.94
498.832	1498.94
499.049	1574.94
499.267	1667.94
499.484	1815.94
499.701	2008.94
499.918	2110.94
500.135	2404.94
500.352	2638.94
500.569	2713.94
500.786	2717.94
501.003	2514.94
501.22	2306.94
501.437	2128.94
501.654	1920.94
501.871	1791.94
502.088	1668.94
502.305	1549.94
502.522	1526.94
502.739	1496.94
502.956	1399.94
503.172	1331.94
503.389	1308.94
503.606	1321.94
503.823	1261.94
504.04	1226.94
504.256	1231.94
504.473	1273.94
504.69	1259.94
504.907	1241.94
505.123	1216.94
505.34	1143.94
505.557	1129.94
505.773	1114.94
505.99	1067.94
506.207	1063.94
506.423	1074.94
506.64	1050.94
506.856	1068.94
507.073	1023.94
507.289	1034.94
507.506	1005.94
507.722	1051.94
507.939	1032.94
508.155	1008.94
508.372	985.94
508.588	969.94
508.805	934.94
509.021	963.94
509.238	972.94
509.454	967.94
509.67	931.94
509.887	925.94
510.103	940.94
510.319	960.94
510.536	1152.94
510.752	2270.94
510.968	1573.94
511.184	975.94
511.401	918.94
511.617	907.94
511.833	913.94
512.049	907.94
512.265	904.94
512.481	894.94
512.698	915.94
512.914	883.94
513.13	872.94
513.346	911.94
513.562	901.94
513.778	912.94
513.994	928.94
514.21	930.94
514.426	945.94
514.642	1007.94
514.858	1059.94
515.074	1102.94
515.29	1311.94
515.506	2190.94
515.721	1645.94
515.937	1112.94
516.153	1014.94
516.369	1002.94
516.585	998.94
516.801	1030.94
517.016	1063.94
517.232	1108.94
517.448	1123.94
517.664	1175.94
517.879	1164.94
518.095	1142.94
518.311	1147.94
518.527	1100.94
518.742	1069.94
518.958	1042.94
519.173	1004.94
519.389	999.94
519.605	1006.94
519.82	974.94
520.036	1022.94
520.251	1010.94
520.467	1019.94
520.682	987.94
520.898	989.94
521.113	1002.94
521.329	1062.94
521.544	1174.94
521.76	1454.94
521.975	2739.94
522.19	2625.94
522.406	1312.94
522.621	1035.94
522.836	962.94
523.052	910.94
523.267	870.94
523.482	882.94
523.698	900.94
523.913	900.94
524.128	911.94
524.343	867.94
524.559	872.94
524.774	857.94
524.989	879.94
525.204	847.94
525.419	860.94
525.634	806.94
525.849	799.94
526.064	812.94
526.28	812.94
526.495	794.94
526.71	755.94
526.925	763.94
527.14	753.94
527.355	771.94
527.57	751.94
527.785	770.94
527.999	780.94
528.214	777.94
528.429	803.94
528.644	844.94
528.859	843.94
529.074	886.94
529.289	914.94
529.503	1022.94
529.718	927.94
529.933	846.94
530.148	828.94
530.363	796.94
530.577	734.94
530.792	731.94
531.007	750.94
531.221	742.94
531.436	737.94
531.651	752.94
531.865	748.94
532.08	760.94
532.295	767.94
532.509	754.94
532.724	750.94
532.938	770.94
533.153	771.94
533.367	771.94
533.582	803.94
533.796	811.94
534.011	763.94
534.225	739.94
534.44	723.94
534.654	735.94
534.868	737.94
535.083	718.94
535.297	759.94
535.511	740.94
535.726	741.94
535.94	742.94
536.154	740.94
536.369	734.94
536.583	722.94
536.797	688.94
537.011	700.94
537.225	685.94
537.44	686.94
537.654	687.94
537.868	727.94
538.082	690.94
538.296	694.94
538.51	691.94
538.724	731.94
538.938	750.94
539.153	732.94
539.367	766.94
539.581	723.94
539.795	698.94
540.009	701.94
540.222	669.94
540.436	696.94
540.65	714.94
540.864	750.94
541.078	807.94
541.292	839.94
541.506	820.94
541.72	854.94
541.934	886.94
542.147	913.94
542.361	851.94
542.575	828.94
542.789	780.94
543.002	746.94
543.216	733.94
543.43	733.94
543.644	780.94
543.857	764.94
544.071	817.94
544.285	814.94
544.498	832.94
544.712	820.94
544.925	814.94
545.139	834.94
545.352	826.94
545.566	832.94
545.779	823.94
545.993	844.94
546.206	848.94
546.42	856.94
546.633	865.94
546.847	837.94
547.06	854.94
547.274	843.94
547.487	866.94
547.7	889.94
547.914	844.94
548.127	865.94
548.34	823.94
548.554	844.94
548.767	854.94
548.98	810.94
549.193	825.94
549.407	841.94
549.62	843.94
549.833	833.94
550.046	813.94
550.259	831.94
550.473	797.94
550.686	801.94
550.899	819.94
551.112	807.94
551.325	798.94
551.538	770.94
551.751	712.94
551.964	719.94
552.177	758.94
552.39	758.94
552.603	823.94
552.816	853.94
553.029	861.94
553.242	878.94
553.455	916.94
553.667	886.94
553.88	886.94
554.093	859.94
554.306	812.94
554.519	826.94
554.732	795.94
554.944	784.94
555.157	754.94
555.37	750.94
555.583	749.94
555.795	752.94
556.008	719.94
556.221	696.94
556.433	704.94
556.646	704.94
556.859	671.94
557.071	683.94
557.284	695.94
557.496	695.94
557.709	694.94
557.921	689.94
558.134	696.94
558.346	672.94
558.559	683.94
558.771	679.94
558.984	645.94
559.196	649.94
559.409	640.94
559.621	658.94
559.833	634.94
560.046	635.94
560.258	633.94
560.47	646.94
560.683	660.94
560.895	660.94
561.107	638.94
561.32	664.94
561.532	648.94
561.744	662.94
561.956	664.94
562.168	644.94
562.381	652.94
562.593	625.94
562.805	616.94
563.017	634.94
563.229	629.94
563.441	630.94
563.653	614.94
563.865	632.94
564.077	625.94
564.289	657.94
564.501	646.94
564.713	657.94
564.925	663.94
565.137	658.94
565.349	679.94
565.561	673.94
565.773	684.94
565.985	720.94
566.197	718.94
566.408	775.94
566.62	833.94
566.832	891.94
567.044	894.94
567.255	870.94
567.467	920.94
567.679	948.94
567.891	983.94
568.102	975.94
568.314	916.94
568.526	858.94
568.737	776.94
568.949	698.94
569.161	679.94
569.372	628.94
569.584	602.94
569.795	616.94
570.007	591.94
570.218	670.94
570.43	618.94
570.641	566.94
570.853	597.94
571.064	601.94
571.276	590.94
571.487	582.94
571.698	556.94
571.91	558.94
572.121	538.94
572.333	545.94
572.544	500.94
572.755	502.94
572.966	468.94
573.178	475.94
573.389	452.94
573.6	461.94
573.811	463.94
574.023	473.94
574.234	451.94
574.445	469.94
574.656	464.94
574.867	474.94
575.078	466.94
575.289	460.94
575.501	451.94
575.712	451.94
575.923	451.94
576.134	463.94
576.345	447.94
576.556	453.94
576.767	462.94
576.978	438.94
577.188	430.94
577.399	427.94
577.61	444.94
577.821	437.94
578.032	438.94
578.243	517.94
578.454	876.94
578.665	567.94
578.875	431.94
579.086	421.94
579.297	400.94
579.508	389.94
579.718	412.94
579.929	384.94
580.14	406.94
580.35	400.94
580.561	417.94
580.772	407.94
580.982	395.94
581.193	392.94
581.403	388.94
581.614	408.94
581.825	395.94
582.035	390.94
582.246	393.94
582.456	397.94
582.667	391.94
582.877	390.94
583.087	394.94
583.298	369.94
583.508	380.94
583.719	385.94
583.929	379.94
584.139	376.94
584.35	369.94
584.56	372.94
584.77	371.94
584.981	359.94
585.191	384.94
585.401	394.94
585.611	376.94
585.821	367.94
586.032	375.94
586.242	393.94
586.452	362.94
586.662	376.94
586.872	377.94
587.082	363.94
587.292	349.94
587.502	380.94
587.713	386.94
587.923	354.94
588.133	379.94
588.343	366.94
588.553	354.94
588.762	366.94
588.972	376.94
589.182	366.94
589.392	352.94
589.602	358.94
589.812	368.94
590.022	375.94
590.232	369.94
590.441	378.94
590.651	358.94
590.861	364.94
591.071	367.94
591.281	385.94
591.49	390.94
591.7	401.94
591.91	376.94
592.119	384.94
592.329	405.94
592.539	428.94
592.748	424.94
592.958	426.94
593.167	431.94
593.377	446.94
593.587	437.94
593.796	418.94
594.006	468.94
594.215	442.94
594.424	443.94
594.634	443.94
594.843	431.94
595.053	404.94
595.262	405.94
595.472	410.94
595.681	399.94
595.89	380.94
596.1	361.94
596.309	367.94
596.518	355.94
596.727	362.94
596.937	371.94
597.146	341.94
597.355	353.94
597.564	323.94
597.774	338.94
597.983	333.94
598.192	334.94
598.401	316.94
598.61	337.94
598.819	334.94
599.028	346.94
599.237	327.94
599.446	330.94
599.655	336.94
599.864	314.94
600.073	321.94
600.282	323.94
600.491	313.94
600.7	327.94
600.909	294.94
601.118	335.94
601.327	333.94
601.536	333.94
601.745	347.94
601.953	341.94
602.162	342.94
602.371	338.94
602.58	346.94
602.789	343.94
602.997	349.94
603.206	327.94
603.415	339.94
603.623	337.94
603.832	335.94
604.041	349.94
604.249	303.94
604.458	315.94
604.666	319.94
604.875	319.94
605.084	314.94
605.292	325.94
605.501	335.94
605.709	341.94
605.918	342.94
606.126	350.94
606.334	341.94
606.543	335.94
606.751	341.94
606.96	336.94
607.168	341.94
607.376	326.94
607.585	322.94
607.793	337.94
608.001	318.94
608.21	337.94
608.418	355.94
608.626	360.94
608.834	330.94
609.043	332.94
609.251	334.94
609.459	325.94
609.667	342.94
609.875	325.94
610.083	347.94
610.291	336.94
610.499	331.94
610.707	324.94
610.916	344.94
611.124	329.94
611.332	331.94
611.54	330.94
611.748	341.94
611.955	346.94
612.163	330.94
612.371	328.94
612.579	330.94
612.787	326.94
612.995	327.94
613.203	313.94
613.411	319.94
613.618	345.94
613.826	322.94
614.034	336.94
614.242	334.94
614.449	334.94
614.657	316.94
614.865	324.94
615.072	319.94
615.28	328.94
615.488	319.94
615.695	298.94
615.903	306.94
616.111	322.94
616.318	318.94
616.526	321.94
616.733	313.94
616.941	315.94
617.148	319.94
617.356	327.94
617.563	299.94
617.771	320.94
617.978	301.94
618.185	305.94
618.393	319.94
618.6	317.94
618.807	308.94
619.015	299.94
619.222	334.94
619.429	309.94
619.637	295.94
619.844	271.94
620.051	281.94
620.258	283.94
620.466	299.94
620.673	287.94
620.88	291.94
621.087	289.94
621.294	310.94
621.501	282.94
621.708	282.94
621.915	292.94
622.122	283.94
622.329	304.94
622.536	322.94
622.743	304.94
622.95	295.94
623.157	266.94
623.364	291.94
623.571	294.94
623.778	291.94
623.985	307.94
624.192	283.94
624.399	291.94
624.606	292.94
624.812	283.94
625.019	280.94
625.226	275.94
625.433	275.94
625.639	271.94
625.846	261.94
626.053	244.94
626.259	256.94
626.466	237.94
626.673	256.94
626.879	226.94
627.086	237.94
627.293	260.94
627.499	245.94
627.706	264.94
627.912	260.94
628.119	274.94
628.325	265.94
628.532	259.94
628.738	260.94
628.945	254.94
629.151	258.94
629.357	248.94
629.564	265.94
629.77	230.94
629.976	254.94
630.183	248.94
630.389	268.94
630.595	255.94
630.802	237.94
631.008	242.94
631.214	231.94
631.42	258.94
631.627	235.94
631.833	247.94
632.039	254.94
632.245	238.94
632.451	231.94
632.657	234.94
632.863	241.94
633.069	256.94
633.275	238.94
633.481	242.94
633.688	213.94
633.893	229.94
634.099	247.94
634.305	248.94
634.511	238.94
634.717	215.94
634.923	221.94
635.129	241.94
635.335	234.94
635.541	222.94
635.747	250.94
635.952	241.94
636.158	215.94
636.364	258.94
636.57	261.94
636.775	250.94
636.981	232.94
637.187	236.94
637.392	228.94
637.598	213.94
637.804	236.94
638.009	223.94
638.215	213.94
638.421	221.94
638.626	219.94
638.832	226.94
639.037	209.94
639.243	222.94
639.448	219.94
639.654	231.94
639.859	210.94
640.065	205.94
640.27	209.94
640.475	212.94
640.681	211.94
640.886	218.94
641.091	219.94
641.297	218.94
641.502	210.94
641.707	219.94
641.913	212.94
642.118	198.94
642.323	216.94
642.528	210.94
642.733	216.94
642.939	204.94
643.144	208.94
643.349	202.94
643.554	218.94
643.759	220.94
643.964	212.94
644.169	198.94
644.374	221.94
644.579	215.94
644.784	217.94
644.989	216.94
645.194	205.94
645.399	198.94
645.604	189.94
645.809	191.94
646.014	190.94
646.219	211.94
646.423	209.94
646.628	205.94
646.833	220.94
647.038	198.94
647.243	211.94
647.447	206.94
647.652	216.94
647.857	214.94
648.062	221.94
648.266	229.94
648.471	215.94
648.676	208.94
648.88	218.94
649.085	210.94
649.289	227.94
649.494	207.94
649.698	214.94
649.903	213.94
650.107	211.94
650.312	192.94
650.516	193.94
650.721	195.94
650.925	179.94
651.13	182.94
651.334	188.94
651.539	190.94
651.743	186.94
651.947	167.94
652.152	185.94
652.356	164.94
652.56	167.94
652.764	174.94
652.969	155.94
653.173	160.94
653.377	183.94
653.581	150.94
653.785	168.94
653.99	159.94
654.194	156.94
654.398	178.94
654.602	168.94
654.806	140.94
655.01	160.94
655.214	156.94
655.418	170.94
655.622	154.94
655.826	163.94
656.03	146.94
656.234	168.94
656.438	152.94
656.642	156.94
656.846	155.94
657.049	144.94
657.253	139.94
657.457	144.94
657.661	144.94
657.865	115.94
658.068	118.94
658.272	126.94
658.476	125.94
658.68	116.94
658.883	104.94
659.087	114.94
659.291	102.94
659.494	114.94
659.698	111.94
659.901	114.94
660.105	98.94
660.309	107.94
660.512	101.94
660.716	100.94
660.919	92.94
661.123	90.94
661.326	92.94
661.53	92.94
661.733	90.94
661.936	102.94
662.14	91.94
662.343	83.94
662.546	84.94
662.75	87.94
662.953	93.94
663.156	80.94
663.36	95.94
663.563	67.94
663.766	72.94
663.969	92.94
664.173	87.94
664.376	90.94
664.579	101.94
664.782	71.94
664.985	85.94
665.188	80.94
665.391	88.94
665.594	72.94
665.797	71.94
666	77.94
666.203	89.94
666.406	88.94
666.609	92.94
666.812	80.94
667.015	77.94
667.218	81.94
667.421	84.94
667.624	92.94
667.827	72.94
668.03	76.94
668.232	93.94
668.435	79.94
668.638	80.94
668.841	83.94
669.043	77.94
669.246	94.94
669.449	90.94
669.651	85.94
669.854	75.94
670.057	84.94
670.259	81.94
670.462	87.94
670.665	86.94
670.867	95.94
671.07	86.94
671.272	88.94
671.475	82.94
671.677	75.94
671.88	78.94
672.082	71.94
672.284	68.94
672.487	85.94
672.689	67.94
672.892	84.94
