223.165	-16.19
223.4	-16.19
223.635	-16.19
223.869	-8.19
224.104	-32.19
224.338	-26.19
224.573	-30.19
224.808	-16.19
225.042	1.81
225.277	-3.19
225.511	-15.19
225.746	0.81
225.98	13.81
226.215	15.81
226.449	30.81
226.683	26.81
226.918	24.81
227.152	32.81
227.387	32.81
227.621	45.81
227.856	35.81
228.09	36.81
228.324	56.81
228.559	51.81
228.793	74.81
229.027	91.81
229.262	79.81
229.496	99.81
229.73	125.81
229.964	117.81
230.199	116.81
230.433	104.81
230.667	112.81
230.901	89.81
231.136	107.81
231.37	109.81
231.604	113.81
231.838	123.81
232.072	115.81
232.306	122.81
232.541	114.81
232.775	117.81
233.009	116.81
233.243	115.81
233.477	116.81
233.711	127.81
233.945	123.81
234.179	122.81
234.413	110.81
234.647	113.81
234.881	107.81
235.115	126.81
235.349	113.81
235.583	126.81
235.817	115.81
236.051	109.81
236.285	108.81
236.519	120.81
236.753	118.81
236.987	126.81
237.221	152.81
237.455	180.81
237.689	139.81
237.922	130.81
238.156	146.81
238.39	123.81
238.624	120.81
238.858	133.81
239.091	140.81
239.325	124.81
239.559	120.81
239.793	141.81
240.027	128.81
240.26	133.81
240.494	137.81
240.728	128.81
240.961	127.81
241.195	129.81
241.429	133.81
241.662	132.81
241.896	141.81
242.13	132.81
242.363	118.81
242.597	126.81
242.83	133.81
243.064	131.81
243.298	131.81
243.531	141.81
243.765	134.81
243.998	140.81
244.232	136.81
244.465	141.81
244.699	144.81
244.932	143.81
245.166	151.81
245.399	134.81
245.633	142.81
245.866	151.81
246.099	149.81
246.333	159.81
246.566	161.81
246.8	143.81
247.033	139.81
247.266	160.81
247.5	157.81
247.733	170.81
247.966	161.81
248.2	159.81
248.433	155.81
248.666	160.81
248.899	163.81
249.133	188.81
249.366	189.81
249.599	174.81
249.832	162.81
250.066	157.81
250.299	190.81
250.532	190.81
250.765	197.81
250.998	197.81
251.231	184.81
251.465	195.81
251.698	182.81
251.931	178.81
252.164	178.81
252.397	172.81
252.63	177.81
252.863	163.81
253.096	190.81
253.329	187.81
253.562	199.81
253.795	187.81
254.028	200.81
254.261	190.81
254.494	202.81
254.727	204.81
254.96	218.81
255.193	216.81
255.426	203.81
255.659	208.81
255.892	216.81
256.124	212.81
256.357	228.81
256.59	216.81
256.823	214.81
257.056	206.81
257.289	204.81
257.521	200.81
257.754	199.81
257.987	221.81
258.22	201.81
258.452	209.81
258.685	213.81
258.918	199.81
259.151	205.81
259.383	204.81
259.616	201.81
259.849	196.81
260.081	209.81
260.314	229.81
260.547	215.81
260.779	219.81
261.012	209.81
261.244	214.81
261.477	227.81
261.71	210.81
261.942	217.81
262.175	240.81
262.407	224.81
262.64	196.81
262.872	209.81
263.105	193.81
263.337	209.81
263.57	222.81
263.802	208.81
264.035	215.81
264.267	196.81
264.499	207.81
264.732	202.81
264.964	211.81
265.197	215.81
265.429	209.81
265.661	203.81
265.894	213.81
266.126	226.81
266.358	210.81
266.591	227.81
266.823	237.81
267.055	226.81
267.287	227.81
267.52	235.81
267.752	226.81
267.984	224.81
268.216	243.81
268.448	244.81
268.681	251.81
268.913	248.81
269.145	250.81
269.377	270.81
269.609	254.81
269.841	249.81
270.073	263.81
270.306	265.81
270.538	294.81
270.77	265.81
271.002	250.81
271.234	273.81
271.466	283.81
271.698	268.81
271.93	280.81
272.162	279.81
272.394	282.81
272.626	276.81
272.858	279.81
273.09	256.81
273.322	252.81
273.553	278.81
273.785	236.81
274.017	262.81
274.249	253.81
274.481	262.81
274.713	266.81
274.945	271.81
275.176	244.81
275.408	282.81
275.64	260.81
275.872	255.81
276.104	279.81
276.335	268.81
276.567	268.81
276.799	293.81
277.031	305.81
277.262	302.81
277.494	292.81
277.726	281.81
277.957	299.81
278.189	288.81
278.421	273.81
278.652	283.81
278.884	269.81
279.115	295.81
279.347	266.81
279.579	274.81
279.81	298.81
280.042	294.81
280.273	295.81
280.505	283.81
280.736	281.81
280.968	271.81
281.199	276.81
281.431	300.81
281.662	286.81
281.894	293.81
282.125	292.81
282.356	308.81
282.588	318.81
282.819	326.81
283.051	290.81
283.282	279.81
283.513	316.81
283.745	288.81
283.976	293.81
284.207	299.81
284.439	306.81
284.67	321.81
284.901	310.81
285.132	312.81
285.364	298.81
285.595	287.81
285.826	305.81
286.057	298.81
286.288	303.81
286.52	292.81
286.751	319.81
286.982	325.81
287.213	325.81
287.444	306.81
287.675	301.81
287.906	305.81
288.138	334.81
288.369	325.81
288.6	316.81
288.831	306.81
289.062	315.81
289.293	331.81
289.524	308.81
289.755	327.81
289.986	312.81
290.217	312.81
290.448	318.81
290.679	316.81
290.91	306.81
291.141	310.81
291.371	331.81
291.602	305.81
291.833	323.81
292.064	323.81
292.295	326.81
292.526	333.81
292.757	308.81
292.987	321.81
293.218	327.81
293.449	332.81
293.68	322.81
293.91	334.81
294.141	347.81
294.372	329.81
294.603	322.81
294.833	325.81
295.064	335.81
295.295	329.81
295.525	323.81
295.756	356.81
295.987	340.81
296.217	371.81
296.448	362.81
296.679	340.81
296.909	336.81
297.14	349.81
297.37	332.81
297.601	346.81
297.831	347.81
298.062	333.81
298.292	342.81
298.523	355.81
298.753	357.81
298.984	342.81
299.214	350.81
299.445	362.81
299.675	337.81
299.905	372.81
300.136	368.81
300.366	372.81
300.597	370.81
300.827	366.81
301.057	373.81
301.288	378.81
301.518	372.81
301.748	363.81
301.979	372.81
302.209	381.81
302.439	384.81
302.669	384.81
302.9	369.81
303.13	383.81
303.36	384.81
303.59	368.81
303.82	404.81
304.051	389.81
304.281	401.81
304.511	368.81
304.741	371.81
304.971	380.81
305.201	374.81
305.431	394.81
305.661	382.81
305.891	391.81
306.121	374.81
306.352	394.81
306.582	404.81
306.812	392.81
307.042	374.81
307.272	371.81
307.502	405.81
307.731	395.81
307.961	399.81
308.191	372.81
308.421	379.81
308.651	389.81
308.881	386.81
309.111	398.81
309.341	391.81
309.571	387.81
309.8	408.81
310.03	407.81
310.26	412.81
310.49	406.81
310.72	418.81
310.949	448.81
311.179	446.81
311.409	432.81
311.639	405.81
311.868	432.81
312.098	408.81
312.328	432.81
312.557	433.81
312.787	458.81
313.017	435.81
313.246	436.81
313.476	426.81
313.706	434.81
313.935	436.81
314.165	451.81
314.394	454.81
314.624	446.81
314.853	450.81
315.083	441.81
315.312	438.81
315.542	430.81
315.771	422.81
316.001	413.81
316.23	418.81
316.46	424.81
316.689	420.81
316.919	439.81
317.148	429.81
317.377	435.81
317.607	437.81
317.836	420.81
318.065	427.81
318.295	420.81
318.524	429.81
318.753	437.81
318.983	408.81
319.212	437.81
319.441	429.81
319.67	440.81
319.9	447.81
320.129	427.81
320.358	427.81
320.587	413.81
320.816	432.81
321.046	428.81
321.275	448.81
321.504	446.81
321.733	470.81
321.962	462.81
322.191	488.81
322.42	486.81
322.649	465.81
322.878	498.81
323.108	493.81
323.337	537.81
323.566	509.81
323.795	546.81
324.024	581.81
324.253	667.81
324.482	846.81
324.71	1212.81
324.939	1606.81
325.168	1329.81
325.397	754.81
325.626	611.81
325.855	568.81
326.084	529.81
326.313	527.81
326.542	557.81
326.77	602.81
326.999	651.81
327.228	814.81
327.457	1203.81
327.686	1340.81
327.914	929.81
328.143	740.81
328.372	689.81
328.6	694.81
328.829	594.81
329.058	622.81
329.287	641.81
329.515	631.81
329.744	588.81
329.972	638.81
330.201	682.81
330.43	824.81
330.658	748.81
330.887	697.81
331.115	672.81
331.344	605.81
331.572	591.81
331.801	606.81
332.03	579.81
332.258	596.81
332.486	585.81
332.715	588.81
332.943	626.81
333.172	629.81
333.4	637.81
333.629	669.81
333.857	722.81
334.085	738.81
334.314	795.81
334.542	930.81
334.771	1010.81
334.999	792.81
335.227	684.81
335.455	666.81
335.684	641.81
335.912	638.81
336.14	590.81
336.369	594.81
336.597	604.81
336.825	605.81
337.053	587.81
337.281	584.81
337.51	585.81
337.738	549.81
337.966	571.81
338.194	563.81
338.422	558.81
338.65	557.81
338.878	554.81
339.106	537.81
339.334	530.81
339.562	519.81
339.79	525.81
340.018	536.81
340.246	515.81
340.474	541.81
340.702	538.81
340.93	521.81
341.158	520.81
341.386	521.81
341.614	536.81
341.842	527.81
342.07	520.81
342.298	529.81
342.526	534.81
342.754	510.81
342.981	525.81
343.209	524.81
343.437	573.81
343.665	566.81
343.893	607.81
344.12	610.81
344.348	603.81
344.576	593.81
344.804	562.81
345.031	553.81
345.259	558.81
345.487	554.81
345.714	549.81
345.942	506.81
346.17	530.81
346.397	525.81
346.625	521.81
346.853	524.81
347.08	529.81
347.308	534.81
347.535	549.81
347.763	522.81
347.99	528.81
348.218	569.81
348.445	574.81
348.673	542.81
348.9	532.81
349.128	549.81
349.355	521.81
349.583	513.81
349.81	512.81
350.037	525.81
350.265	514.81
350.492	509.81
350.72	502.81
350.947	514.81
351.174	519.81
351.402	514.81
351.629	537.81
351.856	531.81
352.083	523.81
352.311	531.81
352.538	539.81
352.765	536.81
352.992	544.81
353.22	516.81
353.447	512.81
353.674	494.81
353.901	499.81
354.128	511.81
354.355	505.81
354.583	497.81
354.81	512.81
355.037	522.81
355.264	529.81
355.491	509.81
355.718	516.81
355.945	504.81
356.172	519.81
356.399	518.81
356.626	515.81
356.853	513.81
357.08	500.81
357.307	521.81
357.534	483.81
357.761	516.81
357.988	508.81
358.215	515.81
358.441	538.81
358.668	500.81
358.895	538.81
359.122	512.81
359.349	511.81
359.576	521.81
359.802	535.81
360.029	586.81
360.256	609.81
360.483	570.81
360.709	560.81
360.936	528.81
361.163	540.81
361.39	543.81
361.616	561.81
361.843	552.81
362.07	526.81
362.296	539.81
362.523	529.81
362.749	548.81
362.976	544.81
363.203	547.81
363.429	528.81
363.656	563.81
363.882	529.81
364.109	516.81
364.335	529.81
364.562	526.81
364.788	515.81
365.015	530.81
365.241	534.81
365.468	529.81
365.694	546.81
365.92	543.81
366.147	534.81
366.373	540.81
366.599	536.81
366.826	553.81
367.052	517.81
367.278	548.81
367.505	545.81
367.731	548.81
367.957	529.81
368.184	568.81
368.41	517.81
368.636	560.81
368.862	574.81
369.089	573.81
369.315	553.81
369.541	544.81
369.767	582.81
369.993	560.81
370.219	553.81
370.445	572.81
370.672	561.81
370.898	590.81
371.124	572.81
371.35	547.81
371.576	575.81
371.802	570.81
372.028	575.81
372.254	586.81
372.48	586.81
372.706	592.81
372.932	587.81
373.158	589.81
373.384	574.81
373.61	604.81
373.835	586.81
374.061	595.81
374.287	596.81
374.513	598.81
374.739	580.81
374.965	618.81
375.191	632.81
375.416	616.81
375.642	622.81
375.868	630.81
376.094	596.81
376.319	619.81
376.545	593.81
376.771	580.81
376.997	593.81
377.222	600.81
377.448	593.81
377.674	580.81
377.899	579.81
378.125	583.81
378.35	572.81
378.576	574.81
378.802	588.81
379.027	595.81
379.253	581.81
379.478	583.81
379.704	572.81
379.929	558.81
380.155	578.81
380.38	590.81
380.606	612.81
380.831	608.81
381.057	593.81
381.282	592.81
381.507	569.81
381.733	589.81
381.958	619.81
382.184	603.81
382.409	620.81
382.634	596.81
382.86	640.81
383.085	614.81
383.31	608.81
383.535	637.81
383.761	678.81
383.986	671.81
384.211	675.81
384.436	694.81
384.662	707.81
384.887	698.81
385.112	689.81
385.337	702.81
385.562	675.81
385.787	706.81
386.013	717.81
386.238	712.81
386.463	720.81
386.688	701.81
386.913	713.81
387.138	715.81
387.363	688.81
387.588	695.81
387.813	704.81
388.038	698.81
388.263	709.81
388.488	716.81
388.713	711.81
388.938	720.81
389.163	716.81
389.387	716.81
389.612	703.81
389.837	719.81
390.062	714.81
390.287	714.81
390.512	723.81
390.736	712.81
390.961	716.81
391.186	731.81
391.411	760.81
391.636	782.81
391.86	793.81
392.085	789.81
392.31	796.81
392.534	796.81
392.759	773.81
392.984	778.81
393.208	780.81
393.433	767.81
393.658	756.81
393.882	769.81
394.107	771.81
394.331	798.81
394.556	820.81
394.78	800.81
395.005	807.81
395.229	787.81
395.454	793.81
395.678	824.81
395.903	822.81
396.127	838.81
396.352	847.81
396.576	818.81
396.801	791.81
397.025	800.81
397.249	802.81
397.474	829.81
397.698	848.81
397.922	821.81
398.147	835.81
398.371	859.81
398.595	881.81
398.82	892.81
399.044	943.81
399.268	1080.81
399.492	1149.81
399.717	1309.81
399.941	1302.81
400.165	1199.81
400.389	1121.81
400.613	1046.81
400.837	1002.81
401.062	969.81
401.286	946.81
401.51	948.81
401.734	973.81
401.958	990.81
402.182	972.81
402.406	1057.81
402.63	1050.81
402.854	1047.81
403.078	1071.81
403.302	1060.81
403.526	1073.81
403.75	1096.81
403.974	1087.81
404.198	1112.81
404.422	1122.81
404.645	1104.81
404.869	1124.81
405.093	1089.81
405.317	1142.81
405.541	1153.81
405.765	1095.81
405.988	1109.81
406.212	1124.81
406.436	1210.81
406.66	1226.81
406.883	1146.81
407.107	1213.81
407.331	1258.81
407.555	1326.81
407.778	1294.81
408.002	1241.81
408.226	1208.81
408.449	1180.81
408.673	1130.81
408.896	1197.81
409.12	1173.81
409.344	1174.81
409.567	1147.81
409.791	1164.81
410.014	1146.81
410.238	1144.81
410.461	1134.81
410.685	1141.81
410.908	1139.81
411.132	1105.81
411.355	1121.81
411.578	1101.81
411.802	1076.81
412.025	1111.81
412.249	1132.81
412.472	1162.81
412.695	1172.81
412.919	1153.81
413.142	1086.81
413.365	1080.81
413.589	1054.81
413.812	1050.81
414.035	1044.81
414.258	1066.81
414.482	1049.81
414.705	1075.81
414.928	1062.81
415.151	1090.81
415.374	1057.81
415.597	1037.81
415.821	1042.81
416.044	1058.81
416.267	1074.81
416.49	1037.81
416.713	1070.81
416.936	1078.81
417.159	1066.81
417.382	1079.81
417.605	1040.81
417.828	1079.81
418.051	1105.81
418.274	1085.81
418.497	1094.81
418.72	1102.81
418.943	1127.81
419.166	1188.81
419.389	1238.81
419.611	1223.81
419.834	1188.81
420.057	1165.81
420.28	1153.81
420.503	1133.81
420.726	1117.81
420.948	1108.81
421.171	1132.81
421.394	1146.81
421.617	1132.81
421.839	1107.81
422.062	1140.81
422.285	1090.81
422.507	1154.81
422.73	1170.81
422.953	1158.81
423.175	1144.81
423.398	1168.81
423.621	1176.81
423.843	1180.81
424.066	1172.81
424.288	1165.81
424.511	1198.81
424.733	1222.81
424.956	1221.81
425.178	1209.81
425.401	1200.81
425.623	1200.81
425.846	1107.81
426.068	1085.81
426.291	1092.81
426.513	1067.81
426.735	1077.81
426.958	1073.81
427.18	1100.81
427.402	1210.81
427.625	1240.81
427.847	1207.81
428.069	1119.81
428.292	1113.81
428.514	1052.81
428.736	1017.81
428.958	1036.81
429.181	1015.81
429.403	997.81
429.625	1010.81
429.847	1015.81
430.069	1057.81
430.292	1062.81
430.514	1003.81
430.736	1020.81
430.958	1004.81
431.18	980.81
431.402	1004.81
431.624	974.81
431.846	971.81
432.068	910.81
432.29	953.81
432.512	955.81
432.734	1008.81
432.956	1016.81
433.178	1045.81
433.4	1036.81
433.622	1033.81
433.844	1029.81
434.066	1010.81
434.287	1001.81
434.509	976.81
434.731	984.81
434.953	1012.81
435.175	1106.81
435.397	1105.81
435.618	1033.81
435.84	1033.81
436.062	1085.81
436.284	1124.81
436.505	1059.81
436.727	1045.81
436.949	1032.81
437.17	1019.81
437.392	997.81
437.614	996.81
437.835	1016.81
438.057	1060.81
438.278	1098.81
438.5	1071.81
438.721	1160.81
438.943	1128.81
439.165	1056.81
439.386	1049.81
439.608	1073.81
439.829	1069.81
440.05	1095.81
440.272	1113.81
440.493	1098.81
440.715	1103.81
440.936	1077.81
441.158	1101.81
441.379	1099.81
441.6	1168.81
441.822	1165.81
442.043	1193.81
442.264	1182.81
442.486	1168.81
442.707	1166.81
442.928	1115.81
443.149	1148.81
443.371	1137.81
443.592	1162.81
443.813	1221.81
444.034	1259.81
444.255	1208.81
444.476	1185.81
444.698	1252.81
444.919	1274.81
445.14	1408.81
445.361	1267.81
445.582	1202.81
445.803	1184.81
446.024	1196.81
446.245	1175.81
446.466	1162.81
446.687	1090.81
446.908	1082.81
447.129	1071.81
447.35	1037.81
447.571	1026.81
447.792	990.81
448.013	1001.81
448.234	1021.81
448.455	1019.81
448.675	1043.81
448.896	1125.81
449.117	1030.81
449.338	1024.81
449.559	1052.81
449.779	1103.81
450	996.81
450.221	984.81
450.442	981.81
450.662	961.81
450.883	972.81
451.104	1004.81
451.324	991.81
451.545	983.81
451.766	961.81
451.986	923.81
452.207	900.81
452.428	911.81
452.648	939.81
452.869	909.81
453.089	886.81
453.31	881.81
453.53	866.81
453.751	827.81
453.971	830.81
454.192	881.81
454.412	884.81
454.633	820.81
454.853	874.81
455.073	850.81
455.294	865.81
455.514	914.81
455.734	877.81
455.955	814.81
456.175	820.81
456.395	855.81
456.616	785.81
456.836	796.81
457.056	809.81
457.276	794.81
457.497	810.81
457.717	791.81
457.937	802.81
458.157	799.81
458.377	830.81
458.598	846.81
458.818	942.81
459.038	986.81
459.258	961.81
459.478	944.81
459.698	930.81
459.918	938.81
460.138	956.81
460.358	1017.81
460.578	1048.81
460.798	1033.81
461.018	1046.81
461.238	1021.81
461.458	1025.81
461.678	1023.81
461.898	1067.81
462.118	1057.81
462.338	1120.81
462.558	1112.81
462.777	1153.81
462.997	1224.81
463.217	1317.81
463.437	1310.81
463.657	1184.81
463.876	1164.81
464.096	1114.81
464.316	1175.81
464.536	1193.81
464.755	1148.81
464.975	1153.81
465.195	1188.81
465.414	1189.81
465.634	1062.81
465.854	1027.81
466.073	971.81
466.293	956.81
466.512	956.81
466.732	943.81
466.951	946.81
467.171	945.81
467.391	984.81
467.61	965.81
467.829	994.81
468.049	1014.81
468.268	1074.81
468.488	942.81
468.707	929.81
468.927	942.81
469.146	917.81
469.365	914.81
469.585	927.81
469.804	990.81
470.023	989.81
470.243	987.81
470.462	992.81
470.681	1047.81
470.901	1024.81
471.12	1011.81
471.339	984.81
471.558	962.81
471.777	965.81
471.997	939.81
472.216	996.81
472.435	1252.81
472.654	1057.81
472.873	914.81
473.092	883.81
473.311	885.81
473.53	882.81
473.749	907.81
473.968	904.81
474.187	937.81
474.406	937.81
474.625	906.81
474.844	907.81
475.063	912.81
475.282	886.81
475.501	876.81
475.72	879.81
475.939	879.81
476.158	930.81
476.377	895.81
476.596	880.81
476.814	905.81
477.033	898.81
477.252	918.81
477.471	966.81
477.69	971.81
477.908	1020.81
478.127	1057.81
478.346	1026.81
478.564	1045.81
478.783	1079.81
479.002	1064.81
479.22	1073.81
479.439	1097.81
479.658	1070.81
479.876	1051.81
480.095	1082.81
480.313	1099.81
480.532	1154.81
480.751	1116.81
480.969	1144.81
481.188	1505.81
481.406	1660.81
481.624	1177.81
481.843	1032.81
482.061	1011.81
482.28	1005.81
482.498	1034.81
482.717	992.81
482.935	1016.81
483.153	1069.81
483.372	1059.81
483.59	1055.81
483.808	1015.81
484.027	1023.81
484.245	1040.81
484.463	1042.81
484.681	1076.81
484.9	1075.81
485.118	1065.81
485.336	1030.81
485.554	1025.81
485.772	1018.81
485.99	1018.81
486.209	1021.81
486.427	1038.81
486.645	1066.81
486.863	1129.81
487.081	1081.81
487.299	1066.81
487.517	1085.81
487.735	1120.81
487.953	1203.81
488.171	1154.81
488.389	1137.81
488.607	1093.81
488.825	1041.81
489.043	1040.81
489.261	1052.81
489.479	1088.81
489.696	1098.81
489.914	1118.81
490.132	1102.81
490.35	1156.81
490.568	1154.81
490.786	1183.81
491.003	1197.81
491.221	1237.81
491.439	1269.81
491.657	1265.81
491.874	1326.81
492.092	1372.81
492.31	1430.81
492.527	1428.81
492.745	1356.81
492.963	1355.81
493.18	1324.81
493.398	1275.81
493.615	1304.81
493.833	1290.81
494.05	1313.81
494.268	1274.81
494.485	1284.81
494.703	1273.81
494.92	1281.81
495.138	1293.81
495.355	1249.81
495.573	1292.81
495.79	1283.81
496.008	1276.81
496.225	1292.81
496.442	1275.81
496.66	1300.81
496.877	1294.81
497.094	1306.81
497.312	1294.81
497.529	1313.81
497.746	1314.81
497.963	1322.81
498.181	1364.81
498.398	1345.81
498.615	1394.81
498.832	1458.81
499.049	1591.81
499.267	1658.81
499.484	1805.81
499.701	1982.81
499.918	2101.81
500.135	2378.81
500.352	2648.81
500.569	2724.81
500.786	2731.81
501.003	2508.81
501.22	2251.81
501.437	2098.81
501.654	1877.81
501.871	1792.81
502.088	1686.81
502.305	1563.81
502.522	1484.81
502.739	1481.81
502.956	1387.81
503.172	1347.81
503.389	1299.81
503.606	1251.81
503.823	1250.81
504.04	1245.81
504.256	1239.81
504.473	1233.81
504.69	1277.81
504.907	1230.81
505.123	1146.81
505.34	1154.81
505.557	1114.81
505.773	1099.81
505.99	1075.81
506.207	1084.81
506.423	1037.81
506.64	1026.81
506.856	1035.81
507.073	1049.81
507.289	1042.81
507.506	1047.81
507.722	1029.81
507.939	1045.81
508.155	1023.81
508.372	993.81
508.588	978.81
508.805	960.81
509.021	949.81
509.238	964.81
509.454	934.81
509.67	934.81
509.887	913.81
510.103	908.81
510.319	955.81
510.536	1163.81
510.752	2292.81
510.968	1620.81
511.184	970.81
511.401	916.81
511.617	907.81
511.833	908.81
512.049	902.81
512.265	876.81
512.481	892.81
512.698	895.81
512.914	897.81
513.13	879.81
513.346	903.81
513.562	896.81
513.778	906.81
513.994	929.81
514.21	948.81
514.426	960.81
514.642	1026.81
514.858	1062.81
515.074	1103.81
515.29	1328.81
515.506	2172.81
515.721	1692.81
515.937	1128.81
516.153	1020.81
516.369	1030.81
516.585	1001.81
516.801	1060.81
517.016	1068.81
517.232	1074.81
517.448	1131.81
517.664	1154.81
517.879	1156.81
518.095	1150.81
518.311	1118.81
518.527	1090.81
518.742	1044.81
518.958	1052.81
519.173	1008.81
519.389	1015.81
519.605	1002.81
519.82	995.81
520.036	968.81
520.251	985.81
520.467	1018.81
520.682	994.81
520.898	972.81
521.113	998.81
521.329	1056.81
521.544	1133.81
521.76	1509.81
521.975	2812.81
522.19	2662.81
522.406	1349.81
522.621	1027.81
522.836	933.81
523.052	921.81
523.267	880.81
523.482	872.81
523.698	870.81
523.913	920.81
524.128	893.81
524.343	869.81
524.559	850.81
524.774	830.81
524.989	866.81
525.204	859.81
525.419	853.81
525.634	837.81
525.849	826.81
526.064	799.81
526.28	771.81
526.495	766.81
526.71	780.81
526.925	744.81
527.14	786.81
527.355	737.81
527.57	761.81
527.785	780.81
527.999	748.81
528.214	775.81
528.429	826.81
528.644	820.81
528.859	841.81
529.074	857.81
529.289	903.81
529.503	1019.81
529.718	953.81
529.933	841.81
530.148	801.81
530.363	767.81
530.577	767.81
530.792	748.81
531.007	746.81
531.221	733.81
531.436	733.81
531.651	728.81
531.865	723.81
532.08	712.81
532.295	737.81
532.509	753.81
532.724	768.81
532.938	762.81
533.153	760.81
533.367	782.81
533.582	794.81
533.796	784.81
534.011	772.81
534.225	762.81
534.44	733.81
534.654	740.81
534.868	735.81
535.083	760.81
535.297	749.81
535.511	752.81
535.726	744.81
535.94	736.81
536.154	744.81
536.369	691.81
536.583	716.81
536.797	672.81
537.011	654.81
537.225	696.81
537.44	687.81
537.654	735.81
537.868	716.81
538.082	708.81
538.296	693.81
538.51	706.81
538.724	707.81
538.938	748.81
539.153	757.81
539.367	760.81
539.581	741.81
539.795	687.81
540.009	691.81
540.222	686.81
540.436	716.81
540.65	741.81
540.864	736.81
541.078	755.81
541.292	815.81
541.506	824.81
541.72	848.81
541.934	885.81
542.147	858.81
542.361	858.81
542.575	800.81
542.789	765.81
543.002	775.81
543.216	747.81
543.43	745.81
543.644	730.81
543.857	750.81
544.071	785.81
544.285	794.81
544.498	822.81
544.712	797.81
544.925	835.81
545.139	818.81
545.352	831.81
545.566	841.81
545.779	824.81
545.993	818.81
546.206	884.81
546.42	860.81
546.633	830.81
546.847	851.81
547.06	833.81
547.274	846.81
547.487	865.81
547.7	840.81
547.914	832.81
548.127	836.81
548.34	843.81
548.554	834.81
548.767	805.81
548.98	840.81
549.193	818.81
549.407	799.81
549.62	830.81
549.833	833.81
550.046	802.81
550.259	814.81
550.473	819.81
550.686	823.81
550.899	817.81
551.112	798.81
551.325	787.81
551.538	774.81
551.751	714.81
551.964	746.81
552.177	737.81
552.39	764.81
552.603	794.81
552.816	820.81
553.029	851.81
553.242	862.81
553.455	865.81
553.667	878.81
553.88	851.81
554.093	842.81
554.306	850.81
554.519	827.81
554.732	826.81
554.944	757.81
555.157	748.81
555.37	751.81
555.583	738.81
555.795	729.81
556.008	723.81
556.221	698.81
556.433	705.81
556.646	700.81
556.859	692.81
557.071	686.81
557.284	712.81
557.496	710.81
557.709	678.81
557.921	700.81
558.134	686.81
558.346	678.81
558.559	673.81
558.771	684.81
558.984	661.81
559.196	628.81
559.409	649.81
559.621	659.81
559.833	643.81
560.046	635.81
560.258	635.81
560.47	667.81
560.683	637.81
560.895	654.81
561.107	624.81
561.32	641.81
561.532	647.81
561.744	623.81
561.956	646.81
562.168	644.81
562.381	640.81
562.593	629.81
562.805	634.81
563.017	649.81
563.229	641.81
563.441	656.81
563.653	635.81
563.865	647.81
564.077	628.81
564.289	643.81
564.501	610.81
564.713	653.81
564.925	672.81
565.137	647.81
565.349	680.81
565.561	690.81
565.773	716.81
565.985	722.81
566.197	734.81
566.408	806.81
566.62	814.81
566.832	892.81
567.044	902.81
567.255	883.81
567.467	897.81
567.679	947.81
567.891	969.81
568.102	986.81
568.314	936.81
568.526	860.81
568.737	765.81
568.949	716.81
569.161	684.81
569.372	642.81
569.584	602.81
569.795	597.81
570.007	584.81
570.218	658.81
570.43	608.81
570.641	575.81
570.853	576.81
571.064	563.81
571.276	588.81
571.487	566.81
571.698	550.81
571.91	550.81
572.121	528.81
572.333	513.81
572.544	496.81
572.755	482.81
572.966	472.81
573.178	469.81
573.389	468.81
573.6	486.81
573.811	476.81
574.023	462.81
574.234	473.81
574.445	474.81
574.656	446.81
574.867	477.81
575.078	450.81
575.289	466.81
575.501	449.81
575.712	461.81
575.923	457.81
576.134	445.81
576.345	427.81
576.556	460.81
576.767	440.81
576.978	441.81
577.188	427.81
577.399	429.81
577.61	404.81
577.821	414.81
578.032	426.81
578.243	493.81
578.454	839.81
578.665	584.81
578.875	440.81
579.086	417.81
579.297	399.81
579.508	402.81
579.718	408.81
579.929	412.81
580.14	411.81
580.35	403.81
580.561	404.81
580.772	410.81
580.982	395.81
581.193	390.81
581.403	404.81
581.614	389.81
581.825	384.81
582.035	395.81
582.246	386.81
582.456	378.81
582.667	384.81
582.877	391.81
583.087	392.81
583.298	363.81
583.508	347.81
583.719	394.81
583.929	398.81
584.139	381.81
584.35	388.81
584.56	368.81
584.77	361.81
584.981	371.81
585.191	373.81
585.401	373.81
585.611	366.81
585.821	379.81
586.032	364.81
586.242	365.81
586.452	371.81
586.662	369.81
586.872	379.81
587.082	373.81
587.292	364.81
587.502	360.81
587.713	371.81
587.923	361.81
588.133	343.81
588.343	341.81
588.553	353.81
588.762	368.81
588.972	354.81
589.182	368.81
589.392	378.81
589.602	371.81
589.812	372.81
590.022	343.81
590.232	364.81
590.441	368.81
590.651	368.81
590.861	366.81
591.071	401.81
591.281	380.81
591.49	382.81
591.7	382.81
591.91	409.81
592.119	373.81
592.329	382.81
592.539	381.81
592.748	417.81
592.958	433.81
593.167	410.81
593.377	436.81
593.587	430.81
593.796	437.81
594.006	430.81
594.215	433.81
594.424	457.81
594.634	447.81
594.843	405.81
595.053	398.81
595.262	374.81
595.472	393.81
595.681	402.81
595.89	378.81
596.1	379.81
596.309	371.81
596.518	362.81
596.727	376.81
596.937	349.81
597.146	354.81
597.355	342.81
597.564	340.81
597.774	315.81
597.983	330.81
598.192	316.81
598.401	314.81
598.61	317.81
598.819	313.81
599.028	323.81
599.237	330.81
599.446	340.81
599.655	321.81
599.864	304.81
600.073	309.81
600.282	325.81
600.491	327.81
600.7	312.81
600.909	324.81
601.118	329.81
601.327	322.81
601.536	342.81
601.745	355.81
601.953	348.81
602.162	353.81
602.371	354.81
602.58	362.81
602.789	358.81
602.997	337.81
603.206	329.81
603.415	330.81
603.623	328.81
603.832	329.81
604.041	331.81
604.249	318.81
604.458	314.81
604.666	292.81
604.875	293.81
605.084	304.81
605.292	314.81
605.501	319.81
605.709	320.81
605.918	335.81
606.126	325.81
606.334	336.81
606.543	347.81
606.751	325.81
606.96	324.81
607.168	307.81
607.376	313.81
607.585	332.81
607.793	324.81
608.001	324.81
608.21	338.81
608.418	313.81
608.626	324.81
608.834	337.81
609.043	330.81
609.251	344.81
609.459	320.81
609.667	331.81
609.875	331.81
610.083	324.81
610.291	326.81
610.499	317.81
610.707	305.81
610.916	316.81
611.124	314.81
611.332	305.81
611.54	321.81
611.748	333.81
611.955	332.81
612.163	312.81
612.371	328.81
612.579	334.81
612.787	313.81
612.995	303.81
613.203	312.81
613.411	301.81
613.618	319.81
613.826	326.81
614.034	315.81
614.242	322.81
614.449	306.81
614.657	326.81
614.865	329.81
615.072	329.81
615.28	316.81
615.488	324.81
615.695	345.81
615.903	317.81
616.111	333.81
616.318	317.81
616.526	334.81
616.733	337.81
616.941	325.81
617.148	324.81
617.356	339.81
617.563	298.81
617.771	323.81
617.978	320.81
618.185	317.81
618.393	314.81
618.6	322.81
618.807	321.81
619.015	344.81
619.222	314.81
619.429	318.81
619.637	285.81
619.844	278.81
620.051	303.81
620.258	291.81
620.466	296.81
620.673	291.81
620.88	280.81
621.087	306.81
621.294	284.81
621.501	276.81
621.708	293.81
621.915	289.81
622.122	292.81
622.329	300.81
622.536	302.81
622.743	294.81
622.95	287.81
623.157	282.81
623.364	309.81
623.571	308.81
623.778	292.81
623.985	298.81
624.192	281.81
624.399	277.81
624.606	270.81
624.812	266.81
625.019	276.81
625.226	271.81
625.433	269.81
625.639	270.81
625.846	265.81
626.053	266.81
626.259	227.81
626.466	240.81
626.673	225.81
626.879	229.81
627.086	251.81
627.293	255.81
627.499	249.81
627.706	264.81
627.912	272.81
628.119	293.81
628.325	271.81
628.532	253.81
628.738	263.81
628.945	247.81
629.151	254.81
629.357	246.81
629.564	259.81
629.77	261.81
629.976	259.81
630.183	246.81
630.389	249.81
630.595	253.81
630.802	256.81
631.008	244.81
631.214	263.81
631.42	226.81
631.627	236.81
631.833	244.81
632.039	240.81
632.245	260.81
632.451	252.81
632.657	241.81
632.863	249.81
633.069	243.81
633.275	225.81
633.481	230.81
633.688	237.81
633.893	223.81
634.099	237.81
634.305	234.81
634.511	232.81
634.717	223.81
634.923	208.81
635.129	224.81
635.335	220.81
635.541	218.81
635.747	212.81
635.952	237.81
636.158	224.81
636.364	241.81
636.57	280.81
636.775	242.81
636.981	222.81
637.187	245.81
637.392	254.81
637.598	230.81
637.804	229.81
638.009	247.81
638.215	233.81
638.421	227.81
638.626	213.81
638.832	220.81
639.037	227.81
639.243	197.81
639.448	212.81
639.654	214.81
639.859	212.81
640.065	212.81
640.27	216.81
640.475	206.81
640.681	208.81
640.886	206.81
641.091	202.81
641.297	222.81
641.502	212.81
641.707	211.81
641.913	209.81
642.118	197.81
642.323	220.81
642.528	222.81
642.733	218.81
642.939	219.81
643.144	199.81
643.349	215.81
643.554	209.81
643.759	205.81
643.964	207.81
644.169	222.81
644.374	192.81
644.579	202.81
644.784	195.81
644.989	184.81
645.194	205.81
645.399	205.81
645.604	201.81
645.809	199.81
646.014	205.81
646.219	204.81
646.423	217.81
646.628	205.81
646.833	193.81
647.038	209.81
647.243	216.81
647.447	221.81
647.652	199.81
647.857	217.81
648.062	221.81
648.266	206.81
648.471	220.81
648.676	221.81
648.88	225.81
649.085	238.81
649.289	207.81
649.494	210.81
649.698	215.81
649.903	210.81
650.107	205.81
650.312	197.81
650.516	202.81
650.721	190.81
650.925	200.81
651.13	182.81
651.334	189.81
651.539	188.81
651.743	197.81
651.947	176.81
652.152	178.81
652.356	163.81
652.56	166.81
652.764	178.81
652.969	173.81
653.173	158.81
653.377	176.81
653.581	159.81
653.785	175.81
653.99	157.81
654.194	160.81
654.398	161.81
654.602	169.81
654.806	156.81
655.01	160.81
655.214	160.81
655.418	158.81
655.622	141.81
655.826	161.81
656.03	152.81
656.234	151.81
656.438	162.81
656.642	162.81
656.846	137.81
657.049	156.81
657.253	138.81
657.457	132.81
657.661	132.81
657.865	122.81
658.068	140.81
658.272	120.81
658.476	131.81
658.68	125.81
658.883	118.81
659.087	124.81
659.291	107.81
659.494	114.81
659.698	114.81
659.901	129.81
660.105	92.81
660.309	91.81
660.512	85.81
660.716	107.81
660.919	106.81
661.123	100.81
661.326	100.81
661.53	78.81
661.733	92.81
661.936	92.81
662.14	93.81
662.343	86.81
662.546	93.81
662.75	88.81
662.953	90.81
663.156	97.81
663.36	90.81
663.563	93.81
663.766	78.81
663.969	88.81
664.173	81.81
664.376	73.81
664.579	81.81
664.782	85.81
664.985	84.81
665.188	78.81
665.391	74.81
665.594	82.81
665.797	87.81
666	81.81
666.203	67.81
666.406	89.81
666.609	63.81
666.812	69.81
667.015	80.81
667.218	84.81
667.421	79.81
667.624	92.81
667.827	80.81
668.03	96.81
668.232	83.81
668.435	82.81
668.638	74.81
668.841	67.81
669.043	70.81
669.246	82.81
669.449	83.81
669.651	80.81
669.854	73.81
670.057	76.81
670.259	94.81
670.462	81.81
670.665	66.81
670.867	85.81
671.07	83.81
671.272	95.81
671.475	93.81
671.677	88.81
671.88	91.81
672.082	75.81
672.284	85.81
672.487	76.81
672.689	57.81
672.892	70.81
