223.165	-19.94
223.4	-19.94
223.635	-19.94
223.869	-16.94
224.104	-7.94
224.338	-11.94
224.573	-4.94
224.808	-19.94
225.042	-5.94
225.277	-2.94
225.511	3.06
225.746	-11.94
225.98	0.06
226.215	28.06
226.449	15.06
226.683	17.06
226.918	21.06
227.152	18.06
227.387	32.06
227.621	39.06
227.856	54.06
228.09	46.06
228.324	21.06
228.559	55.06
228.793	78.06
229.027	124.06
229.262	138.06
229.496	139.06
229.73	166.06
229.964	177.06
230.199	167.06
230.433	140.06
230.667	139.06
230.901	143.06
231.136	115.06
231.37	130.06
231.604	143.06
231.838	126.06
232.072	136.06
232.306	136.06
232.541	131.06
232.775	141.06
233.009	134.06
233.243	145.06
233.477	143.06
233.711	140.06
233.945	145.06
234.179	150.06
234.413	132.06
234.647	141.06
234.881	157.06
235.115	146.06
235.349	143.06
235.583	158.06
235.817	149.06
236.051	169.06
236.285	154.06
236.519	158.06
236.753	169.06
236.987	173.06
237.221	229.06
237.455	236.06
237.689	215.06
237.922	164.06
238.156	174.06
238.39	147.06
238.624	157.06
238.858	161.06
239.091	169.06
239.325	161.06
239.559	160.06
239.793	174.06
240.027	179.06
240.26	160.06
240.494	181.06
240.728	193.06
240.961	187.06
241.195	197.06
241.429	183.06
241.662	177.06
241.896	195.06
242.13	175.06
242.363	166.06
242.597	190.06
242.83	189.06
243.064	183.06
243.298	209.06
243.531	188.06
243.765	209.06
243.998	201.06
244.232	190.06
244.465	194.06
244.699	213.06
244.932	204.06
245.166	206.06
245.399	204.06
245.633	219.06
245.866	213.06
246.099	191.06
246.333	201.06
246.566	226.06
246.8	202.06
247.033	227.06
247.266	220.06
247.5	233.06
247.733	216.06
247.966	235.06
248.2	226.06
248.433	200.06
248.666	220.06
248.899	245.06
249.133	269.06
249.366	291.06
249.599	278.06
249.832	262.06
250.066	273.06
250.299	336.06
250.532	388.06
250.765	435.06
250.998	381.06
251.231	354.06
251.465	315.06
251.698	305.06
251.931	295.06
252.164	283.06
252.397	292.06
252.63	287.06
252.863	295.06
253.096	301.06
253.329	303.06
253.562	291.06
253.795	285.06
254.028	313.06
254.261	301.06
254.494	298.06
254.727	301.06
254.96	322.06
255.193	345.06
255.426	354.06
255.659	413.06
255.892	497.06
256.124	656.06
256.357	674.06
256.59	541.06
256.823	454.06
257.056	423.06
257.289	381.06
257.521	379.06
257.754	367.06
257.987	349.06
258.22	324.06
258.452	338.06
258.685	330.06
258.918	318.06
259.151	329.06
259.383	317.06
259.616	320.06
259.849	315.06
260.081	321.06
260.314	326.06
260.547	339.06
260.779	318.06
261.012	315.06
261.244	341.06
261.477	315.06
261.71	338.06
261.942	321.06
262.175	363.06
262.407	354.06
262.64	305.06
262.872	311.06
263.105	291.06
263.337	303.06
263.57	310.06
263.802	301.06
264.035	306.06
264.267	295.06
264.499	302.06
264.732	323.06
264.964	313.06
265.197	308.06
265.429	306.06
265.661	315.06
265.894	328.06
266.126	308.06
266.358	320.06
266.591	310.06
266.823	318.06
267.055	345.06
267.287	306.06
267.52	299.06
267.752	317.06
267.984	321.06
268.216	319.06
268.448	314.06
268.681	312.06
268.913	331.06
269.145	338.06
269.377	356.06
269.609	342.06
269.841	366.06
270.073	343.06
270.306	367.06
270.538	393.06
270.77	377.06
271.002	363.06
271.234	363.06
271.466	356.06
271.698	367.06
271.93	379.06
272.162	385.06
272.394	381.06
272.626	359.06
272.858	371.06
273.09	369.06
273.322	374.06
273.553	386.06
273.785	383.06
274.017	363.06
274.249	379.06
274.481	384.06
274.713	383.06
274.945	384.06
275.176	389.06
275.408	391.06
275.64	402.06
275.872	415.06
276.104	431.06
276.335	411.06
276.567	416.06
276.799	445.06
277.031	474.06
277.262	503.06
277.494	505.06
277.726	484.06
277.957	462.06
278.189	443.06
278.421	421.06
278.652	401.06
278.884	417.06
279.115	418.06
279.347	410.06
279.579	427.06
279.81	455.06
280.042	481.06
280.273	534.06
280.505	547.06
280.736	475.06
280.968	451.06
281.199	441.06
281.431	418.06
281.662	421.06
281.894	410.06
282.125	422.06
282.356	456.06
282.588	478.06
282.819	463.06
283.051	436.06
283.282	413.06
283.513	422.06
283.745	399.06
283.976	409.06
284.207	415.06
284.439	438.06
284.67	408.06
284.901	427.06
285.132	418.06
285.364	411.06
285.595	430.06
285.826	421.06
286.057	420.06
286.288	444.06
286.52	415.06
286.751	426.06
286.982	425.06
287.213	426.06
287.444	438.06
287.675	421.06
287.906	445.06
288.138	443.06
288.369	435.06
288.6	441.06
288.831	435.06
289.062	455.06
289.293	443.06
289.524	466.06
289.755	453.06
289.986	421.06
290.217	439.06
290.448	452.06
290.679	434.06
290.91	438.06
291.141	440.06
291.371	442.06
291.602	438.06
291.833	427.06
292.064	442.06
292.295	449.06
292.526	430.06
292.757	427.06
292.987	430.06
293.218	432.06
293.449	429.06
293.68	433.06
293.91	431.06
294.141	439.06
294.372	439.06
294.603	431.06
294.833	429.06
295.064	429.06
295.295	450.06
295.525	446.06
295.756	445.06
295.987	456.06
296.217	509.06
296.448	493.06
296.679	461.06
296.909	455.06
297.14	445.06
297.37	451.06
297.601	453.06
297.831	454.06
298.062	471.06
298.292	462.06
298.523	489.06
298.753	489.06
298.984	470.06
299.214	489.06
299.445	468.06
299.675	508.06
299.905	500.06
300.136	470.06
300.366	483.06
300.597	480.06
300.827	503.06
301.057	517.06
301.288	507.06
301.518	496.06
301.748	489.06
301.979	502.06
302.209	506.06
302.439	505.06
302.669	510.06
302.9	519.06
303.13	509.06
303.36	517.06
303.59	546.06
303.82	548.06
304.051	554.06
304.281	525.06
304.511	488.06
304.741	527.06
304.971	507.06
305.201	518.06
305.431	525.06
305.661	505.06
305.891	507.06
306.121	530.06
306.352	517.06
306.582	552.06
306.812	521.06
307.042	530.06
307.272	556.06
307.502	578.06
307.731	582.06
307.961	564.06
308.191	533.06
308.421	497.06
308.651	514.06
308.881	548.06
309.111	547.06
309.341	534.06
309.571	543.06
309.8	564.06
310.03	568.06
310.26	567.06
310.49	582.06
310.72	579.06
310.949	569.06
311.179	606.06
311.409	586.06
311.639	557.06
311.868	561.06
312.098	571.06
312.328	593.06
312.557	606.06
312.787	612.06
313.017	590.06
313.246	600.06
313.476	569.06
313.706	579.06
313.935	596.06
314.165	593.06
314.394	625.06
314.624	615.06
314.853	601.06
315.083	611.06
315.312	590.06
315.542	597.06
315.771	582.06
316.001	581.06
316.23	583.06
316.46	583.06
316.689	590.06
316.919	607.06
317.148	606.06
317.377	630.06
317.607	621.06
317.836	594.06
318.065	574.06
318.295	589.06
318.524	603.06
318.753	587.06
318.983	624.06
319.212	614.06
319.441	623.06
319.67	641.06
319.9	627.06
320.129	619.06
320.358	598.06
320.587	619.06
320.816	635.06
321.046	632.06
321.275	651.06
321.504	629.06
321.733	653.06
321.962	652.06
322.191	657.06
322.42	715.06
322.649	734.06
322.878	736.06
323.108	745.06
323.337	790.06
323.566	818.06
323.795	867.06
324.024	945.06
324.253	1142.06
324.482	1639.06
324.71	2526.06
324.939	3559.06
325.168	2861.06
325.397	1494.06
325.626	1099.06
325.855	993.06
326.084	892.06
326.313	931.06
326.542	939.06
326.77	1013.06
326.999	1212.06
327.228	1592.06
327.457	2493.06
327.686	2930.06
327.914	1949.06
328.143	1699.06
328.372	1857.06
328.6	1612.06
328.829	1240.06
329.058	1218.06
329.287	1243.06
329.515	1238.06
329.744	1358.06
329.972	1749.06
330.201	2333.06
330.43	2951.06
330.658	2377.06
330.887	1613.06
331.115	1334.06
331.344	1153.06
331.572	1089.06
331.801	1067.06
332.03	1050.06
332.258	1020.06
332.486	1038.06
332.715	1049.06
332.943	1099.06
333.172	1151.06
333.4	1178.06
333.629	1332.06
333.857	1587.06
334.085	1917.06
334.314	2565.06
334.542	3519.06
334.771	3867.06
334.999	2360.06
335.227	1563.06
335.455	1281.06
335.684	1165.06
335.912	1068.06
336.14	1002.06
336.369	955.06
336.597	960.06
336.825	949.06
337.053	937.06
337.281	891.06
337.51	845.06
337.738	850.06
337.966	825.06
338.194	817.06
338.422	826.06
338.65	797.06
338.878	785.06
339.106	739.06
339.334	771.06
339.562	787.06
339.79	782.06
340.018	747.06
340.246	738.06
340.474	755.06
340.702	742.06
340.93	738.06
341.158	726.06
341.386	736.06
341.614	757.06
341.842	747.06
342.07	732.06
342.298	723.06
342.526	707.06
342.754	705.06
342.981	685.06
343.209	721.06
343.437	726.06
343.665	756.06
343.893	775.06
344.12	801.06
344.348	788.06
344.576	759.06
344.804	746.06
345.031	759.06
345.259	757.06
345.487	742.06
345.714	766.06
345.942	751.06
346.17	721.06
346.397	702.06
346.625	703.06
346.853	698.06
347.08	710.06
347.308	717.06
347.535	730.06
347.763	723.06
347.99	722.06
348.218	737.06
348.445	742.06
348.673	719.06
348.9	736.06
349.128	697.06
349.355	697.06
349.583	690.06
349.81	691.06
350.037	675.06
350.265	682.06
350.492	676.06
350.72	722.06
350.947	691.06
351.174	723.06
351.402	752.06
351.629	739.06
351.856	711.06
352.083	739.06
352.311	735.06
352.538	751.06
352.765	754.06
352.992	718.06
353.22	710.06
353.447	741.06
353.674	674.06
353.901	692.06
354.128	691.06
354.355	686.06
354.583	698.06
354.81	669.06
355.037	683.06
355.264	667.06
355.491	677.06
355.718	673.06
355.945	670.06
356.172	685.06
356.399	685.06
356.626	637.06
356.853	655.06
357.08	663.06
357.307	654.06
357.534	675.06
357.761	674.06
357.988	695.06
358.215	688.06
358.441	665.06
358.668	691.06
358.895	689.06
359.122	694.06
359.349	697.06
359.576	722.06
359.802	749.06
360.029	800.06
360.256	834.06
360.483	773.06
360.709	749.06
360.936	750.06
361.163	708.06
361.39	717.06
361.616	725.06
361.843	713.06
362.07	718.06
362.296	733.06
362.523	722.06
362.749	740.06
362.976	718.06
363.203	735.06
363.429	701.06
363.656	717.06
363.882	710.06
364.109	722.06
364.335	686.06
364.562	703.06
364.788	711.06
365.015	725.06
365.241	707.06
365.468	708.06
365.694	732.06
365.92	714.06
366.147	709.06
366.373	713.06
366.599	701.06
366.826	706.06
367.052	709.06
367.278	710.06
367.505	714.06
367.731	742.06
367.957	716.06
368.184	715.06
368.41	699.06
368.636	749.06
368.862	742.06
369.089	741.06
369.315	743.06
369.541	734.06
369.767	733.06
369.993	736.06
370.219	726.06
370.445	738.06
370.672	718.06
370.898	715.06
371.124	751.06
371.35	746.06
371.576	763.06
371.802	745.06
372.028	758.06
372.254	742.06
372.48	721.06
372.706	751.06
372.932	761.06
373.158	750.06
373.384	775.06
373.61	736.06
373.835	750.06
374.061	733.06
374.287	754.06
374.513	763.06
374.739	779.06
374.965	811.06
375.191	820.06
375.416	805.06
375.642	775.06
375.868	796.06
376.094	781.06
376.319	755.06
376.545	742.06
376.771	749.06
376.997	739.06
377.222	754.06
377.448	745.06
377.674	731.06
377.899	742.06
378.125	768.06
378.35	731.06
378.576	727.06
378.802	732.06
379.027	743.06
379.253	750.06
379.478	737.06
379.704	743.06
379.929	716.06
380.155	738.06
380.38	724.06
380.606	746.06
380.831	749.06
381.057	749.06
381.282	761.06
381.507	762.06
381.733	766.06
381.958	773.06
382.184	747.06
382.409	785.06
382.634	773.06
382.86	781.06
383.085	766.06
383.31	807.06
383.535	809.06
383.761	806.06
383.986	813.06
384.211	825.06
384.436	844.06
384.662	854.06
384.887	853.06
385.112	889.06
385.337	886.06
385.562	865.06
385.787	876.06
386.013	867.06
386.238	887.06
386.463	868.06
386.688	887.06
386.913	879.06
387.138	854.06
387.363	875.06
387.588	865.06
387.813	873.06
388.038	863.06
388.263	861.06
388.488	877.06
388.713	857.06
388.938	875.06
389.163	868.06
389.387	839.06
389.612	846.06
389.837	871.06
390.062	834.06
390.287	877.06
390.512	878.06
390.736	868.06
390.961	871.06
391.186	885.06
391.411	919.06
391.636	932.06
391.86	921.06
392.085	957.06
392.31	928.06
392.534	930.06
392.759	919.06
392.984	932.06
393.208	919.06
393.433	934.06
393.658	941.06
393.882	921.06
394.107	933.06
394.331	939.06
394.556	914.06
394.78	946.06
395.005	950.06
395.229	927.06
395.454	978.06
395.678	975.06
395.903	988.06
396.127	982.06
396.352	998.06
396.576	953.06
396.801	935.06
397.025	949.06
397.249	963.06
397.474	980.06
397.698	991.06
397.922	1017.06
398.147	1008.06
398.371	1065.06
398.595	1045.06
398.82	1079.06
399.044	1152.06
399.268	1259.06
399.492	1356.06
399.717	1505.06
399.941	1486.06
400.165	1418.06
400.389	1310.06
400.613	1220.06
400.837	1123.06
401.062	1136.06
401.286	1099.06
401.51	1121.06
401.734	1102.06
401.958	1131.06
402.182	1117.06
402.406	1158.06
402.63	1184.06
402.854	1197.06
403.078	1189.06
403.302	1217.06
403.526	1222.06
403.75	1254.06
403.974	1280.06
404.198	1227.06
404.422	1307.06
404.645	1316.06
404.869	1344.06
405.093	1373.06
405.317	1417.06
405.541	1450.06
405.765	1401.06
405.988	1355.06
406.212	1331.06
406.436	1390.06
406.66	1401.06
406.883	1361.06
407.107	1409.06
407.331	1439.06
407.555	1530.06
407.778	1492.06
408.002	1449.06
408.226	1360.06
408.449	1355.06
408.673	1317.06
408.896	1328.06
409.12	1334.06
409.344	1346.06
409.567	1253.06
409.791	1314.06
410.014	1263.06
410.238	1286.06
410.461	1261.06
410.685	1242.06
410.908	1241.06
411.132	1249.06
411.355	1281.06
411.578	1254.06
411.802	1218.06
412.025	1282.06
412.249	1311.06
412.472	1425.06
412.695	1455.06
412.919	1434.06
413.142	1355.06
413.365	1316.06
413.589	1294.06
413.812	1229.06
414.035	1195.06
414.258	1220.06
414.482	1193.06
414.705	1222.06
414.928	1186.06
415.151	1222.06
415.374	1145.06
415.597	1183.06
415.821	1145.06
416.044	1175.06
416.267	1174.06
416.49	1162.06
416.713	1159.06
416.936	1171.06
417.159	1146.06
417.382	1194.06
417.605	1179.06
417.828	1214.06
418.051	1205.06
418.274	1201.06
418.497	1185.06
418.72	1159.06
418.943	1181.06
419.166	1263.06
419.389	1369.06
419.611	1297.06
419.834	1324.06
420.057	1345.06
420.28	1365.06
420.503	1393.06
420.726	1299.06
420.948	1259.06
421.171	1277.06
421.394	1283.06
421.617	1235.06
421.839	1241.06
422.062	1222.06
422.285	1247.06
422.507	1281.06
422.73	1293.06
422.953	1280.06
423.175	1230.06
423.398	1219.06
423.621	1253.06
423.843	1244.06
424.066	1258.06
424.288	1273.06
424.511	1287.06
424.733	1314.06
424.956	1356.06
425.178	1349.06
425.401	1309.06
425.623	1346.06
425.846	1248.06
426.068	1217.06
426.291	1189.06
426.513	1183.06
426.735	1181.06
426.958	1239.06
427.18	1284.06
427.402	1409.06
427.625	1567.06
427.847	1504.06
428.069	1486.06
428.292	1331.06
428.514	1209.06
428.736	1177.06
428.958	1158.06
429.181	1102.06
429.403	1094.06
429.625	1108.06
429.847	1164.06
430.069	1171.06
430.292	1159.06
430.514	1086.06
430.736	1101.06
430.958	1056.06
431.18	1085.06
431.402	1054.06
431.624	1028.06
431.846	1043.06
432.068	1028.06
432.29	1057.06
432.512	1060.06
432.734	1094.06
432.956	1089.06
433.178	1108.06
433.4	1081.06
433.622	1092.06
433.844	1096.06
434.066	1054.06
434.287	1077.06
434.509	1067.06
434.731	1121.06
434.953	1149.06
435.175	1180.06
435.397	1187.06
435.618	1137.06
435.84	1178.06
436.062	1239.06
436.284	1303.06
436.505	1180.06
436.727	1157.06
436.949	1129.06
437.17	1123.06
437.392	1049.06
437.614	1092.06
437.835	1122.06
438.057	1248.06
438.278	1304.06
438.5	1327.06
438.721	1380.06
438.943	1333.06
439.165	1167.06
439.386	1139.06
439.608	1162.06
439.829	1170.06
440.05	1204.06
440.272	1245.06
440.493	1235.06
440.715	1170.06
440.936	1142.06
441.158	1158.06
441.379	1199.06
441.6	1210.06
441.822	1263.06
442.043	1285.06
442.264	1346.06
442.486	1329.06
442.707	1232.06
442.928	1266.06
443.149	1289.06
443.371	1296.06
443.592	1317.06
443.813	1403.06
444.034	1425.06
444.255	1337.06
444.476	1325.06
444.698	1370.06
444.919	1368.06
445.14	1429.06
445.361	1334.06
445.582	1305.06
445.803	1363.06
446.024	1416.06
446.245	1399.06
446.466	1327.06
446.687	1201.06
446.908	1180.06
447.129	1126.06
447.35	1117.06
447.571	1101.06
447.792	1105.06
448.013	1088.06
448.234	1108.06
448.455	1201.06
448.675	1231.06
448.896	1361.06
449.117	1188.06
449.338	1187.06
449.559	1325.06
449.779	1351.06
450	1172.06
450.221	1113.06
450.442	1073.06
450.662	1061.06
450.883	1090.06
451.104	1125.06
451.324	1112.06
451.545	1087.06
451.766	1052.06
451.986	1047.06
452.207	1005.06
452.428	1002.06
452.648	992.06
452.869	983.06
453.089	982.06
453.31	1025.06
453.53	967.06
453.751	954.06
453.971	981.06
454.192	1003.06
454.412	1028.06
454.633	954.06
454.853	981.06
455.073	936.06
455.294	987.06
455.514	1045.06
455.734	988.06
455.955	910.06
456.175	919.06
456.395	886.06
456.616	875.06
456.836	901.06
457.056	886.06
457.276	883.06
457.497	919.06
457.717	914.06
457.937	942.06
458.157	939.06
458.377	942.06
458.598	957.06
458.818	1095.06
459.038	1201.06
459.258	1151.06
459.478	1094.06
459.698	1075.06
459.918	1067.06
460.138	1087.06
460.358	1107.06
460.578	1143.06
460.798	1173.06
461.018	1165.06
461.238	1135.06
461.458	1136.06
461.678	1148.06
461.898	1136.06
462.118	1154.06
462.338	1195.06
462.558	1246.06
462.777	1237.06
462.997	1354.06
463.217	1443.06
463.437	1395.06
463.657	1304.06
463.876	1307.06
464.096	1325.06
464.316	1295.06
464.536	1314.06
464.755	1293.06
464.975	1305.06
465.195	1318.06
465.414	1455.06
465.634	1251.06
465.854	1161.06
466.073	1103.06
466.293	1066.06
466.512	1075.06
466.732	1048.06
466.951	1053.06
467.171	1069.06
467.391	1063.06
467.61	1135.06
467.829	1186.06
468.049	1422.06
468.268	2001.06
468.488	1577.06
468.707	1262.06
468.927	1138.06
469.146	1091.06
469.365	1118.06
469.585	1091.06
469.804	1144.06
470.023	1145.06
470.243	1135.06
470.462	1164.06
470.681	1220.06
470.901	1178.06
471.12	1143.06
471.339	1145.06
471.558	1158.06
471.777	1183.06
471.997	1311.06
472.216	1850.06
472.435	3709.06
472.654	2744.06
472.873	1787.06
473.092	1437.06
473.311	1363.06
473.53	1264.06
473.749	1265.06
473.968	1238.06
474.187	1273.06
474.406	1221.06
474.625	1179.06
474.844	1133.06
475.063	1078.06
475.282	1072.06
475.501	1098.06
475.72	1070.06
475.939	1095.06
476.158	1094.06
476.377	1110.06
476.596	1059.06
476.814	1107.06
477.033	1121.06
477.252	1105.06
477.471	1149.06
477.69	1167.06
477.908	1203.06
478.127	1227.06
478.346	1229.06
478.564	1226.06
478.783	1255.06
479.002	1265.06
479.22	1286.06
479.439	1319.06
479.658	1344.06
479.876	1323.06
480.095	1377.06
480.313	1477.06
480.532	1525.06
480.751	1693.06
480.969	2176.06
481.188	4726.06
481.406	6292.06
481.624	3155.06
481.843	2259.06
482.061	1937.06
482.28	1767.06
482.498	1606.06
482.717	1510.06
482.935	1469.06
483.153	1470.06
483.372	1446.06
483.59	1431.06
483.808	1348.06
484.027	1366.06
484.245	1349.06
484.463	1347.06
484.681	1350.06
484.9	1319.06
485.118	1348.06
485.336	1303.06
485.554	1315.06
485.772	1360.06
485.99	1359.06
486.209	1341.06
486.427	1315.06
486.645	1373.06
486.863	1399.06
487.081	1391.06
487.299	1367.06
487.517	1377.06
487.735	1414.06
487.953	1385.06
488.171	1407.06
488.389	1436.06
488.607	1387.06
488.825	1388.06
489.043	1360.06
489.261	1376.06
489.479	1399.06
489.696	1426.06
489.914	1404.06
490.132	1412.06
490.35	1459.06
490.568	1499.06
490.786	1559.06
491.003	1523.06
491.221	1627.06
491.439	1630.06
491.657	1756.06
491.874	1776.06
492.092	1823.06
492.31	1848.06
492.527	1851.06
492.745	1886.06
492.963	1866.06
493.18	1825.06
493.398	1830.06
493.615	1799.06
493.833	1754.06
494.05	1707.06
494.268	1695.06
494.485	1705.06
494.703	1702.06
494.92	1657.06
495.138	1675.06
495.355	1645.06
495.573	1609.06
495.79	1590.06
496.008	1587.06
496.225	1582.06
496.442	1611.06
496.66	1567.06
496.877	1561.06
497.094	1560.06
497.312	1601.06
497.529	1596.06
497.746	1626.06
497.963	1605.06
498.181	1648.06
498.398	1681.06
498.615	1782.06
498.832	1795.06
499.049	1910.06
499.267	1973.06
499.484	2125.06
499.701	2266.06
499.918	2413.06
500.135	2671.06
500.352	2985.06
500.569	3031.06
500.786	3093.06
501.003	2969.06
501.22	2675.06
501.437	2429.06
501.654	2207.06
501.871	2095.06
502.088	1946.06
502.305	1802.06
502.522	1766.06
502.739	1746.06
502.956	1617.06
503.172	1602.06
503.389	1535.06
503.606	1520.06
503.823	1522.06
504.04	1525.06
504.256	1495.06
504.473	1505.06
504.69	1522.06
504.907	1504.06
505.123	1423.06
505.34	1360.06
505.557	1322.06
505.773	1343.06
505.99	1284.06
506.207	1308.06
506.423	1286.06
506.64	1229.06
506.856	1231.06
507.073	1232.06
507.289	1222.06
507.506	1263.06
507.722	1273.06
507.939	1312.06
508.155	1222.06
508.372	1229.06
508.588	1186.06
508.805	1173.06
509.021	1142.06
509.238	1171.06
509.454	1195.06
509.67	1178.06
509.887	1166.06
510.103	1167.06
510.319	1190.06
510.536	1435.06
510.752	2879.06
510.968	2018.06
511.184	1301.06
511.401	1197.06
511.617	1243.06
511.833	1273.06
512.049	1310.06
512.265	1287.06
512.481	1244.06
512.698	1231.06
512.914	1169.06
513.13	1193.06
513.346	1164.06
513.562	1166.06
513.778	1168.06
513.994	1207.06
514.21	1195.06
514.426	1249.06
514.642	1332.06
514.858	1364.06
515.074	1444.06
515.29	1785.06
515.506	2895.06
515.721	2198.06
515.937	1424.06
516.153	1293.06
516.369	1283.06
516.585	1251.06
516.801	1285.06
517.016	1289.06
517.232	1345.06
517.448	1394.06
517.664	1362.06
517.879	1391.06
518.095	1359.06
518.311	1357.06
518.527	1346.06
518.742	1312.06
518.958	1277.06
519.173	1245.06
519.389	1255.06
519.605	1215.06
519.82	1188.06
520.036	1207.06
520.251	1193.06
520.467	1317.06
520.682	1277.06
520.898	1267.06
521.113	1302.06
521.329	1393.06
521.544	1564.06
521.76	2077.06
521.975	3844.06
522.19	3573.06
522.406	1783.06
522.621	1358.06
522.836	1228.06
523.052	1186.06
523.267	1095.06
523.482	1108.06
523.698	1077.06
523.913	1094.06
524.128	1092.06
524.343	1051.06
524.559	1049.06
524.774	1029.06
524.989	1039.06
525.204	1045.06
525.419	1055.06
525.634	1036.06
525.849	981.06
526.064	967.06
526.28	989.06
526.495	969.06
526.71	965.06
526.925	914.06
527.14	934.06
527.355	938.06
527.57	943.06
527.785	938.06
527.999	967.06
528.214	943.06
528.429	940.06
528.644	993.06
528.859	993.06
529.074	1035.06
529.289	1043.06
529.503	1221.06
529.718	1137.06
529.933	1025.06
530.148	986.06
530.363	984.06
530.577	945.06
530.792	919.06
531.007	935.06
531.221	938.06
531.436	932.06
531.651	930.06
531.865	909.06
532.08	908.06
532.295	915.06
532.509	921.06
532.724	917.06
532.938	913.06
533.153	919.06
533.367	938.06
533.582	935.06
533.796	959.06
534.011	901.06
534.225	889.06
534.44	869.06
534.654	884.06
534.868	891.06
535.083	889.06
535.297	901.06
535.511	904.06
535.726	942.06
535.94	917.06
536.154	879.06
536.369	896.06
536.583	865.06
536.797	830.06
537.011	853.06
537.225	842.06
537.44	861.06
537.654	862.06
537.868	857.06
538.082	820.06
538.296	858.06
538.51	850.06
538.724	862.06
538.938	876.06
539.153	873.06
539.367	908.06
539.581	897.06
539.795	849.06
540.009	844.06
540.222	836.06
540.436	852.06
540.65	852.06
540.864	848.06
541.078	916.06
541.292	903.06
541.506	886.06
541.72	946.06
541.934	962.06
542.147	956.06
542.361	920.06
542.575	895.06
542.789	891.06
543.002	854.06
543.216	875.06
543.43	863.06
543.644	837.06
543.857	855.06
544.071	896.06
544.285	931.06
544.498	910.06
544.712	910.06
544.925	920.06
545.139	888.06
545.352	927.06
545.566	914.06
545.779	921.06
545.993	918.06
546.206	911.06
546.42	907.06
546.633	912.06
546.847	895.06
547.06	898.06
547.274	927.06
547.487	946.06
547.7	912.06
547.914	946.06
548.127	924.06
548.34	939.06
548.554	891.06
548.767	933.06
548.98	929.06
549.193	896.06
549.407	919.06
549.62	909.06
549.833	903.06
550.046	881.06
550.259	897.06
550.473	898.06
550.686	866.06
550.899	886.06
551.112	867.06
551.325	865.06
551.538	841.06
551.751	835.06
551.964	831.06
552.177	859.06
552.39	889.06
552.603	921.06
552.816	916.06
553.029	928.06
553.242	951.06
553.455	980.06
553.667	982.06
553.88	949.06
554.093	965.06
554.306	900.06
554.519	909.06
554.732	878.06
554.944	880.06
555.157	852.06
555.37	880.06
555.583	861.06
555.795	839.06
556.008	819.06
556.221	795.06
556.433	798.06
556.646	793.06
556.859	771.06
557.071	783.06
557.284	813.06
557.496	797.06
557.709	774.06
557.921	761.06
558.134	792.06
558.346	762.06
558.559	787.06
558.771	781.06
558.984	767.06
559.196	752.06
559.409	723.06
559.621	738.06
559.833	732.06
560.046	717.06
560.258	751.06
560.47	757.06
560.683	768.06
560.895	742.06
561.107	730.06
561.32	720.06
561.532	732.06
561.744	725.06
561.956	726.06
562.168	709.06
562.381	715.06
562.593	710.06
562.805	716.06
563.017	740.06
563.229	710.06
563.441	707.06
563.653	730.06
563.865	733.06
564.077	730.06
564.289	704.06
564.501	739.06
564.713	739.06
564.925	743.06
565.137	787.06
565.349	778.06
565.561	770.06
565.773	774.06
565.985	836.06
566.197	841.06
566.408	877.06
566.62	935.06
566.832	994.06
567.044	982.06
567.255	985.06
567.467	1000.06
567.679	1054.06
567.891	1092.06
568.102	1115.06
568.314	1030.06
568.526	940.06
568.737	888.06
568.949	821.06
569.161	761.06
569.372	726.06
569.584	720.06
569.795	702.06
570.007	677.06
570.218	768.06
570.43	708.06
570.641	693.06
570.853	677.06
571.064	683.06
571.276	671.06
571.487	666.06
571.698	649.06
571.91	620.06
572.121	610.06
572.333	625.06
572.544	603.06
572.755	605.06
572.966	563.06
573.178	586.06
573.389	565.06
573.6	555.06
573.811	540.06
574.023	539.06
574.234	559.06
574.445	545.06
574.656	545.06
574.867	561.06
575.078	562.06
575.289	538.06
575.501	556.06
575.712	529.06
575.923	531.06
576.134	525.06
576.345	553.06
576.556	552.06
576.767	537.06
576.978	557.06
577.188	547.06
577.399	513.06
577.61	527.06
577.821	523.06
578.032	527.06
578.243	594.06
578.454	1026.06
578.665	701.06
578.875	536.06
579.086	499.06
579.297	482.06
579.508	478.06
579.718	485.06
579.929	491.06
580.14	483.06
580.35	470.06
580.561	469.06
580.772	489.06
580.982	466.06
581.193	474.06
581.403	445.06
581.614	500.06
581.825	486.06
582.035	469.06
582.246	483.06
582.456	487.06
582.667	474.06
582.877	471.06
583.087	454.06
583.298	453.06
583.508	454.06
583.719	434.06
583.929	436.06
584.139	458.06
584.35	453.06
584.56	450.06
584.77	446.06
584.981	470.06
585.191	450.06
585.401	471.06
585.611	460.06
585.821	455.06
586.032	439.06
586.242	428.06
586.452	445.06
586.662	432.06
586.872	438.06
587.082	436.06
587.292	445.06
587.502	433.06
587.713	425.06
587.923	434.06
588.133	431.06
588.343	439.06
588.553	449.06
588.762	448.06
588.972	452.06
589.182	464.06
589.392	455.06
589.602	464.06
589.812	479.06
590.022	459.06
590.232	451.06
590.441	428.06
590.651	429.06
590.861	434.06
591.071	435.06
591.281	449.06
591.49	439.06
591.7	428.06
591.91	430.06
592.119	460.06
592.329	484.06
592.539	493.06
592.748	483.06
592.958	493.06
593.167	501.06
593.377	501.06
593.587	524.06
593.796	520.06
594.006	520.06
594.215	521.06
594.424	521.06
594.634	537.06
594.843	496.06
595.053	492.06
595.262	461.06
595.472	476.06
595.681	460.06
595.89	454.06
596.1	436.06
596.309	433.06
596.518	443.06
596.727	436.06
596.937	425.06
597.146	407.06
597.355	417.06
597.564	400.06
597.774	413.06
597.983	379.06
598.192	413.06
598.401	386.06
598.61	409.06
598.819	410.06
599.028	387.06
599.237	382.06
599.446	383.06
599.655	414.06
599.864	395.06
600.073	383.06
600.282	381.06
600.491	391.06
600.7	368.06
600.909	389.06
601.118	388.06
601.327	409.06
601.536	395.06
601.745	427.06
601.953	429.06
602.162	425.06
602.371	427.06
602.58	405.06
602.789	397.06
602.997	408.06
603.206	418.06
603.415	398.06
603.623	389.06
603.832	401.06
604.041	392.06
604.249	399.06
604.458	385.06
604.666	390.06
604.875	375.06
605.084	365.06
605.292	377.06
605.501	406.06
605.709	408.06
605.918	417.06
606.126	400.06
606.334	416.06
606.543	387.06
606.751	413.06
606.96	414.06
607.168	415.06
607.376	377.06
607.585	388.06
607.793	394.06
608.001	393.06
608.21	421.06
608.418	403.06
608.626	412.06
608.834	405.06
609.043	398.06
609.251	402.06
609.459	438.06
609.667	410.06
609.875	445.06
610.083	410.06
610.291	405.06
610.499	411.06
610.707	406.06
610.916	405.06
611.124	408.06
611.332	404.06
611.54	401.06
611.748	382.06
611.955	406.06
612.163	418.06
612.371	391.06
612.579	385.06
612.787	412.06
612.995	399.06
613.203	399.06
613.411	403.06
613.618	395.06
613.826	388.06
614.034	381.06
614.242	390.06
614.449	387.06
614.657	410.06
614.865	416.06
615.072	393.06
615.28	410.06
615.488	386.06
615.695	396.06
615.903	388.06
616.111	399.06
616.318	386.06
616.526	412.06
616.733	398.06
616.941	395.06
617.148	397.06
617.356	393.06
617.563	388.06
617.771	376.06
617.978	368.06
618.185	384.06
618.393	391.06
618.6	371.06
618.807	394.06
619.015	377.06
619.222	396.06
619.429	374.06
619.637	365.06
619.844	372.06
620.051	348.06
620.258	363.06
620.466	368.06
620.673	356.06
620.88	347.06
621.087	346.06
621.294	335.06
621.501	336.06
621.708	350.06
621.915	361.06
622.122	349.06
622.329	357.06
622.536	361.06
622.743	354.06
622.95	354.06
623.157	338.06
623.364	353.06
623.571	340.06
623.778	340.06
623.985	351.06
624.192	339.06
624.399	322.06
624.606	339.06
624.812	348.06
625.019	340.06
625.226	332.06
625.433	337.06
625.639	309.06
625.846	301.06
626.053	294.06
626.259	305.06
626.466	303.06
626.673	282.06
626.879	296.06
627.086	288.06
627.293	292.06
627.499	302.06
627.706	323.06
627.912	313.06
628.119	324.06
628.325	330.06
628.532	322.06
628.738	330.06
628.945	307.06
629.151	303.06
629.357	290.06
629.564	293.06
629.77	297.06
629.976	308.06
630.183	304.06
630.389	289.06
630.595	294.06
630.802	294.06
631.008	299.06
631.214	311.06
631.42	306.06
631.627	293.06
631.833	267.06
632.039	276.06
632.245	277.06
632.451	287.06
632.657	307.06
632.863	304.06
633.069	277.06
633.275	286.06
633.481	273.06
633.688	275.06
633.893	280.06
634.099	279.06
634.305	295.06
634.511	284.06
634.717	297.06
634.923	266.06
635.129	285.06
635.335	284.06
635.541	293.06
635.747	294.06
635.952	320.06
636.158	337.06
636.364	443.06
636.57	541.06
636.775	442.06
636.981	374.06
637.187	346.06
637.392	331.06
637.598	320.06
637.804	306.06
638.009	295.06
638.215	294.06
638.421	311.06
638.626	294.06
638.832	298.06
639.037	284.06
639.243	269.06
639.448	276.06
639.654	273.06
639.859	277.06
640.065	267.06
640.27	276.06
640.475	266.06
640.681	286.06
640.886	271.06
641.091	277.06
641.297	272.06
641.502	271.06
641.707	272.06
641.913	276.06
642.118	241.06
642.323	255.06
642.528	255.06
642.733	270.06
642.939	259.06
643.144	259.06
643.349	278.06
643.554	261.06
643.759	254.06
643.964	252.06
644.169	239.06
644.374	246.06
644.579	241.06
644.784	255.06
644.989	251.06
645.194	252.06
645.399	241.06
645.604	254.06
645.809	237.06
646.014	254.06
646.219	249.06
646.423	254.06
646.628	242.06
646.833	241.06
647.038	242.06
647.243	257.06
647.447	233.06
647.652	230.06
647.857	249.06
648.062	256.06
648.266	258.06
648.471	240.06
648.676	229.06
648.88	243.06
649.085	230.06
649.289	240.06
649.494	267.06
649.698	287.06
649.903	265.06
650.107	259.06
650.312	239.06
650.516	228.06
650.721	231.06
650.925	234.06
651.13	222.06
651.334	221.06
651.539	221.06
651.743	219.06
651.947	222.06
652.152	205.06
652.356	214.06
652.56	199.06
652.764	187.06
652.969	192.06
653.173	195.06
653.377	210.06
653.581	193.06
653.785	186.06
653.99	186.06
654.194	191.06
654.398	194.06
654.602	181.06
654.806	183.06
655.01	203.06
655.214	186.06
655.418	187.06
655.622	182.06
655.826	166.06
656.03	187.06
656.234	181.06
656.438	180.06
656.642	171.06
656.846	178.06
657.049	170.06
657.253	173.06
657.457	160.06
657.661	164.06
657.865	149.06
658.068	143.06
658.272	157.06
658.476	132.06
658.68	137.06
658.883	129.06
659.087	128.06
659.291	120.06
659.494	119.06
659.698	115.06
659.901	111.06
660.105	113.06
660.309	107.06
660.512	109.06
660.716	108.06
660.919	124.06
661.123	112.06
661.326	105.06
661.53	93.06
661.733	99.06
661.936	93.06
662.14	89.06
662.343	93.06
662.546	80.06
662.75	92.06
662.953	107.06
663.156	92.06
663.36	109.06
663.563	86.06
663.766	95.06
663.969	86.06
664.173	84.06
664.376	84.06
664.579	70.06
664.782	80.06
664.985	79.06
665.188	84.06
665.391	95.06
665.594	86.06
665.797	69.06
666	89.06
666.203	84.06
666.406	81.06
666.609	68.06
666.812	85.06
667.015	90.06
667.218	80.06
667.421	91.06
667.624	82.06
667.827	77.06
668.03	91.06
668.232	83.06
668.435	85.06
668.638	89.06
668.841	78.06
669.043	77.06
669.246	84.06
669.449	82.06
669.651	86.06
669.854	68.06
670.057	71.06
670.259	72.06
670.462	87.06
670.665	82.06
670.867	75.06
671.07	84.06
671.272	87.06
671.475	77.06
671.677	86.06
671.88	89.06
672.082	88.06
672.284	82.06
672.487	82.06
672.689	100.06
672.892	79.06
