223.165	-8.75
223.4	-8.75
223.635	-8.75
223.869	-28.75
224.104	-9.75
224.338	-8.75
224.573	-2.75
224.808	0.25
225.042	-10.75
225.277	-18.75
225.511	-1.75
225.746	9.25
225.98	4.25
226.215	-11.75
226.449	16.25
226.683	18.25
226.918	26.25
227.152	27.25
227.387	35.25
227.621	31.25
227.856	50.25
228.09	39.25
228.324	58.25
228.559	51.25
228.793	71.25
229.027	123.25
229.262	134.25
229.496	132.25
229.73	166.25
229.964	183.25
230.199	166.25
230.433	136.25
230.667	135.25
230.901	124.25
231.136	144.25
231.37	152.25
231.604	148.25
231.838	145.25
232.072	145.25
232.306	141.25
232.541	131.25
232.775	144.25
233.009	144.25
233.243	144.25
233.477	150.25
233.711	143.25
233.945	159.25
234.179	142.25
234.413	139.25
234.647	149.25
234.881	146.25
235.115	131.25
235.349	162.25
235.583	147.25
235.817	147.25
236.051	162.25
236.285	154.25
236.519	173.25
236.753	172.25
236.987	181.25
237.221	215.25
237.455	257.25
237.689	214.25
237.922	185.25
238.156	165.25
238.39	182.25
238.624	172.25
238.858	180.25
239.091	150.25
239.325	172.25
239.559	173.25
239.793	167.25
240.027	188.25
240.26	192.25
240.494	187.25
240.728	181.25
240.961	199.25
241.195	187.25
241.429	187.25
241.662	189.25
241.896	199.25
242.13	210.25
242.363	184.25
242.597	203.25
242.83	178.25
243.064	202.25
243.298	214.25
243.531	200.25
243.765	200.25
243.998	208.25
244.232	207.25
244.465	221.25
244.699	193.25
244.932	217.25
245.166	218.25
245.399	206.25
245.633	198.25
245.866	206.25
246.099	230.25
246.333	222.25
246.566	227.25
246.8	222.25
247.033	220.25
247.266	209.25
247.5	244.25
247.733	249.25
247.966	241.25
248.2	257.25
248.433	246.25
248.666	262.25
248.899	263.25
249.133	263.25
249.366	291.25
249.599	281.25
249.832	281.25
250.066	305.25
250.299	370.25
250.532	439.25
250.765	456.25
250.998	410.25
251.231	365.25
251.465	364.25
251.698	320.25
251.931	300.25
252.164	296.25
252.397	318.25
252.63	304.25
252.863	311.25
253.096	318.25
253.329	331.25
253.562	311.25
253.795	308.25
254.028	323.25
254.261	304.25
254.494	333.25
254.727	346.25
254.96	366.25
255.193	378.25
255.426	396.25
255.659	442.25
255.892	556.25
256.124	749.25
256.357	768.25
256.59	611.25
256.823	508.25
257.056	440.25
257.289	416.25
257.521	422.25
257.754	383.25
257.987	368.25
258.22	375.25
258.452	355.25
258.685	361.25
258.918	352.25
259.151	339.25
259.383	336.25
259.616	339.25
259.849	336.25
260.081	353.25
260.314	334.25
260.547	347.25
260.779	353.25
261.012	327.25
261.244	329.25
261.477	347.25
261.71	340.25
261.942	344.25
262.175	370.25
262.407	360.25
262.64	344.25
262.872	325.25
263.105	317.25
263.337	333.25
263.57	307.25
263.802	324.25
264.035	333.25
264.267	332.25
264.499	336.25
264.732	320.25
264.964	315.25
265.197	316.25
265.429	323.25
265.661	335.25
265.894	342.25
266.126	321.25
266.358	343.25
266.591	335.25
266.823	368.25
267.055	323.25
267.287	354.25
267.52	330.25
267.752	323.25
267.984	333.25
268.216	342.25
268.448	349.25
268.681	344.25
268.913	357.25
269.145	362.25
269.377	372.25
269.609	354.25
269.841	376.25
270.073	371.25
270.306	360.25
270.538	378.25
270.77	414.25
271.002	404.25
271.234	372.25
271.466	406.25
271.698	418.25
271.93	405.25
272.162	410.25
272.394	404.25
272.626	396.25
272.858	386.25
273.09	385.25
273.322	390.25
273.553	401.25
273.785	390.25
274.017	390.25
274.249	397.25
274.481	414.25
274.713	414.25
274.945	407.25
275.176	423.25
275.408	422.25
275.64	432.25
275.872	444.25
276.104	458.25
276.335	430.25
276.567	462.25
276.799	467.25
277.031	542.25
277.262	536.25
277.494	555.25
277.726	514.25
277.957	470.25
278.189	474.25
278.421	482.25
278.652	447.25
278.884	449.25
279.115	466.25
279.347	460.25
279.579	469.25
279.81	483.25
280.042	516.25
280.273	561.25
280.505	561.25
280.736	508.25
280.968	510.25
281.199	481.25
281.431	464.25
281.662	446.25
281.894	445.25
282.125	437.25
282.356	472.25
282.588	518.25
282.819	490.25
283.051	446.25
283.282	427.25
283.513	420.25
283.745	437.25
283.976	448.25
284.207	450.25
284.439	432.25
284.67	443.25
284.901	435.25
285.132	438.25
285.364	441.25
285.595	460.25
285.826	451.25
286.057	452.25
286.288	442.25
286.52	436.25
286.751	457.25
286.982	468.25
287.213	450.25
287.444	450.25
287.675	463.25
287.906	436.25
288.138	464.25
288.369	479.25
288.6	448.25
288.831	461.25
289.062	477.25
289.293	449.25
289.524	454.25
289.755	470.25
289.986	476.25
290.217	457.25
290.448	467.25
290.679	459.25
290.91	451.25
291.141	451.25
291.371	460.25
291.602	460.25
291.833	470.25
292.064	451.25
292.295	470.25
292.526	436.25
292.757	451.25
292.987	437.25
293.218	432.25
293.449	442.25
293.68	454.25
293.91	461.25
294.141	455.25
294.372	448.25
294.603	475.25
294.833	460.25
295.064	439.25
295.295	457.25
295.525	459.25
295.756	475.25
295.987	470.25
296.217	488.25
296.448	521.25
296.679	474.25
296.909	482.25
297.14	465.25
297.37	475.25
297.601	482.25
297.831	494.25
298.062	487.25
298.292	479.25
298.523	511.25
298.753	493.25
298.984	498.25
299.214	506.25
299.445	481.25
299.675	506.25
299.905	495.25
300.136	508.25
300.366	503.25
300.597	504.25
300.827	534.25
301.057	527.25
301.288	522.25
301.518	547.25
301.748	535.25
301.979	539.25
302.209	551.25
302.439	548.25
302.669	526.25
302.9	513.25
303.13	528.25
303.36	548.25
303.59	546.25
303.82	590.25
304.051	593.25
304.281	535.25
304.511	535.25
304.741	526.25
304.971	511.25
305.201	542.25
305.431	524.25
305.661	531.25
305.891	540.25
306.121	524.25
306.352	549.25
306.582	540.25
306.812	540.25
307.042	575.25
307.272	593.25
307.502	630.25
307.731	626.25
307.961	609.25
308.191	587.25
308.421	551.25
308.651	543.25
308.881	547.25
309.111	558.25
309.341	563.25
309.571	550.25
309.8	588.25
310.03	592.25
310.26	607.25
310.49	598.25
310.72	605.25
310.949	621.25
311.179	618.25
311.409	604.25
311.639	606.25
311.868	599.25
312.098	605.25
312.328	616.25
312.557	648.25
312.787	656.25
313.017	656.25
313.246	638.25
313.476	628.25
313.706	639.25
313.935	624.25
314.165	622.25
314.394	635.25
314.624	631.25
314.853	646.25
315.083	600.25
315.312	594.25
315.542	613.25
315.771	618.25
316.001	605.25
316.23	606.25
316.46	609.25
316.689	594.25
316.919	633.25
317.148	630.25
317.377	666.25
317.607	632.25
317.836	634.25
318.065	642.25
318.295	639.25
318.524	614.25
318.753	624.25
318.983	643.25
319.212	632.25
319.441	671.25
319.67	650.25
319.9	658.25
320.129	645.25
320.358	641.25
320.587	661.25
320.816	684.25
321.046	700.25
321.275	675.25
321.504	684.25
321.733	696.25
321.962	700.25
322.191	704.25
322.42	744.25
322.649	794.25
322.878	806.25
323.108	829.25
323.337	865.25
323.566	876.25
323.795	940.25
324.024	979.25
324.253	1205.25
324.482	1680.25
324.71	2593.25
324.939	3677.25
325.168	2898.25
325.397	1580.25
325.626	1196.25
325.855	1037.25
326.084	984.25
326.313	993.25
326.542	1011.25
326.77	1086.25
326.999	1247.25
327.228	1703.25
327.457	2544.25
327.686	2962.25
327.914	2159.25
328.143	1904.25
328.372	2063.25
328.6	1863.25
328.829	1457.25
329.058	1333.25
329.287	1399.25
329.515	1463.25
329.744	1558.25
329.972	2043.25
330.201	2719.25
330.43	3382.25
330.658	2822.25
330.887	1873.25
331.115	1520.25
331.344	1305.25
331.572	1203.25
331.801	1164.25
332.03	1179.25
332.258	1174.25
332.486	1178.25
332.715	1169.25
332.943	1177.25
333.172	1296.25
333.4	1409.25
333.629	1540.25
333.857	1781.25
334.085	2236.25
334.314	3026.25
334.542	4218.25
334.771	4494.25
334.999	2751.25
335.227	1822.25
335.455	1477.25
335.684	1296.25
335.912	1168.25
336.14	1141.25
336.369	1105.25
336.597	1068.25
336.825	1062.25
337.053	1000.25
337.281	959.25
337.51	925.25
337.738	918.25
337.966	911.25
338.194	886.25
338.422	871.25
338.65	869.25
338.878	848.25
339.106	852.25
339.334	831.25
339.562	828.25
339.79	804.25
340.018	792.25
340.246	801.25
340.474	798.25
340.702	816.25
340.93	775.25
341.158	786.25
341.386	800.25
341.614	769.25
341.842	765.25
342.07	781.25
342.298	739.25
342.526	761.25
342.754	749.25
342.981	743.25
343.209	774.25
343.437	780.25
343.665	806.25
343.893	844.25
344.12	842.25
344.348	797.25
344.576	796.25
344.804	840.25
345.031	814.25
345.259	766.25
345.487	774.25
345.714	751.25
345.942	754.25
346.17	720.25
346.397	734.25
346.625	750.25
346.853	742.25
347.08	725.25
347.308	760.25
347.535	767.25
347.763	781.25
347.99	781.25
348.218	771.25
348.445	782.25
348.673	770.25
348.9	764.25
349.128	733.25
349.355	718.25
349.583	736.25
349.81	711.25
350.037	730.25
350.265	722.25
350.492	739.25
350.72	709.25
350.947	730.25
351.174	718.25
351.402	756.25
351.629	746.25
351.856	751.25
352.083	750.25
352.311	766.25
352.538	772.25
352.765	735.25
352.992	741.25
353.22	754.25
353.447	736.25
353.674	741.25
353.901	721.25
354.128	720.25
354.355	704.25
354.583	734.25
354.81	704.25
355.037	712.25
355.264	714.25
355.491	677.25
355.718	730.25
355.945	715.25
356.172	694.25
356.399	694.25
356.626	692.25
356.853	693.25
357.08	677.25
357.307	718.25
357.534	684.25
357.761	731.25
357.988	703.25
358.215	705.25
358.441	695.25
358.668	701.25
358.895	733.25
359.122	704.25
359.349	724.25
359.576	743.25
359.802	782.25
360.029	816.25
360.256	828.25
360.483	819.25
360.709	780.25
360.936	754.25
361.163	728.25
361.39	758.25
361.616	736.25
361.843	744.25
362.07	749.25
362.296	750.25
362.523	758.25
362.749	764.25
362.976	756.25
363.203	750.25
363.429	739.25
363.656	740.25
363.882	703.25
364.109	734.25
364.335	728.25
364.562	701.25
364.788	728.25
365.015	740.25
365.241	735.25
365.468	722.25
365.694	763.25
365.92	734.25
366.147	748.25
366.373	731.25
366.599	720.25
366.826	762.25
367.052	739.25
367.278	747.25
367.505	746.25
367.731	738.25
367.957	736.25
368.184	741.25
368.41	788.25
368.636	786.25
368.862	780.25
369.089	751.25
369.315	752.25
369.541	750.25
369.767	768.25
369.993	761.25
370.219	751.25
370.445	768.25
370.672	766.25
370.898	774.25
371.124	752.25
371.35	783.25
371.576	768.25
371.802	824.25
372.028	776.25
372.254	783.25
372.48	764.25
372.706	807.25
372.932	791.25
373.158	796.25
373.384	762.25
373.61	781.25
373.835	774.25
374.061	792.25
374.287	799.25
374.513	814.25
374.739	798.25
374.965	797.25
375.191	800.25
375.416	827.25
375.642	794.25
375.868	790.25
376.094	806.25
376.319	780.25
376.545	794.25
376.771	790.25
376.997	782.25
377.222	765.25
377.448	754.25
377.674	788.25
377.899	742.25
378.125	753.25
378.35	754.25
378.576	737.25
378.802	770.25
379.027	762.25
379.253	786.25
379.478	759.25
379.704	733.25
379.929	788.25
380.155	756.25
380.38	790.25
380.606	774.25
380.831	763.25
381.057	787.25
381.282	783.25
381.507	784.25
381.733	778.25
381.958	786.25
382.184	796.25
382.409	788.25
382.634	803.25
382.86	814.25
383.085	801.25
383.31	828.25
383.535	819.25
383.761	838.25
383.986	830.25
384.211	860.25
384.436	887.25
384.662	863.25
384.887	870.25
385.112	887.25
385.337	878.25
385.562	890.25
385.787	847.25
386.013	886.25
386.238	904.25
386.463	890.25
386.688	902.25
386.913	891.25
387.138	889.25
387.363	868.25
387.588	919.25
387.813	909.25
388.038	896.25
388.263	910.25
388.488	892.25
388.713	910.25
388.938	885.25
389.163	873.25
389.387	884.25
389.612	866.25
389.837	893.25
390.062	885.25
390.287	853.25
390.512	872.25
390.736	900.25
390.961	912.25
391.186	915.25
391.411	922.25
391.636	930.25
391.86	966.25
392.085	976.25
392.31	975.25
392.534	960.25
392.759	963.25
392.984	960.25
393.208	925.25
393.433	960.25
393.658	943.25
393.882	948.25
394.107	928.25
394.331	952.25
394.556	950.25
394.78	967.25
395.005	974.25
395.229	973.25
395.454	994.25
395.678	1036.25
395.903	1020.25
396.127	1015.25
396.352	999.25
396.576	968.25
396.801	992.25
397.025	954.25
397.249	992.25
397.474	980.25
397.698	1008.25
397.922	1034.25
398.147	1018.25
398.371	1068.25
398.595	1064.25
398.82	1089.25
399.044	1150.25
399.268	1249.25
399.492	1387.25
399.717	1511.25
399.941	1492.25
400.165	1401.25
400.389	1309.25
400.613	1245.25
400.837	1213.25
401.062	1122.25
401.286	1146.25
401.51	1144.25
401.734	1145.25
401.958	1145.25
402.182	1163.25
402.406	1185.25
402.63	1197.25
402.854	1215.25
403.078	1240.25
403.302	1224.25
403.526	1272.25
403.75	1286.25
403.974	1294.25
404.198	1338.25
404.422	1339.25
404.645	1331.25
404.869	1384.25
405.093	1454.25
405.317	1503.25
405.541	1507.25
405.765	1444.25
405.988	1414.25
406.212	1394.25
406.436	1386.25
406.66	1389.25
406.883	1350.25
407.107	1388.25
407.331	1467.25
407.555	1544.25
407.778	1505.25
408.002	1475.25
408.226	1394.25
408.449	1343.25
408.673	1343.25
408.896	1349.25
409.12	1375.25
409.344	1311.25
409.567	1302.25
409.791	1298.25
410.014	1267.25
410.238	1281.25
410.461	1316.25
410.685	1278.25
410.908	1328.25
411.132	1275.25
411.355	1296.25
411.578	1302.25
411.802	1244.25
412.025	1312.25
412.249	1361.25
412.472	1488.25
412.695	1527.25
412.919	1460.25
413.142	1417.25
413.365	1373.25
413.589	1350.25
413.812	1281.25
414.035	1290.25
414.258	1232.25
414.482	1259.25
414.705	1230.25
414.928	1226.25
415.151	1217.25
415.374	1190.25
415.597	1187.25
415.821	1161.25
416.044	1181.25
416.267	1215.25
416.49	1160.25
416.713	1160.25
416.936	1210.25
417.159	1216.25
417.382	1198.25
417.605	1270.25
417.828	1284.25
418.051	1256.25
418.274	1191.25
418.497	1227.25
418.72	1248.25
418.943	1226.25
419.166	1256.25
419.389	1341.25
419.611	1381.25
419.834	1332.25
420.057	1398.25
420.28	1417.25
420.503	1450.25
420.726	1411.25
420.948	1369.25
421.171	1354.25
421.394	1335.25
421.617	1249.25
421.839	1286.25
422.062	1262.25
422.285	1220.25
422.507	1293.25
422.73	1383.25
422.953	1317.25
423.175	1279.25
423.398	1276.25
423.621	1269.25
423.843	1321.25
424.066	1289.25
424.288	1274.25
424.511	1326.25
424.733	1351.25
424.956	1389.25
425.178	1354.25
425.401	1332.25
425.623	1397.25
425.846	1291.25
426.068	1268.25
426.291	1200.25
426.513	1196.25
426.735	1221.25
426.958	1262.25
427.18	1338.25
427.402	1503.25
427.625	1564.25
427.847	1572.25
428.069	1522.25
428.292	1409.25
428.514	1291.25
428.736	1233.25
428.958	1224.25
429.181	1154.25
429.403	1152.25
429.625	1150.25
429.847	1183.25
430.069	1222.25
430.292	1210.25
430.514	1130.25
430.736	1137.25
430.958	1112.25
431.18	1131.25
431.402	1108.25
431.624	1117.25
431.846	1108.25
432.068	1048.25
432.29	1081.25
432.512	1086.25
432.734	1148.25
432.956	1130.25
433.178	1154.25
433.4	1143.25
433.622	1140.25
433.844	1090.25
434.066	1126.25
434.287	1096.25
434.509	1105.25
434.731	1125.25
434.953	1164.25
435.175	1191.25
435.397	1212.25
435.618	1179.25
435.84	1205.25
436.062	1294.25
436.284	1358.25
436.505	1204.25
436.727	1188.25
436.949	1118.25
437.17	1161.25
437.392	1119.25
437.614	1143.25
437.835	1160.25
438.057	1318.25
438.278	1354.25
438.5	1319.25
438.721	1418.25
438.943	1370.25
439.165	1220.25
439.386	1215.25
439.608	1215.25
439.829	1190.25
440.05	1249.25
440.272	1333.25
440.493	1244.25
440.715	1250.25
440.936	1163.25
441.158	1190.25
441.379	1201.25
441.6	1300.25
441.822	1265.25
442.043	1329.25
442.264	1403.25
442.486	1378.25
442.707	1251.25
442.928	1271.25
443.149	1268.25
443.371	1295.25
443.592	1364.25
443.813	1449.25
444.034	1509.25
444.255	1348.25
444.476	1308.25
444.698	1381.25
444.919	1373.25
445.14	1441.25
445.361	1367.25
445.582	1361.25
445.803	1397.25
446.024	1474.25
446.245	1456.25
446.466	1334.25
446.687	1237.25
446.908	1200.25
447.129	1162.25
447.35	1156.25
447.571	1134.25
447.792	1107.25
448.013	1132.25
448.234	1110.25
448.455	1207.25
448.675	1332.25
448.896	1380.25
449.117	1216.25
449.338	1216.25
449.559	1351.25
449.779	1411.25
450	1195.25
450.221	1128.25
450.442	1111.25
450.662	1113.25
450.883	1116.25
451.104	1154.25
451.324	1107.25
451.545	1085.25
451.766	1058.25
451.986	1008.25
452.207	1023.25
452.428	1014.25
452.648	1005.25
452.869	1001.25
453.089	1010.25
453.31	1044.25
453.53	1003.25
453.751	984.25
453.971	997.25
454.192	1040.25
454.412	994.25
454.633	1000.25
454.853	963.25
455.073	1011.25
455.294	999.25
455.514	1070.25
455.734	1012.25
455.955	946.25
456.175	926.25
456.395	930.25
456.616	924.25
456.836	945.25
457.056	892.25
457.276	929.25
457.497	959.25
457.717	928.25
457.937	936.25
458.157	942.25
458.377	951.25
458.598	1006.25
458.818	1087.25
459.038	1238.25
459.258	1226.25
459.478	1127.25
459.698	1092.25
459.918	1117.25
460.138	1147.25
460.358	1156.25
460.578	1180.25
460.798	1147.25
461.018	1174.25
461.238	1164.25
461.458	1170.25
461.678	1164.25
461.898	1166.25
462.118	1184.25
462.338	1233.25
462.558	1225.25
462.777	1300.25
462.997	1374.25
463.217	1450.25
463.437	1424.25
463.657	1371.25
463.876	1329.25
464.096	1312.25
464.316	1362.25
464.536	1327.25
464.755	1327.25
464.975	1287.25
465.195	1353.25
465.414	1476.25
465.634	1294.25
465.854	1214.25
466.073	1156.25
466.293	1136.25
466.512	1115.25
466.732	1086.25
466.951	1118.25
467.171	1113.25
467.391	1121.25
467.61	1175.25
467.829	1268.25
468.049	1555.25
468.268	2247.25
468.488	1744.25
468.707	1358.25
468.927	1274.25
469.146	1206.25
469.365	1166.25
469.585	1149.25
469.804	1188.25
470.023	1218.25
470.243	1213.25
470.462	1228.25
470.681	1232.25
470.901	1248.25
471.12	1207.25
471.339	1203.25
471.558	1236.25
471.777	1307.25
471.997	1428.25
472.216	2045.25
472.435	4276.25
472.654	3326.25
472.873	2044.25
473.092	1687.25
473.311	1545.25
473.53	1379.25
473.749	1349.25
473.968	1304.25
474.187	1366.25
474.406	1370.25
474.625	1244.25
474.844	1207.25
475.063	1228.25
475.282	1162.25
475.501	1138.25
475.72	1134.25
475.939	1149.25
476.158	1178.25
476.377	1181.25
476.596	1175.25
476.814	1158.25
477.033	1196.25
477.252	1187.25
477.471	1200.25
477.69	1223.25
477.908	1258.25
478.127	1282.25
478.346	1315.25
478.564	1306.25
478.783	1328.25
479.002	1356.25
479.22	1339.25
479.439	1410.25
479.658	1422.25
479.876	1442.25
480.095	1436.25
480.313	1565.25
480.532	1650.25
480.751	1829.25
480.969	2391.25
481.188	5363.25
481.406	7335.25
481.624	3819.25
481.843	2660.25
482.061	2220.25
482.28	1978.25
482.498	1821.25
482.717	1712.25
482.935	1630.25
483.153	1625.25
483.372	1586.25
483.59	1544.25
483.808	1530.25
484.027	1448.25
484.245	1470.25
484.463	1436.25
484.681	1476.25
484.9	1434.25
485.118	1444.25
485.336	1456.25
485.554	1464.25
485.772	1373.25
485.99	1417.25
486.209	1460.25
486.427	1423.25
486.645	1402.25
486.863	1482.25
487.081	1508.25
487.299	1455.25
487.517	1475.25
487.735	1452.25
487.953	1475.25
488.171	1490.25
488.389	1495.25
488.607	1454.25
488.825	1426.25
489.043	1444.25
489.261	1453.25
489.479	1454.25
489.696	1485.25
489.914	1518.25
490.132	1490.25
490.35	1579.25
490.568	1634.25
490.786	1670.25
491.003	1718.25
491.221	1772.25
491.439	1846.25
491.657	1888.25
491.874	1946.25
492.092	1983.25
492.31	2040.25
492.527	2082.25
492.745	2083.25
492.963	2032.25
493.18	2056.25
493.398	2024.25
493.615	1955.25
493.833	1908.25
494.05	1892.25
494.268	1862.25
494.485	1838.25
494.703	1803.25
494.92	1824.25
495.138	1773.25
495.355	1748.25
495.573	1722.25
495.79	1716.25
496.008	1684.25
496.225	1664.25
496.442	1680.25
496.66	1694.25
496.877	1651.25
497.094	1692.25
497.312	1689.25
497.529	1676.25
497.746	1673.25
497.963	1719.25
498.181	1689.25
498.398	1738.25
498.615	1804.25
498.832	1852.25
499.049	1959.25
499.267	2036.25
499.484	2164.25
499.701	2332.25
499.918	2490.25
500.135	2678.25
500.352	2961.25
500.569	3128.25
500.786	3136.25
501.003	2974.25
501.22	2755.25
501.437	2505.25
501.654	2290.25
501.871	2169.25
502.088	2055.25
502.305	1885.25
502.522	1793.25
502.739	1752.25
502.956	1718.25
503.172	1644.25
503.389	1612.25
503.606	1573.25
503.823	1545.25
504.04	1575.25
504.256	1528.25
504.473	1589.25
504.69	1546.25
504.907	1527.25
505.123	1474.25
505.34	1457.25
505.557	1403.25
505.773	1363.25
505.99	1361.25
506.207	1388.25
506.423	1336.25
506.64	1348.25
506.856	1298.25
507.073	1306.25
507.289	1301.25
507.506	1284.25
507.722	1341.25
507.939	1343.25
508.155	1302.25
508.372	1236.25
508.588	1270.25
508.805	1213.25
509.021	1235.25
509.238	1249.25
509.454	1269.25
509.67	1232.25
509.887	1220.25
510.103	1206.25
510.319	1244.25
510.536	1483.25
510.752	2824.25
510.968	2094.25
511.184	1306.25
511.401	1260.25
511.617	1282.25
511.833	1362.25
512.049	1408.25
512.265	1394.25
512.481	1305.25
512.698	1289.25
512.914	1283.25
513.13	1248.25
513.346	1232.25
513.562	1231.25
513.778	1234.25
513.994	1270.25
514.21	1222.25
514.426	1307.25
514.642	1400.25
514.858	1460.25
515.074	1524.25
515.29	1823.25
515.506	2796.25
515.721	2179.25
515.937	1479.25
516.153	1365.25
516.369	1316.25
516.585	1306.25
516.801	1338.25
517.016	1344.25
517.232	1355.25
517.448	1382.25
517.664	1428.25
517.879	1436.25
518.095	1393.25
518.311	1404.25
518.527	1377.25
518.742	1330.25
518.958	1322.25
519.173	1280.25
519.389	1281.25
519.605	1289.25
519.82	1294.25
520.036	1296.25
520.251	1305.25
520.467	1346.25
520.682	1309.25
520.898	1341.25
521.113	1387.25
521.329	1443.25
521.544	1685.25
521.76	2132.25
521.975	3682.25
522.19	3496.25
522.406	1831.25
522.621	1379.25
522.836	1263.25
523.052	1226.25
523.267	1166.25
523.482	1139.25
523.698	1136.25
523.913	1162.25
524.128	1154.25
524.343	1132.25
524.559	1105.25
524.774	1088.25
524.989	1074.25
525.204	1087.25
525.419	1063.25
525.634	1032.25
525.849	1043.25
526.064	1021.25
526.28	1016.25
526.495	992.25
526.71	991.25
526.925	989.25
527.14	975.25
527.355	966.25
527.57	943.25
527.785	1003.25
527.999	987.25
528.214	973.25
528.429	967.25
528.644	1000.25
528.859	1034.25
529.074	1044.25
529.289	1123.25
529.503	1292.25
529.718	1164.25
529.933	1046.25
530.148	1044.25
530.363	968.25
530.577	985.25
530.792	975.25
531.007	979.25
531.221	965.25
531.436	957.25
531.651	967.25
531.865	971.25
532.08	974.25
532.295	956.25
532.509	910.25
532.724	959.25
532.938	960.25
533.153	962.25
533.367	982.25
533.582	993.25
533.796	968.25
534.011	967.25
534.225	966.25
534.44	925.25
534.654	932.25
534.868	946.25
535.083	931.25
535.297	940.25
535.511	949.25
535.726	959.25
535.94	936.25
536.154	916.25
536.369	909.25
536.583	905.25
536.797	905.25
537.011	887.25
537.225	883.25
537.44	863.25
537.654	873.25
537.868	882.25
538.082	880.25
538.296	883.25
538.51	852.25
538.724	904.25
538.938	914.25
539.153	896.25
539.367	913.25
539.581	923.25
539.795	905.25
540.009	890.25
540.222	866.25
540.436	886.25
540.65	869.25
540.864	902.25
541.078	921.25
541.292	940.25
541.506	944.25
541.72	968.25
541.934	962.25
542.147	1007.25
542.361	968.25
542.575	918.25
542.789	914.25
543.002	859.25
543.216	892.25
543.43	888.25
543.644	925.25
543.857	934.25
544.071	958.25
544.285	966.25
544.498	933.25
544.712	947.25
544.925	954.25
545.139	938.25
545.352	932.25
545.566	946.25
545.779	970.25
545.993	951.25
546.206	979.25
546.42	944.25
546.633	964.25
546.847	941.25
547.06	982.25
547.274	953.25
547.487	960.25
547.7	963.25
547.914	963.25
548.127	967.25
548.34	975.25
548.554	954.25
548.767	954.25
548.98	931.25
549.193	943.25
549.407	939.25
549.62	916.25
549.833	942.25
550.046	927.25
550.259	942.25
550.473	918.25
550.686	933.25
550.899	920.25
551.112	915.25
551.325	905.25
551.538	902.25
551.751	856.25
551.964	858.25
552.177	879.25
552.39	878.25
552.603	926.25
552.816	948.25
553.029	957.25
553.242	961.25
553.455	995.25
553.667	1037.25
553.88	1023.25
554.093	989.25
554.306	930.25
554.519	959.25
554.732	954.25
554.944	898.25
555.157	911.25
555.37	894.25
555.583	888.25
555.795	861.25
556.008	824.25
556.221	817.25
556.433	824.25
556.646	836.25
556.859	806.25
557.071	826.25
557.284	826.25
557.496	825.25
557.709	843.25
557.921	808.25
558.134	796.25
558.346	807.25
558.559	788.25
558.771	810.25
558.984	778.25
559.196	774.25
559.409	782.25
559.621	742.25
559.833	757.25
560.046	767.25
560.258	790.25
560.47	779.25
560.683	762.25
560.895	787.25
561.107	768.25
561.32	765.25
561.532	780.25
561.744	764.25
561.956	776.25
562.168	748.25
562.381	755.25
562.593	763.25
562.805	751.25
563.017	756.25
563.229	735.25
563.441	756.25
563.653	764.25
563.865	743.25
564.077	744.25
564.289	743.25
564.501	752.25
564.713	779.25
564.925	773.25
565.137	788.25
565.349	766.25
565.561	802.25
565.773	828.25
565.985	851.25
566.197	876.25
566.408	926.25
566.62	951.25
566.832	988.25
567.044	1004.25
567.255	994.25
567.467	1010.25
567.679	1094.25
567.891	1118.25
568.102	1097.25
568.314	1021.25
568.526	963.25
568.737	866.25
568.949	837.25
569.161	775.25
569.372	765.25
569.584	740.25
569.795	686.25
570.007	716.25
570.218	789.25
570.43	752.25
570.641	688.25
570.853	718.25
571.064	707.25
571.276	706.25
571.487	698.25
571.698	670.25
571.91	626.25
572.121	615.25
572.333	624.25
572.544	592.25
572.755	588.25
572.966	587.25
573.178	548.25
573.389	591.25
573.6	558.25
573.811	546.25
574.023	596.25
574.234	569.25
574.445	568.25
574.656	534.25
574.867	568.25
575.078	570.25
575.289	551.25
575.501	565.25
575.712	542.25
575.923	554.25
576.134	573.25
576.345	536.25
576.556	543.25
576.767	557.25
576.978	566.25
577.188	547.25
577.399	526.25
577.61	522.25
577.821	541.25
578.032	526.25
578.243	585.25
578.454	1006.25
578.665	720.25
578.875	538.25
579.086	530.25
579.297	502.25
579.508	496.25
579.718	495.25
579.929	499.25
580.14	484.25
580.35	508.25
580.561	499.25
580.772	486.25
580.982	492.25
581.193	484.25
581.403	494.25
581.614	494.25
581.825	487.25
582.035	490.25
582.246	468.25
582.456	481.25
582.667	478.25
582.877	479.25
583.087	468.25
583.298	481.25
583.508	474.25
583.719	463.25
583.929	456.25
584.139	472.25
584.35	471.25
584.56	474.25
584.77	463.25
584.981	474.25
585.191	466.25
585.401	493.25
585.611	459.25
585.821	469.25
586.032	457.25
586.242	442.25
586.452	469.25
586.662	457.25
586.872	452.25
587.082	444.25
587.292	432.25
587.502	445.25
587.713	462.25
587.923	455.25
588.133	452.25
588.343	451.25
588.553	455.25
588.762	452.25
588.972	451.25
589.182	434.25
589.392	466.25
589.602	481.25
589.812	491.25
590.022	472.25
590.232	463.25
590.441	465.25
590.651	475.25
590.861	461.25
591.071	448.25
591.281	474.25
591.49	471.25
591.7	466.25
591.91	463.25
592.119	492.25
592.329	488.25
592.539	501.25
592.748	492.25
592.958	519.25
593.167	526.25
593.377	490.25
593.587	517.25
593.796	549.25
594.006	534.25
594.215	520.25
594.424	514.25
594.634	517.25
594.843	499.25
595.053	504.25
595.262	509.25
595.472	467.25
595.681	454.25
595.89	450.25
596.1	462.25
596.309	456.25
596.518	456.25
596.727	448.25
596.937	436.25
597.146	442.25
597.355	437.25
597.564	452.25
597.774	407.25
597.983	387.25
598.192	404.25
598.401	427.25
598.61	409.25
598.819	405.25
599.028	411.25
599.237	399.25
599.446	395.25
599.655	406.25
599.864	418.25
600.073	396.25
600.282	404.25
600.491	405.25
600.7	408.25
600.909	395.25
601.118	423.25
601.327	408.25
601.536	431.25
601.745	449.25
601.953	431.25
602.162	432.25
602.371	440.25
602.58	424.25
602.789	432.25
602.997	419.25
603.206	410.25
603.415	408.25
603.623	430.25
603.832	432.25
604.041	415.25
604.249	402.25
604.458	396.25
604.666	374.25
604.875	415.25
605.084	402.25
605.292	417.25
605.501	439.25
605.709	426.25
605.918	417.25
606.126	439.25
606.334	425.25
606.543	408.25
606.751	404.25
606.96	426.25
607.168	404.25
607.376	408.25
607.585	399.25
607.793	414.25
608.001	421.25
608.21	410.25
608.418	422.25
608.626	431.25
608.834	441.25
609.043	438.25
609.251	411.25
609.459	443.25
609.667	438.25
609.875	456.25
610.083	443.25
610.291	444.25
610.499	423.25
610.707	418.25
610.916	444.25
611.124	412.25
611.332	434.25
611.54	430.25
611.748	406.25
611.955	422.25
612.163	405.25
612.371	408.25
612.579	399.25
612.787	406.25
612.995	434.25
613.203	428.25
613.411	405.25
613.618	397.25
613.826	385.25
614.034	405.25
614.242	400.25
614.449	395.25
614.657	410.25
614.865	411.25
615.072	386.25
615.28	404.25
615.488	415.25
615.695	378.25
615.903	387.25
616.111	408.25
616.318	410.25
616.526	418.25
616.733	393.25
616.941	373.25
617.148	398.25
617.356	376.25
617.563	382.25
617.771	399.25
617.978	380.25
618.185	398.25
618.393	392.25
618.6	399.25
618.807	393.25
619.015	408.25
619.222	372.25
619.429	379.25
619.637	359.25
619.844	348.25
620.051	371.25
620.258	344.25
620.466	355.25
620.673	358.25
620.88	352.25
621.087	354.25
621.294	380.25
621.501	378.25
621.708	354.25
621.915	367.25
622.122	368.25
622.329	368.25
622.536	363.25
622.743	370.25
622.95	355.25
623.157	370.25
623.364	346.25
623.571	355.25
623.778	345.25
623.985	365.25
624.192	350.25
624.399	332.25
624.606	354.25
624.812	349.25
625.019	349.25
625.226	339.25
625.433	343.25
625.639	327.25
625.846	323.25
626.053	315.25
626.259	302.25
626.466	294.25
626.673	303.25
626.879	300.25
627.086	291.25
627.293	330.25
627.499	340.25
627.706	334.25
627.912	335.25
628.119	334.25
628.325	318.25
628.532	328.25
628.738	331.25
628.945	307.25
629.151	308.25
629.357	312.25
629.564	314.25
629.77	327.25
629.976	308.25
630.183	310.25
630.389	300.25
630.595	301.25
630.802	307.25
631.008	310.25
631.214	300.25
631.42	306.25
631.627	298.25
631.833	295.25
632.039	294.25
632.245	301.25
632.451	289.25
632.657	287.25
632.863	276.25
633.069	296.25
633.275	314.25
633.481	302.25
633.688	292.25
633.893	287.25
634.099	289.25
634.305	279.25
634.511	280.25
634.717	279.25
634.923	287.25
635.129	294.25
635.335	313.25
635.541	292.25
635.747	306.25
635.952	321.25
636.158	359.25
636.364	453.25
636.57	578.25
636.775	456.25
636.981	403.25
637.187	364.25
637.392	350.25
637.598	340.25
637.804	308.25
638.009	299.25
638.215	299.25
638.421	291.25
638.626	310.25
638.832	298.25
639.037	290.25
639.243	310.25
639.448	291.25
639.654	290.25
639.859	281.25
640.065	277.25
640.27	282.25
640.475	269.25
640.681	249.25
640.886	246.25
641.091	290.25
641.297	277.25
641.502	282.25
641.707	274.25
641.913	271.25
642.118	261.25
642.323	270.25
642.528	258.25
642.733	263.25
642.939	272.25
643.144	257.25
643.349	254.25
643.554	261.25
643.759	254.25
643.964	256.25
644.169	249.25
644.374	245.25
644.579	249.25
644.784	259.25
644.989	256.25
645.194	252.25
645.399	238.25
645.604	245.25
645.809	276.25
646.014	258.25
646.219	252.25
646.423	261.25
646.628	260.25
646.833	257.25
647.038	258.25
647.243	262.25
647.447	267.25
647.652	252.25
647.857	263.25
648.062	270.25
648.266	261.25
648.471	256.25
648.676	256.25
648.88	249.25
649.085	263.25
649.289	268.25
649.494	256.25
649.698	282.25
649.903	274.25
650.107	248.25
650.312	225.25
650.516	228.25
650.721	215.25
650.925	248.25
651.13	217.25
651.334	221.25
651.539	222.25
651.743	226.25
651.947	214.25
652.152	212.25
652.356	213.25
652.56	202.25
652.764	206.25
652.969	200.25
653.173	191.25
653.377	198.25
653.581	187.25
653.785	206.25
653.99	192.25
654.194	193.25
654.398	192.25
654.602	166.25
654.806	186.25
655.01	218.25
655.214	193.25
655.418	181.25
655.622	179.25
655.826	188.25
656.03	179.25
656.234	194.25
656.438	184.25
656.642	192.25
656.846	170.25
657.049	168.25
657.253	166.25
657.457	146.25
657.661	154.25
657.865	152.25
658.068	157.25
658.272	151.25
658.476	130.25
658.68	141.25
658.883	133.25
659.087	135.25
659.291	125.25
659.494	124.25
659.698	135.25
659.901	127.25
660.105	104.25
660.309	117.25
660.512	103.25
660.716	99.25
660.919	115.25
661.123	117.25
661.326	108.25
661.53	94.25
661.733	100.25
661.936	84.25
662.14	95.25
662.343	94.25
662.546	93.25
662.75	105.25
662.953	82.25
663.156	81.25
663.36	92.25
663.563	71.25
663.766	87.25
663.969	97.25
664.173	87.25
664.376	97.25
664.579	91.25
664.782	86.25
664.985	79.25
665.188	86.25
665.391	93.25
665.594	73.25
665.797	87.25
666	82.25
666.203	88.25
666.406	95.25
666.609	91.25
666.812	72.25
667.015	82.25
667.218	71.25
667.421	98.25
667.624	83.25
667.827	85.25
668.03	86.25
668.232	82.25
668.435	83.25
668.638	94.25
668.841	94.25
669.043	79.25
669.246	90.25
669.449	90.25
669.651	83.25
669.854	78.25
670.057	80.25
670.259	93.25
670.462	62.25
670.665	85.25
670.867	79.25
671.07	98.25
671.272	93.25
671.475	88.25
671.677	73.25
671.88	83.25
672.082	84.25
672.284	76.25
672.487	81.25
672.689	76.25
672.892	82.25
