223.165	-18.88
223.4	-18.88
223.635	-18.88
223.869	-27.88
224.104	-3.88
224.338	-4.88
224.573	-28.88
224.808	-16.88
225.042	-13.88
225.277	-1.88
225.511	-6.88
225.746	9.12
225.98	8.12
226.215	14.12
226.449	9.12
226.683	19.12
226.918	30.12
227.152	34.12
227.387	36.12
227.621	36.12
227.856	37.12
228.09	50.12
228.324	52.12
228.559	58.12
228.793	71.12
229.027	129.12
229.262	120.12
229.496	145.12
229.73	168.12
229.964	186.12
230.199	161.12
230.433	145.12
230.667	145.12
230.901	145.12
231.136	122.12
231.37	128.12
231.604	136.12
231.838	123.12
232.072	150.12
232.306	130.12
232.541	125.12
232.775	144.12
233.009	143.12
233.243	142.12
233.477	138.12
233.711	144.12
233.945	139.12
234.179	124.12
234.413	148.12
234.647	148.12
234.881	132.12
235.115	147.12
235.349	158.12
235.583	154.12
235.817	145.12
236.051	159.12
236.285	149.12
236.519	153.12
236.753	162.12
236.987	170.12
237.221	216.12
237.455	268.12
237.689	187.12
237.922	152.12
238.156	176.12
238.39	172.12
238.624	174.12
238.858	163.12
239.091	163.12
239.325	164.12
239.559	160.12
239.793	182.12
240.027	164.12
240.26	183.12
240.494	192.12
240.728	202.12
240.961	197.12
241.195	171.12
241.429	180.12
241.662	176.12
241.896	185.12
242.13	190.12
242.363	184.12
242.597	188.12
242.83	188.12
243.064	180.12
243.298	189.12
243.531	190.12
243.765	189.12
243.998	185.12
244.232	196.12
244.465	198.12
244.699	197.12
244.932	196.12
245.166	194.12
245.399	201.12
245.633	200.12
245.866	210.12
246.099	201.12
246.333	196.12
246.566	201.12
246.8	211.12
247.033	218.12
247.266	234.12
247.5	246.12
247.733	222.12
247.966	248.12
248.2	226.12
248.433	226.12
248.666	245.12
248.899	248.12
249.133	265.12
249.366	281.12
249.599	277.12
249.832	274.12
250.066	286.12
250.299	312.12
250.532	392.12
250.765	422.12
250.998	387.12
251.231	340.12
251.465	335.12
251.698	299.12
251.931	290.12
252.164	289.12
252.397	293.12
252.63	286.12
252.863	281.12
253.096	290.12
253.329	307.12
253.562	285.12
253.795	314.12
254.028	285.12
254.261	299.12
254.494	303.12
254.727	350.12
254.96	321.12
255.193	356.12
255.426	344.12
255.659	375.12
255.892	473.12
256.124	619.12
256.357	639.12
256.59	539.12
256.823	450.12
257.056	403.12
257.289	367.12
257.521	368.12
257.754	335.12
257.987	344.12
258.22	328.12
258.452	315.12
258.685	332.12
258.918	310.12
259.151	311.12
259.383	315.12
259.616	303.12
259.849	311.12
260.081	325.12
260.314	319.12
260.547	326.12
260.779	308.12
261.012	306.12
261.244	311.12
261.477	318.12
261.71	296.12
261.942	328.12
262.175	352.12
262.407	340.12
262.64	304.12
262.872	308.12
263.105	291.12
263.337	305.12
263.57	318.12
263.802	310.12
264.035	322.12
264.267	300.12
264.499	307.12
264.732	308.12
264.964	298.12
265.197	314.12
265.429	304.12
265.661	289.12
265.894	316.12
266.126	299.12
266.358	304.12
266.591	300.12
266.823	311.12
267.055	338.12
267.287	306.12
267.52	310.12
267.752	309.12
267.984	305.12
268.216	323.12
268.448	341.12
268.681	333.12
268.913	334.12
269.145	345.12
269.377	342.12
269.609	348.12
269.841	361.12
270.073	349.12
270.306	380.12
270.538	367.12
270.77	361.12
271.002	364.12
271.234	369.12
271.466	378.12
271.698	377.12
271.93	381.12
272.162	383.12
272.394	390.12
272.626	388.12
272.858	369.12
273.09	370.12
273.322	374.12
273.553	369.12
273.785	355.12
274.017	368.12
274.249	348.12
274.481	358.12
274.713	371.12
274.945	370.12
275.176	389.12
275.408	384.12
275.64	388.12
275.872	402.12
276.104	400.12
276.335	403.12
276.567	409.12
276.799	427.12
277.031	479.12
277.262	491.12
277.494	500.12
277.726	457.12
277.957	440.12
278.189	440.12
278.421	419.12
278.652	409.12
278.884	404.12
279.115	408.12
279.347	414.12
279.579	417.12
279.81	446.12
280.042	459.12
280.273	528.12
280.505	515.12
280.736	471.12
280.968	429.12
281.199	412.12
281.431	409.12
281.662	424.12
281.894	404.12
282.125	398.12
282.356	445.12
282.588	452.12
282.819	468.12
283.051	420.12
283.282	390.12
283.513	419.12
283.745	402.12
283.976	399.12
284.207	403.12
284.439	414.12
284.67	409.12
284.901	406.12
285.132	413.12
285.364	396.12
285.595	417.12
285.826	433.12
286.057	436.12
286.288	415.12
286.52	421.12
286.751	397.12
286.982	403.12
287.213	409.12
287.444	434.12
287.675	420.12
287.906	432.12
288.138	434.12
288.369	447.12
288.6	438.12
288.831	428.12
289.062	429.12
289.293	435.12
289.524	427.12
289.755	445.12
289.986	436.12
290.217	414.12
290.448	425.12
290.679	424.12
290.91	443.12
291.141	418.12
291.371	436.12
291.602	440.12
291.833	426.12
292.064	424.12
292.295	429.12
292.526	418.12
292.757	413.12
292.987	427.12
293.218	414.12
293.449	435.12
293.68	437.12
293.91	445.12
294.141	421.12
294.372	421.12
294.603	434.12
294.833	437.12
295.064	445.12
295.295	451.12
295.525	418.12
295.756	440.12
295.987	460.12
296.217	496.12
296.448	481.12
296.679	469.12
296.909	446.12
297.14	458.12
297.37	432.12
297.601	446.12
297.831	464.12
298.062	458.12
298.292	469.12
298.523	449.12
298.753	476.12
298.984	451.12
299.214	464.12
299.445	468.12
299.675	469.12
299.905	477.12
300.136	469.12
300.366	465.12
300.597	462.12
300.827	478.12
301.057	482.12
301.288	514.12
301.518	495.12
301.748	481.12
301.979	500.12
302.209	532.12
302.439	498.12
302.669	494.12
302.9	482.12
303.13	485.12
303.36	503.12
303.59	520.12
303.82	566.12
304.051	539.12
304.281	519.12
304.511	502.12
304.741	498.12
304.971	507.12
305.201	492.12
305.431	477.12
305.661	469.12
305.891	485.12
306.121	500.12
306.352	485.12
306.582	520.12
306.812	512.12
307.042	518.12
307.272	562.12
307.502	549.12
307.731	571.12
307.961	575.12
308.191	504.12
308.421	512.12
308.651	513.12
308.881	510.12
309.111	528.12
309.341	494.12
309.571	540.12
309.8	529.12
310.03	538.12
310.26	561.12
310.49	541.12
310.72	569.12
310.949	565.12
311.179	583.12
311.409	559.12
311.639	550.12
311.868	545.12
312.098	564.12
312.328	568.12
312.557	582.12
312.787	625.12
313.017	612.12
313.246	577.12
313.476	564.12
313.706	573.12
313.935	586.12
314.165	605.12
314.394	604.12
314.624	606.12
314.853	572.12
315.083	581.12
315.312	589.12
315.542	579.12
315.771	537.12
316.001	536.12
316.23	569.12
316.46	562.12
316.689	592.12
316.919	589.12
317.148	593.12
317.377	576.12
317.607	589.12
317.836	614.12
318.065	574.12
318.295	578.12
318.524	588.12
318.753	578.12
318.983	578.12
319.212	569.12
319.441	612.12
319.67	613.12
319.9	598.12
320.129	606.12
320.358	616.12
320.587	596.12
320.816	622.12
321.046	621.12
321.275	613.12
321.504	634.12
321.733	620.12
321.962	652.12
322.191	673.12
322.42	690.12
322.649	701.12
322.878	702.12
323.108	725.12
323.337	787.12
323.566	790.12
323.795	825.12
324.024	918.12
324.253	1121.12
324.482	1611.12
324.71	2537.12
324.939	3626.12
325.168	2850.12
325.397	1468.12
325.626	1056.12
325.855	924.12
326.084	896.12
326.313	879.12
326.542	893.12
326.77	984.12
326.999	1142.12
327.228	1572.12
327.457	2406.12
327.686	2917.12
327.914	1925.12
328.143	1643.12
328.372	1703.12
328.6	1571.12
328.829	1174.12
329.058	1155.12
329.287	1180.12
329.515	1215.12
329.744	1331.12
329.972	1641.12
330.201	2173.12
330.43	2791.12
330.658	2308.12
330.887	1537.12
331.115	1274.12
331.344	1084.12
331.572	1036.12
331.801	1029.12
332.03	1042.12
332.258	1000.12
332.486	974.12
332.715	1023.12
332.943	1055.12
333.172	1091.12
333.4	1152.12
333.629	1290.12
333.857	1453.12
334.085	1790.12
334.314	2450.12
334.542	3380.12
334.771	3636.12
334.999	2244.12
335.227	1462.12
335.455	1235.12
335.684	1113.12
335.912	1020.12
336.14	977.12
336.369	946.12
336.597	929.12
336.825	926.12
337.053	866.12
337.281	847.12
337.51	832.12
337.738	821.12
337.966	808.12
338.194	782.12
338.422	784.12
338.65	781.12
338.878	753.12
339.106	780.12
339.334	752.12
339.562	740.12
339.79	731.12
340.018	720.12
340.246	727.12
340.474	753.12
340.702	749.12
340.93	712.12
341.158	715.12
341.386	712.12
341.614	721.12
341.842	714.12
342.07	702.12
342.298	699.12
342.526	713.12
342.754	672.12
342.981	699.12
343.209	711.12
343.437	712.12
343.665	736.12
343.893	776.12
344.12	828.12
344.348	779.12
344.576	762.12
344.804	729.12
345.031	756.12
345.259	765.12
345.487	728.12
345.714	716.12
345.942	697.12
346.17	696.12
346.397	692.12
346.625	700.12
346.853	705.12
347.08	692.12
347.308	688.12
347.535	701.12
347.763	722.12
347.99	736.12
348.218	713.12
348.445	725.12
348.673	709.12
348.9	698.12
349.128	709.12
349.355	690.12
349.583	693.12
349.81	677.12
350.037	660.12
350.265	672.12
350.492	672.12
350.72	673.12
350.947	674.12
351.174	706.12
351.402	721.12
351.629	693.12
351.856	673.12
352.083	696.12
352.311	723.12
352.538	730.12
352.765	728.12
352.992	710.12
353.22	715.12
353.447	682.12
353.674	665.12
353.901	644.12
354.128	684.12
354.355	650.12
354.583	684.12
354.81	670.12
355.037	675.12
355.264	665.12
355.491	675.12
355.718	641.12
355.945	671.12
356.172	646.12
356.399	652.12
356.626	673.12
356.853	662.12
357.08	650.12
357.307	654.12
357.534	652.12
357.761	678.12
357.988	664.12
358.215	671.12
358.441	660.12
358.668	659.12
358.895	670.12
359.122	650.12
359.349	702.12
359.576	702.12
359.802	766.12
360.029	798.12
360.256	792.12
360.483	779.12
360.709	715.12
360.936	712.12
361.163	698.12
361.39	719.12
361.616	718.12
361.843	706.12
362.07	722.12
362.296	716.12
362.523	724.12
362.749	716.12
362.976	714.12
363.203	705.12
363.429	705.12
363.656	705.12
363.882	686.12
364.109	679.12
364.335	696.12
364.562	687.12
364.788	692.12
365.015	705.12
365.241	674.12
365.468	704.12
365.694	730.12
365.92	708.12
366.147	680.12
366.373	681.12
366.599	698.12
366.826	700.12
367.052	673.12
367.278	702.12
367.505	702.12
367.731	684.12
367.957	696.12
368.184	725.12
368.41	725.12
368.636	720.12
368.862	723.12
369.089	730.12
369.315	705.12
369.541	736.12
369.767	720.12
369.993	732.12
370.219	733.12
370.445	721.12
370.672	720.12
370.898	739.12
371.124	730.12
371.35	740.12
371.576	732.12
371.802	723.12
372.028	713.12
372.254	731.12
372.48	710.12
372.706	738.12
372.932	759.12
373.158	747.12
373.384	757.12
373.61	751.12
373.835	751.12
374.061	753.12
374.287	767.12
374.513	750.12
374.739	749.12
374.965	796.12
375.191	785.12
375.416	773.12
375.642	742.12
375.868	772.12
376.094	768.12
376.319	767.12
376.545	739.12
376.771	737.12
376.997	740.12
377.222	763.12
377.448	716.12
377.674	766.12
377.899	732.12
378.125	732.12
378.35	698.12
378.576	723.12
378.802	723.12
379.027	737.12
379.253	758.12
379.478	724.12
379.704	728.12
379.929	745.12
380.155	735.12
380.38	719.12
380.606	746.12
380.831	730.12
381.057	702.12
381.282	736.12
381.507	744.12
381.733	761.12
381.958	741.12
382.184	780.12
382.409	793.12
382.634	775.12
382.86	769.12
383.085	777.12
383.31	772.12
383.535	812.12
383.761	803.12
383.986	808.12
384.211	831.12
384.436	840.12
384.662	819.12
384.887	846.12
385.112	849.12
385.337	854.12
385.562	867.12
385.787	862.12
386.013	876.12
386.238	888.12
386.463	874.12
386.688	881.12
386.913	836.12
387.138	829.12
387.363	866.12
387.588	850.12
387.813	840.12
388.038	851.12
388.263	840.12
388.488	849.12
388.713	870.12
388.938	837.12
389.163	845.12
389.387	849.12
389.612	849.12
389.837	854.12
390.062	827.12
390.287	858.12
390.512	828.12
390.736	882.12
390.961	890.12
391.186	874.12
391.411	938.12
391.636	923.12
391.86	928.12
392.085	938.12
392.31	931.12
392.534	932.12
392.759	908.12
392.984	910.12
393.208	909.12
393.433	911.12
393.658	921.12
393.882	924.12
394.107	925.12
394.331	916.12
394.556	906.12
394.78	919.12
395.005	936.12
395.229	899.12
395.454	964.12
395.678	980.12
395.903	991.12
396.127	976.12
396.352	947.12
396.576	918.12
396.801	925.12
397.025	933.12
397.249	961.12
397.474	971.12
397.698	957.12
397.922	980.12
398.147	988.12
398.371	1009.12
398.595	1045.12
398.82	1069.12
399.044	1095.12
399.268	1189.12
399.492	1385.12
399.717	1484.12
399.941	1444.12
400.165	1344.12
400.389	1284.12
400.613	1209.12
400.837	1152.12
401.062	1083.12
401.286	1092.12
401.51	1101.12
401.734	1083.12
401.958	1110.12
402.182	1125.12
402.406	1182.12
402.63	1173.12
402.854	1145.12
403.078	1169.12
403.302	1195.12
403.526	1236.12
403.75	1233.12
403.974	1283.12
404.198	1266.12
404.422	1269.12
404.645	1294.12
404.869	1313.12
405.093	1376.12
405.317	1448.12
405.541	1472.12
405.765	1382.12
405.988	1295.12
406.212	1318.12
406.436	1372.12
406.66	1401.12
406.883	1310.12
407.107	1367.12
407.331	1470.12
407.555	1510.12
407.778	1508.12
408.002	1397.12
408.226	1352.12
408.449	1312.12
408.673	1285.12
408.896	1328.12
409.12	1317.12
409.344	1311.12
409.567	1247.12
409.791	1309.12
410.014	1240.12
410.238	1194.12
410.461	1239.12
410.685	1233.12
410.908	1212.12
411.132	1262.12
411.355	1249.12
411.578	1246.12
411.802	1214.12
412.025	1239.12
412.249	1307.12
412.472	1354.12
412.695	1440.12
412.919	1421.12
413.142	1351.12
413.365	1299.12
413.589	1253.12
413.812	1206.12
414.035	1167.12
414.258	1189.12
414.482	1196.12
414.705	1193.12
414.928	1185.12
415.151	1162.12
415.374	1128.12
415.597	1114.12
415.821	1111.12
416.044	1134.12
416.267	1122.12
416.49	1138.12
416.713	1141.12
416.936	1147.12
417.159	1131.12
417.382	1172.12
417.605	1192.12
417.828	1181.12
418.051	1190.12
418.274	1188.12
418.497	1170.12
418.72	1184.12
418.943	1164.12
419.166	1205.12
419.389	1309.12
419.611	1275.12
419.834	1271.12
420.057	1296.12
420.28	1359.12
420.503	1359.12
420.726	1296.12
420.948	1264.12
421.171	1291.12
421.394	1267.12
421.617	1248.12
421.839	1206.12
422.062	1179.12
422.285	1203.12
422.507	1282.12
422.73	1309.12
422.953	1291.12
423.175	1230.12
423.398	1193.12
423.621	1228.12
423.843	1240.12
424.066	1243.12
424.288	1246.12
424.511	1284.12
424.733	1276.12
424.956	1391.12
425.178	1358.12
425.401	1294.12
425.623	1350.12
425.846	1206.12
426.068	1176.12
426.291	1163.12
426.513	1164.12
426.735	1187.12
426.958	1228.12
427.18	1278.12
427.402	1397.12
427.625	1555.12
427.847	1510.12
428.069	1508.12
428.292	1363.12
428.514	1213.12
428.736	1134.12
428.958	1119.12
429.181	1098.12
429.403	1077.12
429.625	1075.12
429.847	1096.12
430.069	1179.12
430.292	1167.12
430.514	1105.12
430.736	1082.12
430.958	1068.12
431.18	1067.12
431.402	1056.12
431.624	1060.12
431.846	1028.12
432.068	1056.12
432.29	1052.12
432.512	1031.12
432.734	1048.12
432.956	1035.12
433.178	1053.12
433.4	1077.12
433.622	1056.12
433.844	1083.12
434.066	1074.12
434.287	1083.12
434.509	1090.12
434.731	1100.12
434.953	1132.12
435.175	1193.12
435.397	1155.12
435.618	1140.12
435.84	1158.12
436.062	1252.12
436.284	1296.12
436.505	1210.12
436.727	1148.12
436.949	1125.12
437.17	1121.12
437.392	1063.12
437.614	1080.12
437.835	1086.12
438.057	1185.12
438.278	1292.12
438.5	1321.12
438.721	1353.12
438.943	1332.12
439.165	1148.12
439.386	1146.12
439.608	1172.12
439.829	1140.12
440.05	1195.12
440.272	1272.12
440.493	1168.12
440.715	1150.12
440.936	1165.12
441.158	1148.12
441.379	1158.12
441.6	1185.12
441.822	1250.12
442.043	1272.12
442.264	1330.12
442.486	1344.12
442.707	1247.12
442.928	1241.12
443.149	1253.12
443.371	1283.12
443.592	1292.12
443.813	1424.12
444.034	1454.12
444.255	1352.12
444.476	1276.12
444.698	1295.12
444.919	1317.12
445.14	1415.12
445.361	1317.12
445.582	1274.12
445.803	1358.12
446.024	1432.12
446.245	1432.12
446.466	1338.12
446.687	1200.12
446.908	1146.12
447.129	1108.12
447.35	1094.12
447.571	1085.12
447.792	1054.12
448.013	1082.12
448.234	1081.12
448.455	1136.12
448.675	1234.12
448.896	1338.12
449.117	1163.12
449.338	1173.12
449.559	1282.12
449.779	1355.12
450	1169.12
450.221	1076.12
450.442	1061.12
450.662	1037.12
450.883	1070.12
451.104	1092.12
451.324	1065.12
451.545	1036.12
451.766	997.12
451.986	992.12
452.207	964.12
452.428	995.12
452.648	973.12
452.869	957.12
453.089	992.12
453.31	988.12
453.53	982.12
453.751	950.12
453.971	951.12
454.192	976.12
454.412	975.12
454.633	949.12
454.853	954.12
455.073	925.12
455.294	970.12
455.514	1032.12
455.734	1003.12
455.955	922.12
456.175	876.12
456.395	881.12
456.616	885.12
456.836	908.12
457.056	903.12
457.276	877.12
457.497	928.12
457.717	892.12
457.937	907.12
458.157	911.12
458.377	939.12
458.598	977.12
458.818	1065.12
459.038	1200.12
459.258	1160.12
459.478	1049.12
459.698	1048.12
459.918	1057.12
460.138	1092.12
460.358	1127.12
460.578	1100.12
460.798	1154.12
461.018	1140.12
461.238	1140.12
461.458	1116.12
461.678	1116.12
461.898	1117.12
462.118	1133.12
462.338	1206.12
462.558	1205.12
462.777	1263.12
462.997	1337.12
463.217	1397.12
463.437	1398.12
463.657	1354.12
463.876	1268.12
464.096	1260.12
464.316	1307.12
464.536	1321.12
464.755	1292.12
464.975	1276.12
465.195	1345.12
465.414	1416.12
465.634	1241.12
465.854	1134.12
466.073	1108.12
466.293	1105.12
466.512	1057.12
466.732	1013.12
466.951	1038.12
467.171	1061.12
467.391	1085.12
467.61	1101.12
467.829	1120.12
468.049	1398.12
468.268	1932.12
468.488	1475.12
468.707	1233.12
468.927	1141.12
469.146	1110.12
469.365	1088.12
469.585	1068.12
469.804	1106.12
470.023	1129.12
470.243	1118.12
470.462	1141.12
470.681	1154.12
470.901	1155.12
471.12	1112.12
471.339	1139.12
471.558	1118.12
471.777	1205.12
471.997	1292.12
472.216	1815.12
472.435	3565.12
472.654	2649.12
472.873	1686.12
473.092	1416.12
473.311	1293.12
473.53	1215.12
473.749	1176.12
473.968	1208.12
474.187	1276.12
474.406	1214.12
474.625	1135.12
474.844	1093.12
475.063	1077.12
475.282	1057.12
475.501	1061.12
475.72	1051.12
475.939	1057.12
476.158	1081.12
476.377	1124.12
476.596	1077.12
476.814	1093.12
477.033	1088.12
477.252	1098.12
477.471	1112.12
477.69	1126.12
477.908	1161.12
478.127	1160.12
478.346	1189.12
478.564	1205.12
478.783	1218.12
479.002	1268.12
479.22	1274.12
479.439	1279.12
479.658	1306.12
479.876	1300.12
480.095	1332.12
480.313	1411.12
480.532	1502.12
480.751	1634.12
480.969	2067.12
481.188	4604.12
481.406	5951.12
481.624	3040.12
481.843	2110.12
482.061	1814.12
482.28	1608.12
482.498	1550.12
482.717	1491.12
482.935	1424.12
483.153	1407.12
483.372	1411.12
483.59	1374.12
483.808	1346.12
484.027	1332.12
484.245	1299.12
484.463	1322.12
484.681	1339.12
484.9	1316.12
485.118	1301.12
485.336	1308.12
485.554	1271.12
485.772	1275.12
485.99	1292.12
486.209	1295.12
486.427	1286.12
486.645	1312.12
486.863	1360.12
487.081	1358.12
487.299	1339.12
487.517	1330.12
487.735	1345.12
487.953	1396.12
488.171	1348.12
488.389	1346.12
488.607	1308.12
488.825	1320.12
489.043	1302.12
489.261	1348.12
489.479	1357.12
489.696	1372.12
489.914	1382.12
490.132	1381.12
490.35	1410.12
490.568	1448.12
490.786	1491.12
491.003	1476.12
491.221	1603.12
491.439	1639.12
491.657	1680.12
491.874	1703.12
492.092	1768.12
492.31	1795.12
492.527	1804.12
492.745	1823.12
492.963	1782.12
493.18	1766.12
493.398	1752.12
493.615	1745.12
493.833	1694.12
494.05	1690.12
494.268	1673.12
494.485	1677.12
494.703	1634.12
494.92	1621.12
495.138	1613.12
495.355	1589.12
495.573	1593.12
495.79	1594.12
496.008	1578.12
496.225	1534.12
496.442	1556.12
496.66	1564.12
496.877	1556.12
497.094	1573.12
497.312	1548.12
497.529	1550.12
497.746	1584.12
497.963	1596.12
498.181	1647.12
498.398	1628.12
498.615	1716.12
498.832	1787.12
499.049	1853.12
499.267	1972.12
499.484	2102.12
499.701	2180.12
499.918	2377.12
500.135	2678.12
500.352	2944.12
500.569	3091.12
500.786	3069.12
501.003	2869.12
501.22	2606.12
501.437	2400.12
501.654	2218.12
501.871	2073.12
502.088	1940.12
502.305	1850.12
502.522	1750.12
502.739	1678.12
502.956	1616.12
503.172	1606.12
503.389	1520.12
503.606	1506.12
503.823	1476.12
504.04	1467.12
504.256	1486.12
504.473	1451.12
504.69	1483.12
504.907	1449.12
505.123	1404.12
505.34	1360.12
505.557	1302.12
505.773	1292.12
505.99	1282.12
506.207	1243.12
506.423	1259.12
506.64	1229.12
506.856	1226.12
507.073	1222.12
507.289	1232.12
507.506	1226.12
507.722	1269.12
507.939	1248.12
508.155	1200.12
508.372	1212.12
508.588	1154.12
508.805	1164.12
509.021	1175.12
509.238	1139.12
509.454	1144.12
509.67	1184.12
509.887	1109.12
510.103	1144.12
510.319	1180.12
510.536	1431.12
510.752	2851.12
510.968	1983.12
511.184	1232.12
511.401	1164.12
511.617	1203.12
511.833	1258.12
512.049	1300.12
512.265	1286.12
512.481	1218.12
512.698	1165.12
512.914	1186.12
513.13	1150.12
513.346	1138.12
513.562	1164.12
513.778	1132.12
513.994	1178.12
514.21	1184.12
514.426	1247.12
514.642	1286.12
514.858	1347.12
515.074	1420.12
515.29	1732.12
515.506	2811.12
515.721	2203.12
515.937	1402.12
516.153	1295.12
516.369	1269.12
516.585	1253.12
516.801	1249.12
517.016	1260.12
517.232	1327.12
517.448	1332.12
517.664	1357.12
517.879	1345.12
518.095	1315.12
518.311	1354.12
518.527	1336.12
518.742	1272.12
518.958	1235.12
519.173	1245.12
519.389	1229.12
519.605	1184.12
519.82	1190.12
520.036	1209.12
520.251	1231.12
520.467	1204.12
520.682	1210.12
520.898	1209.12
521.113	1290.12
521.329	1363.12
521.544	1548.12
521.76	2044.12
521.975	3852.12
522.19	3642.12
522.406	1724.12
522.621	1308.12
522.836	1213.12
523.052	1132.12
523.267	1110.12
523.482	1096.12
523.698	1052.12
523.913	1073.12
524.128	1061.12
524.343	1045.12
524.559	1053.12
524.774	1029.12
524.989	1031.12
525.204	1075.12
525.419	987.12
525.634	972.12
525.849	973.12
526.064	950.12
526.28	916.12
526.495	949.12
526.71	944.12
526.925	917.12
527.14	914.12
527.355	913.12
527.57	911.12
527.785	928.12
527.999	915.12
528.214	947.12
528.429	943.12
528.644	978.12
528.859	983.12
529.074	992.12
529.289	1071.12
529.503	1213.12
529.718	1118.12
529.933	984.12
530.148	970.12
530.363	951.12
530.577	938.12
530.792	900.12
531.007	908.12
531.221	923.12
531.436	908.12
531.651	913.12
531.865	910.12
532.08	904.12
532.295	893.12
532.509	898.12
532.724	913.12
532.938	886.12
533.153	931.12
533.367	913.12
533.582	913.12
533.796	893.12
534.011	927.12
534.225	917.12
534.44	869.12
534.654	902.12
534.868	881.12
535.083	893.12
535.297	890.12
535.511	899.12
535.726	910.12
535.94	918.12
536.154	882.12
536.369	866.12
536.583	839.12
536.797	859.12
537.011	837.12
537.225	841.12
537.44	850.12
537.654	858.12
537.868	827.12
538.082	825.12
538.296	829.12
538.51	835.12
538.724	818.12
538.938	850.12
539.153	872.12
539.367	884.12
539.581	898.12
539.795	829.12
540.009	832.12
540.222	821.12
540.436	834.12
540.65	854.12
540.864	855.12
541.078	898.12
541.292	896.12
541.506	907.12
541.72	920.12
541.934	908.12
542.147	947.12
542.361	936.12
542.575	869.12
542.789	891.12
543.002	869.12
543.216	836.12
543.43	860.12
543.644	873.12
543.857	878.12
544.071	895.12
544.285	900.12
544.498	896.12
544.712	868.12
544.925	886.12
545.139	911.12
545.352	882.12
545.566	910.12
545.779	914.12
545.993	924.12
546.206	904.12
546.42	915.12
546.633	930.12
546.847	890.12
547.06	921.12
547.274	908.12
547.487	929.12
547.7	929.12
547.914	909.12
548.127	890.12
548.34	893.12
548.554	906.12
548.767	917.12
548.98	898.12
549.193	899.12
549.407	879.12
549.62	897.12
549.833	891.12
550.046	879.12
550.259	919.12
550.473	879.12
550.686	889.12
550.899	883.12
551.112	887.12
551.325	852.12
551.538	841.12
551.751	824.12
551.964	823.12
552.177	848.12
552.39	859.12
552.603	877.12
552.816	904.12
553.029	939.12
553.242	948.12
553.455	963.12
553.667	980.12
553.88	972.12
554.093	942.12
554.306	912.12
554.519	900.12
554.732	882.12
554.944	865.12
555.157	840.12
555.37	852.12
555.583	851.12
555.795	816.12
556.008	774.12
556.221	800.12
556.433	770.12
556.646	790.12
556.859	775.12
557.071	778.12
557.284	788.12
557.496	771.12
557.709	794.12
557.921	780.12
558.134	774.12
558.346	760.12
558.559	772.12
558.771	767.12
558.984	726.12
559.196	722.12
559.409	750.12
559.621	733.12
559.833	735.12
560.046	719.12
560.258	720.12
560.47	748.12
560.683	746.12
560.895	730.12
561.107	734.12
561.32	726.12
561.532	733.12
561.744	703.12
561.956	726.12
562.168	744.12
562.381	729.12
562.593	709.12
562.805	733.12
563.017	697.12
563.229	707.12
563.441	690.12
563.653	707.12
563.865	711.12
564.077	717.12
564.289	717.12
564.501	694.12
564.713	740.12
564.925	730.12
565.137	767.12
565.349	741.12
565.561	767.12
565.773	760.12
565.985	813.12
566.197	844.12
566.408	879.12
566.62	958.12
566.832	984.12
567.044	985.12
567.255	1012.12
567.467	1008.12
567.679	1021.12
567.891	1106.12
568.102	1068.12
568.314	1024.12
568.526	933.12
568.737	895.12
568.949	810.12
569.161	772.12
569.372	705.12
569.584	702.12
569.795	680.12
570.007	688.12
570.218	766.12
570.43	730.12
570.641	668.12
570.853	682.12
571.064	675.12
571.276	674.12
571.487	664.12
571.698	629.12
571.91	620.12
572.121	623.12
572.333	616.12
572.544	596.12
572.755	574.12
572.966	573.12
573.178	557.12
573.389	575.12
573.6	544.12
573.811	534.12
574.023	554.12
574.234	521.12
574.445	549.12
574.656	523.12
574.867	554.12
575.078	581.12
575.289	546.12
575.501	545.12
575.712	533.12
575.923	514.12
576.134	518.12
576.345	507.12
576.556	517.12
576.767	530.12
576.978	555.12
577.188	512.12
577.399	522.12
577.61	514.12
577.821	511.12
578.032	505.12
578.243	587.12
578.454	1008.12
578.665	697.12
578.875	546.12
579.086	500.12
579.297	474.12
579.508	482.12
579.718	452.12
579.929	478.12
580.14	475.12
580.35	471.12
580.561	467.12
580.772	459.12
580.982	480.12
581.193	476.12
581.403	462.12
581.614	480.12
581.825	483.12
582.035	464.12
582.246	462.12
582.456	452.12
582.667	490.12
582.877	466.12
583.087	467.12
583.298	461.12
583.508	440.12
583.719	438.12
583.929	464.12
584.139	444.12
584.35	451.12
584.56	467.12
584.77	452.12
584.981	456.12
585.191	438.12
585.401	439.12
585.611	456.12
585.821	439.12
586.032	416.12
586.242	424.12
586.452	458.12
586.662	439.12
586.872	424.12
587.082	422.12
587.292	430.12
587.502	440.12
587.713	431.12
587.923	450.12
588.133	420.12
588.343	438.12
588.553	440.12
588.762	429.12
588.972	425.12
589.182	444.12
589.392	433.12
589.602	466.12
589.812	464.12
590.022	463.12
590.232	436.12
590.441	441.12
590.651	443.12
590.861	416.12
591.071	442.12
591.281	436.12
591.49	429.12
591.7	442.12
591.91	445.12
592.119	462.12
592.329	491.12
592.539	485.12
592.748	458.12
592.958	480.12
593.167	501.12
593.377	522.12
593.587	513.12
593.796	505.12
594.006	514.12
594.215	527.12
594.424	522.12
594.634	511.12
594.843	512.12
595.053	494.12
595.262	466.12
595.472	468.12
595.681	455.12
595.89	445.12
596.1	432.12
596.309	429.12
596.518	436.12
596.727	420.12
596.937	431.12
597.146	429.12
597.355	417.12
597.564	406.12
597.774	409.12
597.983	394.12
598.192	393.12
598.401	390.12
598.61	369.12
598.819	393.12
599.028	400.12
599.237	400.12
599.446	394.12
599.655	392.12
599.864	396.12
600.073	383.12
600.282	396.12
600.491	402.12
600.7	372.12
600.909	386.12
601.118	401.12
601.327	395.12
601.536	411.12
601.745	397.12
601.953	406.12
602.162	423.12
602.371	424.12
602.58	403.12
602.789	424.12
602.997	412.12
603.206	408.12
603.415	416.12
603.623	424.12
603.832	393.12
604.041	375.12
604.249	396.12
604.458	386.12
604.666	396.12
604.875	380.12
605.084	381.12
605.292	385.12
605.501	404.12
605.709	426.12
605.918	388.12
606.126	414.12
606.334	385.12
606.543	408.12
606.751	374.12
606.96	405.12
607.168	421.12
607.376	404.12
607.585	386.12
607.793	400.12
608.001	414.12
608.21	428.12
608.418	425.12
608.626	402.12
608.834	402.12
609.043	397.12
609.251	418.12
609.459	397.12
609.667	421.12
609.875	413.12
610.083	426.12
610.291	404.12
610.499	404.12
610.707	408.12
610.916	403.12
611.124	412.12
611.332	391.12
611.54	419.12
611.748	412.12
611.955	425.12
612.163	391.12
612.371	387.12
612.579	388.12
612.787	394.12
612.995	384.12
613.203	410.12
613.411	388.12
613.618	381.12
613.826	380.12
614.034	378.12
614.242	395.12
614.449	376.12
614.657	384.12
614.865	383.12
615.072	388.12
615.28	394.12
615.488	380.12
615.695	391.12
615.903	374.12
616.111	388.12
616.318	392.12
616.526	386.12
616.733	400.12
616.941	400.12
617.148	413.12
617.356	387.12
617.563	405.12
617.771	379.12
617.978	382.12
618.185	373.12
618.393	371.12
618.6	387.12
618.807	370.12
619.015	376.12
619.222	369.12
619.429	385.12
619.637	365.12
619.844	355.12
620.051	360.12
620.258	355.12
620.466	349.12
620.673	335.12
620.88	361.12
621.087	367.12
621.294	363.12
621.501	334.12
621.708	358.12
621.915	341.12
622.122	350.12
622.329	355.12
622.536	369.12
622.743	332.12
622.95	344.12
623.157	347.12
623.364	354.12
623.571	347.12
623.778	361.12
623.985	348.12
624.192	353.12
624.399	353.12
624.606	325.12
624.812	345.12
625.019	316.12
625.226	324.12
625.433	323.12
625.639	290.12
625.846	306.12
626.053	292.12
626.259	300.12
626.466	317.12
626.673	288.12
626.879	288.12
627.086	308.12
627.293	305.12
627.499	317.12
627.706	310.12
627.912	325.12
628.119	310.12
628.325	312.12
628.532	307.12
628.738	323.12
628.945	309.12
629.151	298.12
629.357	293.12
629.564	286.12
629.77	285.12
629.976	291.12
630.183	278.12
630.389	282.12
630.595	305.12
630.802	299.12
631.008	290.12
631.214	297.12
631.42	304.12
631.627	294.12
631.833	289.12
632.039	297.12
632.245	271.12
632.451	282.12
632.657	291.12
632.863	288.12
633.069	290.12
633.275	269.12
633.481	270.12
633.688	256.12
633.893	274.12
634.099	289.12
634.305	292.12
634.511	284.12
634.717	273.12
634.923	273.12
635.129	272.12
635.335	268.12
635.541	283.12
635.747	304.12
635.952	292.12
636.158	332.12
636.364	448.12
636.57	530.12
636.775	420.12
636.981	347.12
637.187	348.12
637.392	347.12
637.598	310.12
637.804	319.12
638.009	291.12
638.215	297.12
638.421	302.12
638.626	303.12
638.832	283.12
639.037	287.12
639.243	283.12
639.448	282.12
639.654	267.12
639.859	264.12
640.065	265.12
640.27	256.12
640.475	264.12
640.681	257.12
640.886	279.12
641.091	255.12
641.297	253.12
641.502	268.12
641.707	266.12
641.913	262.12
642.118	248.12
642.323	260.12
642.528	262.12
642.733	250.12
642.939	255.12
643.144	254.12
643.349	253.12
643.554	251.12
643.759	232.12
643.964	233.12
644.169	250.12
644.374	261.12
644.579	247.12
644.784	253.12
644.989	230.12
645.194	251.12
645.399	238.12
645.604	237.12
645.809	242.12
646.014	254.12
646.219	251.12
646.423	248.12
646.628	216.12
646.833	260.12
647.038	232.12
647.243	247.12
647.447	246.12
647.652	227.12
647.857	262.12
648.062	243.12
648.266	253.12
648.471	266.12
648.676	272.12
648.88	239.12
649.085	252.12
649.289	239.12
649.494	248.12
649.698	266.12
649.903	271.12
650.107	245.12
650.312	237.12
650.516	234.12
650.721	237.12
650.925	239.12
651.13	243.12
651.334	205.12
651.539	201.12
651.743	202.12
651.947	228.12
652.152	217.12
652.356	202.12
652.56	200.12
652.764	200.12
652.969	194.12
653.173	218.12
653.377	203.12
653.581	193.12
653.785	193.12
653.99	191.12
654.194	182.12
654.398	194.12
654.602	176.12
654.806	194.12
655.01	197.12
655.214	172.12
655.418	174.12
655.622	186.12
655.826	179.12
656.03	183.12
656.234	188.12
656.438	171.12
656.642	172.12
656.846	178.12
657.049	171.12
657.253	154.12
657.457	144.12
657.661	133.12
657.865	148.12
658.068	136.12
658.272	120.12
658.476	138.12
658.68	134.12
658.883	132.12
659.087	119.12
659.291	122.12
659.494	123.12
659.698	116.12
659.901	112.12
660.105	112.12
660.309	110.12
660.512	100.12
660.716	94.12
660.919	100.12
661.123	108.12
661.326	94.12
661.53	88.12
661.733	104.12
661.936	101.12
662.14	104.12
662.343	80.12
662.546	94.12
662.75	93.12
662.953	91.12
663.156	105.12
663.36	71.12
663.563	86.12
663.766	75.12
663.969	76.12
664.173	87.12
664.376	85.12
664.579	80.12
664.782	91.12
664.985	86.12
665.188	76.12
665.391	96.12
665.594	80.12
665.797	86.12
666	75.12
666.203	63.12
666.406	67.12
666.609	83.12
666.812	84.12
667.015	77.12
667.218	86.12
667.421	73.12
667.624	77.12
667.827	85.12
668.03	80.12
668.232	86.12
668.435	91.12
668.638	78.12
668.841	70.12
669.043	85.12
669.246	68.12
669.449	88.12
669.651	89.12
669.854	80.12
670.057	68.12
670.259	86.12
670.462	85.12
670.665	89.12
670.867	98.12
671.07	84.12
671.272	85.12
671.475	76.12
671.677	86.12
671.88	77.12
672.082	93.12
672.284	86.12
672.487	80.12
672.689	80.12
672.892	81.12
