223.165	-16.44
223.4	-16.44
223.635	-16.44
223.869	-18.44
224.104	-16.44
224.338	-9.44
224.573	-9.44
224.808	-13.44
225.042	-6.44
225.277	-11.44
225.511	-8.44
225.746	-1.44
225.98	18.56
226.215	11.56
226.449	11.56
226.683	31.56
226.918	15.56
227.152	22.56
227.387	40.56
227.621	51.56
227.856	46.56
228.09	46.56
228.324	55.56
228.559	66.56
228.793	77.56
229.027	131.56
229.262	135.56
229.496	135.56
229.73	178.56
229.964	195.56
230.199	174.56
230.433	149.56
230.667	138.56
230.901	147.56
231.136	157.56
231.37	137.56
231.604	146.56
231.838	151.56
232.072	148.56
232.306	136.56
232.541	159.56
232.775	151.56
233.009	149.56
233.243	158.56
233.477	155.56
233.711	140.56
233.945	157.56
234.179	162.56
234.413	163.56
234.647	147.56
234.881	170.56
235.115	148.56
235.349	161.56
235.583	153.56
235.817	157.56
236.051	157.56
236.285	159.56
236.519	168.56
236.753	169.56
236.987	184.56
237.221	229.56
237.455	281.56
237.689	220.56
237.922	170.56
238.156	169.56
238.39	182.56
238.624	186.56
238.858	165.56
239.091	168.56
239.325	163.56
239.559	191.56
239.793	168.56
240.027	176.56
240.26	197.56
240.494	196.56
240.728	209.56
240.961	179.56
241.195	194.56
241.429	196.56
241.662	189.56
241.896	186.56
242.13	186.56
242.363	197.56
242.597	192.56
242.83	204.56
243.064	213.56
243.298	203.56
243.531	187.56
243.765	195.56
243.998	218.56
244.232	227.56
244.465	218.56
244.699	203.56
244.932	216.56
245.166	198.56
245.399	192.56
245.633	215.56
245.866	212.56
246.099	215.56
246.333	205.56
246.566	222.56
246.8	233.56
247.033	232.56
247.266	208.56
247.5	239.56
247.733	243.56
247.966	241.56
248.2	246.56
248.433	239.56
248.666	253.56
248.899	253.56
249.133	266.56
249.366	285.56
249.599	288.56
249.832	296.56
250.066	311.56
250.299	363.56
250.532	446.56
250.765	453.56
250.998	433.56
251.231	398.56
251.465	351.56
251.698	335.56
251.931	298.56
252.164	307.56
252.397	307.56
252.63	319.56
252.863	306.56
253.096	317.56
253.329	314.56
253.562	307.56
253.795	322.56
254.028	330.56
254.261	310.56
254.494	312.56
254.727	358.56
254.96	358.56
255.193	371.56
255.426	365.56
255.659	426.56
255.892	544.56
256.124	703.56
256.357	724.56
256.59	621.56
256.823	483.56
257.056	441.56
257.289	418.56
257.521	383.56
257.754	383.56
257.987	371.56
258.22	353.56
258.452	366.56
258.685	343.56
258.918	349.56
259.151	335.56
259.383	336.56
259.616	336.56
259.849	362.56
260.081	347.56
260.314	347.56
260.547	330.56
260.779	354.56
261.012	324.56
261.244	330.56
261.477	338.56
261.71	320.56
261.942	342.56
262.175	385.56
262.407	352.56
262.64	333.56
262.872	313.56
263.105	328.56
263.337	329.56
263.57	330.56
263.802	317.56
264.035	306.56
264.267	332.56
264.499	321.56
264.732	352.56
264.964	322.56
265.197	328.56
265.429	335.56
265.661	323.56
265.894	329.56
266.126	333.56
266.358	342.56
266.591	332.56
266.823	329.56
267.055	346.56
267.287	370.56
267.52	345.56
267.752	334.56
267.984	347.56
268.216	351.56
268.448	341.56
268.681	347.56
268.913	347.56
269.145	345.56
269.377	380.56
269.609	385.56
269.841	362.56
270.073	381.56
270.306	383.56
270.538	378.56
270.77	409.56
271.002	394.56
271.234	385.56
271.466	400.56
271.698	405.56
271.93	410.56
272.162	417.56
272.394	419.56
272.626	415.56
272.858	385.56
273.09	401.56
273.322	393.56
273.553	390.56
273.785	383.56
274.017	391.56
274.249	418.56
274.481	426.56
274.713	385.56
274.945	387.56
275.176	398.56
275.408	410.56
275.64	438.56
275.872	426.56
276.104	433.56
276.335	429.56
276.567	445.56
276.799	459.56
277.031	490.56
277.262	547.56
277.494	519.56
277.726	489.56
277.957	472.56
278.189	465.56
278.421	467.56
278.652	447.56
278.884	459.56
279.115	439.56
279.347	443.56
279.579	453.56
279.81	488.56
280.042	496.56
280.273	555.56
280.505	549.56
280.736	510.56
280.968	499.56
281.199	455.56
281.431	448.56
281.662	445.56
281.894	449.56
282.125	447.56
282.356	465.56
282.588	478.56
282.819	513.56
283.051	443.56
283.282	431.56
283.513	419.56
283.745	473.56
283.976	443.56
284.207	438.56
284.439	436.56
284.67	455.56
284.901	432.56
285.132	424.56
285.364	440.56
285.595	451.56
285.826	443.56
286.057	443.56
286.288	432.56
286.52	438.56
286.751	454.56
286.982	439.56
287.213	456.56
287.444	448.56
287.675	461.56
287.906	465.56
288.138	473.56
288.369	465.56
288.6	460.56
288.831	446.56
289.062	453.56
289.293	462.56
289.524	451.56
289.755	481.56
289.986	455.56
290.217	448.56
290.448	453.56
290.679	482.56
290.91	459.56
291.141	463.56
291.371	455.56
291.602	442.56
291.833	461.56
292.064	459.56
292.295	439.56
292.526	449.56
292.757	446.56
292.987	443.56
293.218	441.56
293.449	453.56
293.68	467.56
293.91	461.56
294.141	472.56
294.372	454.56
294.603	471.56
294.833	451.56
295.064	458.56
295.295	471.56
295.525	483.56
295.756	469.56
295.987	486.56
296.217	533.56
296.448	530.56
296.679	491.56
296.909	465.56
297.14	457.56
297.37	472.56
297.601	463.56
297.831	468.56
298.062	465.56
298.292	487.56
298.523	487.56
298.753	481.56
298.984	485.56
299.214	486.56
299.445	491.56
299.675	513.56
299.905	501.56
300.136	522.56
300.366	496.56
300.597	502.56
300.827	526.56
301.057	528.56
301.288	538.56
301.518	546.56
301.748	541.56
301.979	543.56
302.209	534.56
302.439	537.56
302.669	531.56
302.9	535.56
303.13	512.56
303.36	543.56
303.59	559.56
303.82	566.56
304.051	585.56
304.281	568.56
304.511	523.56
304.741	535.56
304.971	516.56
305.201	526.56
305.431	534.56
305.661	551.56
305.891	528.56
306.121	538.56
306.352	563.56
306.582	578.56
306.812	545.56
307.042	555.56
307.272	577.56
307.502	608.56
307.731	633.56
307.961	608.56
308.191	575.56
308.421	562.56
308.651	575.56
308.881	553.56
309.111	568.56
309.341	552.56
309.571	576.56
309.8	566.56
310.03	599.56
310.26	586.56
310.49	593.56
310.72	614.56
310.949	631.56
311.179	626.56
311.409	610.56
311.639	604.56
311.868	610.56
312.098	597.56
312.328	615.56
312.557	622.56
312.787	647.56
313.017	672.56
313.246	641.56
313.476	607.56
313.706	628.56
313.935	603.56
314.165	632.56
314.394	643.56
314.624	626.56
314.853	633.56
315.083	598.56
315.312	622.56
315.542	615.56
315.771	597.56
316.001	612.56
316.23	611.56
316.46	601.56
316.689	603.56
316.919	601.56
317.148	636.56
317.377	621.56
317.607	648.56
317.836	627.56
318.065	614.56
318.295	623.56
318.524	658.56
318.753	654.56
318.983	634.56
319.212	617.56
319.441	628.56
319.67	657.56
319.9	639.56
320.129	643.56
320.358	645.56
320.587	660.56
320.816	656.56
321.046	688.56
321.275	689.56
321.504	659.56
321.733	680.56
321.962	691.56
322.191	695.56
322.42	742.56
322.649	754.56
322.878	784.56
323.108	764.56
323.337	825.56
323.566	862.56
323.795	919.56
324.024	994.56
324.253	1176.56
324.482	1702.56
324.71	2594.56
324.939	3742.56
325.168	2946.56
325.397	1559.56
325.626	1149.56
325.855	1016.56
326.084	963.56
326.313	965.56
326.542	981.56
326.77	1075.56
326.999	1251.56
327.228	1687.56
327.457	2536.56
327.686	3050.56
327.914	2097.56
328.143	1840.56
328.372	2024.56
328.6	1804.56
328.829	1378.56
329.058	1313.56
329.287	1352.56
329.515	1346.56
329.744	1463.56
329.972	1880.56
330.201	2604.56
330.43	3283.56
330.658	2653.56
330.887	1781.56
331.115	1445.56
331.344	1229.56
331.572	1149.56
331.801	1145.56
332.03	1140.56
332.258	1115.56
332.486	1112.56
332.715	1158.56
332.943	1176.56
333.172	1234.56
333.4	1343.56
333.629	1491.56
333.857	1673.56
334.085	2102.56
334.314	2911.56
334.542	3962.56
334.771	4272.56
334.999	2658.56
335.227	1725.56
335.455	1403.56
335.684	1241.56
335.912	1116.56
336.14	1081.56
336.369	1066.56
336.597	1021.56
336.825	1026.56
337.053	979.56
337.281	924.56
337.51	914.56
337.738	933.56
337.966	892.56
338.194	873.56
338.422	871.56
338.65	835.56
338.878	810.56
339.106	835.56
339.334	821.56
339.562	818.56
339.79	806.56
340.018	780.56
340.246	754.56
340.474	810.56
340.702	769.56
340.93	783.56
341.158	787.56
341.386	750.56
341.614	787.56
341.842	758.56
342.07	763.56
342.298	747.56
342.526	737.56
342.754	747.56
342.981	744.56
343.209	750.56
343.437	736.56
343.665	799.56
343.893	822.56
344.12	846.56
344.348	829.56
344.576	815.56
344.804	803.56
345.031	786.56
345.259	809.56
345.487	761.56
345.714	769.56
345.942	736.56
346.17	747.56
346.397	758.56
346.625	752.56
346.853	740.56
347.08	719.56
347.308	738.56
347.535	758.56
347.763	761.56
347.99	770.56
348.218	765.56
348.445	749.56
348.673	772.56
348.9	759.56
349.128	726.56
349.355	724.56
349.583	712.56
349.81	726.56
350.037	706.56
350.265	723.56
350.492	704.56
350.72	703.56
350.947	729.56
351.174	736.56
351.402	754.56
351.629	749.56
351.856	745.56
352.083	765.56
352.311	736.56
352.538	789.56
352.765	760.56
352.992	754.56
353.22	750.56
353.447	750.56
353.674	739.56
353.901	699.56
354.128	704.56
354.355	730.56
354.583	731.56
354.81	716.56
355.037	730.56
355.264	724.56
355.491	694.56
355.718	686.56
355.945	688.56
356.172	709.56
356.399	687.56
356.626	710.56
356.853	696.56
357.08	705.56
357.307	737.56
357.534	685.56
357.761	705.56
357.988	715.56
358.215	724.56
358.441	693.56
358.668	735.56
358.895	711.56
359.122	733.56
359.349	725.56
359.576	732.56
359.802	758.56
360.029	829.56
360.256	875.56
360.483	824.56
360.709	774.56
360.936	767.56
361.163	749.56
361.39	757.56
361.616	771.56
361.843	743.56
362.07	761.56
362.296	751.56
362.523	753.56
362.749	744.56
362.976	756.56
363.203	730.56
363.429	733.56
363.656	768.56
363.882	732.56
364.109	727.56
364.335	753.56
364.562	724.56
364.788	752.56
365.015	734.56
365.241	742.56
365.468	727.56
365.694	733.56
365.92	745.56
366.147	728.56
366.373	746.56
366.599	733.56
366.826	737.56
367.052	727.56
367.278	747.56
367.505	775.56
367.731	750.56
367.957	725.56
368.184	760.56
368.41	795.56
368.636	766.56
368.862	781.56
369.089	780.56
369.315	736.56
369.541	754.56
369.767	780.56
369.993	757.56
370.219	776.56
370.445	778.56
370.672	749.56
370.898	746.56
371.124	744.56
371.35	787.56
371.576	778.56
371.802	754.56
372.028	764.56
372.254	769.56
372.48	790.56
372.706	791.56
372.932	806.56
373.158	784.56
373.384	780.56
373.61	778.56
373.835	796.56
374.061	787.56
374.287	793.56
374.513	776.56
374.739	827.56
374.965	806.56
375.191	841.56
375.416	820.56
375.642	798.56
375.868	821.56
376.094	793.56
376.319	801.56
376.545	791.56
376.771	801.56
376.997	758.56
377.222	768.56
377.448	764.56
377.674	791.56
377.899	795.56
378.125	752.56
378.35	772.56
378.576	797.56
378.802	790.56
379.027	791.56
379.253	758.56
379.478	772.56
379.704	778.56
379.929	776.56
380.155	785.56
380.38	793.56
380.606	786.56
380.831	758.56
381.057	772.56
381.282	762.56
381.507	799.56
381.733	784.56
381.958	791.56
382.184	806.56
382.409	829.56
382.634	815.56
382.86	815.56
383.085	848.56
383.31	826.56
383.535	850.56
383.761	832.56
383.986	862.56
384.211	840.56
384.436	852.56
384.662	871.56
384.887	874.56
385.112	874.56
385.337	877.56
385.562	890.56
385.787	911.56
386.013	926.56
386.238	907.56
386.463	928.56
386.688	908.56
386.913	888.56
387.138	856.56
387.363	890.56
387.588	866.56
387.813	889.56
388.038	889.56
388.263	903.56
388.488	868.56
388.713	881.56
388.938	890.56
389.163	877.56
389.387	902.56
389.612	908.56
389.837	898.56
390.062	913.56
390.287	899.56
390.512	914.56
390.736	907.56
390.961	920.56
391.186	932.56
391.411	938.56
391.636	952.56
391.86	963.56
392.085	1010.56
392.31	964.56
392.534	969.56
392.759	965.56
392.984	941.56
393.208	979.56
393.433	936.56
393.658	922.56
393.882	929.56
394.107	945.56
394.331	938.56
394.556	944.56
394.78	963.56
395.005	955.56
395.229	961.56
395.454	975.56
395.678	1000.56
395.903	990.56
396.127	1010.56
396.352	1004.56
396.576	996.56
396.801	951.56
397.025	979.56
397.249	987.56
397.474	1014.56
397.698	1017.56
397.922	1025.56
398.147	1027.56
398.371	1071.56
398.595	1073.56
398.82	1109.56
399.044	1189.56
399.268	1239.56
399.492	1395.56
399.717	1533.56
399.941	1536.56
400.165	1423.56
400.389	1363.56
400.613	1263.56
400.837	1178.56
401.062	1178.56
401.286	1103.56
401.51	1141.56
401.734	1118.56
401.958	1160.56
402.182	1162.56
402.406	1241.56
402.63	1215.56
402.854	1234.56
403.078	1207.56
403.302	1250.56
403.526	1272.56
403.75	1276.56
403.974	1285.56
404.198	1319.56
404.422	1349.56
404.645	1369.56
404.869	1353.56
405.093	1441.56
405.317	1499.56
405.541	1515.56
405.765	1445.56
405.988	1377.56
406.212	1389.56
406.436	1435.56
406.66	1418.56
406.883	1393.56
407.107	1443.56
407.331	1503.56
407.555	1593.56
407.778	1517.56
408.002	1463.56
408.226	1389.56
408.449	1414.56
408.673	1365.56
408.896	1382.56
409.12	1369.56
409.344	1340.56
409.567	1302.56
409.791	1303.56
410.014	1307.56
410.238	1277.56
410.461	1297.56
410.685	1322.56
410.908	1301.56
411.132	1293.56
411.355	1282.56
411.578	1270.56
411.802	1263.56
412.025	1300.56
412.249	1361.56
412.472	1433.56
412.695	1539.56
412.919	1482.56
413.142	1397.56
413.365	1354.56
413.589	1322.56
413.812	1269.56
414.035	1262.56
414.258	1245.56
414.482	1273.56
414.705	1243.56
414.928	1200.56
415.151	1207.56
415.374	1210.56
415.597	1200.56
415.821	1181.56
416.044	1210.56
416.267	1187.56
416.49	1179.56
416.713	1161.56
416.936	1220.56
417.159	1169.56
417.382	1214.56
417.605	1256.56
417.828	1266.56
418.051	1266.56
418.274	1269.56
418.497	1217.56
418.72	1215.56
418.943	1241.56
419.166	1287.56
419.389	1397.56
419.611	1367.56
419.834	1324.56
420.057	1405.56
420.28	1425.56
420.503	1488.56
420.726	1370.56
420.948	1351.56
421.171	1340.56
421.394	1358.56
421.617	1285.56
421.839	1269.56
422.062	1236.56
422.285	1240.56
422.507	1329.56
422.73	1402.56
422.953	1368.56
423.175	1288.56
423.398	1295.56
423.621	1290.56
423.843	1267.56
424.066	1316.56
424.288	1300.56
424.511	1319.56
424.733	1341.56
424.956	1440.56
425.178	1373.56
425.401	1376.56
425.623	1411.56
425.846	1268.56
426.068	1240.56
426.291	1221.56
426.513	1226.56
426.735	1222.56
426.958	1266.56
427.18	1323.56
427.402	1462.56
427.625	1641.56
427.847	1637.56
428.069	1520.56
428.292	1380.56
428.514	1293.56
428.736	1232.56
428.958	1205.56
429.181	1154.56
429.403	1144.56
429.625	1151.56
429.847	1162.56
430.069	1236.56
430.292	1217.56
430.514	1117.56
430.736	1123.56
430.958	1125.56
431.18	1128.56
431.402	1106.56
431.624	1095.56
431.846	1098.56
432.068	1076.56
432.29	1079.56
432.512	1074.56
432.734	1111.56
432.956	1145.56
433.178	1141.56
433.4	1144.56
433.622	1133.56
433.844	1146.56
434.066	1102.56
434.287	1085.56
434.509	1099.56
434.731	1145.56
434.953	1178.56
435.175	1205.56
435.397	1216.56
435.618	1189.56
435.84	1231.56
436.062	1288.56
436.284	1373.56
436.505	1246.56
436.727	1204.56
436.949	1158.56
437.17	1155.56
437.392	1126.56
437.614	1135.56
437.835	1165.56
438.057	1297.56
438.278	1347.56
438.5	1363.56
438.721	1399.56
438.943	1359.56
439.165	1243.56
439.386	1171.56
439.608	1187.56
439.829	1201.56
440.05	1285.56
440.272	1321.56
440.493	1243.56
440.715	1198.56
440.936	1205.56
441.158	1202.56
441.379	1227.56
441.6	1274.56
441.822	1283.56
442.043	1299.56
442.264	1396.56
442.486	1384.56
442.707	1296.56
442.928	1288.56
443.149	1306.56
443.371	1318.56
443.592	1334.56
443.813	1441.56
444.034	1508.56
444.255	1354.56
444.476	1360.56
444.698	1386.56
444.919	1392.56
445.14	1461.56
445.361	1371.56
445.582	1356.56
445.803	1389.56
446.024	1498.56
446.245	1450.56
446.466	1358.56
446.687	1288.56
446.908	1218.56
447.129	1160.56
447.35	1149.56
447.571	1160.56
447.792	1098.56
448.013	1131.56
448.234	1144.56
448.455	1178.56
448.675	1283.56
448.896	1404.56
449.117	1234.56
449.338	1234.56
449.559	1389.56
449.779	1441.56
450	1228.56
450.221	1175.56
450.442	1120.56
450.662	1122.56
450.883	1124.56
451.104	1126.56
451.324	1142.56
451.545	1135.56
451.766	1054.56
451.986	1042.56
452.207	1015.56
452.428	1038.56
452.648	1011.56
452.869	1014.56
453.089	1001.56
453.31	1059.56
453.53	1001.56
453.751	993.56
453.971	994.56
454.192	1029.56
454.412	1021.56
454.633	1001.56
454.853	984.56
455.073	990.56
455.294	1020.56
455.514	1079.56
455.734	1030.56
455.955	960.56
456.175	933.56
456.395	921.56
456.616	925.56
456.836	936.56
457.056	936.56
457.276	923.56
457.497	966.56
457.717	937.56
457.937	969.56
458.157	989.56
458.377	993.56
458.598	1013.56
458.818	1114.56
459.038	1241.56
459.258	1201.56
459.478	1142.56
459.698	1103.56
459.918	1058.56
460.138	1153.56
460.358	1151.56
460.578	1169.56
460.798	1175.56
461.018	1169.56
461.238	1182.56
461.458	1175.56
461.678	1165.56
461.898	1177.56
462.118	1171.56
462.338	1241.56
462.558	1251.56
462.777	1287.56
462.997	1373.56
463.217	1510.56
463.437	1469.56
463.657	1367.56
463.876	1329.56
464.096	1326.56
464.316	1306.56
464.536	1361.56
464.755	1310.56
464.975	1331.56
465.195	1376.56
465.414	1503.56
465.634	1301.56
465.854	1186.56
466.073	1173.56
466.293	1121.56
466.512	1140.56
466.732	1097.56
466.951	1110.56
467.171	1078.56
467.391	1135.56
467.61	1194.56
467.829	1241.56
468.049	1515.56
468.268	2197.56
468.488	1693.56
468.707	1334.56
468.927	1193.56
469.146	1167.56
469.365	1181.56
469.585	1127.56
469.804	1181.56
470.023	1216.56
470.243	1171.56
470.462	1219.56
470.681	1257.56
470.901	1270.56
471.12	1203.56
471.339	1199.56
471.558	1248.56
471.777	1289.56
471.997	1411.56
472.216	2055.56
472.435	4208.56
472.654	3183.56
472.873	1953.56
473.092	1601.56
473.311	1443.56
473.53	1375.56
473.749	1319.56
473.968	1294.56
474.187	1351.56
474.406	1321.56
474.625	1211.56
474.844	1193.56
475.063	1175.56
475.282	1137.56
475.501	1112.56
475.72	1149.56
475.939	1151.56
476.158	1184.56
476.377	1162.56
476.596	1135.56
476.814	1149.56
477.033	1205.56
477.252	1209.56
477.471	1162.56
477.69	1227.56
477.908	1214.56
478.127	1288.56
478.346	1289.56
478.564	1322.56
478.783	1295.56
479.002	1349.56
479.22	1359.56
479.439	1389.56
479.658	1393.56
479.876	1460.56
480.095	1434.56
480.313	1559.56
480.532	1632.56
480.751	1827.56
480.969	2339.56
481.188	5232.56
481.406	7122.56
481.624	3598.56
481.843	2513.56
482.061	2103.56
482.28	1860.56
482.498	1768.56
482.717	1631.56
482.935	1581.56
483.153	1585.56
483.372	1524.56
483.59	1498.56
483.808	1488.56
484.027	1435.56
484.245	1421.56
484.463	1443.56
484.681	1440.56
484.9	1423.56
485.118	1407.56
485.336	1395.56
485.554	1409.56
485.772	1373.56
485.99	1364.56
486.209	1369.56
486.427	1424.56
486.645	1434.56
486.863	1479.56
487.081	1470.56
487.299	1419.56
487.517	1457.56
487.735	1440.56
487.953	1491.56
488.171	1480.56
488.389	1442.56
488.607	1415.56
488.825	1441.56
489.043	1409.56
489.261	1433.56
489.479	1477.56
489.696	1463.56
489.914	1493.56
490.132	1499.56
490.35	1521.56
490.568	1565.56
490.786	1661.56
491.003	1638.56
491.221	1775.56
491.439	1794.56
491.657	1839.56
491.874	1897.56
492.092	1938.56
492.31	1976.56
492.527	2014.56
492.745	2035.56
492.963	2002.56
493.18	1994.56
493.398	1971.56
493.615	1922.56
493.833	1910.56
494.05	1823.56
494.268	1834.56
494.485	1825.56
494.703	1834.56
494.92	1767.56
495.138	1763.56
495.355	1732.56
495.573	1709.56
495.79	1697.56
496.008	1673.56
496.225	1675.56
496.442	1605.56
496.66	1633.56
496.877	1663.56
497.094	1664.56
497.312	1659.56
497.529	1675.56
497.746	1694.56
497.963	1712.56
498.181	1721.56
498.398	1737.56
498.615	1751.56
498.832	1873.56
499.049	1919.56
499.267	2010.56
499.484	2183.56
499.701	2301.56
499.918	2478.56
500.135	2727.56
500.352	3022.56
500.569	3098.56
500.786	3160.56
501.003	2998.56
501.22	2734.56
501.437	2470.56
501.654	2286.56
501.871	2143.56
502.088	2019.56
502.305	1874.56
502.522	1842.56
502.739	1756.56
502.956	1667.56
503.172	1664.56
503.389	1616.56
503.606	1594.56
503.823	1569.56
504.04	1513.56
504.256	1553.56
504.473	1561.56
504.69	1546.56
504.907	1561.56
505.123	1490.56
505.34	1462.56
505.557	1400.56
505.773	1394.56
505.99	1394.56
506.207	1341.56
506.423	1299.56
506.64	1335.56
506.856	1297.56
507.073	1299.56
507.289	1294.56
507.506	1288.56
507.722	1327.56
507.939	1336.56
508.155	1306.56
508.372	1257.56
508.588	1238.56
508.805	1211.56
509.021	1240.56
509.238	1241.56
509.454	1235.56
509.67	1214.56
509.887	1201.56
510.103	1234.56
510.319	1247.56
510.536	1487.56
510.752	2939.56
510.968	2133.56
511.184	1299.56
511.401	1230.56
511.617	1282.56
511.833	1326.56
512.049	1410.56
512.265	1337.56
512.481	1329.56
512.698	1264.56
512.914	1249.56
513.13	1201.56
513.346	1237.56
513.562	1223.56
513.778	1238.56
513.994	1226.56
514.21	1273.56
514.426	1293.56
514.642	1374.56
514.858	1431.56
515.074	1510.56
515.29	1861.56
515.506	2951.56
515.721	2243.56
515.937	1485.56
516.153	1349.56
516.369	1357.56
516.585	1314.56
516.801	1327.56
517.016	1349.56
517.232	1376.56
517.448	1387.56
517.664	1414.56
517.879	1420.56
518.095	1445.56
518.311	1399.56
518.527	1396.56
518.742	1357.56
518.958	1315.56
519.173	1301.56
519.389	1273.56
519.605	1270.56
519.82	1246.56
520.036	1281.56
520.251	1308.56
520.467	1321.56
520.682	1305.56
520.898	1326.56
521.113	1376.56
521.329	1437.56
521.544	1664.56
521.76	2162.56
521.975	4024.56
522.19	3649.56
522.406	1830.56
522.621	1399.56
522.836	1282.56
523.052	1206.56
523.267	1187.56
523.482	1136.56
523.698	1083.56
523.913	1133.56
524.128	1151.56
524.343	1081.56
524.559	1089.56
524.774	1074.56
524.989	1087.56
525.204	1091.56
525.419	1087.56
525.634	1041.56
525.849	1026.56
526.064	1011.56
526.28	994.56
526.495	1002.56
526.71	1000.56
526.925	996.56
527.14	959.56
527.355	994.56
527.57	982.56
527.785	972.56
527.999	971.56
528.214	973.56
528.429	981.56
528.644	1036.56
528.859	1063.56
529.074	1071.56
529.289	1119.56
529.503	1277.56
529.718	1178.56
529.933	1075.56
530.148	1025.56
530.363	1011.56
530.577	944.56
530.792	952.56
531.007	939.56
531.221	961.56
531.436	963.56
531.651	958.56
531.865	951.56
532.08	939.56
532.295	975.56
532.509	961.56
532.724	929.56
532.938	978.56
533.153	963.56
533.367	985.56
533.582	964.56
533.796	963.56
534.011	985.56
534.225	922.56
534.44	916.56
534.654	926.56
534.868	910.56
535.083	935.56
535.297	928.56
535.511	934.56
535.726	954.56
535.94	936.56
536.154	905.56
536.369	886.56
536.583	902.56
536.797	886.56
537.011	904.56
537.225	903.56
537.44	872.56
537.654	878.56
537.868	867.56
538.082	856.56
538.296	873.56
538.51	873.56
538.724	900.56
538.938	921.56
539.153	891.56
539.367	957.56
539.581	906.56
539.795	868.56
540.009	887.56
540.222	887.56
540.436	865.56
540.65	874.56
540.864	943.56
541.078	926.56
541.292	935.56
541.506	966.56
541.72	960.56
541.934	967.56
542.147	1010.56
542.361	979.56
542.575	948.56
542.789	902.56
543.002	865.56
543.216	883.56
543.43	894.56
543.644	905.56
543.857	903.56
544.071	922.56
544.285	937.56
544.498	938.56
544.712	945.56
544.925	969.56
545.139	961.56
545.352	959.56
545.566	969.56
545.779	950.56
545.993	949.56
546.206	987.56
546.42	957.56
546.633	956.56
546.847	961.56
547.06	965.56
547.274	934.56
547.487	961.56
547.7	938.56
547.914	949.56
548.127	936.56
548.34	922.56
548.554	921.56
548.767	926.56
548.98	935.56
549.193	954.56
549.407	937.56
549.62	951.56
549.833	937.56
550.046	941.56
550.259	952.56
550.473	936.56
550.686	904.56
550.899	922.56
551.112	885.56
551.325	892.56
551.538	889.56
551.751	864.56
551.964	855.56
552.177	889.56
552.39	931.56
552.603	903.56
552.816	973.56
553.029	943.56
553.242	981.56
553.455	1011.56
553.667	1036.56
553.88	1009.56
554.093	968.56
554.306	927.56
554.519	954.56
554.732	931.56
554.944	907.56
555.157	881.56
555.37	881.56
555.583	881.56
555.795	863.56
556.008	830.56
556.221	798.56
556.433	828.56
556.646	821.56
556.859	794.56
557.071	788.56
557.284	806.56
557.496	811.56
557.709	801.56
557.921	805.56
558.134	801.56
558.346	774.56
558.559	803.56
558.771	797.56
558.984	787.56
559.196	759.56
559.409	751.56
559.621	769.56
559.833	766.56
560.046	775.56
560.258	761.56
560.47	798.56
560.683	769.56
560.895	788.56
561.107	751.56
561.32	765.56
561.532	744.56
561.744	745.56
561.956	764.56
562.168	751.56
562.381	745.56
562.593	743.56
562.805	743.56
563.017	735.56
563.229	745.56
563.441	738.56
563.653	736.56
563.865	750.56
564.077	738.56
564.289	745.56
564.501	749.56
564.713	776.56
564.925	791.56
565.137	803.56
565.349	824.56
565.561	797.56
565.773	827.56
565.985	839.56
566.197	848.56
566.408	926.56
566.62	992.56
566.832	1017.56
567.044	1013.56
567.255	1017.56
567.467	1034.56
567.679	1073.56
567.891	1110.56
568.102	1137.56
568.314	1060.56
568.526	984.56
568.737	891.56
568.949	850.56
569.161	833.56
569.372	750.56
569.584	708.56
569.795	715.56
570.007	715.56
570.218	775.56
570.43	757.56
570.641	719.56
570.853	674.56
571.064	690.56
571.276	696.56
571.487	693.56
571.698	665.56
571.91	630.56
572.121	649.56
572.333	639.56
572.544	616.56
572.755	592.56
572.966	577.56
573.178	577.56
573.389	571.56
573.6	578.56
573.811	582.56
574.023	578.56
574.234	578.56
574.445	584.56
574.656	586.56
574.867	585.56
575.078	576.56
575.289	553.56
575.501	559.56
575.712	554.56
575.923	541.56
576.134	560.56
576.345	561.56
576.556	553.56
576.767	543.56
576.978	554.56
577.188	557.56
577.399	546.56
577.61	537.56
577.821	527.56
578.032	551.56
578.243	582.56
578.454	1089.56
578.665	706.56
578.875	541.56
579.086	537.56
579.297	506.56
579.508	487.56
579.718	530.56
579.929	485.56
580.14	490.56
580.35	486.56
580.561	499.56
580.772	520.56
580.982	495.56
581.193	505.56
581.403	479.56
581.614	496.56
581.825	494.56
582.035	480.56
582.246	498.56
582.456	482.56
582.667	467.56
582.877	487.56
583.087	497.56
583.298	474.56
583.508	482.56
583.719	475.56
583.929	461.56
584.139	471.56
584.35	482.56
584.56	469.56
584.77	473.56
584.981	442.56
585.191	452.56
585.401	474.56
585.611	457.56
585.821	457.56
586.032	458.56
586.242	469.56
586.452	455.56
586.662	439.56
586.872	442.56
587.082	460.56
587.292	455.56
587.502	446.56
587.713	424.56
587.923	457.56
588.133	458.56
588.343	450.56
588.553	431.56
588.762	458.56
588.972	456.56
589.182	469.56
589.392	475.56
589.602	481.56
589.812	502.56
590.022	455.56
590.232	457.56
590.441	476.56
590.651	461.56
590.861	457.56
591.071	452.56
591.281	456.56
591.49	451.56
591.7	455.56
591.91	471.56
592.119	461.56
592.329	499.56
592.539	497.56
592.748	497.56
592.958	534.56
593.167	533.56
593.377	534.56
593.587	518.56
593.796	511.56
594.006	543.56
594.215	526.56
594.424	546.56
594.634	538.56
594.843	534.56
595.053	514.56
595.262	496.56
595.472	466.56
595.681	484.56
595.89	468.56
596.1	459.56
596.309	452.56
596.518	435.56
596.727	424.56
596.937	446.56
597.146	451.56
597.355	446.56
597.564	425.56
597.774	422.56
597.983	408.56
598.192	410.56
598.401	404.56
598.61	411.56
598.819	402.56
599.028	396.56
599.237	419.56
599.446	413.56
599.655	411.56
599.864	418.56
600.073	383.56
600.282	408.56
600.491	397.56
600.7	416.56
600.909	416.56
601.118	431.56
601.327	401.56
601.536	415.56
601.745	425.56
601.953	435.56
602.162	430.56
602.371	427.56
602.58	425.56
602.789	430.56
602.997	421.56
603.206	432.56
603.415	395.56
603.623	428.56
603.832	408.56
604.041	403.56
604.249	426.56
604.458	394.56
604.666	418.56
604.875	394.56
605.084	413.56
605.292	401.56
605.501	406.56
605.709	422.56
605.918	405.56
606.126	410.56
606.334	414.56
606.543	400.56
606.751	437.56
606.96	401.56
607.168	414.56
607.376	400.56
607.585	413.56
607.793	414.56
608.001	420.56
608.21	411.56
608.418	424.56
608.626	416.56
608.834	423.56
609.043	426.56
609.251	412.56
609.459	409.56
609.667	419.56
609.875	416.56
610.083	439.56
610.291	419.56
610.499	417.56
610.707	423.56
610.916	418.56
611.124	396.56
611.332	431.56
611.54	423.56
611.748	405.56
611.955	420.56
612.163	422.56
612.371	415.56
612.579	410.56
612.787	420.56
612.995	421.56
613.203	394.56
613.411	399.56
613.618	402.56
613.826	406.56
614.034	406.56
614.242	406.56
614.449	399.56
614.657	390.56
614.865	421.56
615.072	416.56
615.28	410.56
615.488	402.56
615.695	417.56
615.903	414.56
616.111	410.56
616.318	409.56
616.526	404.56
616.733	394.56
616.941	408.56
617.148	404.56
617.356	394.56
617.563	408.56
617.771	401.56
617.978	372.56
618.185	393.56
618.393	392.56
618.6	398.56
618.807	390.56
619.015	371.56
619.222	362.56
619.429	371.56
619.637	387.56
619.844	353.56
620.051	381.56
620.258	366.56
620.466	351.56
620.673	361.56
620.88	350.56
621.087	360.56
621.294	356.56
621.501	339.56
621.708	342.56
621.915	366.56
622.122	359.56
622.329	372.56
622.536	365.56
622.743	374.56
622.95	349.56
623.157	354.56
623.364	342.56
623.571	347.56
623.778	341.56
623.985	369.56
624.192	345.56
624.399	346.56
624.606	355.56
624.812	324.56
625.019	346.56
625.226	326.56
625.433	331.56
625.639	328.56
625.846	325.56
626.053	313.56
626.259	306.56
626.466	295.56
626.673	301.56
626.879	314.56
627.086	310.56
627.293	317.56
627.499	312.56
627.706	330.56
627.912	337.56
628.119	328.56
628.325	331.56
628.532	306.56
628.738	326.56
628.945	335.56
629.151	307.56
629.357	303.56
629.564	317.56
629.77	302.56
629.976	294.56
630.183	306.56
630.389	312.56
630.595	291.56
630.802	289.56
631.008	303.56
631.214	307.56
631.42	309.56
631.627	293.56
631.833	292.56
632.039	293.56
632.245	313.56
632.451	295.56
632.657	300.56
632.863	306.56
633.069	291.56
633.275	312.56
633.481	298.56
633.688	281.56
633.893	307.56
634.099	312.56
634.305	298.56
634.511	280.56
634.717	304.56
634.923	297.56
635.129	271.56
635.335	286.56
635.541	301.56
635.747	319.56
635.952	317.56
636.158	363.56
636.364	479.56
636.57	586.56
636.775	463.56
636.981	392.56
637.187	377.56
637.392	354.56
637.598	321.56
637.804	327.56
638.009	339.56
638.215	297.56
638.421	331.56
638.626	306.56
638.832	310.56
639.037	280.56
639.243	298.56
639.448	287.56
639.654	279.56
639.859	280.56
640.065	275.56
640.27	276.56
640.475	288.56
640.681	274.56
640.886	275.56
641.091	266.56
641.297	271.56
641.502	255.56
641.707	272.56
641.913	285.56
642.118	271.56
642.323	271.56
642.528	261.56
642.733	275.56
642.939	265.56
643.144	261.56
643.349	280.56
643.554	267.56
643.759	254.56
643.964	252.56
644.169	267.56
644.374	257.56
644.579	237.56
644.784	241.56
644.989	246.56
645.194	251.56
645.399	264.56
645.604	253.56
645.809	238.56
646.014	257.56
646.219	265.56
646.423	271.56
646.628	247.56
646.833	255.56
647.038	264.56
647.243	261.56
647.447	261.56
647.652	268.56
647.857	266.56
648.062	271.56
648.266	278.56
648.471	254.56
648.676	267.56
648.88	248.56
649.085	241.56
649.289	256.56
649.494	278.56
649.698	287.56
649.903	273.56
650.107	271.56
650.312	238.56
650.516	239.56
650.721	234.56
650.925	223.56
651.13	231.56
651.334	236.56
651.539	215.56
651.743	229.56
651.947	213.56
652.152	222.56
652.356	233.56
652.56	217.56
652.764	210.56
652.969	211.56
653.173	211.56
653.377	200.56
653.581	207.56
653.785	186.56
653.99	201.56
654.194	201.56
654.398	199.56
654.602	188.56
654.806	204.56
655.01	190.56
655.214	198.56
655.418	182.56
655.622	192.56
655.826	177.56
656.03	185.56
656.234	189.56
656.438	185.56
656.642	196.56
656.846	170.56
657.049	177.56
657.253	179.56
657.457	178.56
657.661	145.56
657.865	162.56
658.068	144.56
658.272	129.56
658.476	152.56
658.68	129.56
658.883	132.56
659.087	121.56
659.291	125.56
659.494	124.56
659.698	120.56
659.901	113.56
660.105	115.56
660.309	118.56
660.512	117.56
660.716	116.56
660.919	111.56
661.123	112.56
661.326	100.56
661.53	107.56
661.733	106.56
661.936	104.56
662.14	101.56
662.343	102.56
662.546	79.56
662.75	86.56
662.953	111.56
663.156	87.56
663.36	83.56
663.563	99.56
663.766	87.56
663.969	92.56
664.173	92.56
664.376	96.56
664.579	96.56
664.782	88.56
664.985	91.56
665.188	95.56
665.391	84.56
665.594	83.56
665.797	80.56
666	77.56
666.203	91.56
666.406	78.56
666.609	85.56
666.812	88.56
667.015	89.56
667.218	95.56
667.421	83.56
667.624	90.56
667.827	87.56
668.03	75.56
668.232	85.56
668.435	87.56
668.638	78.56
668.841	73.56
669.043	79.56
669.246	92.56
669.449	89.56
669.651	85.56
669.854	87.56
670.057	90.56
670.259	102.56
670.462	82.56
670.665	89.56
670.867	76.56
671.07	90.56
671.272	71.56
671.475	87.56
671.677	91.56
671.88	100.56
672.082	95.56
672.284	80.56
672.487	87.56
672.689	75.56
672.892	97.56
