223.165	-10.06
223.4	-10.06
223.635	-10.06
223.869	-9.06
224.104	-25.06
224.338	-9.06
224.573	-20.06
224.808	-21.06
225.042	-6.06
225.277	-3.06
225.511	-2.06
225.746	3.94
225.98	3.94
226.215	9.94
226.449	17.94
226.683	18.94
226.918	27.94
227.152	22.94
227.387	14.94
227.621	32.94
227.856	55.94
228.09	34.94
228.324	39.94
228.559	62.94
228.793	65.94
229.027	106.94
229.262	124.94
229.496	137.94
229.73	149.94
229.964	181.94
230.199	143.94
230.433	129.94
230.667	134.94
230.901	131.94
231.136	120.94
231.37	127.94
231.604	133.94
231.838	113.94
232.072	137.94
232.306	138.94
232.541	136.94
232.775	138.94
233.009	149.94
233.243	151.94
233.477	149.94
233.711	128.94
233.945	139.94
234.179	140.94
234.413	153.94
234.647	146.94
234.881	136.94
235.115	148.94
235.349	131.94
235.583	146.94
235.817	153.94
236.051	141.94
236.285	151.94
236.519	131.94
236.753	165.94
236.987	167.94
237.221	202.94
237.455	242.94
237.689	204.94
237.922	181.94
238.156	166.94
238.39	163.94
238.624	165.94
238.858	145.94
239.091	161.94
239.325	170.94
239.559	166.94
239.793	171.94
240.027	177.94
240.26	188.94
240.494	191.94
240.728	185.94
240.961	182.94
241.195	194.94
241.429	181.94
241.662	188.94
241.896	171.94
242.13	177.94
242.363	178.94
242.597	193.94
242.83	193.94
243.064	181.94
243.298	179.94
243.531	187.94
243.765	179.94
243.998	198.94
244.232	196.94
244.465	198.94
244.699	202.94
244.932	209.94
245.166	201.94
245.399	190.94
245.633	202.94
245.866	219.94
246.099	205.94
246.333	197.94
246.566	210.94
246.8	208.94
247.033	209.94
247.266	232.94
247.5	209.94
247.733	229.94
247.966	224.94
248.2	251.94
248.433	243.94
248.666	253.94
248.899	255.94
249.133	273.94
249.366	275.94
249.599	293.94
249.832	279.94
250.066	303.94
250.299	373.94
250.532	457.94
250.765	489.94
250.998	417.94
251.231	357.94
251.465	348.94
251.698	302.94
251.931	323.94
252.164	287.94
252.397	284.94
252.63	287.94
252.863	300.94
253.096	310.94
253.329	311.94
253.562	301.94
253.795	329.94
254.028	311.94
254.261	316.94
254.494	331.94
254.727	353.94
254.96	348.94
255.193	354.94
255.426	341.94
255.659	410.94
255.892	546.94
256.124	743.94
256.357	784.94
256.59	631.94
256.823	487.94
257.056	444.94
257.289	397.94
257.521	386.94
257.754	393.94
257.987	370.94
258.22	355.94
258.452	361.94
258.685	357.94
258.918	339.94
259.151	333.94
259.383	320.94
259.616	322.94
259.849	317.94
260.081	336.94
260.314	329.94
260.547	348.94
260.779	323.94
261.012	336.94
261.244	327.94
261.477	343.94
261.71	335.94
261.942	342.94
262.175	368.94
262.407	360.94
262.64	342.94
262.872	310.94
263.105	328.94
263.337	316.94
263.57	319.94
263.802	313.94
264.035	320.94
264.267	299.94
264.499	304.94
264.732	325.94
264.964	305.94
265.197	326.94
265.429	315.94
265.661	341.94
265.894	326.94
266.126	325.94
266.358	315.94
266.591	313.94
266.823	326.94
267.055	321.94
267.287	329.94
267.52	325.94
267.752	316.94
267.984	320.94
268.216	333.94
268.448	332.94
268.681	339.94
268.913	357.94
269.145	352.94
269.377	371.94
269.609	386.94
269.841	376.94
270.073	373.94
270.306	365.94
270.538	392.94
270.77	394.94
271.002	371.94
271.234	394.94
271.466	379.94
271.698	405.94
271.93	409.94
272.162	422.94
272.394	412.94
272.626	413.94
272.858	389.94
273.09	397.94
273.322	401.94
273.553	401.94
273.785	380.94
274.017	401.94
274.249	392.94
274.481	403.94
274.713	394.94
274.945	416.94
275.176	409.94
275.408	423.94
275.64	427.94
275.872	429.94
276.104	466.94
276.335	441.94
276.567	438.94
276.799	462.94
277.031	541.94
277.262	531.94
277.494	539.94
277.726	461.94
277.957	473.94
278.189	461.94
278.421	439.94
278.652	416.94
278.884	469.94
279.115	441.94
279.347	444.94
279.579	459.94
279.81	477.94
280.042	508.94
280.273	576.94
280.505	586.94
280.736	508.94
280.968	491.94
281.199	457.94
281.431	459.94
281.662	441.94
281.894	452.94
282.125	449.94
282.356	447.94
282.588	503.94
282.819	478.94
283.051	446.94
283.282	427.94
283.513	446.94
283.745	427.94
283.976	414.94
284.207	461.94
284.439	455.94
284.67	440.94
284.901	444.94
285.132	436.94
285.364	428.94
285.595	414.94
285.826	432.94
286.057	461.94
286.288	438.94
286.52	431.94
286.751	466.94
286.982	463.94
287.213	440.94
287.444	451.94
287.675	455.94
287.906	450.94
288.138	451.94
288.369	457.94
288.6	461.94
288.831	447.94
289.062	449.94
289.293	468.94
289.524	459.94
289.755	437.94
289.986	440.94
290.217	454.94
290.448	464.94
290.679	448.94
290.91	468.94
291.141	451.94
291.371	459.94
291.602	457.94
291.833	462.94
292.064	454.94
292.295	450.94
292.526	447.94
292.757	468.94
292.987	449.94
293.218	442.94
293.449	447.94
293.68	445.94
293.91	456.94
294.141	439.94
294.372	419.94
294.603	452.94
294.833	440.94
295.064	447.94
295.295	451.94
295.525	442.94
295.756	455.94
295.987	476.94
296.217	511.94
296.448	501.94
296.679	481.94
296.909	464.94
297.14	462.94
297.37	491.94
297.601	479.94
297.831	473.94
298.062	471.94
298.292	493.94
298.523	473.94
298.753	492.94
298.984	468.94
299.214	467.94
299.445	472.94
299.675	480.94
299.905	501.94
300.136	479.94
300.366	488.94
300.597	486.94
300.827	505.94
301.057	519.94
301.288	534.94
301.518	513.94
301.748	533.94
301.979	529.94
302.209	516.94
302.439	513.94
302.669	525.94
302.9	519.94
303.13	510.94
303.36	535.94
303.59	569.94
303.82	560.94
304.051	569.94
304.281	562.94
304.511	511.94
304.741	532.94
304.971	525.94
305.201	535.94
305.431	511.94
305.661	503.94
305.891	526.94
306.121	524.94
306.352	526.94
306.582	542.94
306.812	549.94
307.042	537.94
307.272	569.94
307.502	610.94
307.731	647.94
307.961	608.94
308.191	550.94
308.421	531.94
308.651	546.94
308.881	531.94
309.111	555.94
309.341	533.94
309.571	556.94
309.8	562.94
310.03	567.94
310.26	564.94
310.49	575.94
310.72	600.94
310.949	621.94
311.179	615.94
311.409	591.94
311.639	592.94
311.868	577.94
312.098	594.94
312.328	602.94
312.557	613.94
312.787	609.94
313.017	643.94
313.246	593.94
313.476	594.94
313.706	617.94
313.935	598.94
314.165	625.94
314.394	617.94
314.624	622.94
314.853	619.94
315.083	629.94
315.312	592.94
315.542	610.94
315.771	595.94
316.001	604.94
316.23	607.94
316.46	593.94
316.689	600.94
316.919	593.94
317.148	599.94
317.377	623.94
317.607	637.94
317.836	624.94
318.065	601.94
318.295	626.94
318.524	615.94
318.753	615.94
318.983	619.94
319.212	603.94
319.441	627.94
319.67	639.94
319.9	650.94
320.129	652.94
320.358	639.94
320.587	635.94
320.816	645.94
321.046	678.94
321.275	666.94
321.504	675.94
321.733	666.94
321.962	667.94
322.191	689.94
322.42	722.94
322.649	751.94
322.878	755.94
323.108	777.94
323.337	821.94
323.566	864.94
323.795	920.94
324.024	973.94
324.253	1168.94
324.482	1639.94
324.71	2464.94
324.939	3551.94
325.168	2841.94
325.397	1541.94
325.626	1130.94
325.855	1022.94
326.084	981.94
326.313	981.94
326.542	962.94
326.77	1079.94
326.999	1253.94
327.228	1689.94
327.457	2494.94
327.686	2932.94
327.914	2107.94
328.143	1920.94
328.372	2095.94
328.6	1874.94
328.829	1439.94
329.058	1357.94
329.287	1395.94
329.515	1457.94
329.744	1591.94
329.972	2007.94
330.201	2759.94
330.43	3498.94
330.658	2810.94
330.887	1857.94
331.115	1514.94
331.344	1248.94
331.572	1187.94
331.801	1143.94
332.03	1133.94
332.258	1123.94
332.486	1100.94
332.715	1183.94
332.943	1209.94
333.172	1281.94
333.4	1423.94
333.629	1533.94
333.857	1813.94
334.085	2245.94
334.314	3060.94
334.542	4283.94
334.771	4569.94
334.999	2788.94
335.227	1857.94
335.455	1464.94
335.684	1285.94
335.912	1157.94
336.14	1162.94
336.369	1066.94
336.597	1040.94
336.825	1006.94
337.053	990.94
337.281	938.94
337.51	925.94
337.738	922.94
337.966	879.94
338.194	872.94
338.422	861.94
338.65	820.94
338.878	826.94
339.106	819.94
339.334	802.94
339.562	801.94
339.79	810.94
340.018	773.94
340.246	765.94
340.474	775.94
340.702	786.94
340.93	769.94
341.158	774.94
341.386	786.94
341.614	778.94
341.842	784.94
342.07	738.94
342.298	769.94
342.526	751.94
342.754	736.94
342.981	759.94
343.209	726.94
343.437	759.94
343.665	798.94
343.893	826.94
344.12	818.94
344.348	778.94
344.576	771.94
344.804	782.94
345.031	771.94
345.259	787.94
345.487	771.94
345.714	726.94
345.942	747.94
346.17	731.94
346.397	713.94
346.625	727.94
346.853	706.94
347.08	718.94
347.308	740.94
347.535	744.94
347.763	736.94
347.99	775.94
348.218	775.94
348.445	739.94
348.673	751.94
348.9	741.94
349.128	715.94
349.355	694.94
349.583	689.94
349.81	708.94
350.037	705.94
350.265	710.94
350.492	688.94
350.72	725.94
350.947	716.94
351.174	738.94
351.402	733.94
351.629	742.94
351.856	729.94
352.083	738.94
352.311	767.94
352.538	737.94
352.765	709.94
352.992	727.94
353.22	726.94
353.447	716.94
353.674	699.94
353.901	702.94
354.128	695.94
354.355	716.94
354.583	694.94
354.81	691.94
355.037	705.94
355.264	688.94
355.491	693.94
355.718	681.94
355.945	698.94
356.172	695.94
356.399	695.94
356.626	697.94
356.853	711.94
357.08	682.94
357.307	684.94
357.534	705.94
357.761	707.94
357.988	691.94
358.215	665.94
358.441	705.94
358.668	694.94
358.895	700.94
359.122	688.94
359.349	714.94
359.576	726.94
359.802	766.94
360.029	793.94
360.256	809.94
360.483	785.94
360.709	742.94
360.936	739.94
361.163	705.94
361.39	744.94
361.616	744.94
361.843	733.94
362.07	753.94
362.296	732.94
362.523	737.94
362.749	722.94
362.976	706.94
363.203	721.94
363.429	704.94
363.656	722.94
363.882	720.94
364.109	722.94
364.335	702.94
364.562	704.94
364.788	716.94
365.015	714.94
365.241	698.94
365.468	716.94
365.694	716.94
365.92	743.94
366.147	725.94
366.373	718.94
366.599	714.94
366.826	714.94
367.052	714.94
367.278	737.94
367.505	722.94
367.731	715.94
367.957	704.94
368.184	711.94
368.41	757.94
368.636	738.94
368.862	763.94
369.089	745.94
369.315	719.94
369.541	743.94
369.767	759.94
369.993	766.94
370.219	734.94
370.445	765.94
370.672	752.94
370.898	757.94
371.124	745.94
371.35	764.94
371.576	742.94
371.802	769.94
372.028	734.94
372.254	749.94
372.48	761.94
372.706	783.94
372.932	790.94
373.158	765.94
373.384	759.94
373.61	746.94
373.835	778.94
374.061	757.94
374.287	775.94
374.513	750.94
374.739	767.94
374.965	799.94
375.191	821.94
375.416	826.94
375.642	800.94
375.868	789.94
376.094	774.94
376.319	775.94
376.545	764.94
376.771	768.94
376.997	724.94
377.222	755.94
377.448	749.94
377.674	754.94
377.899	747.94
378.125	753.94
378.35	763.94
378.576	744.94
378.802	736.94
379.027	737.94
379.253	737.94
379.478	764.94
379.704	738.94
379.929	759.94
380.155	770.94
380.38	758.94
380.606	770.94
380.831	738.94
381.057	762.94
381.282	767.94
381.507	772.94
381.733	733.94
381.958	765.94
382.184	792.94
382.409	779.94
382.634	791.94
382.86	766.94
383.085	788.94
383.31	796.94
383.535	809.94
383.761	793.94
383.986	812.94
384.211	827.94
384.436	850.94
384.662	832.94
384.887	849.94
385.112	865.94
385.337	859.94
385.562	846.94
385.787	879.94
386.013	900.94
386.238	921.94
386.463	878.94
386.688	879.94
386.913	858.94
387.138	865.94
387.363	881.94
387.588	876.94
387.813	859.94
388.038	871.94
388.263	875.94
388.488	873.94
388.713	889.94
388.938	838.94
389.163	859.94
389.387	870.94
389.612	857.94
389.837	843.94
390.062	863.94
390.287	879.94
390.512	868.94
390.736	884.94
390.961	880.94
391.186	906.94
391.411	917.94
391.636	909.94
391.86	930.94
392.085	947.94
392.31	952.94
392.534	962.94
392.759	937.94
392.984	911.94
393.208	919.94
393.433	914.94
393.658	947.94
393.882	897.94
394.107	936.94
394.331	941.94
394.556	916.94
394.78	940.94
395.005	930.94
395.229	948.94
395.454	951.94
395.678	987.94
395.903	978.94
396.127	987.94
396.352	963.94
396.576	959.94
396.801	928.94
397.025	939.94
397.249	949.94
397.474	978.94
397.698	980.94
397.922	1004.94
398.147	1032.94
398.371	1028.94
398.595	1061.94
398.82	1112.94
399.044	1127.94
399.268	1208.94
399.492	1337.94
399.717	1453.94
399.941	1517.94
400.165	1378.94
400.389	1325.94
400.613	1209.94
400.837	1159.94
401.062	1116.94
401.286	1121.94
401.51	1100.94
401.734	1097.94
401.958	1134.94
402.182	1115.94
402.406	1182.94
402.63	1179.94
402.854	1198.94
403.078	1185.94
403.302	1216.94
403.526	1248.94
403.75	1262.94
403.974	1296.94
404.198	1294.94
404.422	1320.94
404.645	1291.94
404.869	1377.94
405.093	1403.94
405.317	1510.94
405.541	1500.94
405.765	1411.94
405.988	1312.94
406.212	1362.94
406.436	1371.94
406.66	1402.94
406.883	1359.94
407.107	1395.94
407.331	1422.94
407.555	1521.94
407.778	1477.94
408.002	1426.94
408.226	1382.94
408.449	1313.94
408.673	1299.94
408.896	1347.94
409.12	1341.94
409.344	1320.94
409.567	1258.94
409.791	1286.94
410.014	1266.94
410.238	1252.94
410.461	1241.94
410.685	1248.94
410.908	1275.94
411.132	1283.94
411.355	1298.94
411.578	1260.94
411.802	1237.94
412.025	1304.94
412.249	1339.94
412.472	1416.94
412.695	1472.94
412.919	1452.94
413.142	1389.94
413.365	1355.94
413.589	1344.94
413.812	1249.94
414.035	1211.94
414.258	1233.94
414.482	1245.94
414.705	1205.94
414.928	1189.94
415.151	1195.94
415.374	1166.94
415.597	1175.94
415.821	1154.94
416.044	1182.94
416.267	1169.94
416.49	1152.94
416.713	1177.94
416.936	1167.94
417.159	1149.94
417.382	1231.94
417.605	1240.94
417.828	1283.94
418.051	1248.94
418.274	1177.94
418.497	1178.94
418.72	1211.94
418.943	1195.94
419.166	1271.94
419.389	1356.94
419.611	1355.94
419.834	1346.94
420.057	1378.94
420.28	1410.94
420.503	1433.94
420.726	1371.94
420.948	1313.94
421.171	1338.94
421.394	1317.94
421.617	1257.94
421.839	1261.94
422.062	1251.94
422.285	1214.94
422.507	1304.94
422.73	1330.94
422.953	1320.94
423.175	1230.94
423.398	1260.94
423.621	1249.94
423.843	1272.94
424.066	1269.94
424.288	1243.94
424.511	1281.94
424.733	1313.94
424.956	1370.94
425.178	1329.94
425.401	1325.94
425.623	1349.94
425.846	1223.94
426.068	1203.94
426.291	1187.94
426.513	1231.94
426.735	1221.94
426.958	1249.94
427.18	1282.94
427.402	1443.94
427.625	1619.94
427.847	1558.94
428.069	1528.94
428.292	1405.94
428.514	1222.94
428.736	1188.94
428.958	1177.94
429.181	1136.94
429.403	1135.94
429.625	1119.94
429.847	1158.94
430.069	1211.94
430.292	1169.94
430.514	1106.94
430.736	1113.94
430.958	1120.94
431.18	1094.94
431.402	1094.94
431.624	1042.94
431.846	1066.94
432.068	1077.94
432.29	1080.94
432.512	1026.94
432.734	1080.94
432.956	1091.94
433.178	1128.94
433.4	1119.94
433.622	1131.94
433.844	1103.94
434.066	1096.94
434.287	1070.94
434.509	1090.94
434.731	1110.94
434.953	1136.94
435.175	1172.94
435.397	1171.94
435.618	1161.94
435.84	1205.94
436.062	1246.94
436.284	1324.94
436.505	1197.94
436.727	1172.94
436.949	1100.94
437.17	1072.94
437.392	1096.94
437.614	1095.94
437.835	1095.94
438.057	1211.94
438.278	1296.94
438.5	1308.94
438.721	1418.94
438.943	1357.94
439.165	1191.94
439.386	1170.94
439.608	1199.94
439.829	1179.94
440.05	1245.94
440.272	1265.94
440.493	1256.94
440.715	1182.94
440.936	1155.94
441.158	1166.94
441.379	1172.94
441.6	1235.94
441.822	1237.94
442.043	1299.94
442.264	1344.94
442.486	1330.94
442.707	1281.94
442.928	1211.94
443.149	1245.94
443.371	1276.94
443.592	1346.94
443.813	1405.94
444.034	1461.94
444.255	1329.94
444.476	1301.94
444.698	1320.94
444.919	1357.94
445.14	1401.94
445.361	1337.94
445.582	1311.94
445.803	1353.94
446.024	1443.94
446.245	1435.94
446.466	1355.94
446.687	1226.94
446.908	1202.94
447.129	1142.94
447.35	1114.94
447.571	1107.94
447.792	1086.94
448.013	1092.94
448.234	1109.94
448.455	1163.94
448.675	1279.94
448.896	1370.94
449.117	1233.94
449.338	1184.94
449.559	1299.94
449.779	1397.94
450	1214.94
450.221	1112.94
450.442	1084.94
450.662	1049.94
450.883	1104.94
451.104	1136.94
451.324	1095.94
451.545	1045.94
451.766	1038.94
451.986	1033.94
452.207	985.94
452.428	985.94
452.648	1001.94
452.869	1021.94
453.089	996.94
453.31	1003.94
453.53	959.94
453.751	947.94
453.971	979.94
454.192	1022.94
454.412	968.94
454.633	965.94
454.853	978.94
455.073	978.94
455.294	981.94
455.514	1017.94
455.734	997.94
455.955	933.94
456.175	918.94
456.395	902.94
456.616	896.94
456.836	911.94
457.056	939.94
457.276	885.94
457.497	940.94
457.717	910.94
457.937	937.94
458.157	947.94
458.377	945.94
458.598	972.94
458.818	1110.94
459.038	1183.94
459.258	1134.94
459.478	1090.94
459.698	1061.94
459.918	1047.94
460.138	1097.94
460.358	1107.94
460.578	1154.94
460.798	1122.94
461.018	1184.94
461.238	1173.94
461.458	1122.94
461.678	1147.94
461.898	1169.94
462.118	1173.94
462.338	1229.94
462.558	1237.94
462.777	1275.94
462.997	1362.94
463.217	1429.94
463.437	1432.94
463.657	1353.94
463.876	1271.94
464.096	1290.94
464.316	1319.94
464.536	1345.94
464.755	1319.94
464.975	1269.94
465.195	1340.94
465.414	1425.94
465.634	1239.94
465.854	1163.94
466.073	1147.94
466.293	1129.94
466.512	1096.94
466.732	1096.94
466.951	1067.94
467.171	1130.94
467.391	1115.94
467.61	1167.94
467.829	1236.94
468.049	1539.94
468.268	2362.94
468.488	1764.94
468.707	1362.94
468.927	1230.94
469.146	1186.94
469.365	1132.94
469.585	1149.94
469.804	1143.94
470.023	1183.94
470.243	1195.94
470.462	1199.94
470.681	1235.94
470.901	1226.94
471.12	1202.94
471.339	1219.94
471.558	1201.94
471.777	1260.94
471.997	1425.94
472.216	2151.94
472.435	4425.94
472.654	3423.94
472.873	2077.94
473.092	1658.94
473.311	1485.94
473.53	1408.94
473.749	1335.94
473.968	1315.94
474.187	1375.94
474.406	1331.94
474.625	1222.94
474.844	1186.94
475.063	1182.94
475.282	1155.94
475.501	1135.94
475.72	1138.94
475.939	1154.94
476.158	1167.94
476.377	1170.94
476.596	1140.94
476.814	1149.94
477.033	1153.94
477.252	1166.94
477.471	1186.94
477.69	1214.94
477.908	1274.94
478.127	1253.94
478.346	1245.94
478.564	1281.94
478.783	1298.94
479.002	1304.94
479.22	1376.94
479.439	1363.94
479.658	1401.94
479.876	1419.94
480.095	1443.94
480.313	1572.94
480.532	1619.94
480.751	1832.94
480.969	2419.94
481.188	5557.94
481.406	7603.94
481.624	3913.94
481.843	2761.94
482.061	2197.94
482.28	1949.94
482.498	1805.94
482.717	1681.94
482.935	1641.94
483.153	1587.94
483.372	1562.94
483.59	1526.94
483.808	1471.94
484.027	1473.94
484.245	1424.94
484.463	1458.94
484.681	1488.94
484.9	1446.94
485.118	1423.94
485.336	1443.94
485.554	1392.94
485.772	1388.94
485.99	1399.94
486.209	1400.94
486.427	1381.94
486.645	1434.94
486.863	1465.94
487.081	1466.94
487.299	1415.94
487.517	1416.94
487.735	1461.94
487.953	1470.94
488.171	1474.94
488.389	1461.94
488.607	1460.94
488.825	1412.94
489.043	1389.94
489.261	1448.94
489.479	1429.94
489.696	1463.94
489.914	1487.94
490.132	1493.94
490.35	1538.94
490.568	1579.94
490.786	1619.94
491.003	1651.94
491.221	1764.94
491.439	1837.94
491.657	1887.94
491.874	1909.94
492.092	2010.94
492.31	2012.94
492.527	2071.94
492.745	2068.94
492.963	2073.94
493.18	2055.94
493.398	1991.94
493.615	1938.94
493.833	1979.94
494.05	1841.94
494.268	1862.94
494.485	1795.94
494.703	1781.94
494.92	1768.94
495.138	1746.94
495.355	1724.94
495.573	1670.94
495.79	1678.94
496.008	1686.94
496.225	1717.94
496.442	1627.94
496.66	1630.94
496.877	1627.94
497.094	1665.94
497.312	1664.94
497.529	1672.94
497.746	1643.94
497.963	1682.94
498.181	1690.94
498.398	1722.94
498.615	1765.94
498.832	1854.94
499.049	1905.94
499.267	2015.94
499.484	2138.94
499.701	2293.94
499.918	2463.94
500.135	2699.94
500.352	2944.94
500.569	3053.94
500.786	3111.94
501.003	2888.94
501.22	2648.94
501.437	2408.94
501.654	2266.94
501.871	2142.94
502.088	2011.94
502.305	1893.94
502.522	1807.94
502.739	1729.94
502.956	1659.94
503.172	1601.94
503.389	1552.94
503.606	1555.94
503.823	1549.94
504.04	1531.94
504.256	1516.94
504.473	1547.94
504.69	1552.94
504.907	1514.94
505.123	1434.94
505.34	1404.94
505.557	1363.94
505.773	1361.94
505.99	1335.94
506.207	1327.94
506.423	1294.94
506.64	1291.94
506.856	1269.94
507.073	1258.94
507.289	1279.94
507.506	1279.94
507.722	1298.94
507.939	1315.94
508.155	1247.94
508.372	1223.94
508.588	1203.94
508.805	1202.94
509.021	1183.94
509.238	1206.94
509.454	1213.94
509.67	1235.94
509.887	1183.94
510.103	1205.94
510.319	1218.94
510.536	1441.94
510.752	2678.94
510.968	1998.94
511.184	1289.94
511.401	1194.94
511.617	1237.94
511.833	1312.94
512.049	1397.94
512.265	1330.94
512.481	1275.94
512.698	1217.94
512.914	1203.94
513.13	1205.94
513.346	1180.94
513.562	1211.94
513.778	1219.94
513.994	1181.94
514.21	1214.94
514.426	1271.94
514.642	1326.94
514.858	1380.94
515.074	1475.94
515.29	1748.94
515.506	2660.94
515.721	2078.94
515.937	1445.94
516.153	1352.94
516.369	1286.94
516.585	1291.94
516.801	1273.94
517.016	1319.94
517.232	1340.94
517.448	1369.94
517.664	1403.94
517.879	1365.94
518.095	1391.94
518.311	1365.94
518.527	1331.94
518.742	1306.94
518.958	1291.94
519.173	1258.94
519.389	1260.94
519.605	1255.94
519.82	1217.94
520.036	1232.94
520.251	1247.94
520.467	1269.94
520.682	1286.94
520.898	1276.94
521.113	1298.94
521.329	1352.94
521.544	1556.94
521.76	2009.94
521.975	3603.94
522.19	3319.94
522.406	1773.94
522.621	1366.94
522.836	1242.94
523.052	1160.94
523.267	1129.94
523.482	1097.94
523.698	1115.94
523.913	1108.94
524.128	1125.94
524.343	1087.94
524.559	1069.94
524.774	1094.94
524.989	1034.94
525.204	1030.94
525.419	1058.94
525.634	1018.94
525.849	1016.94
526.064	1030.94
526.28	1005.94
526.495	984.94
526.71	946.94
526.925	970.94
527.14	960.94
527.355	979.94
527.57	953.94
527.785	934.94
527.999	961.94
528.214	973.94
528.429	987.94
528.644	999.94
528.859	996.94
529.074	1029.94
529.289	1107.94
529.503	1230.94
529.718	1121.94
529.933	1053.94
530.148	987.94
530.363	968.94
530.577	968.94
530.792	927.94
531.007	949.94
531.221	937.94
531.436	928.94
531.651	926.94
531.865	936.94
532.08	914.94
532.295	944.94
532.509	922.94
532.724	930.94
532.938	912.94
533.153	922.94
533.367	963.94
533.582	975.94
533.796	944.94
534.011	933.94
534.225	910.94
534.44	908.94
534.654	910.94
534.868	902.94
535.083	904.94
535.297	906.94
535.511	918.94
535.726	934.94
535.94	924.94
536.154	899.94
536.369	882.94
536.583	861.94
536.797	869.94
537.011	899.94
537.225	865.94
537.44	847.94
537.654	871.94
537.868	865.94
538.082	849.94
538.296	858.94
538.51	877.94
538.724	879.94
538.938	887.94
539.153	912.94
539.367	891.94
539.581	927.94
539.795	855.94
540.009	862.94
540.222	853.94
540.436	850.94
540.65	861.94
540.864	889.94
541.078	903.94
541.292	945.94
541.506	943.94
541.72	964.94
541.934	976.94
542.147	962.94
542.361	957.94
542.575	925.94
542.789	904.94
543.002	886.94
543.216	858.94
543.43	878.94
543.644	886.94
543.857	914.94
544.071	910.94
544.285	942.94
544.498	934.94
544.712	898.94
544.925	937.94
545.139	936.94
545.352	947.94
545.566	941.94
545.779	944.94
545.993	955.94
546.206	930.94
546.42	930.94
546.633	938.94
546.847	909.94
547.06	950.94
547.274	939.94
547.487	925.94
547.7	953.94
547.914	941.94
548.127	954.94
548.34	954.94
548.554	938.94
548.767	920.94
548.98	921.94
549.193	889.94
549.407	918.94
549.62	958.94
549.833	921.94
550.046	929.94
550.259	929.94
550.473	902.94
550.686	891.94
550.899	882.94
551.112	875.94
551.325	882.94
551.538	897.94
551.751	855.94
551.964	821.94
552.177	881.94
552.39	878.94
552.603	915.94
552.816	946.94
553.029	935.94
553.242	963.94
553.455	987.94
553.667	1001.94
553.88	990.94
554.093	963.94
554.306	942.94
554.519	916.94
554.732	915.94
554.944	888.94
555.157	878.94
555.37	863.94
555.583	861.94
555.795	859.94
556.008	845.94
556.221	791.94
556.433	808.94
556.646	794.94
556.859	786.94
557.071	816.94
557.284	795.94
557.496	811.94
557.709	822.94
557.921	811.94
558.134	793.94
558.346	774.94
558.559	801.94
558.771	781.94
558.984	779.94
559.196	744.94
559.409	770.94
559.621	752.94
559.833	735.94
560.046	735.94
560.258	768.94
560.47	789.94
560.683	763.94
560.895	748.94
561.107	748.94
561.32	731.94
561.532	743.94
561.744	728.94
561.956	731.94
562.168	735.94
562.381	731.94
562.593	736.94
562.805	753.94
563.017	741.94
563.229	739.94
563.441	740.94
563.653	712.94
563.865	729.94
564.077	748.94
564.289	745.94
564.501	724.94
564.713	742.94
564.925	736.94
565.137	770.94
565.349	779.94
565.561	797.94
565.773	801.94
565.985	807.94
566.197	865.94
566.408	883.94
566.62	933.94
566.832	1003.94
567.044	1021.94
567.255	975.94
567.467	993.94
567.679	996.94
567.891	1093.94
568.102	1091.94
568.314	1043.94
568.526	951.94
568.737	885.94
568.949	841.94
569.161	767.94
569.372	745.94
569.584	730.94
569.795	691.94
570.007	673.94
570.218	752.94
570.43	745.94
570.641	683.94
570.853	664.94
571.064	677.94
571.276	681.94
571.487	661.94
571.698	625.94
571.91	617.94
572.121	611.94
572.333	604.94
572.544	561.94
572.755	559.94
572.966	590.94
573.178	587.94
573.389	568.94
573.6	550.94
573.811	571.94
574.023	553.94
574.234	552.94
574.445	540.94
574.656	579.94
574.867	543.94
575.078	563.94
575.289	575.94
575.501	544.94
575.712	545.94
575.923	566.94
576.134	534.94
576.345	530.94
576.556	541.94
576.767	544.94
576.978	535.94
577.188	520.94
577.399	531.94
577.61	528.94
577.821	527.94
578.032	509.94
578.243	599.94
578.454	953.94
578.665	642.94
578.875	513.94
579.086	506.94
579.297	506.94
579.508	515.94
579.718	501.94
579.929	490.94
580.14	490.94
580.35	495.94
580.561	491.94
580.772	471.94
580.982	479.94
581.193	476.94
581.403	487.94
581.614	459.94
581.825	463.94
582.035	468.94
582.246	488.94
582.456	485.94
582.667	454.94
582.877	478.94
583.087	462.94
583.298	448.94
583.508	462.94
583.719	470.94
583.929	487.94
584.139	463.94
584.35	444.94
584.56	449.94
584.77	437.94
584.981	462.94
585.191	452.94
585.401	453.94
585.611	471.94
585.821	450.94
586.032	449.94
586.242	453.94
586.452	443.94
586.662	430.94
586.872	448.94
587.082	440.94
587.292	438.94
587.502	456.94
587.713	437.94
587.923	432.94
588.133	428.94
588.343	442.94
588.553	450.94
588.762	450.94
588.972	445.94
589.182	447.94
589.392	434.94
589.602	483.94
589.812	474.94
590.022	442.94
590.232	435.94
590.441	457.94
590.651	445.94
590.861	455.94
591.071	441.94
591.281	455.94
591.49	432.94
591.7	453.94
591.91	446.94
592.119	446.94
592.329	470.94
592.539	480.94
592.748	485.94
592.958	498.94
593.167	513.94
593.377	514.94
593.587	535.94
593.796	508.94
594.006	501.94
594.215	527.94
594.424	524.94
594.634	510.94
594.843	514.94
595.053	485.94
595.262	491.94
595.472	462.94
595.681	462.94
595.89	447.94
596.1	451.94
596.309	435.94
596.518	418.94
596.727	426.94
596.937	447.94
597.146	433.94
597.355	414.94
597.564	417.94
597.774	410.94
597.983	390.94
598.192	407.94
598.401	399.94
598.61	400.94
598.819	410.94
599.028	411.94
599.237	390.94
599.446	393.94
599.655	405.94
599.864	408.94
600.073	376.94
600.282	394.94
600.491	376.94
600.7	395.94
600.909	398.94
601.118	384.94
601.327	404.94
601.536	433.94
601.745	433.94
601.953	422.94
602.162	434.94
602.371	441.94
602.58	430.94
602.789	417.94
602.997	395.94
603.206	412.94
603.415	411.94
603.623	421.94
603.832	409.94
604.041	403.94
604.249	394.94
604.458	391.94
604.666	398.94
604.875	399.94
605.084	403.94
605.292	419.94
605.501	414.94
605.709	417.94
605.918	414.94
606.126	421.94
606.334	411.94
606.543	418.94
606.751	406.94
606.96	408.94
607.168	418.94
607.376	393.94
607.585	423.94
607.793	430.94
608.001	413.94
608.21	411.94
608.418	430.94
608.626	414.94
608.834	405.94
609.043	432.94
609.251	418.94
609.459	415.94
609.667	434.94
609.875	408.94
610.083	409.94
610.291	430.94
610.499	411.94
610.707	421.94
610.916	430.94
611.124	416.94
611.332	427.94
611.54	417.94
611.748	391.94
611.955	414.94
612.163	396.94
612.371	395.94
612.579	408.94
612.787	409.94
612.995	407.94
613.203	426.94
613.411	393.94
613.618	399.94
613.826	397.94
614.034	407.94
614.242	393.94
614.449	395.94
614.657	381.94
614.865	383.94
615.072	385.94
615.28	377.94
615.488	409.94
615.695	404.94
615.903	392.94
616.111	402.94
616.318	400.94
616.526	404.94
616.733	413.94
616.941	395.94
617.148	394.94
617.356	373.94
617.563	387.94
617.771	387.94
617.978	381.94
618.185	389.94
618.393	377.94
618.6	365.94
618.807	362.94
619.015	398.94
619.222	371.94
619.429	386.94
619.637	359.94
619.844	338.94
620.051	352.94
620.258	346.94
620.466	347.94
620.673	338.94
620.88	367.94
621.087	335.94
621.294	346.94
621.501	349.94
621.708	343.94
621.915	364.94
622.122	340.94
622.329	363.94
622.536	359.94
622.743	344.94
622.95	357.94
623.157	364.94
623.364	359.94
623.571	338.94
623.778	348.94
623.985	334.94
624.192	366.94
624.399	339.94
624.606	336.94
624.812	326.94
625.019	339.94
625.226	333.94
625.433	315.94
625.639	334.94
625.846	301.94
626.053	303.94
626.259	295.94
626.466	295.94
626.673	289.94
626.879	290.94
627.086	297.94
627.293	301.94
627.499	307.94
627.706	332.94
627.912	305.94
628.119	330.94
628.325	321.94
628.532	318.94
628.738	329.94
628.945	300.94
629.151	312.94
629.357	289.94
629.564	297.94
629.77	322.94
629.976	302.94
630.183	307.94
630.389	299.94
630.595	301.94
630.802	287.94
631.008	299.94
631.214	308.94
631.42	283.94
631.627	294.94
631.833	293.94
632.039	282.94
632.245	301.94
632.451	290.94
632.657	281.94
632.863	295.94
633.069	307.94
633.275	282.94
633.481	283.94
633.688	279.94
633.893	270.94
634.099	272.94
634.305	255.94
634.511	287.94
634.717	284.94
634.923	269.94
635.129	284.94
635.335	291.94
635.541	288.94
635.747	312.94
635.952	326.94
636.158	369.94
636.364	482.94
636.57	601.94
636.775	479.94
636.981	411.94
637.187	370.94
637.392	359.94
637.598	329.94
637.804	324.94
638.009	315.94
638.215	320.94
638.421	297.94
638.626	320.94
638.832	291.94
639.037	291.94
639.243	278.94
639.448	276.94
639.654	286.94
639.859	270.94
640.065	273.94
640.27	289.94
640.475	279.94
640.681	271.94
640.886	278.94
641.091	271.94
641.297	274.94
641.502	264.94
641.707	258.94
641.913	271.94
642.118	269.94
642.323	266.94
642.528	258.94
642.733	265.94
642.939	256.94
643.144	265.94
643.349	258.94
643.554	263.94
643.759	255.94
643.964	265.94
644.169	254.94
644.374	259.94
644.579	254.94
644.784	247.94
644.989	236.94
645.194	253.94
645.399	251.94
645.604	250.94
645.809	244.94
646.014	262.94
646.219	227.94
646.423	247.94
646.628	251.94
646.833	230.94
647.038	249.94
647.243	241.94
647.447	243.94
647.652	250.94
647.857	232.94
648.062	252.94
648.266	254.94
648.471	241.94
648.676	255.94
648.88	250.94
649.085	251.94
649.289	253.94
649.494	250.94
649.698	245.94
649.903	265.94
650.107	255.94
650.312	230.94
650.516	238.94
650.721	242.94
650.925	228.94
651.13	214.94
651.334	225.94
651.539	225.94
651.743	203.94
651.947	223.94
652.152	211.94
652.356	196.94
652.56	202.94
652.764	198.94
652.969	190.94
653.173	193.94
653.377	204.94
653.581	203.94
653.785	187.94
653.99	182.94
654.194	181.94
654.398	175.94
654.602	193.94
654.806	183.94
655.01	193.94
655.214	202.94
655.418	173.94
655.622	179.94
655.826	174.94
656.03	185.94
656.234	167.94
656.438	178.94
656.642	169.94
656.846	176.94
657.049	177.94
657.253	169.94
657.457	146.94
657.661	137.94
657.865	139.94
658.068	140.94
658.272	129.94
658.476	129.94
658.68	146.94
658.883	121.94
659.087	117.94
659.291	112.94
659.494	116.94
659.698	95.94
659.901	123.94
660.105	107.94
660.309	104.94
660.512	100.94
660.716	109.94
660.919	97.94
661.123	101.94
661.326	101.94
661.53	94.94
661.733	93.94
661.936	87.94
662.14	93.94
662.343	84.94
662.546	86.94
662.75	81.94
662.953	93.94
663.156	84.94
663.36	75.94
663.563	92.94
663.766	87.94
663.969	83.94
664.173	69.94
664.376	86.94
664.579	85.94
664.782	68.94
664.985	75.94
665.188	84.94
665.391	80.94
665.594	80.94
665.797	88.94
666	72.94
666.203	84.94
666.406	78.94
666.609	80.94
666.812	80.94
667.015	77.94
667.218	74.94
667.421	79.94
667.624	76.94
667.827	87.94
668.03	78.94
668.232	65.94
668.435	79.94
668.638	89.94
668.841	83.94
669.043	78.94
669.246	79.94
669.449	76.94
669.651	69.94
669.854	88.94
670.057	64.94
670.259	79.94
670.462	90.94
670.665	77.94
670.867	89.94
671.07	65.94
671.272	77.94
671.475	61.94
671.677	93.94
671.88	97.94
672.082	77.94
672.284	86.94
672.487	78.94
672.689	73.94
672.892	73.94
