223.165	-23.06
223.4	-23.06
223.635	-23.06
223.869	-31.06
224.104	-11.06
224.338	-8.06
224.573	-5.06
224.808	-19.06
225.042	-7.06
225.277	-13.06
225.511	-2.06
225.746	7.94
225.98	8.94
226.215	2.94
226.449	16.94
226.683	22.94
226.918	23.94
227.152	35.94
227.387	47.94
227.621	40.94
227.856	61.94
228.09	47.94
228.324	59.94
228.559	36.94
228.793	77.94
229.027	117.94
229.262	113.94
229.496	148.94
229.73	176.94
229.964	183.94
230.199	160.94
230.433	141.94
230.667	135.94
230.901	135.94
231.136	133.94
231.37	117.94
231.604	144.94
231.838	139.94
232.072	147.94
232.306	143.94
232.541	144.94
232.775	149.94
233.009	156.94
233.243	132.94
233.477	136.94
233.711	140.94
233.945	142.94
234.179	133.94
234.413	141.94
234.647	134.94
234.881	148.94
235.115	145.94
235.349	145.94
235.583	157.94
235.817	149.94
236.051	150.94
236.285	141.94
236.519	154.94
236.753	173.94
236.987	155.94
237.221	198.94
237.455	254.94
237.689	204.94
237.922	166.94
238.156	164.94
238.39	161.94
238.624	163.94
238.858	166.94
239.091	160.94
239.325	158.94
239.559	175.94
239.793	187.94
240.027	169.94
240.26	186.94
240.494	186.94
240.728	188.94
240.961	189.94
241.195	178.94
241.429	187.94
241.662	167.94
241.896	171.94
242.13	178.94
242.363	203.94
242.597	191.94
242.83	181.94
243.064	189.94
243.298	187.94
243.531	203.94
243.765	190.94
243.998	197.94
244.232	182.94
244.465	190.94
244.699	209.94
244.932	193.94
245.166	205.94
245.399	191.94
245.633	200.94
245.866	203.94
246.099	212.94
246.333	219.94
246.566	222.94
246.8	215.94
247.033	222.94
247.266	220.94
247.5	221.94
247.733	228.94
247.966	226.94
248.2	222.94
248.433	226.94
248.666	229.94
248.899	240.94
249.133	252.94
249.366	278.94
249.599	282.94
249.832	284.94
250.066	276.94
250.299	341.94
250.532	383.94
250.765	416.94
250.998	382.94
251.231	348.94
251.465	319.94
251.698	307.94
251.931	292.94
252.164	295.94
252.397	282.94
252.63	290.94
252.863	288.94
253.096	282.94
253.329	297.94
253.562	276.94
253.795	291.94
254.028	294.94
254.261	293.94
254.494	294.94
254.727	326.94
254.96	339.94
255.193	353.94
255.426	363.94
255.659	385.94
255.892	478.94
256.124	629.94
256.357	659.94
256.59	546.94
256.823	446.94
257.056	406.94
257.289	385.94
257.521	364.94
257.754	334.94
257.987	320.94
258.22	335.94
258.452	335.94
258.685	337.94
258.918	328.94
259.151	324.94
259.383	307.94
259.616	294.94
259.849	311.94
260.081	307.94
260.314	326.94
260.547	321.94
260.779	337.94
261.012	335.94
261.244	325.94
261.477	315.94
261.71	314.94
261.942	334.94
262.175	339.94
262.407	330.94
262.64	306.94
262.872	295.94
263.105	297.94
263.337	316.94
263.57	311.94
263.802	303.94
264.035	307.94
264.267	306.94
264.499	294.94
264.732	294.94
264.964	302.94
265.197	304.94
265.429	314.94
265.661	288.94
265.894	293.94
266.126	293.94
266.358	307.94
266.591	318.94
266.823	316.94
267.055	304.94
267.287	323.94
267.52	311.94
267.752	327.94
267.984	309.94
268.216	326.94
268.448	337.94
268.681	345.94
268.913	328.94
269.145	335.94
269.377	345.94
269.609	336.94
269.841	341.94
270.073	354.94
270.306	363.94
270.538	379.94
270.77	366.94
271.002	372.94
271.234	366.94
271.466	389.94
271.698	390.94
271.93	396.94
272.162	370.94
272.394	372.94
272.626	369.94
272.858	372.94
273.09	377.94
273.322	363.94
273.553	367.94
273.785	382.94
274.017	382.94
274.249	349.94
274.481	349.94
274.713	362.94
274.945	379.94
275.176	396.94
275.408	404.94
275.64	402.94
275.872	399.94
276.104	403.94
276.335	399.94
276.567	405.94
276.799	427.94
277.031	461.94
277.262	494.94
277.494	485.94
277.726	451.94
277.957	406.94
278.189	422.94
278.421	406.94
278.652	409.94
278.884	412.94
279.115	415.94
279.347	410.94
279.579	423.94
279.81	440.94
280.042	465.94
280.273	502.94
280.505	525.94
280.736	443.94
280.968	427.94
281.199	431.94
281.431	404.94
281.662	419.94
281.894	421.94
282.125	410.94
282.356	436.94
282.588	460.94
282.819	458.94
283.051	413.94
283.282	431.94
283.513	433.94
283.745	395.94
283.976	427.94
284.207	398.94
284.439	409.94
284.67	413.94
284.901	401.94
285.132	423.94
285.364	418.94
285.595	403.94
285.826	399.94
286.057	423.94
286.288	416.94
286.52	431.94
286.751	449.94
286.982	415.94
287.213	435.94
287.444	429.94
287.675	435.94
287.906	452.94
288.138	429.94
288.369	441.94
288.6	447.94
288.831	443.94
289.062	450.94
289.293	447.94
289.524	442.94
289.755	437.94
289.986	433.94
290.217	425.94
290.448	428.94
290.679	428.94
290.91	429.94
291.141	427.94
291.371	447.94
291.602	431.94
291.833	431.94
292.064	421.94
292.295	433.94
292.526	421.94
292.757	418.94
292.987	428.94
293.218	416.94
293.449	418.94
293.68	431.94
293.91	421.94
294.141	417.94
294.372	432.94
294.603	406.94
294.833	437.94
295.064	411.94
295.295	437.94
295.525	411.94
295.756	466.94
295.987	453.94
296.217	505.94
296.448	502.94
296.679	446.94
296.909	441.94
297.14	459.94
297.37	430.94
297.601	450.94
297.831	441.94
298.062	462.94
298.292	467.94
298.523	467.94
298.753	463.94
298.984	467.94
299.214	450.94
299.445	474.94
299.675	468.94
299.905	477.94
300.136	465.94
300.366	485.94
300.597	501.94
300.827	496.94
301.057	491.94
301.288	515.94
301.518	504.94
301.748	493.94
301.979	505.94
302.209	523.94
302.439	510.94
302.669	495.94
302.9	493.94
303.13	506.94
303.36	514.94
303.59	520.94
303.82	533.94
304.051	538.94
304.281	518.94
304.511	496.94
304.741	490.94
304.971	498.94
305.201	508.94
305.431	472.94
305.661	477.94
305.891	494.94
306.121	491.94
306.352	515.94
306.582	526.94
306.812	533.94
307.042	501.94
307.272	549.94
307.502	568.94
307.731	566.94
307.961	551.94
308.191	542.94
308.421	517.94
308.651	540.94
308.881	517.94
309.111	550.94
309.341	527.94
309.571	531.94
309.8	546.94
310.03	575.94
310.26	553.94
310.49	564.94
310.72	588.94
310.949	617.94
311.179	605.94
311.409	574.94
311.639	555.94
311.868	557.94
312.098	601.94
312.328	580.94
312.557	610.94
312.787	618.94
313.017	615.94
313.246	592.94
313.476	571.94
313.706	597.94
313.935	587.94
314.165	581.94
314.394	602.94
314.624	614.94
314.853	596.94
315.083	587.94
315.312	565.94
315.542	569.94
315.771	582.94
316.001	596.94
316.23	564.94
316.46	563.94
316.689	572.94
316.919	607.94
317.148	589.94
317.377	612.94
317.607	574.94
317.836	562.94
318.065	573.94
318.295	593.94
318.524	596.94
318.753	603.94
318.983	603.94
319.212	591.94
319.441	598.94
319.67	620.94
319.9	621.94
320.129	599.94
320.358	609.94
320.587	588.94
320.816	625.94
321.046	623.94
321.275	651.94
321.504	642.94
321.733	647.94
321.962	655.94
322.191	666.94
322.42	695.94
322.649	716.94
322.878	710.94
323.108	753.94
323.337	788.94
323.566	798.94
323.795	852.94
324.024	924.94
324.253	1105.94
324.482	1602.94
324.71	2508.94
324.939	3560.94
325.168	2817.94
325.397	1456.94
325.626	1063.94
325.855	939.94
326.084	919.94
326.313	882.94
326.542	882.94
326.77	1007.94
326.999	1139.94
327.228	1605.94
327.457	2437.94
327.686	2845.94
327.914	1948.94
328.143	1645.94
328.372	1798.94
328.6	1599.94
328.829	1244.94
329.058	1206.94
329.287	1210.94
329.515	1203.94
329.744	1309.94
329.972	1653.94
330.201	2181.94
330.43	2762.94
330.658	2243.94
330.887	1551.94
331.115	1270.94
331.344	1110.94
331.572	1034.94
331.801	1043.94
332.03	1019.94
332.258	1021.94
332.486	1003.94
332.715	1031.94
332.943	1076.94
333.172	1101.94
333.4	1184.94
333.629	1299.94
333.857	1504.94
334.085	1805.94
334.314	2456.94
334.542	3339.94
334.771	3693.94
334.999	2234.94
335.227	1518.94
335.455	1243.94
335.684	1120.94
335.912	1029.94
336.14	943.94
336.369	923.94
336.597	951.94
336.825	889.94
337.053	910.94
337.281	865.94
337.51	817.94
337.738	861.94
337.966	810.94
338.194	803.94
338.422	790.94
338.65	779.94
338.878	761.94
339.106	774.94
339.334	774.94
339.562	761.94
339.79	739.94
340.018	728.94
340.246	761.94
340.474	783.94
340.702	727.94
340.93	719.94
341.158	733.94
341.386	719.94
341.614	727.94
341.842	728.94
342.07	693.94
342.298	722.94
342.526	731.94
342.754	726.94
342.981	702.94
343.209	714.94
343.437	707.94
343.665	729.94
343.893	808.94
344.12	802.94
344.348	767.94
344.576	766.94
344.804	766.94
345.031	720.94
345.259	733.94
345.487	745.94
345.714	721.94
345.942	706.94
346.17	722.94
346.397	694.94
346.625	696.94
346.853	688.94
347.08	681.94
347.308	687.94
347.535	716.94
347.763	725.94
347.99	752.94
348.218	724.94
348.445	723.94
348.673	709.94
348.9	713.94
349.128	706.94
349.355	701.94
349.583	687.94
349.81	670.94
350.037	673.94
350.265	681.94
350.492	703.94
350.72	688.94
350.947	724.94
351.174	682.94
351.402	705.94
351.629	710.94
351.856	710.94
352.083	701.94
352.311	716.94
352.538	729.94
352.765	723.94
352.992	735.94
353.22	699.94
353.447	702.94
353.674	708.94
353.901	691.94
354.128	678.94
354.355	663.94
354.583	685.94
354.81	690.94
355.037	663.94
355.264	662.94
355.491	660.94
355.718	701.94
355.945	670.94
356.172	667.94
356.399	633.94
356.626	676.94
356.853	640.94
357.08	657.94
357.307	668.94
357.534	678.94
357.761	693.94
357.988	665.94
358.215	670.94
358.441	688.94
358.668	652.94
358.895	701.94
359.122	667.94
359.349	705.94
359.576	677.94
359.802	758.94
360.029	793.94
360.256	812.94
360.483	762.94
360.709	757.94
360.936	716.94
361.163	702.94
361.39	740.94
361.616	750.94
361.843	724.94
362.07	708.94
362.296	702.94
362.523	724.94
362.749	731.94
362.976	720.94
363.203	709.94
363.429	717.94
363.656	669.94
363.882	693.94
364.109	694.94
364.335	683.94
364.562	699.94
364.788	687.94
365.015	724.94
365.241	708.94
365.468	702.94
365.694	699.94
365.92	727.94
366.147	711.94
366.373	684.94
366.599	697.94
366.826	709.94
367.052	709.94
367.278	691.94
367.505	725.94
367.731	711.94
367.957	700.94
368.184	700.94
368.41	732.94
368.636	733.94
368.862	719.94
369.089	723.94
369.315	708.94
369.541	739.94
369.767	707.94
369.993	743.94
370.219	753.94
370.445	734.94
370.672	726.94
370.898	733.94
371.124	752.94
371.35	750.94
371.576	757.94
371.802	734.94
372.028	728.94
372.254	743.94
372.48	725.94
372.706	751.94
372.932	757.94
373.158	759.94
373.384	731.94
373.61	749.94
373.835	757.94
374.061	731.94
374.287	769.94
374.513	778.94
374.739	756.94
374.965	800.94
375.191	793.94
375.416	768.94
375.642	775.94
375.868	794.94
376.094	733.94
376.319	752.94
376.545	785.94
376.771	775.94
376.997	745.94
377.222	769.94
377.448	750.94
377.674	755.94
377.899	719.94
378.125	756.94
378.35	728.94
378.576	724.94
378.802	738.94
379.027	753.94
379.253	733.94
379.478	729.94
379.704	727.94
379.929	741.94
380.155	707.94
380.38	730.94
380.606	738.94
380.831	737.94
381.057	761.94
381.282	737.94
381.507	728.94
381.733	773.94
381.958	751.94
382.184	759.94
382.409	755.94
382.634	778.94
382.86	768.94
383.085	759.94
383.31	779.94
383.535	803.94
383.761	824.94
383.986	827.94
384.211	825.94
384.436	837.94
384.662	851.94
384.887	866.94
385.112	822.94
385.337	878.94
385.562	889.94
385.787	862.94
386.013	869.94
386.238	860.94
386.463	893.94
386.688	899.94
386.913	870.94
387.138	854.94
387.363	859.94
387.588	843.94
387.813	850.94
388.038	845.94
388.263	843.94
388.488	861.94
388.713	860.94
388.938	869.94
389.163	839.94
389.387	836.94
389.612	843.94
389.837	873.94
390.062	845.94
390.287	825.94
390.512	877.94
390.736	852.94
390.961	877.94
391.186	883.94
391.411	922.94
391.636	919.94
391.86	949.94
392.085	941.94
392.31	947.94
392.534	919.94
392.759	904.94
392.984	911.94
393.208	905.94
393.433	916.94
393.658	897.94
393.882	891.94
394.107	893.94
394.331	911.94
394.556	938.94
394.78	944.94
395.005	928.94
395.229	940.94
395.454	925.94
395.678	981.94
395.903	976.94
396.127	969.94
396.352	957.94
396.576	949.94
396.801	927.94
397.025	921.94
397.249	992.94
397.474	985.94
397.698	984.94
397.922	981.94
398.147	987.94
398.371	1018.94
398.595	1031.94
398.82	1072.94
399.044	1152.94
399.268	1221.94
399.492	1378.94
399.717	1491.94
399.941	1497.94
400.165	1349.94
400.389	1318.94
400.613	1215.94
400.837	1112.94
401.062	1100.94
401.286	1098.94
401.51	1107.94
401.734	1124.94
401.958	1139.94
402.182	1168.94
402.406	1184.94
402.63	1188.94
402.854	1163.94
403.078	1151.94
403.302	1222.94
403.526	1225.94
403.75	1232.94
403.974	1251.94
404.198	1274.94
404.422	1299.94
404.645	1311.94
404.869	1342.94
405.093	1383.94
405.317	1458.94
405.541	1441.94
405.765	1389.94
405.988	1311.94
406.212	1342.94
406.436	1376.94
406.66	1370.94
406.883	1328.94
407.107	1363.94
407.331	1447.94
407.555	1538.94
407.778	1494.94
408.002	1401.94
408.226	1392.94
408.449	1347.94
408.673	1288.94
408.896	1270.94
409.12	1301.94
409.344	1282.94
409.567	1252.94
409.791	1252.94
410.014	1238.94
410.238	1251.94
410.461	1225.94
410.685	1241.94
410.908	1235.94
411.132	1254.94
411.355	1266.94
411.578	1239.94
411.802	1210.94
412.025	1230.94
412.249	1303.94
412.472	1369.94
412.695	1471.94
412.919	1417.94
413.142	1343.94
413.365	1314.94
413.589	1278.94
413.812	1217.94
414.035	1180.94
414.258	1212.94
414.482	1190.94
414.705	1172.94
414.928	1153.94
415.151	1185.94
415.374	1160.94
415.597	1149.94
415.821	1159.94
416.044	1165.94
416.267	1141.94
416.49	1145.94
416.713	1135.94
416.936	1130.94
417.159	1148.94
417.382	1155.94
417.605	1169.94
417.828	1235.94
418.051	1237.94
418.274	1178.94
418.497	1156.94
418.72	1165.94
418.943	1162.94
419.166	1229.94
419.389	1332.94
419.611	1333.94
419.834	1292.94
420.057	1307.94
420.28	1381.94
420.503	1393.94
420.726	1348.94
420.948	1273.94
421.171	1303.94
421.394	1285.94
421.617	1201.94
421.839	1211.94
422.062	1256.94
422.285	1179.94
422.507	1297.94
422.73	1326.94
422.953	1286.94
423.175	1270.94
423.398	1241.94
423.621	1255.94
423.843	1255.94
424.066	1276.94
424.288	1254.94
424.511	1287.94
424.733	1297.94
424.956	1329.94
425.178	1343.94
425.401	1329.94
425.623	1312.94
425.846	1201.94
426.068	1197.94
426.291	1161.94
426.513	1174.94
426.735	1163.94
426.958	1197.94
427.18	1266.94
427.402	1405.94
427.625	1557.94
427.847	1491.94
428.069	1489.94
428.292	1331.94
428.514	1186.94
428.736	1155.94
428.958	1129.94
429.181	1109.94
429.403	1105.94
429.625	1097.94
429.847	1102.94
430.069	1173.94
430.292	1172.94
430.514	1087.94
430.736	1083.94
430.958	1044.94
431.18	1112.94
431.402	1047.94
431.624	1047.94
431.846	1014.94
432.068	1051.94
432.29	1046.94
432.512	1052.94
432.734	1081.94
432.956	1071.94
433.178	1122.94
433.4	1117.94
433.622	1079.94
433.844	1053.94
434.066	1068.94
434.287	1047.94
434.509	1069.94
434.731	1133.94
434.953	1155.94
435.175	1166.94
435.397	1180.94
435.618	1155.94
435.84	1179.94
436.062	1249.94
436.284	1287.94
436.505	1212.94
436.727	1167.94
436.949	1120.94
437.17	1089.94
437.392	1100.94
437.614	1092.94
437.835	1099.94
438.057	1237.94
438.278	1321.94
438.5	1270.94
438.721	1371.94
438.943	1343.94
439.165	1194.94
439.386	1122.94
439.608	1142.94
439.829	1145.94
440.05	1214.94
440.272	1247.94
440.493	1205.94
440.715	1154.94
440.936	1126.94
441.158	1132.94
441.379	1141.94
441.6	1202.94
441.822	1241.94
442.043	1288.94
442.264	1361.94
442.486	1337.94
442.707	1227.94
442.928	1205.94
443.149	1259.94
443.371	1250.94
443.592	1289.94
443.813	1401.94
444.034	1443.94
444.255	1307.94
444.476	1297.94
444.698	1345.94
444.919	1326.94
445.14	1455.94
445.361	1319.94
445.582	1279.94
445.803	1354.94
446.024	1428.94
446.245	1407.94
446.466	1341.94
446.687	1201.94
446.908	1168.94
447.129	1091.94
447.35	1073.94
447.571	1108.94
447.792	1066.94
448.013	1094.94
448.234	1116.94
448.455	1146.94
448.675	1261.94
448.896	1331.94
449.117	1178.94
449.338	1153.94
449.559	1277.94
449.779	1376.94
450	1176.94
450.221	1091.94
450.442	1054.94
450.662	1054.94
450.883	1055.94
451.104	1129.94
451.324	1091.94
451.545	1049.94
451.766	1015.94
451.986	978.94
452.207	964.94
452.428	981.94
452.648	976.94
452.869	954.94
453.089	971.94
453.31	973.94
453.53	973.94
453.751	965.94
453.971	974.94
454.192	981.94
454.412	980.94
454.633	926.94
454.853	945.94
455.073	929.94
455.294	967.94
455.514	1031.94
455.734	986.94
455.955	897.94
456.175	881.94
456.395	909.94
456.616	867.94
456.836	909.94
457.056	885.94
457.276	902.94
457.497	869.94
457.717	909.94
457.937	925.94
458.157	923.94
458.377	940.94
458.598	984.94
458.818	1073.94
459.038	1197.94
459.258	1177.94
459.478	1080.94
459.698	1055.94
459.918	1079.94
460.138	1055.94
460.358	1097.94
460.578	1130.94
460.798	1147.94
461.018	1151.94
461.238	1149.94
461.458	1153.94
461.678	1098.94
461.898	1163.94
462.118	1150.94
462.338	1197.94
462.558	1207.94
462.777	1203.94
462.997	1327.94
463.217	1426.94
463.437	1421.94
463.657	1310.94
463.876	1287.94
464.096	1307.94
464.316	1257.94
464.536	1285.94
464.755	1259.94
464.975	1239.94
465.195	1319.94
465.414	1468.94
465.634	1258.94
465.854	1151.94
466.073	1120.94
466.293	1075.94
466.512	1045.94
466.732	1014.94
466.951	1057.94
467.171	1035.94
467.391	1069.94
467.61	1108.94
467.829	1167.94
468.049	1367.94
468.268	1901.94
468.488	1476.94
468.707	1177.94
468.927	1151.94
469.146	1110.94
469.365	1118.94
469.585	1115.94
469.804	1114.94
470.023	1145.94
470.243	1093.94
470.462	1118.94
470.681	1209.94
470.901	1189.94
471.12	1140.94
471.339	1143.94
471.558	1144.94
471.777	1170.94
471.997	1276.94
472.216	1788.94
472.435	3537.94
472.654	2703.94
472.873	1696.94
473.092	1411.94
473.311	1298.94
473.53	1219.94
473.749	1189.94
473.968	1182.94
474.187	1258.94
474.406	1233.94
474.625	1163.94
474.844	1111.94
475.063	1110.94
475.282	1065.94
475.501	1062.94
475.72	1085.94
475.939	1074.94
476.158	1092.94
476.377	1106.94
476.596	1083.94
476.814	1085.94
477.033	1109.94
477.252	1099.94
477.471	1151.94
477.69	1149.94
477.908	1150.94
478.127	1199.94
478.346	1163.94
478.564	1209.94
478.783	1231.94
479.002	1294.94
479.22	1294.94
479.439	1311.94
479.658	1342.94
479.876	1323.94
480.095	1347.94
480.313	1439.94
480.532	1511.94
480.751	1594.94
480.969	2078.94
481.188	4501.94
481.406	5991.94
481.624	2995.94
481.843	2166.94
482.061	1877.94
482.28	1683.94
482.498	1581.94
482.717	1478.94
482.935	1437.94
483.153	1412.94
483.372	1415.94
483.59	1397.94
483.808	1362.94
484.027	1325.94
484.245	1293.94
484.463	1332.94
484.681	1349.94
484.9	1291.94
485.118	1361.94
485.336	1277.94
485.554	1299.94
485.772	1325.94
485.99	1314.94
486.209	1334.94
486.427	1292.94
486.645	1329.94
486.863	1365.94
487.081	1385.94
487.299	1341.94
487.517	1347.94
487.735	1360.94
487.953	1355.94
488.171	1403.94
488.389	1381.94
488.607	1373.94
488.825	1332.94
489.043	1345.94
489.261	1364.94
489.479	1364.94
489.696	1381.94
489.914	1373.94
490.132	1403.94
490.35	1459.94
490.568	1443.94
490.786	1515.94
491.003	1560.94
491.221	1620.94
491.439	1626.94
491.657	1686.94
491.874	1723.94
492.092	1754.94
492.31	1802.94
492.527	1856.94
492.745	1803.94
492.963	1829.94
493.18	1824.94
493.398	1762.94
493.615	1821.94
493.833	1709.94
494.05	1725.94
494.268	1686.94
494.485	1637.94
494.703	1650.94
494.92	1645.94
495.138	1606.94
495.355	1623.94
495.573	1601.94
495.79	1593.94
496.008	1590.94
496.225	1557.94
496.442	1533.94
496.66	1599.94
496.877	1583.94
497.094	1571.94
497.312	1565.94
497.529	1604.94
497.746	1616.94
497.963	1605.94
498.181	1668.94
498.398	1713.94
498.615	1708.94
498.832	1806.94
499.049	1870.94
499.267	1956.94
499.484	2082.94
499.701	2250.94
499.918	2390.94
500.135	2641.94
500.352	2942.94
500.569	3069.94
500.786	3098.94
501.003	2875.94
501.22	2689.94
501.437	2387.94
501.654	2172.94
501.871	2071.94
502.088	1943.94
502.305	1875.94
502.522	1764.94
502.739	1721.94
502.956	1622.94
503.172	1589.94
503.389	1523.94
503.606	1543.94
503.823	1493.94
504.04	1473.94
504.256	1436.94
504.473	1455.94
504.69	1528.94
504.907	1460.94
505.123	1393.94
505.34	1371.94
505.557	1333.94
505.773	1299.94
505.99	1282.94
506.207	1270.94
506.423	1256.94
506.64	1239.94
506.856	1247.94
507.073	1223.94
507.289	1248.94
507.506	1226.94
507.722	1271.94
507.939	1271.94
508.155	1223.94
508.372	1173.94
508.588	1137.94
508.805	1139.94
509.021	1182.94
509.238	1165.94
509.454	1157.94
509.67	1163.94
509.887	1144.94
510.103	1153.94
510.319	1209.94
510.536	1464.94
510.752	2895.94
510.968	2032.94
511.184	1300.94
511.401	1189.94
511.617	1214.94
511.833	1249.94
512.049	1284.94
512.265	1257.94
512.481	1247.94
512.698	1226.94
512.914	1201.94
513.13	1163.94
513.346	1175.94
513.562	1173.94
513.778	1161.94
513.994	1175.94
514.21	1202.94
514.426	1221.94
514.642	1295.94
514.858	1325.94
515.074	1429.94
515.29	1765.94
515.506	2882.94
515.721	2209.94
515.937	1429.94
516.153	1294.94
516.369	1288.94
516.585	1264.94
516.801	1280.94
517.016	1242.94
517.232	1325.94
517.448	1351.94
517.664	1416.94
517.879	1375.94
518.095	1353.94
518.311	1362.94
518.527	1279.94
518.742	1270.94
518.958	1272.94
519.173	1243.94
519.389	1211.94
519.605	1185.94
519.82	1182.94
520.036	1202.94
520.251	1217.94
520.467	1250.94
520.682	1247.94
520.898	1287.94
521.113	1295.94
521.329	1352.94
521.544	1567.94
521.76	2049.94
521.975	3927.94
522.19	3568.94
522.406	1779.94
522.621	1330.94
522.836	1211.94
523.052	1149.94
523.267	1113.94
523.482	1096.94
523.698	1059.94
523.913	1087.94
524.128	1113.94
524.343	1067.94
524.559	1007.94
524.774	1027.94
524.989	1009.94
525.204	1051.94
525.419	1010.94
525.634	1002.94
525.849	993.94
526.064	977.94
526.28	973.94
526.495	944.94
526.71	946.94
526.925	920.94
527.14	921.94
527.355	917.94
527.57	922.94
527.785	948.94
527.999	925.94
528.214	964.94
528.429	975.94
528.644	972.94
528.859	980.94
529.074	994.94
529.289	1054.94
529.503	1204.94
529.718	1124.94
529.933	1003.94
530.148	945.94
530.363	940.94
530.577	937.94
530.792	945.94
531.007	918.94
531.221	934.94
531.436	910.94
531.651	933.94
531.865	876.94
532.08	931.94
532.295	919.94
532.509	913.94
532.724	916.94
532.938	910.94
533.153	907.94
533.367	916.94
533.582	925.94
533.796	930.94
534.011	927.94
534.225	903.94
534.44	893.94
534.654	885.94
534.868	889.94
535.083	903.94
535.297	875.94
535.511	914.94
535.726	899.94
535.94	901.94
536.154	883.94
536.369	867.94
536.583	877.94
536.797	834.94
537.011	837.94
537.225	840.94
537.44	825.94
537.654	831.94
537.868	821.94
538.082	857.94
538.296	844.94
538.51	818.94
538.724	843.94
538.938	838.94
539.153	880.94
539.367	882.94
539.581	871.94
539.795	841.94
540.009	829.94
540.222	823.94
540.436	846.94
540.65	854.94
540.864	854.94
541.078	898.94
541.292	905.94
541.506	894.94
541.72	914.94
541.934	953.94
542.147	959.94
542.361	891.94
542.575	900.94
542.789	855.94
543.002	845.94
543.216	828.94
543.43	854.94
543.644	854.94
543.857	870.94
544.071	865.94
544.285	897.94
544.498	862.94
544.712	898.94
544.925	900.94
545.139	915.94
545.352	908.94
545.566	902.94
545.779	911.94
545.993	943.94
546.206	919.94
546.42	909.94
546.633	930.94
546.847	916.94
547.06	919.94
547.274	928.94
547.487	905.94
547.7	921.94
547.914	915.94
548.127	907.94
548.34	916.94
548.554	901.94
548.767	927.94
548.98	910.94
549.193	898.94
549.407	864.94
549.62	893.94
549.833	913.94
550.046	922.94
550.259	908.94
550.473	889.94
550.686	893.94
550.899	869.94
551.112	873.94
551.325	874.94
551.538	853.94
551.751	828.94
551.964	843.94
552.177	865.94
552.39	868.94
552.603	898.94
552.816	907.94
553.029	932.94
553.242	937.94
553.455	974.94
553.667	961.94
553.88	965.94
554.093	937.94
554.306	903.94
554.519	892.94
554.732	899.94
554.944	870.94
555.157	869.94
555.37	853.94
555.583	845.94
555.795	846.94
556.008	775.94
556.221	813.94
556.433	790.94
556.646	797.94
556.859	774.94
557.071	804.94
557.284	776.94
557.496	797.94
557.709	776.94
557.921	740.94
558.134	795.94
558.346	775.94
558.559	768.94
558.771	746.94
558.984	737.94
559.196	725.94
559.409	717.94
559.621	749.94
559.833	750.94
560.046	759.94
560.258	742.94
560.47	766.94
560.683	766.94
560.895	734.94
561.107	741.94
561.32	706.94
561.532	721.94
561.744	717.94
561.956	729.94
562.168	743.94
562.381	735.94
562.593	735.94
562.805	728.94
563.017	698.94
563.229	733.94
563.441	712.94
563.653	712.94
563.865	740.94
564.077	733.94
564.289	732.94
564.501	703.94
564.713	746.94
564.925	765.94
565.137	777.94
565.349	785.94
565.561	777.94
565.773	794.94
565.985	840.94
566.197	845.94
566.408	875.94
566.62	933.94
566.832	972.94
567.044	1005.94
567.255	991.94
567.467	987.94
567.679	1054.94
567.891	1086.94
568.102	1084.94
568.314	1009.94
568.526	968.94
568.737	888.94
568.949	809.94
569.161	765.94
569.372	717.94
569.584	686.94
569.795	695.94
570.007	691.94
570.218	752.94
570.43	736.94
570.641	667.94
570.853	636.94
571.064	684.94
571.276	686.94
571.487	651.94
571.698	630.94
571.91	630.94
572.121	633.94
572.333	606.94
572.544	597.94
572.755	573.94
572.966	574.94
573.178	584.94
573.389	567.94
573.6	537.94
573.811	541.94
574.023	538.94
574.234	545.94
574.445	554.94
574.656	543.94
574.867	550.94
575.078	546.94
575.289	529.94
575.501	537.94
575.712	516.94
575.923	521.94
576.134	538.94
576.345	546.94
576.556	536.94
576.767	526.94
576.978	521.94
577.188	525.94
577.399	515.94
577.61	537.94
577.821	537.94
578.032	529.94
578.243	594.94
578.454	1085.94
578.665	685.94
578.875	525.94
579.086	512.94
579.297	493.94
579.508	489.94
579.718	474.94
579.929	486.94
580.14	495.94
580.35	472.94
580.561	493.94
580.772	481.94
580.982	467.94
581.193	467.94
581.403	479.94
581.614	462.94
581.825	477.94
582.035	453.94
582.246	457.94
582.456	482.94
582.667	457.94
582.877	446.94
583.087	444.94
583.298	457.94
583.508	426.94
583.719	454.94
583.929	462.94
584.139	454.94
584.35	474.94
584.56	443.94
584.77	445.94
584.981	454.94
585.191	458.94
585.401	449.94
585.611	426.94
585.821	444.94
586.032	431.94
586.242	453.94
586.452	423.94
586.662	452.94
586.872	441.94
587.082	432.94
587.292	427.94
587.502	429.94
587.713	447.94
587.923	432.94
588.133	423.94
588.343	430.94
588.553	429.94
588.762	452.94
588.972	444.94
589.182	448.94
589.392	448.94
589.602	453.94
589.812	449.94
590.022	442.94
590.232	443.94
590.441	447.94
590.651	422.94
590.861	426.94
591.071	446.94
591.281	444.94
591.49	456.94
591.7	442.94
591.91	450.94
592.119	444.94
592.329	481.94
592.539	477.94
592.748	476.94
592.958	495.94
593.167	507.94
593.377	479.94
593.587	539.94
593.796	514.94
594.006	514.94
594.215	525.94
594.424	540.94
594.634	509.94
594.843	503.94
595.053	487.94
595.262	501.94
595.472	447.94
595.681	439.94
595.89	441.94
596.1	415.94
596.309	435.94
596.518	417.94
596.727	439.94
596.937	435.94
597.146	422.94
597.355	420.94
597.564	413.94
597.774	391.94
597.983	396.94
598.192	389.94
598.401	385.94
598.61	403.94
598.819	384.94
599.028	399.94
599.237	401.94
599.446	396.94
599.655	381.94
599.864	384.94
600.073	376.94
600.282	391.94
600.491	384.94
600.7	372.94
600.909	384.94
601.118	387.94
601.327	419.94
601.536	414.94
601.745	405.94
601.953	434.94
602.162	415.94
602.371	417.94
602.58	412.94
602.789	412.94
602.997	406.94
603.206	401.94
603.415	408.94
603.623	378.94
603.832	390.94
604.041	385.94
604.249	372.94
604.458	380.94
604.666	361.94
604.875	379.94
605.084	388.94
605.292	397.94
605.501	402.94
605.709	394.94
605.918	396.94
606.126	418.94
606.334	401.94
606.543	406.94
606.751	377.94
606.96	407.94
607.168	412.94
607.376	400.94
607.585	387.94
607.793	414.94
608.001	401.94
608.21	397.94
608.418	422.94
608.626	416.94
608.834	400.94
609.043	385.94
609.251	395.94
609.459	426.94
609.667	405.94
609.875	402.94
610.083	409.94
610.291	392.94
610.499	422.94
610.707	391.94
610.916	399.94
611.124	410.94
611.332	393.94
611.54	412.94
611.748	387.94
611.955	397.94
612.163	410.94
612.371	388.94
612.579	401.94
612.787	403.94
612.995	394.94
613.203	396.94
613.411	389.94
613.618	382.94
613.826	387.94
614.034	390.94
614.242	402.94
614.449	373.94
614.657	386.94
614.865	369.94
615.072	382.94
615.28	379.94
615.488	384.94
615.695	381.94
615.903	398.94
616.111	387.94
616.318	393.94
616.526	413.94
616.733	407.94
616.941	381.94
617.148	370.94
617.356	387.94
617.563	394.94
617.771	375.94
617.978	369.94
618.185	392.94
618.393	381.94
618.6	367.94
618.807	378.94
619.015	356.94
619.222	382.94
619.429	369.94
619.637	347.94
619.844	338.94
620.051	342.94
620.258	351.94
620.466	353.94
620.673	356.94
620.88	349.94
621.087	353.94
621.294	357.94
621.501	338.94
621.708	337.94
621.915	356.94
622.122	355.94
622.329	330.94
622.536	339.94
622.743	346.94
622.95	341.94
623.157	357.94
623.364	353.94
623.571	330.94
623.778	335.94
623.985	339.94
624.192	349.94
624.399	329.94
624.606	337.94
624.812	346.94
625.019	331.94
625.226	332.94
625.433	311.94
625.639	303.94
625.846	313.94
626.053	294.94
626.259	293.94
626.466	291.94
626.673	286.94
626.879	303.94
627.086	300.94
627.293	314.94
627.499	320.94
627.706	299.94
627.912	323.94
628.119	334.94
628.325	323.94
628.532	321.94
628.738	310.94
628.945	307.94
629.151	290.94
629.357	301.94
629.564	292.94
629.77	289.94
629.976	280.94
630.183	309.94
630.389	305.94
630.595	301.94
630.802	298.94
631.008	298.94
631.214	274.94
631.42	281.94
631.627	284.94
631.833	294.94
632.039	290.94
632.245	298.94
632.451	292.94
632.657	281.94
632.863	266.94
633.069	261.94
633.275	295.94
633.481	280.94
633.688	279.94
633.893	278.94
634.099	287.94
634.305	282.94
634.511	269.94
634.717	274.94
634.923	280.94
635.129	272.94
635.335	287.94
635.541	290.94
635.747	293.94
635.952	298.94
636.158	325.94
636.364	421.94
636.57	520.94
636.775	401.94
636.981	363.94
637.187	333.94
637.392	324.94
637.598	330.94
637.804	286.94
638.009	303.94
638.215	305.94
638.421	278.94
638.626	299.94
638.832	306.94
639.037	290.94
639.243	258.94
639.448	261.94
639.654	265.94
639.859	255.94
640.065	254.94
640.27	265.94
640.475	277.94
640.681	254.94
640.886	262.94
641.091	267.94
641.297	273.94
641.502	270.94
641.707	285.94
641.913	259.94
642.118	267.94
642.323	240.94
642.528	259.94
642.733	243.94
642.939	254.94
643.144	238.94
643.349	252.94
643.554	245.94
643.759	221.94
643.964	247.94
644.169	226.94
644.374	224.94
644.579	239.94
644.784	241.94
644.989	257.94
645.194	245.94
645.399	222.94
645.604	247.94
645.809	252.94
646.014	268.94
646.219	245.94
646.423	257.94
646.628	236.94
646.833	259.94
647.038	246.94
647.243	245.94
647.447	241.94
647.652	258.94
647.857	256.94
648.062	269.94
648.266	259.94
648.471	274.94
648.676	263.94
648.88	260.94
649.085	261.94
649.289	243.94
649.494	261.94
649.698	277.94
649.903	271.94
650.107	266.94
650.312	237.94
650.516	231.94
650.721	230.94
650.925	223.94
651.13	226.94
651.334	227.94
651.539	217.94
651.743	207.94
651.947	213.94
652.152	205.94
652.356	210.94
652.56	202.94
652.764	218.94
652.969	194.94
653.173	209.94
653.377	198.94
653.581	189.94
653.785	177.94
653.99	199.94
654.194	179.94
654.398	172.94
654.602	166.94
654.806	183.94
655.01	188.94
655.214	184.94
655.418	169.94
655.622	203.94
655.826	171.94
656.03	173.94
656.234	177.94
656.438	196.94
656.642	169.94
656.846	177.94
657.049	164.94
657.253	163.94
657.457	141.94
657.661	153.94
657.865	147.94
658.068	157.94
658.272	134.94
658.476	129.94
658.68	124.94
658.883	115.94
659.087	121.94
659.291	127.94
659.494	130.94
659.698	113.94
659.901	104.94
660.105	118.94
660.309	100.94
660.512	101.94
660.716	107.94
660.919	101.94
661.123	107.94
661.326	102.94
661.53	84.94
661.733	91.94
661.936	105.94
662.14	95.94
662.343	93.94
662.546	106.94
662.75	91.94
662.953	89.94
663.156	88.94
663.36	89.94
663.563	73.94
663.766	86.94
663.969	75.94
664.173	85.94
664.376	93.94
664.579	89.94
664.782	90.94
664.985	78.94
665.188	88.94
665.391	81.94
665.594	87.94
665.797	94.94
666	75.94
666.203	70.94
666.406	87.94
666.609	90.94
666.812	77.94
667.015	85.94
667.218	93.94
667.421	76.94
667.624	80.94
667.827	85.94
668.03	97.94
668.232	90.94
668.435	87.94
668.638	87.94
668.841	100.94
669.043	85.94
669.246	81.94
669.449	81.94
669.651	81.94
669.854	81.94
670.057	81.94
670.259	81.94
670.462	90.94
670.665	78.94
670.867	70.94
671.07	69.94
671.272	70.94
671.475	89.94
671.677	73.94
671.88	77.94
672.082	78.94
672.284	72.94
672.487	81.94
672.689	85.94
672.892	77.94
