223.165	-14.06
223.4	-14.06
223.635	-14.06
223.869	-16.06
224.104	-24.06
224.338	-18.06
224.573	-6.06
224.808	-21.06
225.042	-16.06
225.277	-8.06
225.511	-4.06
225.746	2.94
225.98	15.94
226.215	10.94
226.449	17.94
226.683	37.94
226.918	17.94
227.152	23.94
227.387	33.94
227.621	21.94
227.856	36.94
228.09	45.94
228.324	60.94
228.559	60.94
228.793	65.94
229.027	130.94
229.262	149.94
229.496	143.94
229.73	166.94
229.964	178.94
230.199	145.94
230.433	144.94
230.667	137.94
230.901	134.94
231.136	142.94
231.37	151.94
231.604	141.94
231.838	152.94
232.072	140.94
232.306	146.94
232.541	145.94
232.775	143.94
233.009	137.94
233.243	145.94
233.477	139.94
233.711	140.94
233.945	159.94
234.179	123.94
234.413	131.94
234.647	129.94
234.881	149.94
235.115	139.94
235.349	148.94
235.583	146.94
235.817	140.94
236.051	143.94
236.285	165.94
236.519	147.94
236.753	157.94
236.987	184.94
237.221	185.94
237.455	254.94
237.689	218.94
237.922	166.94
238.156	165.94
238.39	179.94
238.624	171.94
238.858	161.94
239.091	148.94
239.325	172.94
239.559	155.94
239.793	170.94
240.027	161.94
240.26	201.94
240.494	196.94
240.728	156.94
240.961	189.94
241.195	175.94
241.429	167.94
241.662	173.94
241.896	184.94
242.13	187.94
242.363	173.94
242.597	186.94
242.83	186.94
243.064	201.94
243.298	204.94
243.531	185.94
243.765	186.94
243.998	190.94
244.232	203.94
244.465	213.94
244.699	195.94
244.932	193.94
245.166	204.94
245.399	193.94
245.633	212.94
245.866	198.94
246.099	219.94
246.333	213.94
246.566	214.94
246.8	206.94
247.033	228.94
247.266	222.94
247.5	233.94
247.733	224.94
247.966	225.94
248.2	236.94
248.433	210.94
248.666	227.94
248.899	249.94
249.133	240.94
249.366	271.94
249.599	275.94
249.832	286.94
250.066	279.94
250.299	339.94
250.532	400.94
250.765	431.94
250.998	394.94
251.231	340.94
251.465	321.94
251.698	306.94
251.931	314.94
252.164	289.94
252.397	285.94
252.63	275.94
252.863	301.94
253.096	303.94
253.329	315.94
253.562	294.94
253.795	295.94
254.028	293.94
254.261	288.94
254.494	304.94
254.727	322.94
254.96	337.94
255.193	352.94
255.426	359.94
255.659	393.94
255.892	490.94
256.124	637.94
256.357	654.94
256.59	535.94
256.823	453.94
257.056	423.94
257.289	373.94
257.521	353.94
257.754	355.94
257.987	327.94
258.22	347.94
258.452	316.94
258.685	337.94
258.918	329.94
259.151	311.94
259.383	306.94
259.616	329.94
259.849	315.94
260.081	318.94
260.314	330.94
260.547	315.94
260.779	321.94
261.012	306.94
261.244	319.94
261.477	321.94
261.71	322.94
261.942	328.94
262.175	331.94
262.407	333.94
262.64	306.94
262.872	298.94
263.105	288.94
263.337	306.94
263.57	293.94
263.802	301.94
264.035	301.94
264.267	311.94
264.499	319.94
264.732	298.94
264.964	285.94
265.197	299.94
265.429	310.94
265.661	313.94
265.894	301.94
266.126	328.94
266.358	293.94
266.591	312.94
266.823	342.94
267.055	340.94
267.287	324.94
267.52	323.94
267.752	305.94
267.984	290.94
268.216	327.94
268.448	325.94
268.681	335.94
268.913	340.94
269.145	331.94
269.377	338.94
269.609	327.94
269.841	340.94
270.073	340.94
270.306	359.94
270.538	365.94
270.77	360.94
271.002	363.94
271.234	369.94
271.466	350.94
271.698	385.94
271.93	374.94
272.162	375.94
272.394	393.94
272.626	362.94
272.858	370.94
273.09	362.94
273.322	390.94
273.553	369.94
273.785	360.94
274.017	356.94
274.249	377.94
274.481	358.94
274.713	357.94
274.945	403.94
275.176	402.94
275.408	385.94
275.64	385.94
275.872	403.94
276.104	404.94
276.335	392.94
276.567	425.94
276.799	438.94
277.031	464.94
277.262	505.94
277.494	497.94
277.726	453.94
277.957	446.94
278.189	429.94
278.421	405.94
278.652	396.94
278.884	426.94
279.115	413.94
279.347	413.94
279.579	404.94
279.81	451.94
280.042	480.94
280.273	501.94
280.505	523.94
280.736	458.94
280.968	419.94
281.199	422.94
281.431	408.94
281.662	417.94
281.894	412.94
282.125	414.94
282.356	451.94
282.588	479.94
282.819	446.94
283.051	406.94
283.282	406.94
283.513	404.94
283.745	419.94
283.976	391.94
284.207	405.94
284.439	408.94
284.67	405.94
284.901	415.94
285.132	415.94
285.364	429.94
285.595	413.94
285.826	424.94
286.057	432.94
286.288	420.94
286.52	422.94
286.751	405.94
286.982	439.94
287.213	438.94
287.444	430.94
287.675	419.94
287.906	426.94
288.138	422.94
288.369	422.94
288.6	421.94
288.831	410.94
289.062	433.94
289.293	434.94
289.524	403.94
289.755	438.94
289.986	425.94
290.217	422.94
290.448	435.94
290.679	437.94
290.91	439.94
291.141	414.94
291.371	423.94
291.602	434.94
291.833	435.94
292.064	415.94
292.295	425.94
292.526	422.94
292.757	426.94
292.987	423.94
293.218	431.94
293.449	415.94
293.68	401.94
293.91	433.94
294.141	425.94
294.372	440.94
294.603	445.94
294.833	416.94
295.064	430.94
295.295	447.94
295.525	441.94
295.756	414.94
295.987	449.94
296.217	481.94
296.448	502.94
296.679	461.94
296.909	449.94
297.14	432.94
297.37	444.94
297.601	434.94
297.831	439.94
298.062	446.94
298.292	451.94
298.523	455.94
298.753	443.94
298.984	444.94
299.214	461.94
299.445	462.94
299.675	466.94
299.905	470.94
300.136	475.94
300.366	445.94
300.597	463.94
300.827	481.94
301.057	479.94
301.288	499.94
301.518	490.94
301.748	507.94
301.979	500.94
302.209	485.94
302.439	486.94
302.669	490.94
302.9	509.94
303.13	506.94
303.36	491.94
303.59	520.94
303.82	529.94
304.051	552.94
304.281	514.94
304.511	520.94
304.741	508.94
304.971	507.94
305.201	479.94
305.431	476.94
305.661	497.94
305.891	474.94
306.121	478.94
306.352	527.94
306.582	517.94
306.812	494.94
307.042	507.94
307.272	562.94
307.502	569.94
307.731	577.94
307.961	582.94
308.191	525.94
308.421	493.94
308.651	513.94
308.881	515.94
309.111	517.94
309.341	529.94
309.571	543.94
309.8	519.94
310.03	550.94
310.26	578.94
310.49	574.94
310.72	583.94
310.949	578.94
311.179	566.94
311.409	563.94
311.639	567.94
311.868	571.94
312.098	566.94
312.328	569.94
312.557	598.94
312.787	646.94
313.017	604.94
313.246	585.94
313.476	562.94
313.706	577.94
313.935	577.94
314.165	606.94
314.394	609.94
314.624	596.94
314.853	575.94
315.083	575.94
315.312	573.94
315.542	570.94
315.771	584.94
316.001	573.94
316.23	595.94
316.46	569.94
316.689	568.94
316.919	552.94
317.148	587.94
317.377	604.94
317.607	596.94
317.836	586.94
318.065	579.94
318.295	569.94
318.524	579.94
318.753	583.94
318.983	584.94
319.212	607.94
319.441	593.94
319.67	624.94
319.9	618.94
320.129	599.94
320.358	615.94
320.587	592.94
320.816	602.94
321.046	638.94
321.275	629.94
321.504	610.94
321.733	635.94
321.962	658.94
322.191	668.94
322.42	648.94
322.649	721.94
322.878	715.94
323.108	735.94
323.337	782.94
323.566	801.94
323.795	859.94
324.024	911.94
324.253	1100.94
324.482	1573.94
324.71	2515.94
324.939	3563.94
325.168	2803.94
325.397	1473.94
325.626	1080.94
325.855	961.94
326.084	884.94
326.313	877.94
326.542	893.94
326.77	972.94
326.999	1125.94
327.228	1611.94
327.457	2434.94
327.686	2871.94
327.914	1967.94
328.143	1698.94
328.372	1807.94
328.6	1624.94
328.829	1273.94
329.058	1192.94
329.287	1230.94
329.515	1226.94
329.744	1365.94
329.972	1717.94
330.201	2277.94
330.43	2927.94
330.658	2378.94
330.887	1605.94
331.115	1325.94
331.344	1091.94
331.572	1045.94
331.801	1061.94
332.03	1038.94
332.258	1035.94
332.486	1025.94
332.715	1027.94
332.943	1058.94
333.172	1137.94
333.4	1216.94
333.629	1322.94
333.857	1511.94
334.085	1864.94
334.314	2600.94
334.542	3552.94
334.771	3878.94
334.999	2361.94
335.227	1553.94
335.455	1255.94
335.684	1147.94
335.912	1050.94
336.14	983.94
336.369	977.94
336.597	947.94
336.825	953.94
337.053	882.94
337.281	870.94
337.51	851.94
337.738	842.94
337.966	807.94
338.194	813.94
338.422	785.94
338.65	779.94
338.878	801.94
339.106	732.94
339.334	723.94
339.562	738.94
339.79	713.94
340.018	714.94
340.246	740.94
340.474	753.94
340.702	745.94
340.93	715.94
341.158	731.94
341.386	712.94
341.614	703.94
341.842	712.94
342.07	709.94
342.298	703.94
342.526	726.94
342.754	721.94
342.981	693.94
343.209	709.94
343.437	713.94
343.665	702.94
343.893	782.94
344.12	798.94
344.348	736.94
344.576	733.94
344.804	727.94
345.031	765.94
345.259	725.94
345.487	746.94
345.714	731.94
345.942	709.94
346.17	670.94
346.397	685.94
346.625	686.94
346.853	710.94
347.08	699.94
347.308	697.94
347.535	688.94
347.763	732.94
347.99	712.94
348.218	722.94
348.445	719.94
348.673	711.94
348.9	699.94
349.128	681.94
349.355	666.94
349.583	677.94
349.81	671.94
350.037	663.94
350.265	654.94
350.492	663.94
350.72	681.94
350.947	702.94
351.174	695.94
351.402	697.94
351.629	699.94
351.856	686.94
352.083	723.94
352.311	719.94
352.538	709.94
352.765	713.94
352.992	722.94
353.22	692.94
353.447	700.94
353.674	692.94
353.901	651.94
354.128	670.94
354.355	665.94
354.583	668.94
354.81	678.94
355.037	657.94
355.264	650.94
355.491	651.94
355.718	649.94
355.945	657.94
356.172	643.94
356.399	682.94
356.626	659.94
356.853	672.94
357.08	665.94
357.307	639.94
357.534	637.94
357.761	670.94
357.988	676.94
358.215	680.94
358.441	695.94
358.668	669.94
358.895	661.94
359.122	683.94
359.349	678.94
359.576	704.94
359.802	756.94
360.029	790.94
360.256	810.94
360.483	752.94
360.709	698.94
360.936	722.94
361.163	695.94
361.39	706.94
361.616	707.94
361.843	706.94
362.07	719.94
362.296	710.94
362.523	729.94
362.749	703.94
362.976	704.94
363.203	686.94
363.429	713.94
363.656	701.94
363.882	689.94
364.109	690.94
364.335	700.94
364.562	700.94
364.788	692.94
365.015	705.94
365.241	704.94
365.468	706.94
365.694	689.94
365.92	715.94
366.147	711.94
366.373	701.94
366.599	717.94
366.826	696.94
367.052	690.94
367.278	675.94
367.505	667.94
367.731	725.94
367.957	695.94
368.184	701.94
368.41	686.94
368.636	724.94
368.862	704.94
369.089	720.94
369.315	737.94
369.541	712.94
369.767	731.94
369.993	724.94
370.219	740.94
370.445	725.94
370.672	711.94
370.898	731.94
371.124	695.94
371.35	708.94
371.576	729.94
371.802	740.94
372.028	735.94
372.254	720.94
372.48	743.94
372.706	736.94
372.932	739.94
373.158	726.94
373.384	738.94
373.61	707.94
373.835	729.94
374.061	719.94
374.287	726.94
374.513	735.94
374.739	792.94
374.965	775.94
375.191	768.94
375.416	792.94
375.642	761.94
375.868	771.94
376.094	737.94
376.319	743.94
376.545	714.94
376.771	741.94
376.997	727.94
377.222	719.94
377.448	730.94
377.674	701.94
377.899	711.94
378.125	730.94
378.35	717.94
378.576	721.94
378.802	710.94
379.027	701.94
379.253	727.94
379.478	708.94
379.704	702.94
379.929	731.94
380.155	712.94
380.38	734.94
380.606	738.94
380.831	724.94
381.057	711.94
381.282	722.94
381.507	754.94
381.733	746.94
381.958	734.94
382.184	725.94
382.409	742.94
382.634	778.94
382.86	769.94
383.085	783.94
383.31	776.94
383.535	773.94
383.761	792.94
383.986	783.94
384.211	799.94
384.436	815.94
384.662	852.94
384.887	851.94
385.112	814.94
385.337	856.94
385.562	837.94
385.787	831.94
386.013	871.94
386.238	871.94
386.463	878.94
386.688	873.94
386.913	841.94
387.138	841.94
387.363	832.94
387.588	818.94
387.813	839.94
388.038	829.94
388.263	849.94
388.488	869.94
388.713	824.94
388.938	837.94
389.163	833.94
389.387	829.94
389.612	830.94
389.837	830.94
390.062	830.94
390.287	866.94
390.512	822.94
390.736	851.94
390.961	860.94
391.186	853.94
391.411	890.94
391.636	917.94
391.86	895.94
392.085	943.94
392.31	913.94
392.534	895.94
392.759	909.94
392.984	895.94
393.208	893.94
393.433	879.94
393.658	904.94
393.882	891.94
394.107	898.94
394.331	919.94
394.556	901.94
394.78	924.94
395.005	902.94
395.229	914.94
395.454	914.94
395.678	958.94
395.903	961.94
396.127	944.94
396.352	951.94
396.576	907.94
396.801	906.94
397.025	906.94
397.249	942.94
397.474	962.94
397.698	965.94
397.922	983.94
398.147	1004.94
398.371	1003.94
398.595	987.94
398.82	1039.94
399.044	1079.94
399.268	1180.94
399.492	1305.94
399.717	1433.94
399.941	1459.94
400.165	1347.94
400.389	1242.94
400.613	1201.94
400.837	1113.94
401.062	1099.94
401.286	1091.94
401.51	1074.94
401.734	1047.94
401.958	1099.94
402.182	1099.94
402.406	1146.94
402.63	1161.94
402.854	1142.94
403.078	1149.94
403.302	1148.94
403.526	1191.94
403.75	1228.94
403.974	1248.94
404.198	1234.94
404.422	1280.94
404.645	1281.94
404.869	1296.94
405.093	1352.94
405.317	1431.94
405.541	1420.94
405.765	1365.94
405.988	1339.94
406.212	1319.94
406.436	1339.94
406.66	1380.94
406.883	1313.94
407.107	1356.94
407.331	1402.94
407.555	1471.94
407.778	1481.94
408.002	1416.94
408.226	1299.94
408.449	1304.94
408.673	1284.94
408.896	1283.94
409.12	1298.94
409.344	1272.94
409.567	1210.94
409.791	1249.94
410.014	1230.94
410.238	1239.94
410.461	1241.94
410.685	1227.94
410.908	1246.94
411.132	1238.94
411.355	1233.94
411.578	1244.94
411.802	1209.94
412.025	1224.94
412.249	1298.94
412.472	1323.94
412.695	1423.94
412.919	1368.94
413.142	1327.94
413.365	1308.94
413.589	1296.94
413.812	1210.94
414.035	1191.94
414.258	1173.94
414.482	1179.94
414.705	1167.94
414.928	1158.94
415.151	1139.94
415.374	1153.94
415.597	1158.94
415.821	1143.94
416.044	1120.94
416.267	1138.94
416.49	1118.94
416.713	1088.94
416.936	1141.94
417.159	1108.94
417.382	1162.94
417.605	1153.94
417.828	1218.94
418.051	1212.94
418.274	1199.94
418.497	1161.94
418.72	1153.94
418.943	1130.94
419.166	1215.94
419.389	1301.94
419.611	1280.94
419.834	1289.94
420.057	1269.94
420.28	1327.94
420.503	1343.94
420.726	1292.94
420.948	1301.94
421.171	1292.94
421.394	1249.94
421.617	1193.94
421.839	1206.94
422.062	1206.94
422.285	1195.94
422.507	1260.94
422.73	1298.94
422.953	1271.94
423.175	1184.94
423.398	1199.94
423.621	1201.94
423.843	1217.94
424.066	1225.94
424.288	1222.94
424.511	1252.94
424.733	1275.94
424.956	1351.94
425.178	1306.94
425.401	1249.94
425.623	1319.94
425.846	1179.94
426.068	1153.94
426.291	1171.94
426.513	1151.94
426.735	1122.94
426.958	1185.94
427.18	1249.94
427.402	1383.94
427.625	1548.94
427.847	1498.94
428.069	1447.94
428.292	1329.94
428.514	1180.94
428.736	1117.94
428.958	1121.94
429.181	1108.94
429.403	1080.94
429.625	1097.94
429.847	1125.94
430.069	1158.94
430.292	1125.94
430.514	1089.94
430.736	1106.94
430.958	1048.94
431.18	1048.94
431.402	1073.94
431.624	989.94
431.846	1039.94
432.068	1039.94
432.29	1034.94
432.512	1004.94
432.734	1051.94
432.956	1009.94
433.178	1077.94
433.4	1099.94
433.622	1079.94
433.844	1066.94
434.066	1055.94
434.287	1024.94
434.509	1046.94
434.731	1057.94
434.953	1131.94
435.175	1152.94
435.397	1158.94
435.618	1113.94
435.84	1165.94
436.062	1226.94
436.284	1267.94
436.505	1146.94
436.727	1149.94
436.949	1081.94
437.17	1071.94
437.392	1064.94
437.614	1053.94
437.835	1084.94
438.057	1203.94
438.278	1266.94
438.5	1270.94
438.721	1360.94
438.943	1289.94
439.165	1171.94
439.386	1119.94
439.608	1135.94
439.829	1157.94
440.05	1180.94
440.272	1242.94
440.493	1215.94
440.715	1140.94
440.936	1106.94
441.158	1116.94
441.379	1126.94
441.6	1172.94
441.822	1233.94
442.043	1258.94
442.264	1316.94
442.486	1295.94
442.707	1230.94
442.928	1186.94
443.149	1218.94
443.371	1262.94
443.592	1292.94
443.813	1365.94
444.034	1417.94
444.255	1315.94
444.476	1263.94
444.698	1313.94
444.919	1320.94
445.14	1397.94
445.361	1297.94
445.582	1282.94
445.803	1320.94
446.024	1391.94
446.245	1389.94
446.466	1294.94
446.687	1196.94
446.908	1141.94
447.129	1099.94
447.35	1073.94
447.571	1065.94
447.792	1047.94
448.013	1064.94
448.234	1083.94
448.455	1130.94
448.675	1217.94
448.896	1318.94
449.117	1175.94
449.338	1162.94
449.559	1282.94
449.779	1338.94
450	1181.94
450.221	1096.94
450.442	1029.94
450.662	1053.94
450.883	1074.94
451.104	1117.94
451.324	1081.94
451.545	1045.94
451.766	982.94
451.986	993.94
452.207	975.94
452.428	992.94
452.648	952.94
452.869	963.94
453.089	947.94
453.31	982.94
453.53	969.94
453.751	946.94
453.971	939.94
454.192	985.94
454.412	957.94
454.633	967.94
454.853	945.94
455.073	927.94
455.294	988.94
455.514	1035.94
455.734	961.94
455.955	916.94
456.175	899.94
456.395	883.94
456.616	919.94
456.836	908.94
457.056	907.94
457.276	879.94
457.497	891.94
457.717	864.94
457.937	890.94
458.157	901.94
458.377	913.94
458.598	978.94
458.818	1058.94
459.038	1209.94
459.258	1146.94
459.478	1063.94
459.698	1024.94
459.918	1055.94
460.138	1043.94
460.358	1085.94
460.578	1101.94
460.798	1156.94
461.018	1149.94
461.238	1135.94
461.458	1092.94
461.678	1133.94
461.898	1113.94
462.118	1101.94
462.338	1169.94
462.558	1178.94
462.777	1227.94
462.997	1291.94
463.217	1409.94
463.437	1401.94
463.657	1320.94
463.876	1245.94
464.096	1250.94
464.316	1248.94
464.536	1316.94
464.755	1293.94
464.975	1257.94
465.195	1310.94
465.414	1403.94
465.634	1223.94
465.854	1129.94
466.073	1055.94
466.293	1055.94
466.512	1050.94
466.732	1026.94
466.951	1050.94
467.171	1040.94
467.391	1061.94
467.61	1114.94
467.829	1189.94
468.049	1416.94
468.268	2033.94
468.488	1553.94
468.707	1257.94
468.927	1145.94
469.146	1115.94
469.365	1082.94
469.585	1075.94
469.804	1077.94
470.023	1124.94
470.243	1110.94
470.462	1118.94
470.681	1147.94
470.901	1151.94
471.12	1111.94
471.339	1129.94
471.558	1154.94
471.777	1163.94
471.997	1278.94
472.216	1878.94
472.435	3736.94
472.654	2858.94
472.873	1770.94
473.092	1449.94
473.311	1303.94
473.53	1242.94
473.749	1220.94
473.968	1201.94
474.187	1248.94
474.406	1240.94
474.625	1132.94
474.844	1104.94
475.063	1091.94
475.282	1098.94
475.501	1058.94
475.72	1051.94
475.939	1071.94
476.158	1046.94
476.377	1065.94
476.596	1082.94
476.814	1064.94
477.033	1110.94
477.252	1094.94
477.471	1146.94
477.69	1160.94
477.908	1172.94
478.127	1213.94
478.346	1182.94
478.564	1221.94
478.783	1245.94
479.002	1251.94
479.22	1242.94
479.439	1265.94
479.658	1295.94
479.876	1325.94
480.095	1371.94
480.313	1442.94
480.532	1497.94
480.751	1688.94
480.969	2153.94
481.188	4798.94
481.406	6364.94
481.624	3153.94
481.843	2250.94
482.061	1872.94
482.28	1733.94
482.498	1598.94
482.717	1484.94
482.935	1465.94
483.153	1419.94
483.372	1417.94
483.59	1398.94
483.808	1345.94
484.027	1319.94
484.245	1318.94
484.463	1301.94
484.681	1337.94
484.9	1312.94
485.118	1323.94
485.336	1313.94
485.554	1310.94
485.772	1298.94
485.99	1306.94
486.209	1288.94
486.427	1299.94
486.645	1342.94
486.863	1401.94
487.081	1397.94
487.299	1362.94
487.517	1335.94
487.735	1373.94
487.953	1375.94
488.171	1364.94
488.389	1349.94
488.607	1365.94
488.825	1300.94
489.043	1338.94
489.261	1327.94
489.479	1354.94
489.696	1389.94
489.914	1383.94
490.132	1397.94
490.35	1423.94
490.568	1472.94
490.786	1494.94
491.003	1581.94
491.221	1647.94
491.439	1652.94
491.657	1652.94
491.874	1728.94
492.092	1753.94
492.31	1804.94
492.527	1821.94
492.745	1838.94
492.963	1751.94
493.18	1773.94
493.398	1760.94
493.615	1779.94
493.833	1749.94
494.05	1681.94
494.268	1685.94
494.485	1691.94
494.703	1662.94
494.92	1624.94
495.138	1587.94
495.355	1615.94
495.573	1555.94
495.79	1560.94
496.008	1547.94
496.225	1561.94
496.442	1520.94
496.66	1560.94
496.877	1549.94
497.094	1551.94
497.312	1540.94
497.529	1549.94
497.746	1585.94
497.963	1596.94
498.181	1621.94
498.398	1633.94
498.615	1675.94
498.832	1769.94
499.049	1822.94
499.267	1925.94
499.484	2049.94
499.701	2185.94
499.918	2372.94
500.135	2597.94
500.352	2816.94
500.569	2959.94
500.786	2953.94
501.003	2772.94
501.22	2577.94
501.437	2340.94
501.654	2143.94
501.871	2035.94
502.088	1955.94
502.305	1780.94
502.522	1707.94
502.739	1683.94
502.956	1582.94
503.172	1545.94
503.389	1508.94
503.606	1501.94
503.823	1469.94
504.04	1433.94
504.256	1429.94
504.473	1430.94
504.69	1496.94
504.907	1442.94
505.123	1406.94
505.34	1346.94
505.557	1285.94
505.773	1299.94
505.99	1298.94
506.207	1282.94
506.423	1257.94
506.64	1220.94
506.856	1201.94
507.073	1202.94
507.289	1199.94
507.506	1181.94
507.722	1245.94
507.939	1259.94
508.155	1227.94
508.372	1185.94
508.588	1180.94
508.805	1144.94
509.021	1185.94
509.238	1163.94
509.454	1169.94
509.67	1134.94
509.887	1138.94
510.103	1137.94
510.319	1176.94
510.536	1482.94
510.752	2841.94
510.968	2012.94
511.184	1257.94
511.401	1166.94
511.617	1149.94
511.833	1255.94
512.049	1284.94
512.265	1229.94
512.481	1211.94
512.698	1192.94
512.914	1177.94
513.13	1148.94
513.346	1149.94
513.562	1158.94
513.778	1130.94
513.994	1169.94
514.21	1193.94
514.426	1179.94
514.642	1305.94
514.858	1335.94
515.074	1422.94
515.29	1767.94
515.506	2836.94
515.721	2153.94
515.937	1415.94
516.153	1281.94
516.369	1268.94
516.585	1229.94
516.801	1237.94
517.016	1263.94
517.232	1297.94
517.448	1307.94
517.664	1368.94
517.879	1331.94
518.095	1304.94
518.311	1343.94
518.527	1322.94
518.742	1287.94
518.958	1256.94
519.173	1207.94
519.389	1219.94
519.605	1182.94
519.82	1176.94
520.036	1199.94
520.251	1214.94
520.467	1253.94
520.682	1236.94
520.898	1250.94
521.113	1256.94
521.329	1362.94
521.544	1561.94
521.76	2033.94
521.975	3860.94
522.19	3587.94
522.406	1765.94
522.621	1338.94
522.836	1169.94
523.052	1137.94
523.267	1082.94
523.482	1066.94
523.698	1056.94
523.913	1050.94
524.128	1073.94
524.343	1034.94
524.559	1047.94
524.774	1030.94
524.989	1007.94
525.204	1014.94
525.419	1009.94
525.634	1007.94
525.849	978.94
526.064	968.94
526.28	969.94
526.495	943.94
526.71	928.94
526.925	935.94
527.14	910.94
527.355	920.94
527.57	920.94
527.785	910.94
527.999	916.94
528.214	935.94
528.429	945.94
528.644	933.94
528.859	986.94
529.074	986.94
529.289	1043.94
529.503	1212.94
529.718	1115.94
529.933	999.94
530.148	960.94
530.363	914.94
530.577	909.94
530.792	914.94
531.007	891.94
531.221	904.94
531.436	907.94
531.651	879.94
531.865	880.94
532.08	930.94
532.295	899.94
532.509	871.94
532.724	896.94
532.938	894.94
533.153	897.94
533.367	947.94
533.582	919.94
533.796	936.94
534.011	916.94
534.225	903.94
534.44	881.94
534.654	884.94
534.868	875.94
535.083	869.94
535.297	884.94
535.511	873.94
535.726	908.94
535.94	893.94
536.154	856.94
536.369	871.94
536.583	835.94
536.797	837.94
537.011	829.94
537.225	843.94
537.44	838.94
537.654	821.94
537.868	842.94
538.082	841.94
538.296	819.94
538.51	848.94
538.724	844.94
538.938	823.94
539.153	870.94
539.367	870.94
539.581	866.94
539.795	833.94
540.009	792.94
540.222	818.94
540.436	809.94
540.65	856.94
540.864	855.94
541.078	890.94
541.292	885.94
541.506	898.94
541.72	915.94
541.934	916.94
542.147	913.94
542.361	905.94
542.575	902.94
542.789	858.94
543.002	854.94
543.216	830.94
543.43	843.94
543.644	839.94
543.857	899.94
544.071	864.94
544.285	898.94
544.498	880.94
544.712	903.94
544.925	905.94
545.139	903.94
545.352	910.94
545.566	893.94
545.779	903.94
545.993	906.94
546.206	903.94
546.42	915.94
546.633	903.94
546.847	906.94
547.06	893.94
547.274	889.94
547.487	917.94
547.7	900.94
547.914	887.94
548.127	896.94
548.34	909.94
548.554	892.94
548.767	896.94
548.98	919.94
549.193	893.94
549.407	897.94
549.62	923.94
549.833	901.94
550.046	890.94
550.259	893.94
550.473	888.94
550.686	882.94
550.899	870.94
551.112	842.94
551.325	848.94
551.538	881.94
551.751	827.94
551.964	824.94
552.177	829.94
552.39	849.94
552.603	905.94
552.816	899.94
553.029	924.94
553.242	943.94
553.455	949.94
553.667	975.94
553.88	980.94
554.093	916.94
554.306	910.94
554.519	867.94
554.732	868.94
554.944	829.94
555.157	853.94
555.37	814.94
555.583	817.94
555.795	828.94
556.008	751.94
556.221	775.94
556.433	769.94
556.646	735.94
556.859	763.94
557.071	777.94
557.284	773.94
557.496	778.94
557.709	768.94
557.921	739.94
558.134	745.94
558.346	763.94
558.559	764.94
558.771	762.94
558.984	746.94
559.196	737.94
559.409	695.94
559.621	722.94
559.833	722.94
560.046	704.94
560.258	722.94
560.47	761.94
560.683	740.94
560.895	728.94
561.107	708.94
561.32	707.94
561.532	724.94
561.744	741.94
561.956	721.94
562.168	723.94
562.381	712.94
562.593	707.94
562.805	696.94
563.017	704.94
563.229	719.94
563.441	699.94
563.653	714.94
563.865	711.94
564.077	700.94
564.289	718.94
564.501	708.94
564.713	726.94
564.925	734.94
565.137	784.94
565.349	741.94
565.561	765.94
565.773	758.94
565.985	799.94
566.197	817.94
566.408	862.94
566.62	908.94
566.832	951.94
567.044	950.94
567.255	947.94
567.467	944.94
567.679	1000.94
567.891	1061.94
568.102	1077.94
568.314	1012.94
568.526	909.94
568.737	878.94
568.949	785.94
569.161	779.94
569.372	723.94
569.584	705.94
569.795	691.94
570.007	689.94
570.218	766.94
570.43	704.94
570.641	655.94
570.853	661.94
571.064	651.94
571.276	669.94
571.487	648.94
571.698	612.94
571.91	616.94
572.121	597.94
572.333	582.94
572.544	569.94
572.755	561.94
572.966	574.94
573.178	538.94
573.389	528.94
573.6	541.94
573.811	547.94
574.023	539.94
574.234	531.94
574.445	526.94
574.656	535.94
574.867	523.94
575.078	545.94
575.289	532.94
575.501	535.94
575.712	527.94
575.923	535.94
576.134	507.94
576.345	521.94
576.556	519.94
576.767	546.94
576.978	540.94
577.188	511.94
577.399	497.94
577.61	530.94
577.821	513.94
578.032	516.94
578.243	584.94
578.454	1034.94
578.665	695.94
578.875	530.94
579.086	490.94
579.297	472.94
579.508	480.94
579.718	480.94
579.929	484.94
580.14	480.94
580.35	476.94
580.561	482.94
580.772	468.94
580.982	455.94
581.193	460.94
581.403	470.94
581.614	467.94
581.825	463.94
582.035	477.94
582.246	479.94
582.456	457.94
582.667	481.94
582.877	443.94
583.087	453.94
583.298	457.94
583.508	478.94
583.719	454.94
583.929	454.94
584.139	456.94
584.35	444.94
584.56	441.94
584.77	438.94
584.981	463.94
585.191	443.94
585.401	437.94
585.611	446.94
585.821	451.94
586.032	440.94
586.242	440.94
586.452	424.94
586.662	454.94
586.872	439.94
587.082	433.94
587.292	425.94
587.502	431.94
587.713	420.94
587.923	434.94
588.133	443.94
588.343	415.94
588.553	421.94
588.762	419.94
588.972	442.94
589.182	436.94
589.392	450.94
589.602	454.94
589.812	448.94
590.022	439.94
590.232	434.94
590.441	448.94
590.651	423.94
590.861	441.94
591.071	445.94
591.281	457.94
591.49	438.94
591.7	453.94
591.91	458.94
592.119	458.94
592.329	463.94
592.539	456.94
592.748	438.94
592.958	486.94
593.167	486.94
593.377	517.94
593.587	514.94
593.796	505.94
594.006	508.94
594.215	523.94
594.424	509.94
594.634	513.94
594.843	520.94
595.053	496.94
595.262	477.94
595.472	444.94
595.681	442.94
595.89	426.94
596.1	422.94
596.309	429.94
596.518	428.94
596.727	416.94
596.937	415.94
597.146	439.94
597.355	425.94
597.564	417.94
597.774	398.94
597.983	390.94
598.192	383.94
598.401	385.94
598.61	395.94
598.819	389.94
599.028	391.94
599.237	396.94
599.446	388.94
599.655	395.94
599.864	385.94
600.073	381.94
600.282	373.94
600.491	376.94
600.7	405.94
600.909	394.94
601.118	388.94
601.327	403.94
601.536	410.94
601.745	395.94
601.953	414.94
602.162	412.94
602.371	409.94
602.58	424.94
602.789	398.94
602.997	402.94
603.206	402.94
603.415	393.94
603.623	399.94
603.832	394.94
604.041	392.94
604.249	378.94
604.458	379.94
604.666	377.94
604.875	376.94
605.084	377.94
605.292	389.94
605.501	413.94
605.709	406.94
605.918	419.94
606.126	416.94
606.334	412.94
606.543	398.94
606.751	410.94
606.96	400.94
607.168	400.94
607.376	391.94
607.585	395.94
607.793	388.94
608.001	430.94
608.21	402.94
608.418	402.94
608.626	403.94
608.834	403.94
609.043	398.94
609.251	407.94
609.459	416.94
609.667	421.94
609.875	399.94
610.083	416.94
610.291	406.94
610.499	387.94
610.707	408.94
610.916	401.94
611.124	422.94
611.332	401.94
611.54	407.94
611.748	393.94
611.955	407.94
612.163	393.94
612.371	413.94
612.579	386.94
612.787	413.94
612.995	393.94
613.203	409.94
613.411	413.94
613.618	384.94
613.826	403.94
614.034	407.94
614.242	395.94
614.449	377.94
614.657	372.94
614.865	387.94
615.072	390.94
615.28	391.94
615.488	393.94
615.695	387.94
615.903	399.94
616.111	373.94
616.318	403.94
616.526	378.94
616.733	374.94
616.941	383.94
617.148	393.94
617.356	363.94
617.563	392.94
617.771	389.94
617.978	354.94
618.185	369.94
618.393	368.94
618.6	386.94
618.807	389.94
619.015	358.94
619.222	358.94
619.429	354.94
619.637	370.94
619.844	341.94
620.051	349.94
620.258	366.94
620.466	366.94
620.673	359.94
620.88	346.94
621.087	352.94
621.294	342.94
621.501	335.94
621.708	353.94
621.915	339.94
622.122	342.94
622.329	353.94
622.536	344.94
622.743	352.94
622.95	339.94
623.157	356.94
623.364	346.94
623.571	341.94
623.778	335.94
623.985	334.94
624.192	325.94
624.399	325.94
624.606	335.94
624.812	323.94
625.019	323.94
625.226	326.94
625.433	305.94
625.639	303.94
625.846	289.94
626.053	291.94
626.259	278.94
626.466	295.94
626.673	294.94
626.879	285.94
627.086	268.94
627.293	304.94
627.499	310.94
627.706	304.94
627.912	342.94
628.119	328.94
628.325	322.94
628.532	331.94
628.738	325.94
628.945	298.94
629.151	313.94
629.357	291.94
629.564	293.94
629.77	292.94
629.976	299.94
630.183	277.94
630.389	286.94
630.595	304.94
630.802	294.94
631.008	295.94
631.214	307.94
631.42	299.94
631.627	298.94
631.833	270.94
632.039	288.94
632.245	291.94
632.451	267.94
632.657	290.94
632.863	296.94
633.069	268.94
633.275	294.94
633.481	294.94
633.688	270.94
633.893	265.94
634.099	287.94
634.305	284.94
634.511	275.94
634.717	288.94
634.923	271.94
635.129	258.94
635.335	275.94
635.541	300.94
635.747	293.94
635.952	312.94
636.158	347.94
636.364	451.94
636.57	544.94
636.775	425.94
636.981	381.94
637.187	346.94
637.392	339.94
637.598	327.94
637.804	301.94
638.009	309.94
638.215	291.94
638.421	295.94
638.626	274.94
638.832	289.94
639.037	275.94
639.243	281.94
639.448	257.94
639.654	280.94
639.859	265.94
640.065	272.94
640.27	270.94
640.475	273.94
640.681	270.94
640.886	270.94
641.091	263.94
641.297	276.94
641.502	265.94
641.707	275.94
641.913	262.94
642.118	275.94
642.323	273.94
642.528	273.94
642.733	254.94
642.939	238.94
643.144	242.94
643.349	266.94
643.554	253.94
643.759	257.94
643.964	253.94
644.169	231.94
644.374	241.94
644.579	257.94
644.784	261.94
644.989	249.94
645.194	245.94
645.399	249.94
645.604	240.94
645.809	266.94
646.014	240.94
646.219	262.94
646.423	238.94
646.628	261.94
646.833	243.94
647.038	229.94
647.243	247.94
647.447	223.94
647.652	260.94
647.857	253.94
648.062	258.94
648.266	272.94
648.471	253.94
648.676	263.94
648.88	267.94
649.085	257.94
649.289	237.94
649.494	264.94
649.698	282.94
649.903	281.94
650.107	246.94
650.312	239.94
650.516	241.94
650.721	224.94
650.925	229.94
651.13	213.94
651.334	200.94
651.539	212.94
651.743	228.94
651.947	223.94
652.152	215.94
652.356	197.94
652.56	209.94
652.764	194.94
652.969	185.94
653.173	177.94
653.377	197.94
653.581	181.94
653.785	188.94
653.99	185.94
654.194	198.94
654.398	176.94
654.602	201.94
654.806	195.94
655.01	205.94
655.214	181.94
655.418	176.94
655.622	173.94
655.826	186.94
656.03	194.94
656.234	194.94
656.438	198.94
656.642	206.94
656.846	183.94
657.049	171.94
657.253	169.94
657.457	149.94
657.661	164.94
657.865	147.94
658.068	149.94
658.272	148.94
658.476	131.94
658.68	137.94
658.883	127.94
659.087	125.94
659.291	121.94
659.494	118.94
659.698	107.94
659.901	116.94
660.105	102.94
660.309	113.94
660.512	96.94
660.716	125.94
660.919	101.94
661.123	113.94
661.326	109.94
661.53	114.94
661.733	110.94
661.936	96.94
662.14	91.94
662.343	81.94
662.546	88.94
662.75	89.94
662.953	87.94
663.156	101.94
663.36	91.94
663.563	90.94
663.766	91.94
663.969	96.94
664.173	95.94
664.376	87.94
664.579	83.94
664.782	77.94
664.985	79.94
665.188	82.94
665.391	67.94
665.594	83.94
665.797	90.94
666	95.94
666.203	78.94
666.406	72.94
666.609	77.94
666.812	94.94
667.015	89.94
667.218	81.94
667.421	84.94
667.624	75.94
667.827	83.94
668.03	87.94
668.232	85.94
668.435	80.94
668.638	91.94
668.841	80.94
669.043	68.94
669.246	87.94
669.449	71.94
669.651	81.94
669.854	90.94
670.057	89.94
670.259	82.94
670.462	88.94
670.665	84.94
670.867	83.94
671.07	85.94
671.272	81.94
671.475	96.94
671.677	98.94
671.88	84.94
672.082	87.94
672.284	99.94
672.487	89.94
672.689	83.94
672.892	83.94
