223.165	-18.5
223.4	-18.5
223.635	-18.5
223.869	-8.5
224.104	-19.5
224.338	-21.5
224.573	-8.5
224.808	2.5
225.042	-8.5
225.277	4.5
225.511	1.5
225.746	11.5
225.98	6.5
226.215	-6.5
226.449	10.5
226.683	24.5
226.918	18.5
227.152	11.5
227.387	41.5
227.621	39.5
227.856	42.5
228.09	52.5
228.324	42.5
228.559	52.5
228.793	78.5
229.027	118.5
229.262	137.5
229.496	134.5
229.73	163.5
229.964	178.5
230.199	145.5
230.433	142.5
230.667	131.5
230.901	127.5
231.136	120.5
231.37	123.5
231.604	140.5
231.838	143.5
232.072	138.5
232.306	152.5
232.541	134.5
232.775	130.5
233.009	145.5
233.243	147.5
233.477	141.5
233.711	136.5
233.945	150.5
234.179	159.5
234.413	147.5
234.647	138.5
234.881	136.5
235.115	131.5
235.349	158.5
235.583	155.5
235.817	163.5
236.051	154.5
236.285	153.5
236.519	143.5
236.753	158.5
236.987	182.5
237.221	225.5
237.455	253.5
237.689	202.5
237.922	176.5
238.156	160.5
238.39	147.5
238.624	163.5
238.858	179.5
239.091	174.5
239.325	168.5
239.559	170.5
239.793	181.5
240.027	170.5
240.26	197.5
240.494	169.5
240.728	177.5
240.961	192.5
241.195	179.5
241.429	181.5
241.662	175.5
241.896	186.5
242.13	173.5
242.363	190.5
242.597	191.5
242.83	188.5
243.064	191.5
243.298	199.5
243.531	181.5
243.765	207.5
243.998	202.5
244.232	206.5
244.465	207.5
244.699	204.5
244.932	207.5
245.166	208.5
245.399	191.5
245.633	202.5
245.866	212.5
246.099	210.5
246.333	217.5
246.566	235.5
246.8	215.5
247.033	220.5
247.266	219.5
247.5	229.5
247.733	204.5
247.966	232.5
248.2	248.5
248.433	245.5
248.666	232.5
248.899	243.5
249.133	268.5
249.366	278.5
249.599	286.5
249.832	283.5
250.066	305.5
250.299	338.5
250.532	424.5
250.765	443.5
250.998	386.5
251.231	351.5
251.465	338.5
251.698	319.5
251.931	299.5
252.164	301.5
252.397	303.5
252.63	299.5
252.863	302.5
253.096	289.5
253.329	322.5
253.562	303.5
253.795	298.5
254.028	296.5
254.261	314.5
254.494	306.5
254.727	336.5
254.96	355.5
255.193	355.5
255.426	374.5
255.659	401.5
255.892	498.5
256.124	663.5
256.357	717.5
256.59	576.5
256.823	478.5
257.056	424.5
257.289	396.5
257.521	386.5
257.754	371.5
257.987	336.5
258.22	347.5
258.452	328.5
258.685	327.5
258.918	316.5
259.151	326.5
259.383	334.5
259.616	323.5
259.849	334.5
260.081	326.5
260.314	341.5
260.547	338.5
260.779	328.5
261.012	310.5
261.244	317.5
261.477	330.5
261.71	314.5
261.942	313.5
262.175	350.5
262.407	359.5
262.64	326.5
262.872	321.5
263.105	318.5
263.337	316.5
263.57	320.5
263.802	305.5
264.035	311.5
264.267	316.5
264.499	307.5
264.732	303.5
264.964	313.5
265.197	300.5
265.429	327.5
265.661	319.5
265.894	308.5
266.126	314.5
266.358	328.5
266.591	308.5
266.823	311.5
267.055	323.5
267.287	323.5
267.52	299.5
267.752	331.5
267.984	326.5
268.216	319.5
268.448	306.5
268.681	344.5
268.913	331.5
269.145	371.5
269.377	362.5
269.609	349.5
269.841	348.5
270.073	344.5
270.306	368.5
270.538	403.5
270.77	379.5
271.002	390.5
271.234	374.5
271.466	376.5
271.698	382.5
271.93	393.5
272.162	399.5
272.394	403.5
272.626	399.5
272.858	376.5
273.09	362.5
273.322	385.5
273.553	376.5
273.785	366.5
274.017	369.5
274.249	385.5
274.481	380.5
274.713	363.5
274.945	398.5
275.176	400.5
275.408	380.5
275.64	414.5
275.872	410.5
276.104	434.5
276.335	438.5
276.567	422.5
276.799	438.5
277.031	503.5
277.262	519.5
277.494	514.5
277.726	491.5
277.957	449.5
278.189	441.5
278.421	419.5
278.652	434.5
278.884	436.5
279.115	437.5
279.347	430.5
279.579	444.5
279.81	447.5
280.042	495.5
280.273	549.5
280.505	549.5
280.736	480.5
280.968	447.5
281.199	441.5
281.431	451.5
281.662	455.5
281.894	412.5
282.125	436.5
282.356	446.5
282.588	493.5
282.819	460.5
283.051	424.5
283.282	425.5
283.513	428.5
283.745	403.5
283.976	420.5
284.207	409.5
284.439	434.5
284.67	426.5
284.901	435.5
285.132	429.5
285.364	439.5
285.595	423.5
285.826	423.5
286.057	432.5
286.288	432.5
286.52	418.5
286.751	432.5
286.982	430.5
287.213	436.5
287.444	441.5
287.675	429.5
287.906	426.5
288.138	432.5
288.369	443.5
288.6	447.5
288.831	430.5
289.062	458.5
289.293	436.5
289.524	438.5
289.755	452.5
289.986	432.5
290.217	437.5
290.448	435.5
290.679	449.5
290.91	424.5
291.141	434.5
291.371	436.5
291.602	404.5
291.833	432.5
292.064	440.5
292.295	434.5
292.526	438.5
292.757	452.5
292.987	430.5
293.218	437.5
293.449	432.5
293.68	418.5
293.91	433.5
294.141	449.5
294.372	430.5
294.603	439.5
294.833	418.5
295.064	431.5
295.295	427.5
295.525	467.5
295.756	435.5
295.987	459.5
296.217	502.5
296.448	520.5
296.679	466.5
296.909	436.5
297.14	448.5
297.37	447.5
297.601	435.5
297.831	447.5
298.062	466.5
298.292	452.5
298.523	472.5
298.753	460.5
298.984	463.5
299.214	451.5
299.445	466.5
299.675	467.5
299.905	488.5
300.136	494.5
300.366	475.5
300.597	502.5
300.827	486.5
301.057	501.5
301.288	511.5
301.518	510.5
301.748	509.5
301.979	521.5
302.209	526.5
302.439	522.5
302.669	527.5
302.9	500.5
303.13	486.5
303.36	524.5
303.59	523.5
303.82	557.5
304.051	552.5
304.281	517.5
304.511	519.5
304.741	494.5
304.971	513.5
305.201	509.5
305.431	505.5
305.661	510.5
305.891	510.5
306.121	499.5
306.352	518.5
306.582	522.5
306.812	499.5
307.042	545.5
307.272	554.5
307.502	606.5
307.731	611.5
307.961	571.5
308.191	547.5
308.421	534.5
308.651	551.5
308.881	521.5
309.111	519.5
309.341	528.5
309.571	527.5
309.8	562.5
310.03	578.5
310.26	555.5
310.49	542.5
310.72	582.5
310.949	599.5
311.179	605.5
311.409	604.5
311.639	571.5
311.868	583.5
312.098	586.5
312.328	585.5
312.557	605.5
312.787	651.5
313.017	640.5
313.246	611.5
313.476	592.5
313.706	589.5
313.935	578.5
314.165	606.5
314.394	626.5
314.624	614.5
314.853	594.5
315.083	602.5
315.312	570.5
315.542	583.5
315.771	577.5
316.001	580.5
316.23	583.5
316.46	588.5
316.689	614.5
316.919	595.5
317.148	588.5
317.377	601.5
317.607	596.5
317.836	600.5
318.065	599.5
318.295	609.5
318.524	618.5
318.753	588.5
318.983	599.5
319.212	616.5
319.441	636.5
319.67	645.5
319.9	600.5
320.129	593.5
320.358	622.5
320.587	634.5
320.816	631.5
321.046	683.5
321.275	649.5
321.504	646.5
321.733	652.5
321.962	663.5
322.191	671.5
322.42	733.5
322.649	723.5
322.878	782.5
323.108	760.5
323.337	782.5
323.566	822.5
323.795	850.5
324.024	925.5
324.253	1144.5
324.482	1662.5
324.71	2581.5
324.939	3721.5
325.168	2907.5
325.397	1460.5
325.626	1097.5
325.855	974.5
326.084	964.5
326.313	911.5
326.542	931.5
326.77	1030.5
326.999	1208.5
327.228	1672.5
327.457	2542.5
327.686	2973.5
327.914	2039.5
328.143	1770.5
328.372	1918.5
328.6	1778.5
328.829	1337.5
329.058	1266.5
329.287	1318.5
329.515	1340.5
329.744	1413.5
329.972	1858.5
330.201	2478.5
330.43	3165.5
330.658	2586.5
330.887	1713.5
331.115	1419.5
331.344	1183.5
331.572	1101.5
331.801	1094.5
332.03	1085.5
332.258	1071.5
332.486	1048.5
332.715	1074.5
332.943	1118.5
333.172	1183.5
333.4	1278.5
333.629	1416.5
333.857	1652.5
334.085	2012.5
334.314	2777.5
334.542	3886.5
334.771	4220.5
334.999	2524.5
335.227	1693.5
335.455	1325.5
335.684	1194.5
335.912	1134.5
336.14	1032.5
336.369	992.5
336.597	984.5
336.825	953.5
337.053	924.5
337.281	913.5
337.51	861.5
337.738	868.5
337.966	847.5
338.194	840.5
338.422	849.5
338.65	802.5
338.878	796.5
339.106	785.5
339.334	812.5
339.562	768.5
339.79	771.5
340.018	767.5
340.246	759.5
340.474	747.5
340.702	763.5
340.93	755.5
341.158	747.5
341.386	758.5
341.614	758.5
341.842	761.5
342.07	739.5
342.298	703.5
342.526	718.5
342.754	719.5
342.981	687.5
343.209	701.5
343.437	742.5
343.665	760.5
343.893	809.5
344.12	835.5
344.348	791.5
344.576	751.5
344.804	766.5
345.031	758.5
345.259	782.5
345.487	754.5
345.714	726.5
345.942	726.5
346.17	702.5
346.397	705.5
346.625	695.5
346.853	706.5
347.08	703.5
347.308	718.5
347.535	754.5
347.763	756.5
347.99	729.5
348.218	723.5
348.445	727.5
348.673	720.5
348.9	715.5
349.128	722.5
349.355	692.5
349.583	691.5
349.81	680.5
350.037	669.5
350.265	684.5
350.492	692.5
350.72	704.5
350.947	704.5
351.174	729.5
351.402	722.5
351.629	731.5
351.856	720.5
352.083	734.5
352.311	744.5
352.538	745.5
352.765	727.5
352.992	750.5
353.22	708.5
353.447	705.5
353.674	688.5
353.901	695.5
354.128	673.5
354.355	682.5
354.583	687.5
354.81	690.5
355.037	670.5
355.264	678.5
355.491	688.5
355.718	703.5
355.945	661.5
356.172	660.5
356.399	680.5
356.626	674.5
356.853	675.5
357.08	688.5
357.307	678.5
357.534	712.5
357.761	660.5
357.988	689.5
358.215	657.5
358.441	680.5
358.668	670.5
358.895	686.5
359.122	719.5
359.349	703.5
359.576	694.5
359.802	748.5
360.029	798.5
360.256	805.5
360.483	776.5
360.709	735.5
360.936	728.5
361.163	744.5
361.39	733.5
361.616	705.5
361.843	713.5
362.07	735.5
362.296	716.5
362.523	727.5
362.749	727.5
362.976	729.5
363.203	708.5
363.429	714.5
363.656	711.5
363.882	730.5
364.109	722.5
364.335	707.5
364.562	684.5
364.788	704.5
365.015	701.5
365.241	728.5
365.468	721.5
365.694	715.5
365.92	742.5
366.147	726.5
366.373	710.5
366.599	710.5
366.826	695.5
367.052	699.5
367.278	728.5
367.505	736.5
367.731	727.5
367.957	714.5
368.184	707.5
368.41	721.5
368.636	738.5
368.862	770.5
369.089	732.5
369.315	746.5
369.541	757.5
369.767	714.5
369.993	746.5
370.219	760.5
370.445	741.5
370.672	748.5
370.898	744.5
371.124	735.5
371.35	728.5
371.576	726.5
371.802	768.5
372.028	736.5
372.254	738.5
372.48	767.5
372.706	784.5
372.932	759.5
373.158	765.5
373.384	746.5
373.61	743.5
373.835	734.5
374.061	750.5
374.287	766.5
374.513	766.5
374.739	790.5
374.965	796.5
375.191	814.5
375.416	782.5
375.642	763.5
375.868	792.5
376.094	769.5
376.319	758.5
376.545	750.5
376.771	751.5
376.997	738.5
377.222	748.5
377.448	750.5
377.674	763.5
377.899	747.5
378.125	711.5
378.35	753.5
378.576	719.5
378.802	720.5
379.027	739.5
379.253	744.5
379.478	730.5
379.704	721.5
379.929	732.5
380.155	724.5
380.38	757.5
380.606	764.5
380.831	730.5
381.057	768.5
381.282	747.5
381.507	748.5
381.733	743.5
381.958	752.5
382.184	779.5
382.409	795.5
382.634	782.5
382.86	766.5
383.085	790.5
383.31	818.5
383.535	807.5
383.761	798.5
383.986	818.5
384.211	816.5
384.436	831.5
384.662	841.5
384.887	864.5
385.112	846.5
385.337	859.5
385.562	860.5
385.787	866.5
386.013	902.5
386.238	898.5
386.463	898.5
386.688	866.5
386.913	853.5
387.138	857.5
387.363	853.5
387.588	873.5
387.813	850.5
388.038	879.5
388.263	874.5
388.488	854.5
388.713	859.5
388.938	852.5
389.163	874.5
389.387	860.5
389.612	839.5
389.837	851.5
390.062	843.5
390.287	850.5
390.512	860.5
390.736	874.5
390.961	910.5
391.186	896.5
391.411	923.5
391.636	908.5
391.86	962.5
392.085	968.5
392.31	944.5
392.534	950.5
392.759	914.5
392.984	914.5
393.208	894.5
393.433	913.5
393.658	938.5
393.882	924.5
394.107	899.5
394.331	927.5
394.556	950.5
394.78	932.5
395.005	959.5
395.229	935.5
395.454	981.5
395.678	986.5
395.903	994.5
396.127	1006.5
396.352	975.5
396.576	941.5
396.801	926.5
397.025	942.5
397.249	951.5
397.474	962.5
397.698	985.5
397.922	1004.5
398.147	1020.5
398.371	1042.5
398.595	1044.5
398.82	1063.5
399.044	1147.5
399.268	1209.5
399.492	1345.5
399.717	1454.5
399.941	1467.5
400.165	1396.5
400.389	1334.5
400.613	1208.5
400.837	1164.5
401.062	1130.5
401.286	1130.5
401.51	1136.5
401.734	1119.5
401.958	1125.5
402.182	1156.5
402.406	1173.5
402.63	1184.5
402.854	1190.5
403.078	1193.5
403.302	1209.5
403.526	1217.5
403.75	1223.5
403.974	1284.5
404.198	1281.5
404.422	1325.5
404.645	1300.5
404.869	1354.5
405.093	1430.5
405.317	1448.5
405.541	1473.5
405.765	1396.5
405.988	1324.5
406.212	1339.5
406.436	1348.5
406.66	1405.5
406.883	1366.5
407.107	1366.5
407.331	1458.5
407.555	1552.5
407.778	1446.5
408.002	1418.5
408.226	1371.5
408.449	1352.5
408.673	1315.5
408.896	1349.5
409.12	1368.5
409.344	1276.5
409.567	1278.5
409.791	1250.5
410.014	1276.5
410.238	1267.5
410.461	1243.5
410.685	1267.5
410.908	1275.5
411.132	1280.5
411.355	1266.5
411.578	1284.5
411.802	1217.5
412.025	1284.5
412.249	1355.5
412.472	1390.5
412.695	1518.5
412.919	1444.5
413.142	1361.5
413.365	1320.5
413.589	1283.5
413.812	1227.5
414.035	1228.5
414.258	1202.5
414.482	1223.5
414.705	1201.5
414.928	1166.5
415.151	1187.5
415.374	1159.5
415.597	1174.5
415.821	1163.5
416.044	1142.5
416.267	1175.5
416.49	1154.5
416.713	1142.5
416.936	1145.5
417.159	1185.5
417.382	1210.5
417.605	1220.5
417.828	1247.5
418.051	1212.5
418.274	1231.5
418.497	1192.5
418.72	1165.5
418.943	1142.5
419.166	1265.5
419.389	1359.5
419.611	1320.5
419.834	1298.5
420.057	1334.5
420.28	1419.5
420.503	1377.5
420.726	1361.5
420.948	1306.5
421.171	1299.5
421.394	1318.5
421.617	1211.5
421.839	1201.5
422.062	1231.5
422.285	1216.5
422.507	1262.5
422.73	1340.5
422.953	1283.5
423.175	1227.5
423.398	1263.5
423.621	1262.5
423.843	1269.5
424.066	1254.5
424.288	1258.5
424.511	1287.5
424.733	1335.5
424.956	1343.5
425.178	1362.5
425.401	1342.5
425.623	1313.5
425.846	1222.5
426.068	1200.5
426.291	1218.5
426.513	1193.5
426.735	1183.5
426.958	1221.5
427.18	1301.5
427.402	1454.5
427.625	1550.5
427.847	1563.5
428.069	1506.5
428.292	1385.5
428.514	1225.5
428.736	1179.5
428.958	1182.5
429.181	1099.5
429.403	1092.5
429.625	1113.5
429.847	1142.5
430.069	1200.5
430.292	1183.5
430.514	1113.5
430.736	1100.5
430.958	1087.5
431.18	1097.5
431.402	1055.5
431.624	1083.5
431.846	1043.5
432.068	1040.5
432.29	1064.5
432.512	1056.5
432.734	1059.5
432.956	1085.5
433.178	1120.5
433.4	1113.5
433.622	1091.5
433.844	1093.5
434.066	1066.5
434.287	1087.5
434.509	1058.5
434.731	1110.5
434.953	1176.5
435.175	1174.5
435.397	1188.5
435.618	1143.5
435.84	1184.5
436.062	1313.5
436.284	1348.5
436.505	1210.5
436.727	1151.5
436.949	1127.5
437.17	1114.5
437.392	1071.5
437.614	1112.5
437.835	1137.5
438.057	1282.5
438.278	1309.5
438.5	1325.5
438.721	1376.5
438.943	1346.5
439.165	1171.5
439.386	1167.5
439.608	1161.5
439.829	1178.5
440.05	1256.5
440.272	1294.5
440.493	1238.5
440.715	1148.5
440.936	1142.5
441.158	1162.5
441.379	1176.5
441.6	1242.5
441.822	1272.5
442.043	1254.5
442.264	1351.5
442.486	1352.5
442.707	1242.5
442.928	1212.5
443.149	1270.5
443.371	1324.5
443.592	1344.5
443.813	1402.5
444.034	1430.5
444.255	1329.5
444.476	1334.5
444.698	1318.5
444.919	1382.5
445.14	1456.5
445.361	1350.5
445.582	1327.5
445.803	1378.5
446.024	1446.5
446.245	1448.5
446.466	1369.5
446.687	1194.5
446.908	1190.5
447.129	1161.5
447.35	1120.5
447.571	1119.5
447.792	1084.5
448.013	1104.5
448.234	1124.5
448.455	1156.5
448.675	1289.5
448.896	1368.5
449.117	1200.5
449.338	1194.5
449.559	1311.5
449.779	1400.5
450	1209.5
450.221	1127.5
450.442	1079.5
450.662	1042.5
450.883	1074.5
451.104	1118.5
451.324	1106.5
451.545	1080.5
451.766	1054.5
451.986	1031.5
452.207	984.5
452.428	1007.5
452.648	997.5
452.869	994.5
453.089	1016.5
453.31	998.5
453.53	972.5
453.751	959.5
453.971	958.5
454.192	1032.5
454.412	958.5
454.633	967.5
454.853	953.5
455.073	963.5
455.294	985.5
455.514	1038.5
455.734	1018.5
455.955	920.5
456.175	918.5
456.395	902.5
456.616	902.5
456.836	898.5
457.056	898.5
457.276	883.5
457.497	916.5
457.717	912.5
457.937	927.5
458.157	904.5
458.377	965.5
458.598	993.5
458.818	1114.5
459.038	1223.5
459.258	1175.5
459.478	1094.5
459.698	1056.5
459.918	1101.5
460.138	1086.5
460.358	1097.5
460.578	1124.5
460.798	1140.5
461.018	1156.5
461.238	1149.5
461.458	1132.5
461.678	1146.5
461.898	1183.5
462.118	1152.5
462.338	1161.5
462.558	1215.5
462.777	1226.5
462.997	1320.5
463.217	1437.5
463.437	1418.5
463.657	1322.5
463.876	1312.5
464.096	1315.5
464.316	1310.5
464.536	1342.5
464.755	1287.5
464.975	1322.5
465.195	1357.5
465.414	1502.5
465.634	1222.5
465.854	1153.5
466.073	1124.5
466.293	1099.5
466.512	1071.5
466.732	1045.5
466.951	1084.5
467.171	1065.5
467.391	1105.5
467.61	1107.5
467.829	1240.5
468.049	1498.5
468.268	2151.5
468.488	1654.5
468.707	1292.5
468.927	1200.5
469.146	1176.5
469.365	1139.5
469.585	1087.5
469.804	1144.5
470.023	1156.5
470.243	1119.5
470.462	1165.5
470.681	1205.5
470.901	1222.5
471.12	1156.5
471.339	1154.5
471.558	1180.5
471.777	1194.5
471.997	1342.5
472.216	1960.5
472.435	4154.5
472.654	3099.5
472.873	1851.5
473.092	1549.5
473.311	1355.5
473.53	1288.5
473.749	1274.5
473.968	1246.5
474.187	1310.5
474.406	1268.5
474.625	1168.5
474.844	1126.5
475.063	1122.5
475.282	1083.5
475.501	1101.5
475.72	1102.5
475.939	1084.5
476.158	1083.5
476.377	1086.5
476.596	1120.5
476.814	1108.5
477.033	1135.5
477.252	1146.5
477.471	1152.5
477.69	1162.5
477.908	1192.5
478.127	1226.5
478.346	1210.5
478.564	1235.5
478.783	1281.5
479.002	1295.5
479.22	1292.5
479.439	1328.5
479.658	1361.5
479.876	1361.5
480.095	1385.5
480.313	1495.5
480.532	1541.5
480.751	1751.5
480.969	2293.5
481.188	5298.5
481.406	6974.5
481.624	3432.5
481.843	2416.5
482.061	1978.5
482.28	1788.5
482.498	1627.5
482.717	1547.5
482.935	1560.5
483.153	1505.5
483.372	1451.5
483.59	1446.5
483.808	1426.5
484.027	1403.5
484.245	1367.5
484.463	1394.5
484.681	1350.5
484.9	1371.5
485.118	1363.5
485.336	1373.5
485.554	1296.5
485.772	1356.5
485.99	1317.5
486.209	1342.5
486.427	1348.5
486.645	1364.5
486.863	1415.5
487.081	1409.5
487.299	1383.5
487.517	1357.5
487.735	1392.5
487.953	1406.5
488.171	1422.5
488.389	1415.5
488.607	1409.5
488.825	1382.5
489.043	1345.5
489.261	1396.5
489.479	1415.5
489.696	1422.5
489.914	1418.5
490.132	1464.5
490.35	1492.5
490.568	1510.5
490.786	1580.5
491.003	1572.5
491.221	1642.5
491.439	1682.5
491.657	1755.5
491.874	1816.5
492.092	1815.5
492.31	1904.5
492.527	1976.5
492.745	1933.5
492.963	1921.5
493.18	1907.5
493.398	1886.5
493.615	1847.5
493.833	1814.5
494.05	1784.5
494.268	1788.5
494.485	1752.5
494.703	1683.5
494.92	1687.5
495.138	1664.5
495.355	1695.5
495.573	1668.5
495.79	1627.5
496.008	1639.5
496.225	1626.5
496.442	1603.5
496.66	1607.5
496.877	1610.5
497.094	1580.5
497.312	1606.5
497.529	1607.5
497.746	1626.5
497.963	1641.5
498.181	1665.5
498.398	1691.5
498.615	1731.5
498.832	1808.5
499.049	1911.5
499.267	1998.5
499.484	2102.5
499.701	2289.5
499.918	2442.5
500.135	2646.5
500.352	2960.5
500.569	3072.5
500.786	3135.5
501.003	2946.5
501.22	2672.5
501.437	2413.5
501.654	2210.5
501.871	2108.5
502.088	1942.5
502.305	1878.5
502.522	1769.5
502.739	1743.5
502.956	1691.5
503.172	1572.5
503.389	1555.5
503.606	1547.5
503.823	1500.5
504.04	1499.5
504.256	1497.5
504.473	1474.5
504.69	1509.5
504.907	1536.5
505.123	1414.5
505.34	1384.5
505.557	1348.5
505.773	1292.5
505.99	1322.5
506.207	1330.5
506.423	1258.5
506.64	1264.5
506.856	1279.5
507.073	1225.5
507.289	1259.5
507.506	1233.5
507.722	1268.5
507.939	1329.5
508.155	1202.5
508.372	1206.5
508.588	1212.5
508.805	1166.5
509.021	1180.5
509.238	1188.5
509.454	1194.5
509.67	1188.5
509.887	1216.5
510.103	1191.5
510.319	1226.5
510.536	1476.5
510.752	2932.5
510.968	2084.5
511.184	1268.5
511.401	1187.5
511.617	1257.5
511.833	1290.5
512.049	1335.5
512.265	1301.5
512.481	1288.5
512.698	1217.5
512.914	1176.5
513.13	1195.5
513.346	1176.5
513.562	1186.5
513.778	1190.5
513.994	1215.5
514.21	1241.5
514.426	1240.5
514.642	1353.5
514.858	1388.5
515.074	1471.5
515.29	1826.5
515.506	2952.5
515.721	2214.5
515.937	1427.5
516.153	1339.5
516.369	1278.5
516.585	1256.5
516.801	1280.5
517.016	1319.5
517.232	1336.5
517.448	1331.5
517.664	1391.5
517.879	1408.5
518.095	1347.5
518.311	1359.5
518.527	1345.5
518.742	1273.5
518.958	1288.5
519.173	1262.5
519.389	1239.5
519.605	1214.5
519.82	1187.5
520.036	1232.5
520.251	1266.5
520.467	1252.5
520.682	1281.5
520.898	1269.5
521.113	1354.5
521.329	1419.5
521.544	1580.5
521.76	2160.5
521.975	4056.5
522.19	3686.5
522.406	1813.5
522.621	1373.5
522.836	1241.5
523.052	1162.5
523.267	1172.5
523.482	1108.5
523.698	1070.5
523.913	1134.5
524.128	1092.5
524.343	1090.5
524.559	1048.5
524.774	1041.5
524.989	1020.5
525.204	1053.5
525.419	1038.5
525.634	1015.5
525.849	1020.5
526.064	998.5
526.28	994.5
526.495	966.5
526.71	969.5
526.925	951.5
527.14	963.5
527.355	939.5
527.57	923.5
527.785	935.5
527.999	932.5
528.214	940.5
528.429	968.5
528.644	1003.5
528.859	986.5
529.074	1014.5
529.289	1088.5
529.503	1242.5
529.718	1134.5
529.933	1034.5
530.148	974.5
530.363	944.5
530.577	960.5
530.792	940.5
531.007	930.5
531.221	927.5
531.436	939.5
531.651	931.5
531.865	923.5
532.08	919.5
532.295	932.5
532.509	942.5
532.724	904.5
532.938	935.5
533.153	919.5
533.367	925.5
533.582	947.5
533.796	954.5
534.011	936.5
534.225	886.5
534.44	899.5
534.654	879.5
534.868	889.5
535.083	894.5
535.297	898.5
535.511	931.5
535.726	930.5
535.94	931.5
536.154	903.5
536.369	888.5
536.583	873.5
536.797	863.5
537.011	857.5
537.225	859.5
537.44	863.5
537.654	857.5
537.868	823.5
538.082	827.5
538.296	870.5
538.51	842.5
538.724	878.5
538.938	854.5
539.153	890.5
539.367	901.5
539.581	892.5
539.795	871.5
540.009	839.5
540.222	871.5
540.436	816.5
540.65	860.5
540.864	884.5
541.078	906.5
541.292	915.5
541.506	947.5
541.72	921.5
541.934	966.5
542.147	956.5
542.361	912.5
542.575	921.5
542.789	890.5
543.002	878.5
543.216	855.5
543.43	879.5
543.644	881.5
543.857	906.5
544.071	915.5
544.285	931.5
544.498	912.5
544.712	890.5
544.925	912.5
545.139	951.5
545.352	934.5
545.566	933.5
545.779	926.5
545.993	924.5
546.206	916.5
546.42	905.5
546.633	888.5
546.847	913.5
547.06	914.5
547.274	922.5
547.487	941.5
547.7	926.5
547.914	934.5
548.127	915.5
548.34	898.5
548.554	937.5
548.767	953.5
548.98	921.5
549.193	900.5
549.407	891.5
549.62	913.5
549.833	928.5
550.046	918.5
550.259	880.5
550.473	895.5
550.686	896.5
550.899	883.5
551.112	890.5
551.325	845.5
551.538	859.5
551.751	854.5
551.964	843.5
552.177	855.5
552.39	888.5
552.603	911.5
552.816	931.5
553.029	908.5
553.242	959.5
553.455	971.5
553.667	999.5
553.88	984.5
554.093	955.5
554.306	913.5
554.519	909.5
554.732	883.5
554.944	883.5
555.157	863.5
555.37	881.5
555.583	851.5
555.795	840.5
556.008	820.5
556.221	793.5
556.433	774.5
556.646	768.5
556.859	796.5
557.071	790.5
557.284	775.5
557.496	791.5
557.709	777.5
557.921	812.5
558.134	786.5
558.346	755.5
558.559	794.5
558.771	750.5
558.984	766.5
559.196	735.5
559.409	742.5
559.621	742.5
559.833	757.5
560.046	742.5
560.258	739.5
560.47	756.5
560.683	753.5
560.895	750.5
561.107	750.5
561.32	748.5
561.532	713.5
561.744	742.5
561.956	738.5
562.168	727.5
562.381	729.5
562.593	725.5
562.805	701.5
563.017	731.5
563.229	725.5
563.441	717.5
563.653	721.5
563.865	725.5
564.077	732.5
564.289	747.5
564.501	718.5
564.713	756.5
564.925	748.5
565.137	764.5
565.349	778.5
565.561	776.5
565.773	770.5
565.985	822.5
566.197	850.5
566.408	870.5
566.62	956.5
566.832	967.5
567.044	985.5
567.255	969.5
567.467	995.5
567.679	1027.5
567.891	1098.5
568.102	1120.5
568.314	1047.5
568.526	961.5
568.737	882.5
568.949	808.5
569.161	783.5
569.372	739.5
569.584	700.5
569.795	695.5
570.007	685.5
570.218	774.5
570.43	771.5
570.641	669.5
570.853	683.5
571.064	675.5
571.276	681.5
571.487	656.5
571.698	652.5
571.91	630.5
572.121	602.5
572.333	606.5
572.544	598.5
572.755	582.5
572.966	572.5
573.178	586.5
573.389	568.5
573.6	570.5
573.811	545.5
574.023	568.5
574.234	559.5
574.445	562.5
574.656	553.5
574.867	572.5
575.078	530.5
575.289	556.5
575.501	548.5
575.712	521.5
575.923	527.5
576.134	506.5
576.345	535.5
576.556	530.5
576.767	537.5
576.978	560.5
577.188	530.5
577.399	526.5
577.61	539.5
577.821	520.5
578.032	539.5
578.243	585.5
578.454	1073.5
578.665	698.5
578.875	524.5
579.086	479.5
579.297	473.5
579.508	464.5
579.718	477.5
579.929	480.5
580.14	492.5
580.35	499.5
580.561	467.5
580.772	474.5
580.982	469.5
581.193	491.5
581.403	470.5
581.614	494.5
581.825	475.5
582.035	474.5
582.246	475.5
582.456	463.5
582.667	469.5
582.877	441.5
583.087	463.5
583.298	476.5
583.508	465.5
583.719	466.5
583.929	470.5
584.139	489.5
584.35	448.5
584.56	465.5
584.77	439.5
584.981	458.5
585.191	438.5
585.401	466.5
585.611	465.5
585.821	441.5
586.032	440.5
586.242	459.5
586.452	439.5
586.662	436.5
586.872	422.5
587.082	425.5
587.292	435.5
587.502	426.5
587.713	436.5
587.923	428.5
588.133	441.5
588.343	447.5
588.553	431.5
588.762	439.5
588.972	440.5
589.182	451.5
589.392	455.5
589.602	478.5
589.812	477.5
590.022	444.5
590.232	449.5
590.441	425.5
590.651	439.5
590.861	442.5
591.071	429.5
591.281	443.5
591.49	444.5
591.7	441.5
591.91	458.5
592.119	455.5
592.329	463.5
592.539	485.5
592.748	481.5
592.958	492.5
593.167	506.5
593.377	503.5
593.587	532.5
593.796	513.5
594.006	509.5
594.215	508.5
594.424	512.5
594.634	504.5
594.843	503.5
595.053	478.5
595.262	492.5
595.472	472.5
595.681	459.5
595.89	445.5
596.1	424.5
596.309	434.5
596.518	429.5
596.727	442.5
596.937	434.5
597.146	414.5
597.355	412.5
597.564	407.5
597.774	409.5
597.983	405.5
598.192	399.5
598.401	392.5
598.61	380.5
598.819	386.5
599.028	377.5
599.237	385.5
599.446	404.5
599.655	394.5
599.864	389.5
600.073	392.5
600.282	403.5
600.491	386.5
600.7	395.5
600.909	400.5
601.118	399.5
601.327	403.5
601.536	424.5
601.745	402.5
601.953	448.5
602.162	414.5
602.371	427.5
602.58	419.5
602.789	422.5
602.997	425.5
603.206	408.5
603.415	411.5
603.623	406.5
603.832	404.5
604.041	408.5
604.249	387.5
604.458	388.5
604.666	381.5
604.875	353.5
605.084	386.5
605.292	403.5
605.501	388.5
605.709	419.5
605.918	390.5
606.126	408.5
606.334	416.5
606.543	406.5
606.751	411.5
606.96	415.5
607.168	398.5
607.376	402.5
607.585	421.5
607.793	406.5
608.001	418.5
608.21	411.5
608.418	394.5
608.626	401.5
608.834	420.5
609.043	389.5
609.251	401.5
609.459	409.5
609.667	411.5
609.875	393.5
610.083	404.5
610.291	397.5
610.499	407.5
610.707	442.5
610.916	412.5
611.124	411.5
611.332	404.5
611.54	429.5
611.748	406.5
611.955	423.5
612.163	407.5
612.371	395.5
612.579	406.5
612.787	408.5
612.995	403.5
613.203	392.5
613.411	403.5
613.618	390.5
613.826	382.5
614.034	406.5
614.242	389.5
614.449	413.5
614.657	392.5
614.865	418.5
615.072	399.5
615.28	386.5
615.488	371.5
615.695	402.5
615.903	368.5
616.111	394.5
616.318	403.5
616.526	393.5
616.733	387.5
616.941	399.5
617.148	386.5
617.356	390.5
617.563	394.5
617.771	385.5
617.978	372.5
618.185	387.5
618.393	397.5
618.6	386.5
618.807	374.5
619.015	375.5
619.222	382.5
619.429	364.5
619.637	362.5
619.844	358.5
620.051	344.5
620.258	346.5
620.466	348.5
620.673	346.5
620.88	347.5
621.087	350.5
621.294	337.5
621.501	322.5
621.708	346.5
621.915	352.5
622.122	358.5
622.329	347.5
622.536	362.5
622.743	330.5
622.95	352.5
623.157	355.5
623.364	334.5
623.571	342.5
623.778	348.5
623.985	329.5
624.192	337.5
624.399	335.5
624.606	329.5
624.812	332.5
625.019	342.5
625.226	340.5
625.433	338.5
625.639	307.5
625.846	320.5
626.053	299.5
626.259	302.5
626.466	278.5
626.673	298.5
626.879	305.5
627.086	297.5
627.293	321.5
627.499	319.5
627.706	308.5
627.912	316.5
628.119	305.5
628.325	317.5
628.532	315.5
628.738	305.5
628.945	305.5
629.151	307.5
629.357	328.5
629.564	293.5
629.77	304.5
629.976	308.5
630.183	283.5
630.389	288.5
630.595	310.5
630.802	286.5
631.008	304.5
631.214	307.5
631.42	299.5
631.627	287.5
631.833	274.5
632.039	294.5
632.245	282.5
632.451	288.5
632.657	295.5
632.863	289.5
633.069	284.5
633.275	277.5
633.481	289.5
633.688	286.5
633.893	274.5
634.099	269.5
634.305	265.5
634.511	273.5
634.717	282.5
634.923	265.5
635.129	276.5
635.335	278.5
635.541	282.5
635.747	300.5
635.952	308.5
636.158	353.5
636.364	475.5
636.57	575.5
636.775	448.5
636.981	383.5
637.187	340.5
637.392	320.5
637.598	322.5
637.804	324.5
638.009	299.5
638.215	282.5
638.421	294.5
638.626	294.5
638.832	289.5
639.037	287.5
639.243	282.5
639.448	272.5
639.654	274.5
639.859	268.5
640.065	261.5
640.27	273.5
640.475	249.5
640.681	248.5
640.886	266.5
641.091	277.5
641.297	258.5
641.502	259.5
641.707	268.5
641.913	262.5
642.118	266.5
642.323	276.5
642.528	258.5
642.733	250.5
642.939	260.5
643.144	255.5
643.349	264.5
643.554	234.5
643.759	237.5
643.964	245.5
644.169	244.5
644.374	246.5
644.579	240.5
644.784	243.5
644.989	262.5
645.194	241.5
645.399	240.5
645.604	255.5
645.809	255.5
646.014	238.5
646.219	251.5
646.423	248.5
646.628	240.5
646.833	270.5
647.038	243.5
647.243	254.5
647.447	240.5
647.652	247.5
647.857	246.5
648.062	256.5
648.266	255.5
648.471	266.5
648.676	269.5
648.88	250.5
649.085	258.5
649.289	247.5
649.494	252.5
649.698	280.5
649.903	274.5
650.107	252.5
650.312	248.5
650.516	232.5
650.721	238.5
650.925	222.5
651.13	232.5
651.334	212.5
651.539	224.5
651.743	211.5
651.947	212.5
652.152	204.5
652.356	192.5
652.56	204.5
652.764	198.5
652.969	196.5
653.173	200.5
653.377	192.5
653.581	202.5
653.785	200.5
653.99	189.5
654.194	190.5
654.398	186.5
654.602	199.5
654.806	169.5
655.01	201.5
655.214	199.5
655.418	186.5
655.622	198.5
655.826	184.5
656.03	180.5
656.234	164.5
656.438	178.5
656.642	178.5
656.846	178.5
657.049	182.5
657.253	146.5
657.457	161.5
657.661	161.5
657.865	130.5
658.068	136.5
658.272	134.5
658.476	135.5
658.68	122.5
658.883	122.5
659.087	129.5
659.291	114.5
659.494	111.5
659.698	111.5
659.901	103.5
660.105	97.5
660.309	111.5
660.512	108.5
660.716	107.5
660.919	115.5
661.123	99.5
661.326	106.5
661.53	102.5
661.733	88.5
661.936	89.5
662.14	103.5
662.343	102.5
662.546	81.5
662.75	79.5
662.953	91.5
663.156	77.5
663.36	96.5
663.563	73.5
663.766	65.5
663.969	75.5
664.173	75.5
664.376	71.5
664.579	89.5
664.782	69.5
664.985	70.5
665.188	75.5
665.391	87.5
665.594	85.5
665.797	90.5
666	71.5
666.203	78.5
666.406	81.5
666.609	68.5
666.812	76.5
667.015	76.5
667.218	90.5
667.421	82.5
667.624	79.5
667.827	91.5
668.03	83.5
668.232	83.5
668.435	92.5
668.638	79.5
668.841	88.5
669.043	80.5
669.246	81.5
669.449	81.5
669.651	83.5
669.854	69.5
670.057	79.5
670.259	89.5
670.462	87.5
670.665	81.5
670.867	88.5
671.07	84.5
671.272	76.5
671.475	82.5
671.677	81.5
671.88	75.5
672.082	78.5
672.284	80.5
672.487	72.5
672.689	77.5
672.892	83.5
