223.165	-12.94
223.4	-12.94
223.635	-12.94
223.869	-7.94
224.104	-8.94
224.338	-9.94
224.573	-0.94
224.808	-11.94
225.042	-8.94
225.277	2.06
225.511	-1.94
225.746	-21.94
225.98	3.06
226.215	3.06
226.449	4.06
226.683	14.06
226.918	35.06
227.152	24.06
227.387	32.06
227.621	41.06
227.856	40.06
228.09	54.06
228.324	60.06
228.559	69.06
228.793	81.06
229.027	128.06
229.262	142.06
229.496	154.06
229.73	168.06
229.964	170.06
230.199	153.06
230.433	147.06
230.667	144.06
230.901	154.06
231.136	121.06
231.37	138.06
231.604	139.06
231.838	144.06
232.072	138.06
232.306	137.06
232.541	144.06
232.775	129.06
233.009	157.06
233.243	150.06
233.477	150.06
233.711	149.06
233.945	143.06
234.179	142.06
234.413	151.06
234.647	161.06
234.881	144.06
235.115	147.06
235.349	160.06
235.583	164.06
235.817	157.06
236.051	151.06
236.285	150.06
236.519	152.06
236.753	179.06
236.987	172.06
237.221	200.06
237.455	246.06
237.689	214.06
237.922	168.06
238.156	165.06
238.39	176.06
238.624	157.06
238.858	162.06
239.091	150.06
239.325	158.06
239.559	171.06
239.793	180.06
240.027	174.06
240.26	177.06
240.494	196.06
240.728	189.06
240.961	184.06
241.195	188.06
241.429	183.06
241.662	194.06
241.896	188.06
242.13	184.06
242.363	197.06
242.597	198.06
242.83	189.06
243.064	183.06
243.298	194.06
243.531	198.06
243.765	199.06
243.998	197.06
244.232	195.06
244.465	214.06
244.699	212.06
244.932	204.06
245.166	210.06
245.399	213.06
245.633	199.06
245.866	216.06
246.099	213.06
246.333	225.06
246.566	212.06
246.8	213.06
247.033	208.06
247.266	232.06
247.5	232.06
247.733	225.06
247.966	240.06
248.2	237.06
248.433	245.06
248.666	254.06
248.899	246.06
249.133	277.06
249.366	300.06
249.599	300.06
249.832	294.06
250.066	308.06
250.299	338.06
250.532	432.06
250.765	480.06
250.998	419.06
251.231	370.06
251.465	342.06
251.698	320.06
251.931	321.06
252.164	308.06
252.397	296.06
252.63	282.06
252.863	317.06
253.096	295.06
253.329	299.06
253.562	303.06
253.795	305.06
254.028	316.06
254.261	303.06
254.494	324.06
254.727	332.06
254.96	368.06
255.193	372.06
255.426	380.06
255.659	406.06
255.892	533.06
256.124	720.06
256.357	765.06
256.59	612.06
256.823	484.06
257.056	440.06
257.289	390.06
257.521	398.06
257.754	380.06
257.987	370.06
258.22	356.06
258.452	342.06
258.685	360.06
258.918	337.06
259.151	324.06
259.383	328.06
259.616	337.06
259.849	325.06
260.081	338.06
260.314	345.06
260.547	359.06
260.779	343.06
261.012	326.06
261.244	325.06
261.477	328.06
261.71	341.06
261.942	360.06
262.175	347.06
262.407	355.06
262.64	335.06
262.872	355.06
263.105	325.06
263.337	330.06
263.57	332.06
263.802	328.06
264.035	312.06
264.267	326.06
264.499	330.06
264.732	319.06
264.964	312.06
265.197	312.06
265.429	307.06
265.661	312.06
265.894	332.06
266.126	325.06
266.358	325.06
266.591	317.06
266.823	322.06
267.055	334.06
267.287	330.06
267.52	340.06
267.752	337.06
267.984	337.06
268.216	336.06
268.448	337.06
268.681	331.06
268.913	346.06
269.145	370.06
269.377	361.06
269.609	372.06
269.841	346.06
270.073	370.06
270.306	375.06
270.538	392.06
270.77	372.06
271.002	372.06
271.234	368.06
271.466	387.06
271.698	386.06
271.93	401.06
272.162	433.06
272.394	407.06
272.626	385.06
272.858	377.06
273.09	391.06
273.322	382.06
273.553	393.06
273.785	376.06
274.017	390.06
274.249	402.06
274.481	392.06
274.713	421.06
274.945	413.06
275.176	400.06
275.408	417.06
275.64	402.06
275.872	424.06
276.104	432.06
276.335	435.06
276.567	421.06
276.799	449.06
277.031	508.06
277.262	556.06
277.494	551.06
277.726	489.06
277.957	468.06
278.189	447.06
278.421	456.06
278.652	451.06
278.884	461.06
279.115	448.06
279.347	442.06
279.579	441.06
279.81	463.06
280.042	485.06
280.273	551.06
280.505	591.06
280.736	510.06
280.968	474.06
281.199	474.06
281.431	467.06
281.662	428.06
281.894	437.06
282.125	442.06
282.356	455.06
282.588	490.06
282.819	510.06
283.051	462.06
283.282	457.06
283.513	446.06
283.745	428.06
283.976	425.06
284.207	423.06
284.439	442.06
284.67	454.06
284.901	453.06
285.132	433.06
285.364	433.06
285.595	443.06
285.826	435.06
286.057	435.06
286.288	429.06
286.52	448.06
286.751	436.06
286.982	433.06
287.213	433.06
287.444	460.06
287.675	430.06
287.906	453.06
288.138	462.06
288.369	469.06
288.6	465.06
288.831	465.06
289.062	440.06
289.293	443.06
289.524	463.06
289.755	480.06
289.986	464.06
290.217	448.06
290.448	432.06
290.679	452.06
290.91	451.06
291.141	451.06
291.371	445.06
291.602	453.06
291.833	431.06
292.064	442.06
292.295	467.06
292.526	437.06
292.757	439.06
292.987	440.06
293.218	410.06
293.449	430.06
293.68	467.06
293.91	429.06
294.141	438.06
294.372	456.06
294.603	449.06
294.833	459.06
295.064	455.06
295.295	475.06
295.525	453.06
295.756	473.06
295.987	455.06
296.217	512.06
296.448	526.06
296.679	460.06
296.909	451.06
297.14	460.06
297.37	472.06
297.601	454.06
297.831	477.06
298.062	453.06
298.292	461.06
298.523	464.06
298.753	493.06
298.984	476.06
299.214	464.06
299.445	473.06
299.675	486.06
299.905	501.06
300.136	481.06
300.366	466.06
300.597	490.06
300.827	518.06
301.057	517.06
301.288	529.06
301.518	539.06
301.748	534.06
301.979	547.06
302.209	529.06
302.439	523.06
302.669	503.06
302.9	528.06
303.13	538.06
303.36	522.06
303.59	525.06
303.82	586.06
304.051	560.06
304.281	539.06
304.511	552.06
304.741	529.06
304.971	500.06
305.201	519.06
305.431	508.06
305.661	524.06
305.891	536.06
306.121	522.06
306.352	518.06
306.582	546.06
306.812	526.06
307.042	565.06
307.272	577.06
307.502	596.06
307.731	620.06
307.961	590.06
308.191	556.06
308.421	558.06
308.651	550.06
308.881	540.06
309.111	536.06
309.341	545.06
309.571	564.06
309.8	550.06
310.03	568.06
310.26	584.06
310.49	583.06
310.72	582.06
310.949	607.06
311.179	620.06
311.409	572.06
311.639	604.06
311.868	589.06
312.098	578.06
312.328	590.06
312.557	636.06
312.787	646.06
313.017	633.06
313.246	625.06
313.476	586.06
313.706	596.06
313.935	602.06
314.165	627.06
314.394	631.06
314.624	631.06
314.853	627.06
315.083	610.06
315.312	584.06
315.542	596.06
315.771	597.06
316.001	594.06
316.23	591.06
316.46	592.06
316.689	584.06
316.919	623.06
317.148	613.06
317.377	633.06
317.607	643.06
317.836	636.06
318.065	610.06
318.295	633.06
318.524	602.06
318.753	618.06
318.983	650.06
319.212	649.06
319.441	609.06
319.67	642.06
319.9	614.06
320.129	636.06
320.358	668.06
320.587	658.06
320.816	656.06
321.046	667.06
321.275	680.06
321.504	678.06
321.733	675.06
321.962	704.06
322.191	710.06
322.42	751.06
322.649	757.06
322.878	768.06
323.108	776.06
323.337	827.06
323.566	850.06
323.795	900.06
324.024	988.06
324.253	1186.06
324.482	1636.06
324.71	2529.06
324.939	3493.06
325.168	2854.06
325.397	1560.06
325.626	1150.06
325.855	1051.06
326.084	985.06
326.313	948.06
326.542	960.06
326.77	1091.06
326.999	1222.06
327.228	1666.06
327.457	2525.06
327.686	2919.06
327.914	2117.06
328.143	1914.06
328.372	2118.06
328.6	1832.06
328.829	1430.06
329.058	1338.06
329.287	1387.06
329.515	1418.06
329.744	1576.06
329.972	1993.06
330.201	2725.06
330.43	3398.06
330.658	2762.06
330.887	1859.06
331.115	1509.06
331.344	1266.06
331.572	1191.06
331.801	1178.06
332.03	1140.06
332.258	1113.06
332.486	1109.06
332.715	1153.06
332.943	1206.06
333.172	1285.06
333.4	1401.06
333.629	1524.06
333.857	1737.06
334.085	2240.06
334.314	3035.06
334.542	4214.06
334.771	4496.06
334.999	2793.06
335.227	1820.06
335.455	1464.06
335.684	1272.06
335.912	1168.06
336.14	1118.06
336.369	1084.06
336.597	1038.06
336.825	1020.06
337.053	987.06
337.281	979.06
337.51	886.06
337.738	886.06
337.966	882.06
338.194	876.06
338.422	841.06
338.65	845.06
338.878	804.06
339.106	816.06
339.334	814.06
339.562	835.06
339.79	794.06
340.018	792.06
340.246	793.06
340.474	792.06
340.702	789.06
340.93	776.06
341.158	776.06
341.386	790.06
341.614	766.06
341.842	759.06
342.07	760.06
342.298	743.06
342.526	737.06
342.754	726.06
342.981	725.06
343.209	717.06
343.437	765.06
343.665	772.06
343.893	822.06
344.12	823.06
344.348	823.06
344.576	775.06
344.804	792.06
345.031	789.06
345.259	790.06
345.487	779.06
345.714	736.06
345.942	724.06
346.17	727.06
346.397	696.06
346.625	709.06
346.853	729.06
347.08	717.06
347.308	725.06
347.535	735.06
347.763	763.06
347.99	740.06
348.218	742.06
348.445	758.06
348.673	756.06
348.9	704.06
349.128	728.06
349.355	697.06
349.583	700.06
349.81	688.06
350.037	692.06
350.265	704.06
350.492	734.06
350.72	702.06
350.947	724.06
351.174	734.06
351.402	736.06
351.629	751.06
351.856	732.06
352.083	756.06
352.311	738.06
352.538	756.06
352.765	774.06
352.992	742.06
353.22	727.06
353.447	727.06
353.674	720.06
353.901	673.06
354.128	702.06
354.355	706.06
354.583	692.06
354.81	710.06
355.037	693.06
355.264	683.06
355.491	693.06
355.718	687.06
355.945	695.06
356.172	687.06
356.399	697.06
356.626	686.06
356.853	690.06
357.08	659.06
357.307	642.06
357.534	680.06
357.761	692.06
357.988	698.06
358.215	692.06
358.441	680.06
358.668	685.06
358.895	681.06
359.122	708.06
359.349	728.06
359.576	741.06
359.802	761.06
360.029	783.06
360.256	797.06
360.483	775.06
360.709	743.06
360.936	746.06
361.163	732.06
361.39	730.06
361.616	725.06
361.843	735.06
362.07	709.06
362.296	730.06
362.523	725.06
362.749	734.06
362.976	731.06
363.203	715.06
363.429	702.06
363.656	725.06
363.882	696.06
364.109	702.06
364.335	706.06
364.562	709.06
364.788	691.06
365.015	722.06
365.241	722.06
365.468	735.06
365.694	727.06
365.92	710.06
366.147	746.06
366.373	696.06
366.599	735.06
366.826	686.06
367.052	689.06
367.278	739.06
367.505	740.06
367.731	714.06
367.957	706.06
368.184	726.06
368.41	734.06
368.636	750.06
368.862	744.06
369.089	740.06
369.315	756.06
369.541	735.06
369.767	733.06
369.993	751.06
370.219	738.06
370.445	766.06
370.672	743.06
370.898	746.06
371.124	710.06
371.35	736.06
371.576	752.06
371.802	736.06
372.028	742.06
372.254	757.06
372.48	727.06
372.706	747.06
372.932	765.06
373.158	761.06
373.384	769.06
373.61	745.06
373.835	750.06
374.061	735.06
374.287	762.06
374.513	769.06
374.739	794.06
374.965	812.06
375.191	782.06
375.416	803.06
375.642	786.06
375.868	781.06
376.094	768.06
376.319	772.06
376.545	773.06
376.771	752.06
376.997	748.06
377.222	751.06
377.448	750.06
377.674	745.06
377.899	748.06
378.125	732.06
378.35	750.06
378.576	739.06
378.802	727.06
379.027	753.06
379.253	744.06
379.478	744.06
379.704	743.06
379.929	752.06
380.155	729.06
380.38	755.06
380.606	770.06
380.831	770.06
381.057	752.06
381.282	744.06
381.507	774.06
381.733	750.06
381.958	742.06
382.184	798.06
382.409	778.06
382.634	781.06
382.86	779.06
383.085	790.06
383.31	804.06
383.535	809.06
383.761	806.06
383.986	808.06
384.211	833.06
384.436	853.06
384.662	866.06
384.887	867.06
385.112	853.06
385.337	856.06
385.562	847.06
385.787	854.06
386.013	868.06
386.238	891.06
386.463	888.06
386.688	863.06
386.913	877.06
387.138	850.06
387.363	860.06
387.588	864.06
387.813	871.06
388.038	854.06
388.263	869.06
388.488	865.06
388.713	874.06
388.938	866.06
389.163	882.06
389.387	868.06
389.612	847.06
389.837	869.06
390.062	844.06
390.287	868.06
390.512	873.06
390.736	879.06
390.961	890.06
391.186	896.06
391.411	918.06
391.636	912.06
391.86	948.06
392.085	942.06
392.31	978.06
392.534	921.06
392.759	908.06
392.984	900.06
393.208	885.06
393.433	904.06
393.658	913.06
393.882	934.06
394.107	904.06
394.331	931.06
394.556	935.06
394.78	926.06
395.005	951.06
395.229	952.06
395.454	953.06
395.678	952.06
395.903	953.06
396.127	966.06
396.352	932.06
396.576	937.06
396.801	941.06
397.025	945.06
397.249	967.06
397.474	996.06
397.698	973.06
397.922	968.06
398.147	991.06
398.371	1029.06
398.595	1048.06
398.82	1066.06
399.044	1156.06
399.268	1231.06
399.492	1338.06
399.717	1477.06
399.941	1448.06
400.165	1404.06
400.389	1317.06
400.613	1172.06
400.837	1159.06
401.062	1137.06
401.286	1094.06
401.51	1118.06
401.734	1100.06
401.958	1122.06
402.182	1142.06
402.406	1169.06
402.63	1180.06
402.854	1191.06
403.078	1200.06
403.302	1190.06
403.526	1232.06
403.75	1246.06
403.974	1262.06
404.198	1256.06
404.422	1304.06
404.645	1319.06
404.869	1349.06
405.093	1409.06
405.317	1465.06
405.541	1452.06
405.765	1391.06
405.988	1342.06
406.212	1331.06
406.436	1363.06
406.66	1370.06
406.883	1322.06
407.107	1398.06
407.331	1449.06
407.555	1503.06
407.778	1478.06
408.002	1401.06
408.226	1352.06
408.449	1374.06
408.673	1300.06
408.896	1313.06
409.12	1326.06
409.344	1306.06
409.567	1272.06
409.791	1269.06
410.014	1232.06
410.238	1282.06
410.461	1230.06
410.685	1230.06
410.908	1253.06
411.132	1268.06
411.355	1257.06
411.578	1274.06
411.802	1249.06
412.025	1288.06
412.249	1350.06
412.472	1425.06
412.695	1502.06
412.919	1445.06
413.142	1372.06
413.365	1346.06
413.589	1281.06
413.812	1230.06
414.035	1221.06
414.258	1217.06
414.482	1190.06
414.705	1212.06
414.928	1182.06
415.151	1145.06
415.374	1172.06
415.597	1182.06
415.821	1155.06
416.044	1160.06
416.267	1143.06
416.49	1141.06
416.713	1146.06
416.936	1159.06
417.159	1158.06
417.382	1162.06
417.605	1234.06
417.828	1239.06
418.051	1235.06
418.274	1192.06
418.497	1186.06
418.72	1185.06
418.943	1168.06
419.166	1260.06
419.389	1330.06
419.611	1310.06
419.834	1356.06
420.057	1381.06
420.28	1420.06
420.503	1404.06
420.726	1303.06
420.948	1312.06
421.171	1297.06
421.394	1282.06
421.617	1243.06
421.839	1240.06
422.062	1215.06
422.285	1209.06
422.507	1283.06
422.73	1328.06
422.953	1316.06
423.175	1224.06
423.398	1282.06
423.621	1215.06
423.843	1261.06
424.066	1294.06
424.288	1229.06
424.511	1237.06
424.733	1312.06
424.956	1392.06
425.178	1340.06
425.401	1354.06
425.623	1348.06
425.846	1225.06
426.068	1210.06
426.291	1200.06
426.513	1175.06
426.735	1175.06
426.958	1264.06
427.18	1288.06
427.402	1430.06
427.625	1572.06
427.847	1555.06
428.069	1507.06
428.292	1397.06
428.514	1237.06
428.736	1192.06
428.958	1165.06
429.181	1136.06
429.403	1128.06
429.625	1133.06
429.847	1143.06
430.069	1193.06
430.292	1168.06
430.514	1102.06
430.736	1088.06
430.958	1096.06
431.18	1074.06
431.402	1074.06
431.624	1057.06
431.846	1048.06
432.068	1059.06
432.29	1046.06
432.512	1049.06
432.734	1058.06
432.956	1061.06
433.178	1074.06
433.4	1083.06
433.622	1086.06
433.844	1080.06
434.066	1105.06
434.287	1024.06
434.509	1071.06
434.731	1110.06
434.953	1116.06
435.175	1181.06
435.397	1173.06
435.618	1156.06
435.84	1157.06
436.062	1240.06
436.284	1307.06
436.505	1179.06
436.727	1148.06
436.949	1097.06
437.17	1108.06
437.392	1062.06
437.614	1103.06
437.835	1128.06
438.057	1245.06
438.278	1300.06
438.5	1290.06
438.721	1397.06
438.943	1312.06
439.165	1172.06
439.386	1150.06
439.608	1164.06
439.829	1166.06
440.05	1234.06
440.272	1268.06
440.493	1238.06
440.715	1176.06
440.936	1161.06
441.158	1168.06
441.379	1199.06
441.6	1198.06
441.822	1256.06
442.043	1318.06
442.264	1335.06
442.486	1340.06
442.707	1252.06
442.928	1221.06
443.149	1230.06
443.371	1246.06
443.592	1285.06
443.813	1408.06
444.034	1416.06
444.255	1321.06
444.476	1266.06
444.698	1276.06
444.919	1346.06
445.14	1394.06
445.361	1287.06
445.582	1306.06
445.803	1353.06
446.024	1382.06
446.245	1395.06
446.466	1341.06
446.687	1219.06
446.908	1180.06
447.129	1158.06
447.35	1130.06
447.571	1118.06
447.792	1054.06
448.013	1087.06
448.234	1064.06
448.455	1136.06
448.675	1272.06
448.896	1332.06
449.117	1189.06
449.338	1167.06
449.559	1307.06
449.779	1366.06
450	1167.06
450.221	1078.06
450.442	1061.06
450.662	1070.06
450.883	1099.06
451.104	1134.06
451.324	1097.06
451.545	1034.06
451.766	1036.06
451.986	1039.06
452.207	988.06
452.428	992.06
452.648	1005.06
452.869	1009.06
453.089	992.06
453.31	1000.06
453.53	976.06
453.751	925.06
453.971	966.06
454.192	1015.06
454.412	978.06
454.633	976.06
454.853	961.06
455.073	920.06
455.294	962.06
455.514	1027.06
455.734	1011.06
455.955	940.06
456.175	927.06
456.395	917.06
456.616	888.06
456.836	918.06
457.056	902.06
457.276	883.06
457.497	936.06
457.717	921.06
457.937	926.06
458.157	953.06
458.377	961.06
458.598	1000.06
458.818	1107.06
459.038	1188.06
459.258	1179.06
459.478	1074.06
459.698	1038.06
459.918	1045.06
460.138	1103.06
460.358	1109.06
460.578	1113.06
460.798	1149.06
461.018	1168.06
461.238	1154.06
461.458	1132.06
461.678	1138.06
461.898	1149.06
462.118	1158.06
462.338	1223.06
462.558	1211.06
462.777	1253.06
462.997	1353.06
463.217	1432.06
463.437	1403.06
463.657	1332.06
463.876	1296.06
464.096	1263.06
464.316	1264.06
464.536	1249.06
464.755	1276.06
464.975	1282.06
465.195	1353.06
465.414	1427.06
465.634	1282.06
465.854	1152.06
466.073	1123.06
466.293	1110.06
466.512	1091.06
466.732	1065.06
466.951	1086.06
467.171	1092.06
467.391	1124.06
467.61	1146.06
467.829	1223.06
468.049	1522.06
468.268	2326.06
468.488	1750.06
468.707	1358.06
468.927	1258.06
469.146	1181.06
469.365	1180.06
469.585	1148.06
469.804	1145.06
470.023	1180.06
470.243	1170.06
470.462	1236.06
470.681	1243.06
470.901	1171.06
471.12	1154.06
471.339	1189.06
471.558	1229.06
471.777	1280.06
471.997	1432.06
472.216	2091.06
472.435	4313.06
472.654	3378.06
472.873	2058.06
473.092	1646.06
473.311	1509.06
473.53	1375.06
473.749	1326.06
473.968	1320.06
474.187	1332.06
474.406	1305.06
474.625	1228.06
474.844	1143.06
475.063	1184.06
475.282	1148.06
475.501	1171.06
475.72	1133.06
475.939	1151.06
476.158	1157.06
476.377	1148.06
476.596	1156.06
476.814	1141.06
477.033	1152.06
477.252	1180.06
477.471	1166.06
477.69	1192.06
477.908	1249.06
478.127	1225.06
478.346	1281.06
478.564	1264.06
478.783	1300.06
479.002	1328.06
479.22	1350.06
479.439	1375.06
479.658	1394.06
479.876	1377.06
480.095	1410.06
480.313	1534.06
480.532	1624.06
480.751	1819.06
480.969	2400.06
481.188	5370.06
481.406	7402.06
481.624	3797.06
481.843	2659.06
482.061	2178.06
482.28	1931.06
482.498	1777.06
482.717	1712.06
482.935	1624.06
483.153	1587.06
483.372	1545.06
483.59	1517.06
483.808	1485.06
484.027	1420.06
484.245	1447.06
484.463	1414.06
484.681	1456.06
484.9	1456.06
485.118	1422.06
485.336	1391.06
485.554	1407.06
485.772	1386.06
485.99	1381.06
486.209	1382.06
486.427	1377.06
486.645	1394.06
486.863	1468.06
487.081	1463.06
487.299	1406.06
487.517	1430.06
487.735	1462.06
487.953	1459.06
488.171	1448.06
488.389	1457.06
488.607	1485.06
488.825	1416.06
489.043	1382.06
489.261	1414.06
489.479	1419.06
489.696	1436.06
489.914	1446.06
490.132	1456.06
490.35	1483.06
490.568	1611.06
490.786	1617.06
491.003	1661.06
491.221	1700.06
491.439	1791.06
491.657	1848.06
491.874	1873.06
492.092	1918.06
492.31	2014.06
492.527	2002.06
492.745	2034.06
492.963	1974.06
493.18	1991.06
493.398	1934.06
493.615	1914.06
493.833	1862.06
494.05	1860.06
494.268	1827.06
494.485	1794.06
494.703	1768.06
494.92	1716.06
495.138	1710.06
495.355	1712.06
495.573	1700.06
495.79	1681.06
496.008	1679.06
496.225	1625.06
496.442	1632.06
496.66	1623.06
496.877	1641.06
497.094	1610.06
497.312	1642.06
497.529	1641.06
497.746	1650.06
497.963	1651.06
498.181	1661.06
498.398	1663.06
498.615	1755.06
498.832	1789.06
499.049	1861.06
499.267	1979.06
499.484	2104.06
499.701	2228.06
499.918	2399.06
500.135	2650.06
500.352	2878.06
500.569	3032.06
500.786	3088.06
501.003	2894.06
501.22	2624.06
501.437	2386.06
501.654	2214.06
501.871	2066.06
502.088	2008.06
502.305	1862.06
502.522	1741.06
502.739	1727.06
502.956	1652.06
503.172	1598.06
503.389	1542.06
503.606	1535.06
503.823	1558.06
504.04	1512.06
504.256	1495.06
504.473	1503.06
504.69	1500.06
504.907	1521.06
505.123	1404.06
505.34	1392.06
505.557	1353.06
505.773	1340.06
505.99	1311.06
506.207	1263.06
506.423	1300.06
506.64	1260.06
506.856	1263.06
507.073	1234.06
507.289	1240.06
507.506	1264.06
507.722	1264.06
507.939	1286.06
508.155	1226.06
508.372	1217.06
508.588	1215.06
508.805	1205.06
509.021	1185.06
509.238	1194.06
509.454	1169.06
509.67	1189.06
509.887	1159.06
510.103	1158.06
510.319	1225.06
510.536	1444.06
510.752	2689.06
510.968	1991.06
511.184	1306.06
511.401	1233.06
511.617	1218.06
511.833	1312.06
512.049	1362.06
512.265	1332.06
512.481	1266.06
512.698	1218.06
512.914	1216.06
513.13	1197.06
513.346	1162.06
513.562	1176.06
513.778	1200.06
513.994	1172.06
514.21	1225.06
514.426	1279.06
514.642	1330.06
514.858	1399.06
515.074	1469.06
515.29	1768.06
515.506	2732.06
515.721	2082.06
515.937	1444.06
516.153	1318.06
516.369	1319.06
516.585	1249.06
516.801	1282.06
517.016	1262.06
517.232	1324.06
517.448	1333.06
517.664	1419.06
517.879	1378.06
518.095	1367.06
518.311	1363.06
518.527	1322.06
518.742	1286.06
518.958	1277.06
519.173	1235.06
519.389	1231.06
519.605	1218.06
519.82	1192.06
520.036	1217.06
520.251	1242.06
520.467	1285.06
520.682	1251.06
520.898	1281.06
521.113	1318.06
521.329	1406.06
521.544	1558.06
521.76	2033.06
521.975	3558.06
522.19	3275.06
522.406	1741.06
522.621	1346.06
522.836	1241.06
523.052	1157.06
523.267	1119.06
523.482	1143.06
523.698	1081.06
523.913	1113.06
524.128	1094.06
524.343	1064.06
524.559	1068.06
524.774	1034.06
524.989	1075.06
525.204	1070.06
525.419	1029.06
525.634	1009.06
525.849	1015.06
526.064	1024.06
526.28	975.06
526.495	973.06
526.71	983.06
526.925	966.06
527.14	968.06
527.355	943.06
527.57	955.06
527.785	940.06
527.999	952.06
528.214	956.06
528.429	940.06
528.644	975.06
528.859	1009.06
529.074	1010.06
529.289	1049.06
529.503	1247.06
529.718	1113.06
529.933	1011.06
530.148	1003.06
530.363	971.06
530.577	971.06
530.792	932.06
531.007	941.06
531.221	945.06
531.436	917.06
531.651	933.06
531.865	915.06
532.08	903.06
532.295	928.06
532.509	940.06
532.724	943.06
532.938	915.06
533.153	919.06
533.367	974.06
533.582	950.06
533.796	932.06
534.011	925.06
534.225	896.06
534.44	894.06
534.654	882.06
534.868	868.06
535.083	897.06
535.297	892.06
535.511	918.06
535.726	937.06
535.94	901.06
536.154	902.06
536.369	890.06
536.583	858.06
536.797	844.06
537.011	868.06
537.225	836.06
537.44	853.06
537.654	863.06
537.868	844.06
538.082	862.06
538.296	876.06
538.51	851.06
538.724	860.06
538.938	884.06
539.153	892.06
539.367	895.06
539.581	889.06
539.795	866.06
540.009	863.06
540.222	847.06
540.436	838.06
540.65	842.06
540.864	885.06
541.078	904.06
541.292	952.06
541.506	949.06
541.72	945.06
541.934	976.06
542.147	977.06
542.361	932.06
542.575	903.06
542.789	873.06
543.002	866.06
543.216	874.06
543.43	882.06
543.644	874.06
543.857	902.06
544.071	918.06
544.285	942.06
544.498	916.06
544.712	919.06
544.925	926.06
545.139	928.06
545.352	931.06
545.566	962.06
545.779	951.06
545.993	945.06
546.206	946.06
546.42	928.06
546.633	949.06
546.847	920.06
547.06	925.06
547.274	938.06
547.487	928.06
547.7	951.06
547.914	928.06
548.127	916.06
548.34	943.06
548.554	911.06
548.767	926.06
548.98	926.06
549.193	941.06
549.407	919.06
549.62	907.06
549.833	925.06
550.046	943.06
550.259	896.06
550.473	899.06
550.686	908.06
550.899	899.06
551.112	888.06
551.325	861.06
551.538	883.06
551.751	833.06
551.964	846.06
552.177	839.06
552.39	886.06
552.603	898.06
552.816	954.06
553.029	969.06
553.242	973.06
553.455	956.06
553.667	1024.06
553.88	969.06
554.093	949.06
554.306	929.06
554.519	926.06
554.732	915.06
554.944	884.06
555.157	910.06
555.37	851.06
555.583	870.06
555.795	884.06
556.008	840.06
556.221	800.06
556.433	816.06
556.646	794.06
556.859	816.06
557.071	804.06
557.284	792.06
557.496	778.06
557.709	785.06
557.921	757.06
558.134	802.06
558.346	793.06
558.559	770.06
558.771	770.06
558.984	764.06
559.196	773.06
559.409	738.06
559.621	744.06
559.833	736.06
560.046	751.06
560.258	777.06
560.47	763.06
560.683	754.06
560.895	749.06
561.107	757.06
561.32	737.06
561.532	733.06
561.744	741.06
561.956	745.06
562.168	744.06
562.381	748.06
562.593	734.06
562.805	735.06
563.017	746.06
563.229	727.06
563.441	717.06
563.653	719.06
563.865	739.06
564.077	722.06
564.289	722.06
564.501	720.06
564.713	743.06
564.925	754.06
565.137	770.06
565.349	784.06
565.561	793.06
565.773	784.06
565.985	822.06
566.197	885.06
566.408	874.06
566.62	921.06
566.832	982.06
567.044	993.06
567.255	993.06
567.467	993.06
567.679	1029.06
567.891	1052.06
568.102	1112.06
568.314	1041.06
568.526	937.06
568.737	871.06
568.949	814.06
569.161	786.06
569.372	733.06
569.584	713.06
569.795	666.06
570.007	684.06
570.218	748.06
570.43	731.06
570.641	672.06
570.853	674.06
571.064	668.06
571.276	696.06
571.487	692.06
571.698	639.06
571.91	628.06
572.121	620.06
572.333	623.06
572.544	605.06
572.755	582.06
572.966	585.06
573.178	566.06
573.389	573.06
573.6	585.06
573.811	564.06
574.023	547.06
574.234	568.06
574.445	534.06
574.656	536.06
574.867	559.06
575.078	538.06
575.289	566.06
575.501	546.06
575.712	517.06
575.923	535.06
576.134	548.06
576.345	526.06
576.556	528.06
576.767	552.06
576.978	550.06
577.188	530.06
577.399	528.06
577.61	536.06
577.821	512.06
578.032	531.06
578.243	585.06
578.454	942.06
578.665	694.06
578.875	517.06
579.086	521.06
579.297	499.06
579.508	493.06
579.718	478.06
579.929	498.06
580.14	479.06
580.35	474.06
580.561	476.06
580.772	487.06
580.982	503.06
581.193	489.06
581.403	473.06
581.614	474.06
581.825	458.06
582.035	481.06
582.246	472.06
582.456	478.06
582.667	472.06
582.877	467.06
583.087	469.06
583.298	457.06
583.508	450.06
583.719	462.06
583.929	472.06
584.139	472.06
584.35	459.06
584.56	454.06
584.77	452.06
584.981	464.06
585.191	458.06
585.401	468.06
585.611	468.06
585.821	446.06
586.032	430.06
586.242	422.06
586.452	442.06
586.662	449.06
586.872	461.06
587.082	430.06
587.292	442.06
587.502	445.06
587.713	440.06
587.923	454.06
588.133	433.06
588.343	445.06
588.553	435.06
588.762	445.06
588.972	443.06
589.182	466.06
589.392	448.06
589.602	479.06
589.812	469.06
590.022	457.06
590.232	430.06
590.441	441.06
590.651	450.06
590.861	436.06
591.071	440.06
591.281	445.06
591.49	448.06
591.7	458.06
591.91	462.06
592.119	464.06
592.329	457.06
592.539	483.06
592.748	470.06
592.958	497.06
593.167	491.06
593.377	514.06
593.587	522.06
593.796	521.06
594.006	512.06
594.215	512.06
594.424	514.06
594.634	494.06
594.843	494.06
595.053	473.06
595.262	488.06
595.472	460.06
595.681	454.06
595.89	449.06
596.1	436.06
596.309	425.06
596.518	439.06
596.727	435.06
596.937	431.06
597.146	401.06
597.355	422.06
597.564	402.06
597.774	413.06
597.983	408.06
598.192	412.06
598.401	395.06
598.61	403.06
598.819	421.06
599.028	389.06
599.237	414.06
599.446	393.06
599.655	378.06
599.864	414.06
600.073	410.06
600.282	385.06
600.491	392.06
600.7	396.06
600.909	409.06
601.118	397.06
601.327	417.06
601.536	412.06
601.745	418.06
601.953	413.06
602.162	420.06
602.371	422.06
602.58	422.06
602.789	418.06
602.997	427.06
603.206	422.06
603.415	412.06
603.623	416.06
603.832	411.06
604.041	418.06
604.249	398.06
604.458	387.06
604.666	383.06
604.875	405.06
605.084	408.06
605.292	412.06
605.501	409.06
605.709	437.06
605.918	418.06
606.126	432.06
606.334	419.06
606.543	402.06
606.751	414.06
606.96	405.06
607.168	412.06
607.376	414.06
607.585	415.06
607.793	410.06
608.001	420.06
608.21	422.06
608.418	420.06
608.626	430.06
608.834	397.06
609.043	425.06
609.251	418.06
609.459	398.06
609.667	392.06
609.875	431.06
610.083	412.06
610.291	415.06
610.499	405.06
610.707	426.06
610.916	428.06
611.124	416.06
611.332	404.06
611.54	417.06
611.748	421.06
611.955	412.06
612.163	413.06
612.371	399.06
612.579	405.06
612.787	412.06
612.995	423.06
613.203	390.06
613.411	417.06
613.618	386.06
613.826	385.06
614.034	392.06
614.242	392.06
614.449	374.06
614.657	392.06
614.865	387.06
615.072	393.06
615.28	392.06
615.488	399.06
615.695	408.06
615.903	382.06
616.111	395.06
616.318	414.06
616.526	386.06
616.733	405.06
616.941	417.06
617.148	398.06
617.356	394.06
617.563	390.06
617.771	392.06
617.978	386.06
618.185	369.06
618.393	380.06
618.6	388.06
618.807	374.06
619.015	389.06
619.222	381.06
619.429	375.06
619.637	359.06
619.844	345.06
620.051	352.06
620.258	348.06
620.466	369.06
620.673	359.06
620.88	361.06
621.087	361.06
621.294	347.06
621.501	342.06
621.708	355.06
621.915	353.06
622.122	356.06
622.329	358.06
622.536	360.06
622.743	355.06
622.95	343.06
623.157	368.06
623.364	352.06
623.571	348.06
623.778	343.06
623.985	372.06
624.192	349.06
624.399	330.06
624.606	360.06
624.812	328.06
625.019	325.06
625.226	345.06
625.433	339.06
625.639	318.06
625.846	311.06
626.053	291.06
626.259	289.06
626.466	287.06
626.673	300.06
626.879	318.06
627.086	305.06
627.293	325.06
627.499	320.06
627.706	326.06
627.912	315.06
628.119	328.06
628.325	321.06
628.532	314.06
628.738	323.06
628.945	325.06
629.151	318.06
629.357	287.06
629.564	305.06
629.77	300.06
629.976	285.06
630.183	306.06
630.389	300.06
630.595	322.06
630.802	302.06
631.008	318.06
631.214	285.06
631.42	295.06
631.627	293.06
631.833	280.06
632.039	292.06
632.245	297.06
632.451	293.06
632.657	292.06
632.863	288.06
633.069	291.06
633.275	314.06
633.481	292.06
633.688	286.06
633.893	304.06
634.099	286.06
634.305	283.06
634.511	290.06
634.717	295.06
634.923	273.06
635.129	281.06
635.335	279.06
635.541	286.06
635.747	298.06
635.952	323.06
636.158	354.06
636.364	466.06
636.57	618.06
636.775	479.06
636.981	414.06
637.187	370.06
637.392	345.06
637.598	351.06
637.804	326.06
638.009	318.06
638.215	305.06
638.421	312.06
638.626	320.06
638.832	289.06
639.037	293.06
639.243	286.06
639.448	300.06
639.654	286.06
639.859	284.06
640.065	292.06
640.27	279.06
640.475	275.06
640.681	281.06
640.886	263.06
641.091	271.06
641.297	289.06
641.502	286.06
641.707	273.06
641.913	286.06
642.118	273.06
642.323	278.06
642.528	252.06
642.733	256.06
642.939	246.06
643.144	264.06
643.349	260.06
643.554	254.06
643.759	261.06
643.964	257.06
644.169	246.06
644.374	236.06
644.579	237.06
644.784	239.06
644.989	256.06
645.194	246.06
645.399	262.06
645.604	263.06
645.809	257.06
646.014	245.06
646.219	245.06
646.423	268.06
646.628	266.06
646.833	259.06
647.038	243.06
647.243	256.06
647.447	255.06
647.652	262.06
647.857	256.06
648.062	251.06
648.266	275.06
648.471	253.06
648.676	252.06
648.88	249.06
649.085	252.06
649.289	256.06
649.494	256.06
649.698	275.06
649.903	248.06
650.107	242.06
650.312	265.06
650.516	242.06
650.721	254.06
650.925	226.06
651.13	217.06
651.334	222.06
651.539	217.06
651.743	215.06
651.947	224.06
652.152	214.06
652.356	197.06
652.56	209.06
652.764	205.06
652.969	201.06
653.173	199.06
653.377	197.06
653.581	195.06
653.785	193.06
653.99	204.06
654.194	202.06
654.398	190.06
654.602	193.06
654.806	197.06
655.01	194.06
655.214	182.06
655.418	194.06
655.622	189.06
655.826	168.06
656.03	184.06
656.234	177.06
656.438	184.06
656.642	176.06
656.846	188.06
657.049	172.06
657.253	171.06
657.457	149.06
657.661	159.06
657.865	152.06
658.068	140.06
658.272	138.06
658.476	123.06
658.68	127.06
658.883	124.06
659.087	125.06
659.291	139.06
659.494	100.06
659.698	129.06
659.901	121.06
660.105	122.06
660.309	98.06
660.512	112.06
660.716	129.06
660.919	119.06
661.123	106.06
661.326	111.06
661.53	99.06
661.733	92.06
661.936	113.06
662.14	86.06
662.343	84.06
662.546	89.06
662.75	94.06
662.953	103.06
663.156	96.06
663.36	91.06
663.563	96.06
663.766	92.06
663.969	82.06
664.173	94.06
664.376	76.06
664.579	78.06
664.782	85.06
664.985	83.06
665.188	85.06
665.391	82.06
665.594	92.06
665.797	86.06
666	90.06
666.203	83.06
666.406	83.06
666.609	83.06
666.812	95.06
667.015	80.06
667.218	84.06
667.421	84.06
667.624	98.06
667.827	108.06
668.03	82.06
668.232	90.06
668.435	74.06
668.638	90.06
668.841	95.06
669.043	73.06
669.246	83.06
669.449	85.06
669.651	74.06
669.854	78.06
670.057	86.06
670.259	88.06
670.462	91.06
670.665	89.06
670.867	78.06
671.07	93.06
671.272	87.06
671.475	96.06
671.677	92.06
671.88	96.06
672.082	84.06
672.284	108.06
672.487	78.06
672.689	84.06
672.892	88.06
