223.165	-18.19
223.4	-18.19
223.635	-18.19
223.869	-22.19
224.104	-30.19
224.338	-9.19
224.573	-16.19
224.808	-12.19
225.042	-8.19
225.277	-8.19
225.511	-7.19
225.746	6.81
225.98	9.81
226.215	11.81
226.449	22.81
226.683	12.81
226.918	28.81
227.152	38.81
227.387	22.81
227.621	40.81
227.856	58.81
228.09	53.81
228.324	57.81
228.559	55.81
228.793	69.81
229.027	134.81
229.262	136.81
229.496	149.81
229.73	156.81
229.964	181.81
230.199	160.81
230.433	125.81
230.667	146.81
230.901	141.81
231.136	128.81
231.37	140.81
231.604	140.81
231.838	140.81
232.072	152.81
232.306	159.81
232.541	142.81
232.775	152.81
233.009	151.81
233.243	148.81
233.477	132.81
233.711	145.81
233.945	130.81
234.179	160.81
234.413	158.81
234.647	146.81
234.881	144.81
235.115	151.81
235.349	142.81
235.583	148.81
235.817	148.81
236.051	160.81
236.285	181.81
236.519	163.81
236.753	166.81
236.987	185.81
237.221	236.81
237.455	257.81
237.689	221.81
237.922	178.81
238.156	180.81
238.39	163.81
238.624	183.81
238.858	165.81
239.091	161.81
239.325	162.81
239.559	176.81
239.793	178.81
240.027	180.81
240.26	195.81
240.494	198.81
240.728	186.81
240.961	197.81
241.195	196.81
241.429	170.81
241.662	182.81
241.896	210.81
242.13	186.81
242.363	185.81
242.597	192.81
242.83	190.81
243.064	190.81
243.298	188.81
243.531	211.81
243.765	197.81
243.998	207.81
244.232	213.81
244.465	206.81
244.699	221.81
244.932	205.81
245.166	198.81
245.399	219.81
245.633	219.81
245.866	207.81
246.099	219.81
246.333	220.81
246.566	212.81
246.8	228.81
247.033	220.81
247.266	228.81
247.5	238.81
247.733	243.81
247.966	227.81
248.2	238.81
248.433	249.81
248.666	255.81
248.899	278.81
249.133	288.81
249.366	300.81
249.599	301.81
249.832	321.81
250.066	312.81
250.299	371.81
250.532	450.81
250.765	491.81
250.998	416.81
251.231	382.81
251.465	355.81
251.698	335.81
251.931	320.81
252.164	304.81
252.397	326.81
252.63	287.81
252.863	321.81
253.096	311.81
253.329	341.81
253.562	336.81
253.795	292.81
254.028	284.81
254.261	312.81
254.494	330.81
254.727	340.81
254.96	373.81
255.193	373.81
255.426	403.81
255.659	428.81
255.892	573.81
256.124	751.81
256.357	779.81
256.59	640.81
256.823	508.81
257.056	458.81
257.289	419.81
257.521	391.81
257.754	378.81
257.987	377.81
258.22	357.81
258.452	353.81
258.685	352.81
258.918	349.81
259.151	349.81
259.383	345.81
259.616	330.81
259.849	351.81
260.081	351.81
260.314	361.81
260.547	340.81
260.779	351.81
261.012	355.81
261.244	346.81
261.477	336.81
261.71	333.81
261.942	356.81
262.175	365.81
262.407	346.81
262.64	334.81
262.872	315.81
263.105	310.81
263.337	341.81
263.57	325.81
263.802	335.81
264.035	336.81
264.267	327.81
264.499	326.81
264.732	323.81
264.964	325.81
265.197	329.81
265.429	330.81
265.661	319.81
265.894	339.81
266.126	350.81
266.358	347.81
266.591	322.81
266.823	331.81
267.055	348.81
267.287	344.81
267.52	345.81
267.752	334.81
267.984	340.81
268.216	348.81
268.448	351.81
268.681	357.81
268.913	365.81
269.145	368.81
269.377	395.81
269.609	365.81
269.841	379.81
270.073	376.81
270.306	378.81
270.538	411.81
270.77	424.81
271.002	377.81
271.234	400.81
271.466	394.81
271.698	414.81
271.93	410.81
272.162	420.81
272.394	437.81
272.626	426.81
272.858	396.81
273.09	390.81
273.322	398.81
273.553	390.81
273.785	381.81
274.017	404.81
274.249	403.81
274.481	416.81
274.713	405.81
274.945	398.81
275.176	413.81
275.408	416.81
275.64	444.81
275.872	453.81
276.104	443.81
276.335	446.81
276.567	456.81
276.799	475.81
277.031	542.81
277.262	541.81
277.494	542.81
277.726	516.81
277.957	481.81
278.189	483.81
278.421	461.81
278.652	451.81
278.884	446.81
279.115	453.81
279.347	486.81
279.579	473.81
279.81	483.81
280.042	521.81
280.273	579.81
280.505	591.81
280.736	524.81
280.968	499.81
281.199	458.81
281.431	466.81
281.662	458.81
281.894	457.81
282.125	445.81
282.356	482.81
282.588	517.81
282.819	508.81
283.051	473.81
283.282	451.81
283.513	449.81
283.745	434.81
283.976	452.81
284.207	418.81
284.439	440.81
284.67	440.81
284.901	445.81
285.132	432.81
285.364	453.81
285.595	451.81
285.826	444.81
286.057	452.81
286.288	455.81
286.52	455.81
286.751	447.81
286.982	436.81
287.213	474.81
287.444	463.81
287.675	461.81
287.906	463.81
288.138	475.81
288.369	500.81
288.6	472.81
288.831	446.81
289.062	460.81
289.293	479.81
289.524	469.81
289.755	460.81
289.986	457.81
290.217	482.81
290.448	483.81
290.679	485.81
290.91	470.81
291.141	483.81
291.371	492.81
291.602	485.81
291.833	446.81
292.064	455.81
292.295	461.81
292.526	473.81
292.757	469.81
292.987	454.81
293.218	445.81
293.449	462.81
293.68	449.81
293.91	444.81
294.141	457.81
294.372	456.81
294.603	474.81
294.833	462.81
295.064	473.81
295.295	484.81
295.525	465.81
295.756	480.81
295.987	494.81
296.217	520.81
296.448	539.81
296.679	491.81
296.909	488.81
297.14	470.81
297.37	477.81
297.601	492.81
297.831	469.81
298.062	502.81
298.292	499.81
298.523	507.81
298.753	511.81
298.984	467.81
299.214	491.81
299.445	476.81
299.675	506.81
299.905	499.81
300.136	509.81
300.366	511.81
300.597	509.81
300.827	507.81
301.057	530.81
301.288	557.81
301.518	530.81
301.748	536.81
301.979	533.81
302.209	569.81
302.439	569.81
302.669	541.81
302.9	541.81
303.13	540.81
303.36	540.81
303.59	566.81
303.82	610.81
304.051	582.81
304.281	572.81
304.511	550.81
304.741	548.81
304.971	518.81
305.201	546.81
305.431	538.81
305.661	540.81
305.891	547.81
306.121	537.81
306.352	562.81
306.582	548.81
306.812	543.81
307.042	558.81
307.272	605.81
307.502	640.81
307.731	626.81
307.961	622.81
308.191	553.81
308.421	544.81
308.651	547.81
308.881	561.81
309.111	565.81
309.341	557.81
309.571	574.81
309.8	574.81
310.03	580.81
310.26	590.81
310.49	596.81
310.72	620.81
310.949	656.81
311.179	643.81
311.409	625.81
311.639	597.81
311.868	621.81
312.098	587.81
312.328	608.81
312.557	654.81
312.787	658.81
313.017	662.81
313.246	617.81
313.476	616.81
313.706	654.81
313.935	648.81
314.165	653.81
314.394	656.81
314.624	649.81
314.853	637.81
315.083	632.81
315.312	630.81
315.542	642.81
315.771	601.81
316.001	601.81
316.23	629.81
316.46	612.81
316.689	633.81
316.919	654.81
317.148	630.81
317.377	646.81
317.607	661.81
317.836	617.81
318.065	644.81
318.295	634.81
318.524	645.81
318.753	644.81
318.983	640.81
319.212	674.81
319.441	655.81
319.67	666.81
319.9	675.81
320.129	633.81
320.358	672.81
320.587	671.81
320.816	690.81
321.046	676.81
321.275	693.81
321.504	702.81
321.733	684.81
321.962	704.81
322.191	728.81
322.42	754.81
322.649	773.81
322.878	820.81
323.108	805.81
323.337	856.81
323.566	903.81
323.795	961.81
324.024	1013.81
324.253	1206.81
324.482	1710.81
324.71	2603.81
324.939	3675.81
325.168	2964.81
325.397	1603.81
325.626	1218.81
325.855	1070.81
326.084	1029.81
326.313	1020.81
326.542	1021.81
326.77	1114.81
326.999	1308.81
327.228	1729.81
327.457	2602.81
327.686	3016.81
327.914	2200.81
328.143	1950.81
328.372	2159.81
328.6	1937.81
328.829	1484.81
329.058	1384.81
329.287	1415.81
329.515	1503.81
329.744	1622.81
329.972	2076.81
330.201	2788.81
330.43	3534.81
330.658	2824.81
330.887	1896.81
331.115	1562.81
331.344	1340.81
331.572	1229.81
331.801	1185.81
332.03	1186.81
332.258	1168.81
332.486	1176.81
332.715	1189.81
332.943	1228.81
333.172	1328.81
333.4	1417.81
333.629	1550.81
333.857	1845.81
334.085	2287.81
334.314	3117.81
334.542	4277.81
334.771	4596.81
334.999	2871.81
335.227	1854.81
335.455	1541.81
335.684	1327.81
335.912	1220.81
336.14	1143.81
336.369	1066.81
336.597	1101.81
336.825	1026.81
337.053	1000.81
337.281	980.81
337.51	935.81
337.738	953.81
337.966	933.81
338.194	930.81
338.422	883.81
338.65	864.81
338.878	851.81
339.106	821.81
339.334	851.81
339.562	833.81
339.79	818.81
340.018	829.81
340.246	824.81
340.474	800.81
340.702	813.81
340.93	785.81
341.158	793.81
341.386	772.81
341.614	768.81
341.842	777.81
342.07	787.81
342.298	762.81
342.526	754.81
342.754	762.81
342.981	776.81
343.209	774.81
343.437	764.81
343.665	816.81
343.893	862.81
344.12	874.81
344.348	820.81
344.576	830.81
344.804	818.81
345.031	796.81
345.259	808.81
345.487	808.81
345.714	786.81
345.942	754.81
346.17	758.81
346.397	736.81
346.625	737.81
346.853	770.81
347.08	773.81
347.308	762.81
347.535	770.81
347.763	801.81
347.99	765.81
348.218	769.81
348.445	795.81
348.673	772.81
348.9	746.81
349.128	730.81
349.355	734.81
349.583	739.81
349.81	733.81
350.037	738.81
350.265	712.81
350.492	727.81
350.72	717.81
350.947	717.81
351.174	741.81
351.402	735.81
351.629	747.81
351.856	735.81
352.083	758.81
352.311	793.81
352.538	775.81
352.765	767.81
352.992	760.81
353.22	748.81
353.447	748.81
353.674	764.81
353.901	730.81
354.128	723.81
354.355	696.81
354.583	728.81
354.81	702.81
355.037	708.81
355.264	724.81
355.491	703.81
355.718	688.81
355.945	714.81
356.172	705.81
356.399	690.81
356.626	707.81
356.853	722.81
357.08	713.81
357.307	715.81
357.534	701.81
357.761	720.81
357.988	699.81
358.215	737.81
358.441	698.81
358.668	697.81
358.895	716.81
359.122	725.81
359.349	733.81
359.576	774.81
359.802	791.81
360.029	842.81
360.256	862.81
360.483	792.81
360.709	783.81
360.936	770.81
361.163	750.81
361.39	752.81
361.616	764.81
361.843	793.81
362.07	782.81
362.296	753.81
362.523	772.81
362.749	747.81
362.976	764.81
363.203	771.81
363.429	730.81
363.656	758.81
363.882	729.81
364.109	738.81
364.335	765.81
364.562	748.81
364.788	744.81
365.015	738.81
365.241	724.81
365.468	768.81
365.694	762.81
365.92	760.81
366.147	731.81
366.373	752.81
366.599	734.81
366.826	742.81
367.052	735.81
367.278	725.81
367.505	737.81
367.731	729.81
367.957	737.81
368.184	734.81
368.41	776.81
368.636	770.81
368.862	794.81
369.089	773.81
369.315	768.81
369.541	775.81
369.767	784.81
369.993	758.81
370.219	790.81
370.445	767.81
370.672	742.81
370.898	772.81
371.124	774.81
371.35	784.81
371.576	769.81
371.802	778.81
372.028	782.81
372.254	784.81
372.48	771.81
372.706	800.81
372.932	794.81
373.158	794.81
373.384	787.81
373.61	796.81
373.835	799.81
374.061	781.81
374.287	792.81
374.513	814.81
374.739	835.81
374.965	831.81
375.191	831.81
375.416	831.81
375.642	802.81
375.868	816.81
376.094	820.81
376.319	769.81
376.545	781.81
376.771	793.81
376.997	798.81
377.222	793.81
377.448	791.81
377.674	778.81
377.899	753.81
378.125	758.81
378.35	760.81
378.576	762.81
378.802	742.81
379.027	768.81
379.253	800.81
379.478	761.81
379.704	781.81
379.929	776.81
380.155	785.81
380.38	782.81
380.606	784.81
380.831	797.81
381.057	799.81
381.282	784.81
381.507	811.81
381.733	784.81
381.958	801.81
382.184	809.81
382.409	811.81
382.634	812.81
382.86	807.81
383.085	827.81
383.31	834.81
383.535	829.81
383.761	838.81
383.986	873.81
384.211	876.81
384.436	872.81
384.662	874.81
384.887	856.81
385.112	866.81
385.337	900.81
385.562	898.81
385.787	910.81
386.013	914.81
386.238	920.81
386.463	897.81
386.688	941.81
386.913	910.81
387.138	913.81
387.363	885.81
387.588	898.81
387.813	885.81
388.038	900.81
388.263	881.81
388.488	899.81
388.713	873.81
388.938	888.81
389.163	876.81
389.387	899.81
389.612	904.81
389.837	879.81
390.062	878.81
390.287	885.81
390.512	897.81
390.736	913.81
390.961	921.81
391.186	893.81
391.411	947.81
391.636	964.81
391.86	954.81
392.085	992.81
392.31	953.81
392.534	980.81
392.759	962.81
392.984	941.81
393.208	934.81
393.433	963.81
393.658	936.81
393.882	936.81
394.107	988.81
394.331	958.81
394.556	940.81
394.78	930.81
395.005	960.81
395.229	961.81
395.454	936.81
395.678	1000.81
395.903	989.81
396.127	999.81
396.352	1013.81
396.576	978.81
396.801	1020.81
397.025	983.81
397.249	992.81
397.474	1011.81
397.698	1013.81
397.922	1044.81
398.147	1030.81
398.371	1072.81
398.595	1091.81
398.82	1087.81
399.044	1165.81
399.268	1251.81
399.492	1386.81
399.717	1496.81
399.941	1548.81
400.165	1446.81
400.389	1334.81
400.613	1276.81
400.837	1237.81
401.062	1138.81
401.286	1158.81
401.51	1148.81
401.734	1146.81
401.958	1165.81
402.182	1180.81
402.406	1207.81
402.63	1192.81
402.854	1238.81
403.078	1201.81
403.302	1249.81
403.526	1278.81
403.75	1301.81
403.974	1332.81
404.198	1332.81
404.422	1356.81
404.645	1395.81
404.869	1390.81
405.093	1463.81
405.317	1513.81
405.541	1580.81
405.765	1468.81
405.988	1368.81
406.212	1390.81
406.436	1413.81
406.66	1426.81
406.883	1379.81
407.107	1429.81
407.331	1488.81
407.555	1575.81
407.778	1532.81
408.002	1449.81
408.226	1417.81
408.449	1387.81
408.673	1358.81
408.896	1358.81
409.12	1345.81
409.344	1364.81
409.567	1322.81
409.791	1343.81
410.014	1283.81
410.238	1265.81
410.461	1283.81
410.685	1297.81
410.908	1300.81
411.132	1314.81
411.355	1315.81
411.578	1294.81
411.802	1263.81
412.025	1270.81
412.249	1401.81
412.472	1490.81
412.695	1520.81
412.919	1484.81
413.142	1415.81
413.365	1406.81
413.589	1347.81
413.812	1274.81
414.035	1270.81
414.258	1248.81
414.482	1236.81
414.705	1260.81
414.928	1220.81
415.151	1241.81
415.374	1214.81
415.597	1202.81
415.821	1207.81
416.044	1184.81
416.267	1205.81
416.49	1204.81
416.713	1186.81
416.936	1196.81
417.159	1213.81
417.382	1225.81
417.605	1275.81
417.828	1275.81
418.051	1263.81
418.274	1214.81
418.497	1237.81
418.72	1249.81
418.943	1245.81
419.166	1261.81
419.389	1373.81
419.611	1384.81
419.834	1362.81
420.057	1373.81
420.28	1454.81
420.503	1467.81
420.726	1361.81
420.948	1367.81
421.171	1368.81
421.394	1343.81
421.617	1264.81
421.839	1260.81
422.062	1296.81
422.285	1275.81
422.507	1331.81
422.73	1387.81
422.953	1344.81
423.175	1307.81
423.398	1294.81
423.621	1294.81
423.843	1294.81
424.066	1332.81
424.288	1320.81
424.511	1315.81
424.733	1342.81
424.956	1424.81
425.178	1370.81
425.401	1392.81
425.623	1372.81
425.846	1262.81
426.068	1280.81
426.291	1224.81
426.513	1243.81
426.735	1218.81
426.958	1290.81
427.18	1346.81
427.402	1494.81
427.625	1589.81
427.847	1613.81
428.069	1601.81
428.292	1439.81
428.514	1303.81
428.736	1232.81
428.958	1200.81
429.181	1151.81
429.403	1138.81
429.625	1137.81
429.847	1184.81
430.069	1242.81
430.292	1248.81
430.514	1140.81
430.736	1133.81
430.958	1119.81
431.18	1075.81
431.402	1112.81
431.624	1076.81
431.846	1116.81
432.068	1080.81
432.29	1084.81
432.512	1077.81
432.734	1132.81
432.956	1138.81
433.178	1109.81
433.4	1123.81
433.622	1144.81
433.844	1128.81
434.066	1139.81
434.287	1097.81
434.509	1096.81
434.731	1170.81
434.953	1175.81
435.175	1175.81
435.397	1222.81
435.618	1209.81
435.84	1270.81
436.062	1323.81
436.284	1363.81
436.505	1217.81
436.727	1190.81
436.949	1158.81
437.17	1185.81
437.392	1093.81
437.614	1150.81
437.835	1163.81
438.057	1288.81
438.278	1342.81
438.5	1386.81
438.721	1450.81
438.943	1403.81
439.165	1214.81
439.386	1184.81
439.608	1213.81
439.829	1212.81
440.05	1278.81
440.272	1297.81
440.493	1267.81
440.715	1225.81
440.936	1194.81
441.158	1235.81
441.379	1188.81
441.6	1248.81
441.822	1248.81
442.043	1313.81
442.264	1394.81
442.486	1405.81
442.707	1284.81
442.928	1273.81
443.149	1309.81
443.371	1312.81
443.592	1356.81
443.813	1489.81
444.034	1474.81
444.255	1379.81
444.476	1341.81
444.698	1366.81
444.919	1387.81
445.14	1487.81
445.361	1361.81
445.582	1346.81
445.803	1404.81
446.024	1490.81
446.245	1476.81
446.466	1385.81
446.687	1252.81
446.908	1237.81
447.129	1180.81
447.35	1144.81
447.571	1123.81
447.792	1082.81
448.013	1126.81
448.234	1141.81
448.455	1182.81
448.675	1336.81
448.896	1429.81
449.117	1226.81
449.338	1239.81
449.559	1362.81
449.779	1449.81
450	1203.81
450.221	1150.81
450.442	1110.81
450.662	1110.81
450.883	1107.81
451.104	1170.81
451.324	1137.81
451.545	1106.81
451.766	1068.81
451.986	1044.81
452.207	1055.81
452.428	1022.81
452.648	1017.81
452.869	1030.81
453.089	1031.81
453.31	1038.81
453.53	1030.81
453.751	992.81
453.971	1016.81
454.192	1041.81
454.412	998.81
454.633	1000.81
454.853	1002.81
455.073	975.81
455.294	998.81
455.514	1090.81
455.734	1061.81
455.955	993.81
456.175	938.81
456.395	928.81
456.616	904.81
456.836	950.81
457.056	950.81
457.276	930.81
457.497	960.81
457.717	944.81
457.937	974.81
458.157	973.81
458.377	959.81
458.598	997.81
458.818	1093.81
459.038	1278.81
459.258	1212.81
459.478	1146.81
459.698	1098.81
459.918	1108.81
460.138	1152.81
460.358	1144.81
460.578	1167.81
460.798	1173.81
461.018	1197.81
461.238	1145.81
461.458	1190.81
461.678	1135.81
461.898	1177.81
462.118	1183.81
462.338	1258.81
462.558	1244.81
462.777	1301.81
462.997	1374.81
463.217	1460.81
463.437	1441.81
463.657	1367.81
463.876	1329.81
464.096	1334.81
464.316	1336.81
464.536	1382.81
464.755	1315.81
464.975	1313.81
465.195	1397.81
465.414	1513.81
465.634	1300.81
465.854	1187.81
466.073	1151.81
466.293	1146.81
466.512	1115.81
466.732	1100.81
466.951	1085.81
467.171	1112.81
467.391	1138.81
467.61	1156.81
467.829	1292.81
468.049	1592.81
468.268	2337.81
468.488	1806.81
468.707	1390.81
468.927	1242.81
469.146	1200.81
469.365	1187.81
469.585	1167.81
469.804	1201.81
470.023	1233.81
470.243	1206.81
470.462	1204.81
470.681	1278.81
470.901	1236.81
471.12	1254.81
471.339	1259.81
471.558	1266.81
471.777	1345.81
471.997	1448.81
472.216	2162.81
472.435	4437.81
472.654	3419.81
472.873	2112.81
473.092	1701.81
473.311	1543.81
473.53	1442.81
473.749	1368.81
473.968	1366.81
474.187	1410.81
474.406	1383.81
474.625	1277.81
474.844	1213.81
475.063	1202.81
475.282	1184.81
475.501	1161.81
475.72	1168.81
475.939	1179.81
476.158	1199.81
476.377	1196.81
476.596	1200.81
476.814	1193.81
477.033	1198.81
477.252	1191.81
477.471	1205.81
477.69	1265.81
477.908	1256.81
478.127	1286.81
478.346	1302.81
478.564	1317.81
478.783	1329.81
479.002	1381.81
479.22	1385.81
479.439	1444.81
479.658	1449.81
479.876	1412.81
480.095	1505.81
480.313	1603.81
480.532	1678.81
480.751	1904.81
480.969	2472.81
481.188	5535.81
481.406	7492.81
481.624	3964.81
481.843	2738.81
482.061	2295.81
482.28	2013.81
482.498	1862.81
482.717	1769.81
482.935	1709.81
483.153	1660.81
483.372	1610.81
483.59	1572.81
483.808	1515.81
484.027	1460.81
484.245	1491.81
484.463	1462.81
484.681	1489.81
484.9	1457.81
485.118	1472.81
485.336	1444.81
485.554	1412.81
485.772	1415.81
485.99	1434.81
486.209	1442.81
486.427	1452.81
486.645	1472.81
486.863	1489.81
487.081	1456.81
487.299	1452.81
487.517	1442.81
487.735	1510.81
487.953	1528.81
488.171	1520.81
488.389	1486.81
488.607	1519.81
488.825	1432.81
489.043	1441.81
489.261	1482.81
489.479	1480.81
489.696	1520.81
489.914	1552.81
490.132	1555.81
490.35	1593.81
490.568	1629.81
490.786	1657.81
491.003	1716.81
491.221	1814.81
491.439	1893.81
491.657	1911.81
491.874	1992.81
492.092	2051.81
492.31	2072.81
492.527	2118.81
492.745	2129.81
492.963	2111.81
493.18	2029.81
493.398	2025.81
493.615	1999.81
493.833	1952.81
494.05	1910.81
494.268	1901.81
494.485	1826.81
494.703	1792.81
494.92	1844.81
495.138	1756.81
495.355	1770.81
495.573	1752.81
495.79	1713.81
496.008	1739.81
496.225	1670.81
496.442	1706.81
496.66	1664.81
496.877	1665.81
497.094	1691.81
497.312	1684.81
497.529	1711.81
497.746	1660.81
497.963	1738.81
498.181	1763.81
498.398	1761.81
498.615	1807.81
498.832	1929.81
499.049	1971.81
499.267	2010.81
499.484	2173.81
499.701	2354.81
499.918	2499.81
500.135	2717.81
500.352	3012.81
500.569	3186.81
500.786	3153.81
501.003	3006.81
501.22	2722.81
501.437	2489.81
501.654	2298.81
501.871	2143.81
502.088	2042.81
502.305	1930.81
502.522	1822.81
502.739	1760.81
502.956	1688.81
503.172	1661.81
503.389	1606.81
503.606	1603.81
503.823	1549.81
504.04	1558.81
504.256	1551.81
504.473	1553.81
504.69	1557.81
504.907	1561.81
505.123	1440.81
505.34	1445.81
505.557	1409.81
505.773	1384.81
505.99	1398.81
506.207	1348.81
506.423	1350.81
506.64	1321.81
506.856	1350.81
507.073	1307.81
507.289	1286.81
507.506	1340.81
507.722	1322.81
507.939	1350.81
508.155	1310.81
508.372	1286.81
508.588	1244.81
508.805	1245.81
509.021	1228.81
509.238	1256.81
509.454	1236.81
509.67	1272.81
509.887	1219.81
510.103	1249.81
510.319	1252.81
510.536	1519.81
510.752	2875.81
510.968	2116.81
511.184	1335.81
511.401	1279.81
511.617	1259.81
511.833	1378.81
512.049	1448.81
512.265	1376.81
512.481	1330.81
512.698	1286.81
512.914	1246.81
513.13	1235.81
513.346	1221.81
513.562	1247.81
513.778	1240.81
513.994	1273.81
514.21	1280.81
514.426	1298.81
514.642	1356.81
514.858	1436.81
515.074	1508.81
515.29	1840.81
515.506	2901.81
515.721	2168.81
515.937	1494.81
516.153	1404.81
516.369	1355.81
516.585	1300.81
516.801	1328.81
517.016	1307.81
517.232	1396.81
517.448	1400.81
517.664	1417.81
517.879	1433.81
518.095	1406.81
518.311	1395.81
518.527	1401.81
518.742	1348.81
518.958	1307.81
519.173	1305.81
519.389	1308.81
519.605	1272.81
519.82	1244.81
520.036	1252.81
520.251	1314.81
520.467	1347.81
520.682	1359.81
520.898	1334.81
521.113	1409.81
521.329	1472.81
521.544	1664.81
521.76	2113.81
521.975	3799.81
522.19	3586.81
522.406	1853.81
522.621	1422.81
522.836	1266.81
523.052	1216.81
523.267	1170.81
523.482	1150.81
523.698	1161.81
523.913	1140.81
524.128	1140.81
524.343	1123.81
524.559	1099.81
524.774	1074.81
524.989	1070.81
525.204	1097.81
525.419	1088.81
525.634	1071.81
525.849	1049.81
526.064	1040.81
526.28	1009.81
526.495	981.81
526.71	1012.81
526.925	985.81
527.14	965.81
527.355	983.81
527.57	976.81
527.785	1020.81
527.999	956.81
528.214	979.81
528.429	1016.81
528.644	1030.81
528.859	1055.81
529.074	1052.81
529.289	1106.81
529.503	1239.81
529.718	1167.81
529.933	1044.81
530.148	1010.81
530.363	1014.81
530.577	1001.81
530.792	973.81
531.007	978.81
531.221	988.81
531.436	964.81
531.651	988.81
531.865	943.81
532.08	956.81
532.295	979.81
532.509	928.81
532.724	979.81
532.938	962.81
533.153	962.81
533.367	986.81
533.582	995.81
533.796	943.81
534.011	970.81
534.225	947.81
534.44	926.81
534.654	946.81
534.868	953.81
535.083	906.81
535.297	956.81
535.511	963.81
535.726	941.81
535.94	943.81
536.154	939.81
536.369	921.81
536.583	896.81
536.797	921.81
537.011	889.81
537.225	885.81
537.44	890.81
537.654	877.81
537.868	888.81
538.082	870.81
538.296	901.81
538.51	898.81
538.724	914.81
538.938	895.81
539.153	914.81
539.367	943.81
539.581	939.81
539.795	891.81
540.009	886.81
540.222	903.81
540.436	872.81
540.65	906.81
540.864	909.81
541.078	946.81
541.292	932.81
541.506	945.81
541.72	974.81
541.934	976.81
542.147	1024.81
542.361	995.81
542.575	920.81
542.789	900.81
543.002	912.81
543.216	889.81
543.43	910.81
543.644	892.81
543.857	925.81
544.071	956.81
544.285	958.81
544.498	961.81
544.712	964.81
544.925	956.81
545.139	994.81
545.352	978.81
545.566	983.81
545.779	983.81
545.993	967.81
546.206	960.81
546.42	989.81
546.633	948.81
546.847	967.81
547.06	928.81
547.274	960.81
547.487	944.81
547.7	967.81
547.914	951.81
548.127	979.81
548.34	956.81
548.554	965.81
548.767	961.81
548.98	963.81
549.193	932.81
549.407	957.81
549.62	970.81
549.833	978.81
550.046	950.81
550.259	921.81
550.473	925.81
550.686	907.81
550.899	924.81
551.112	917.81
551.325	926.81
551.538	910.81
551.751	883.81
551.964	878.81
552.177	844.81
552.39	918.81
552.603	929.81
552.816	938.81
553.029	973.81
553.242	980.81
553.455	1000.81
553.667	1031.81
553.88	1001.81
554.093	1000.81
554.306	945.81
554.519	979.81
554.732	929.81
554.944	951.81
555.157	906.81
555.37	879.81
555.583	856.81
555.795	857.81
556.008	862.81
556.221	817.81
556.433	834.81
556.646	825.81
556.859	828.81
557.071	814.81
557.284	803.81
557.496	825.81
557.709	804.81
557.921	802.81
558.134	816.81
558.346	823.81
558.559	800.81
558.771	805.81
558.984	785.81
559.196	772.81
559.409	788.81
559.621	763.81
559.833	778.81
560.046	780.81
560.258	779.81
560.47	786.81
560.683	781.81
560.895	748.81
561.107	770.81
561.32	792.81
561.532	795.81
561.744	746.81
561.956	753.81
562.168	770.81
562.381	751.81
562.593	742.81
562.805	746.81
563.017	750.81
563.229	748.81
563.441	760.81
563.653	750.81
563.865	730.81
564.077	779.81
564.289	760.81
564.501	766.81
564.713	778.81
564.925	802.81
565.137	772.81
565.349	802.81
565.561	797.81
565.773	827.81
565.985	840.81
566.197	879.81
566.408	884.81
566.62	945.81
566.832	985.81
567.044	1021.81
567.255	986.81
567.467	1070.81
567.679	1076.81
567.891	1109.81
568.102	1085.81
568.314	1022.81
568.526	950.81
568.737	881.81
568.949	826.81
569.161	793.81
569.372	754.81
569.584	751.81
569.795	734.81
570.007	705.81
570.218	805.81
570.43	758.81
570.641	702.81
570.853	692.81
571.064	713.81
571.276	686.81
571.487	680.81
571.698	672.81
571.91	658.81
572.121	625.81
572.333	620.81
572.544	608.81
572.755	597.81
572.966	592.81
573.178	589.81
573.389	583.81
573.6	591.81
573.811	561.81
574.023	578.81
574.234	582.81
574.445	572.81
574.656	574.81
574.867	573.81
575.078	559.81
575.289	573.81
575.501	579.81
575.712	562.81
575.923	560.81
576.134	581.81
576.345	559.81
576.556	568.81
576.767	587.81
576.978	544.81
577.188	543.81
577.399	538.81
577.61	530.81
577.821	562.81
578.032	562.81
578.243	621.81
578.454	1036.81
578.665	721.81
578.875	528.81
579.086	526.81
579.297	508.81
579.508	508.81
579.718	499.81
579.929	515.81
580.14	474.81
580.35	490.81
580.561	483.81
580.772	483.81
580.982	505.81
581.193	483.81
581.403	485.81
581.614	476.81
581.825	494.81
582.035	475.81
582.246	483.81
582.456	498.81
582.667	489.81
582.877	478.81
583.087	501.81
583.298	472.81
583.508	459.81
583.719	450.81
583.929	473.81
584.139	461.81
584.35	471.81
584.56	478.81
584.77	485.81
584.981	466.81
585.191	472.81
585.401	465.81
585.611	456.81
585.821	442.81
586.032	447.81
586.242	450.81
586.452	454.81
586.662	448.81
586.872	422.81
587.082	467.81
587.292	466.81
587.502	447.81
587.713	450.81
587.923	461.81
588.133	462.81
588.343	460.81
588.553	440.81
588.762	463.81
588.972	449.81
589.182	458.81
589.392	478.81
589.602	493.81
589.812	474.81
590.022	473.81
590.232	462.81
590.441	468.81
590.651	469.81
590.861	428.81
591.071	441.81
591.281	468.81
591.49	468.81
591.7	485.81
591.91	470.81
592.119	478.81
592.329	495.81
592.539	518.81
592.748	509.81
592.958	528.81
593.167	504.81
593.377	512.81
593.587	524.81
593.796	509.81
594.006	526.81
594.215	546.81
594.424	533.81
594.634	514.81
594.843	496.81
595.053	502.81
595.262	464.81
595.472	474.81
595.681	463.81
595.89	460.81
596.1	469.81
596.309	447.81
596.518	447.81
596.727	453.81
596.937	442.81
597.146	448.81
597.355	436.81
597.564	434.81
597.774	406.81
597.983	414.81
598.192	414.81
598.401	416.81
598.61	418.81
598.819	404.81
599.028	406.81
599.237	429.81
599.446	395.81
599.655	377.81
599.864	398.81
600.073	396.81
600.282	408.81
600.491	414.81
600.7	401.81
600.909	399.81
601.118	413.81
601.327	421.81
601.536	429.81
601.745	425.81
601.953	451.81
602.162	437.81
602.371	432.81
602.58	407.81
602.789	422.81
602.997	432.81
603.206	428.81
603.415	430.81
603.623	429.81
603.832	429.81
604.041	421.81
604.249	402.81
604.458	412.81
604.666	407.81
604.875	381.81
605.084	403.81
605.292	414.81
605.501	439.81
605.709	421.81
605.918	436.81
606.126	427.81
606.334	435.81
606.543	425.81
606.751	424.81
606.96	450.81
607.168	409.81
607.376	420.81
607.585	424.81
607.793	429.81
608.001	424.81
608.21	422.81
608.418	420.81
608.626	416.81
608.834	419.81
609.043	421.81
609.251	410.81
609.459	417.81
609.667	432.81
609.875	409.81
610.083	437.81
610.291	433.81
610.499	406.81
610.707	425.81
610.916	413.81
611.124	435.81
611.332	424.81
611.54	424.81
611.748	414.81
611.955	427.81
612.163	428.81
612.371	411.81
612.579	420.81
612.787	408.81
612.995	432.81
613.203	409.81
613.411	412.81
613.618	409.81
613.826	412.81
614.034	415.81
614.242	396.81
614.449	394.81
614.657	406.81
614.865	401.81
615.072	412.81
615.28	408.81
615.488	389.81
615.695	411.81
615.903	424.81
616.111	403.81
616.318	381.81
616.526	419.81
616.733	415.81
616.941	406.81
617.148	395.81
617.356	371.81
617.563	387.81
617.771	386.81
617.978	400.81
618.185	393.81
618.393	392.81
618.6	385.81
618.807	402.81
619.015	393.81
619.222	387.81
619.429	411.81
619.637	394.81
619.844	359.81
620.051	343.81
620.258	383.81
620.466	384.81
620.673	353.81
620.88	352.81
621.087	349.81
621.294	346.81
621.501	338.81
621.708	329.81
621.915	365.81
622.122	375.81
622.329	377.81
622.536	375.81
622.743	363.81
622.95	384.81
623.157	346.81
623.364	371.81
623.571	368.81
623.778	365.81
623.985	333.81
624.192	361.81
624.399	345.81
624.606	341.81
624.812	357.81
625.019	335.81
625.226	348.81
625.433	342.81
625.639	318.81
625.846	316.81
626.053	297.81
626.259	301.81
626.466	296.81
626.673	287.81
626.879	316.81
627.086	298.81
627.293	292.81
627.499	305.81
627.706	329.81
627.912	325.81
628.119	334.81
628.325	321.81
628.532	318.81
628.738	329.81
628.945	313.81
629.151	312.81
629.357	321.81
629.564	313.81
629.77	302.81
629.976	315.81
630.183	301.81
630.389	310.81
630.595	331.81
630.802	323.81
631.008	289.81
631.214	318.81
631.42	300.81
631.627	296.81
631.833	304.81
632.039	296.81
632.245	289.81
632.451	292.81
632.657	298.81
632.863	292.81
633.069	280.81
633.275	314.81
633.481	296.81
633.688	272.81
633.893	282.81
634.099	308.81
634.305	285.81
634.511	290.81
634.717	284.81
634.923	286.81
635.129	290.81
635.335	287.81
635.541	293.81
635.747	293.81
635.952	327.81
636.158	390.81
636.364	496.81
636.57	601.81
636.775	489.81
636.981	417.81
637.187	377.81
637.392	376.81
637.598	354.81
637.804	340.81
638.009	315.81
638.215	306.81
638.421	296.81
638.626	314.81
638.832	301.81
639.037	282.81
639.243	301.81
639.448	304.81
639.654	286.81
639.859	276.81
640.065	281.81
640.27	292.81
640.475	272.81
640.681	262.81
640.886	253.81
641.091	287.81
641.297	271.81
641.502	269.81
641.707	266.81
641.913	272.81
642.118	268.81
642.323	261.81
642.528	288.81
642.733	266.81
642.939	258.81
643.144	242.81
643.349	251.81
643.554	253.81
643.759	257.81
643.964	255.81
644.169	249.81
644.374	255.81
644.579	230.81
644.784	256.81
644.989	246.81
645.194	265.81
645.399	277.81
645.604	258.81
645.809	255.81
646.014	259.81
646.219	241.81
646.423	251.81
646.628	272.81
646.833	256.81
647.038	267.81
647.243	262.81
647.447	252.81
647.652	266.81
647.857	250.81
648.062	258.81
648.266	254.81
648.471	272.81
648.676	253.81
648.88	267.81
649.085	264.81
649.289	261.81
649.494	250.81
649.698	282.81
649.903	266.81
650.107	248.81
650.312	248.81
650.516	238.81
650.721	227.81
650.925	236.81
651.13	221.81
651.334	217.81
651.539	217.81
651.743	216.81
651.947	228.81
652.152	232.81
652.356	208.81
652.56	210.81
652.764	221.81
652.969	196.81
653.173	188.81
653.377	188.81
653.581	183.81
653.785	190.81
653.99	194.81
654.194	199.81
654.398	178.81
654.602	182.81
654.806	183.81
655.01	178.81
655.214	187.81
655.418	202.81
655.622	172.81
655.826	163.81
656.03	185.81
656.234	194.81
656.438	196.81
656.642	169.81
656.846	171.81
657.049	185.81
657.253	155.81
657.457	160.81
657.661	152.81
657.865	147.81
658.068	136.81
658.272	136.81
658.476	129.81
658.68	116.81
658.883	138.81
659.087	120.81
659.291	116.81
659.494	120.81
659.698	111.81
659.901	117.81
660.105	106.81
660.309	118.81
660.512	106.81
660.716	102.81
660.919	106.81
661.123	109.81
661.326	91.81
661.53	85.81
661.733	99.81
661.936	99.81
662.14	84.81
662.343	100.81
662.546	85.81
662.75	94.81
662.953	88.81
663.156	97.81
663.36	74.81
663.563	101.81
663.766	100.81
663.969	76.81
664.173	100.81
664.376	78.81
664.579	70.81
664.782	81.81
664.985	88.81
665.188	85.81
665.391	91.81
665.594	73.81
665.797	89.81
666	89.81
666.203	82.81
666.406	91.81
666.609	91.81
666.812	99.81
667.015	82.81
667.218	77.81
667.421	81.81
667.624	86.81
667.827	83.81
668.03	88.81
668.232	75.81
668.435	72.81
668.638	107.81
668.841	76.81
669.043	80.81
669.246	85.81
669.449	75.81
669.651	82.81
669.854	92.81
670.057	97.81
670.259	75.81
670.462	70.81
670.665	82.81
670.867	74.81
671.07	95.81
671.272	80.81
671.475	77.81
671.677	67.81
671.88	81.81
672.082	81.81
672.284	84.81
672.487	83.81
672.689	76.81
672.892	83.81
