223.165	-4.5
223.4	-4.5
223.635	-4.5
223.869	-29.5
224.104	-27.5
224.338	-24.5
224.573	-8.5
224.808	-9.5
225.042	-3.5
225.277	2.5
225.511	-2.5
225.746	-4.5
225.98	8.5
226.215	13.5
226.449	22.5
226.683	13.5
226.918	24.5
227.152	29.5
227.387	43.5
227.621	28.5
227.856	51.5
228.09	48.5
228.324	56.5
228.559	68.5
228.793	75.5
229.027	119.5
229.262	129.5
229.496	150.5
229.73	154.5
229.964	175.5
230.199	154.5
230.433	133.5
230.667	132.5
230.901	153.5
231.136	137.5
231.37	139.5
231.604	142.5
231.838	141.5
232.072	135.5
232.306	142.5
232.541	140.5
232.775	146.5
233.009	152.5
233.243	138.5
233.477	136.5
233.711	150.5
233.945	145.5
234.179	162.5
234.413	145.5
234.647	159.5
234.881	132.5
235.115	148.5
235.349	132.5
235.583	148.5
235.817	157.5
236.051	155.5
236.285	152.5
236.519	178.5
236.753	168.5
236.987	175.5
237.221	215.5
237.455	229.5
237.689	204.5
237.922	164.5
238.156	166.5
238.39	173.5
238.624	145.5
238.858	160.5
239.091	152.5
239.325	159.5
239.559	164.5
239.793	167.5
240.027	175.5
240.26	175.5
240.494	180.5
240.728	187.5
240.961	193.5
241.195	183.5
241.429	178.5
241.662	177.5
241.896	197.5
242.13	176.5
242.363	176.5
242.597	179.5
242.83	195.5
243.064	188.5
243.298	207.5
243.531	202.5
243.765	207.5
243.998	181.5
244.232	202.5
244.465	193.5
244.699	189.5
244.932	206.5
245.166	207.5
245.399	200.5
245.633	205.5
245.866	193.5
246.099	207.5
246.333	209.5
246.566	217.5
246.8	213.5
247.033	223.5
247.266	233.5
247.5	217.5
247.733	241.5
247.966	228.5
248.2	236.5
248.433	223.5
248.666	251.5
248.899	240.5
249.133	256.5
249.366	279.5
249.599	282.5
249.832	269.5
250.066	265.5
250.299	321.5
250.532	374.5
250.765	411.5
250.998	379.5
251.231	324.5
251.465	329.5
251.698	304.5
251.931	292.5
252.164	276.5
252.397	278.5
252.63	289.5
252.863	284.5
253.096	307.5
253.329	293.5
253.562	300.5
253.795	291.5
254.028	280.5
254.261	295.5
254.494	302.5
254.727	326.5
254.96	341.5
255.193	335.5
255.426	345.5
255.659	368.5
255.892	480.5
256.124	569.5
256.357	638.5
256.59	525.5
256.823	434.5
257.056	407.5
257.289	375.5
257.521	353.5
257.754	340.5
257.987	334.5
258.22	321.5
258.452	324.5
258.685	326.5
258.918	313.5
259.151	296.5
259.383	319.5
259.616	311.5
259.849	315.5
260.081	318.5
260.314	321.5
260.547	313.5
260.779	314.5
261.012	334.5
261.244	310.5
261.477	309.5
261.71	310.5
261.942	332.5
262.175	367.5
262.407	313.5
262.64	307.5
262.872	309.5
263.105	310.5
263.337	287.5
263.57	283.5
263.802	316.5
264.035	315.5
264.267	300.5
264.499	301.5
264.732	321.5
264.964	317.5
265.197	312.5
265.429	305.5
265.661	310.5
265.894	289.5
266.126	318.5
266.358	315.5
266.591	314.5
266.823	317.5
267.055	299.5
267.287	323.5
267.52	323.5
267.752	308.5
267.984	317.5
268.216	322.5
268.448	322.5
268.681	327.5
268.913	314.5
269.145	342.5
269.377	345.5
269.609	340.5
269.841	368.5
270.073	346.5
270.306	367.5
270.538	374.5
270.77	365.5
271.002	379.5
271.234	357.5
271.466	371.5
271.698	389.5
271.93	398.5
272.162	399.5
272.394	387.5
272.626	375.5
272.858	379.5
273.09	362.5
273.322	368.5
273.553	356.5
273.785	358.5
274.017	373.5
274.249	363.5
274.481	364.5
274.713	361.5
274.945	393.5
275.176	395.5
275.408	387.5
275.64	391.5
275.872	382.5
276.104	406.5
276.335	404.5
276.567	386.5
276.799	429.5
277.031	461.5
277.262	481.5
277.494	488.5
277.726	440.5
277.957	419.5
278.189	402.5
278.421	394.5
278.652	412.5
278.884	413.5
279.115	417.5
279.347	416.5
279.579	403.5
279.81	433.5
280.042	457.5
280.273	488.5
280.505	506.5
280.736	463.5
280.968	411.5
281.199	413.5
281.431	408.5
281.662	384.5
281.894	418.5
282.125	411.5
282.356	431.5
282.588	467.5
282.819	464.5
283.051	418.5
283.282	393.5
283.513	404.5
283.745	419.5
283.976	383.5
284.207	404.5
284.439	414.5
284.67	415.5
284.901	402.5
285.132	408.5
285.364	411.5
285.595	393.5
285.826	416.5
286.057	408.5
286.288	400.5
286.52	415.5
286.751	416.5
286.982	414.5
287.213	413.5
287.444	414.5
287.675	425.5
287.906	435.5
288.138	419.5
288.369	438.5
288.6	446.5
288.831	436.5
289.062	435.5
289.293	432.5
289.524	416.5
289.755	422.5
289.986	445.5
290.217	425.5
290.448	422.5
290.679	431.5
290.91	423.5
291.141	435.5
291.371	426.5
291.602	431.5
291.833	430.5
292.064	414.5
292.295	437.5
292.526	421.5
292.757	436.5
292.987	432.5
293.218	414.5
293.449	432.5
293.68	411.5
293.91	423.5
294.141	445.5
294.372	439.5
294.603	420.5
294.833	417.5
295.064	419.5
295.295	419.5
295.525	450.5
295.756	447.5
295.987	464.5
296.217	487.5
296.448	485.5
296.679	439.5
296.909	445.5
297.14	411.5
297.37	452.5
297.601	460.5
297.831	450.5
298.062	446.5
298.292	457.5
298.523	479.5
298.753	470.5
298.984	456.5
299.214	456.5
299.445	467.5
299.675	457.5
299.905	467.5
300.136	479.5
300.366	467.5
300.597	469.5
300.827	473.5
301.057	507.5
301.288	526.5
301.518	507.5
301.748	492.5
301.979	500.5
302.209	528.5
302.439	514.5
302.669	509.5
302.9	485.5
303.13	489.5
303.36	513.5
303.59	503.5
303.82	561.5
304.051	533.5
304.281	502.5
304.511	494.5
304.741	501.5
304.971	505.5
305.201	522.5
305.431	486.5
305.661	503.5
305.891	504.5
306.121	497.5
306.352	499.5
306.582	524.5
306.812	517.5
307.042	505.5
307.272	519.5
307.502	566.5
307.731	559.5
307.961	538.5
308.191	527.5
308.421	480.5
308.651	504.5
308.881	529.5
309.111	520.5
309.341	525.5
309.571	513.5
309.8	532.5
310.03	549.5
310.26	576.5
310.49	552.5
310.72	581.5
310.949	591.5
311.179	584.5
311.409	553.5
311.639	542.5
311.868	576.5
312.098	582.5
312.328	568.5
312.557	603.5
312.787	591.5
313.017	610.5
313.246	587.5
313.476	568.5
313.706	557.5
313.935	596.5
314.165	607.5
314.394	603.5
314.624	597.5
314.853	600.5
315.083	585.5
315.312	576.5
315.542	541.5
315.771	571.5
316.001	567.5
316.23	587.5
316.46	539.5
316.689	562.5
316.919	575.5
317.148	604.5
317.377	600.5
317.607	592.5
317.836	606.5
318.065	573.5
318.295	579.5
318.524	580.5
318.753	566.5
318.983	598.5
319.212	572.5
319.441	599.5
319.67	583.5
319.9	576.5
320.129	599.5
320.358	603.5
320.587	612.5
320.816	621.5
321.046	623.5
321.275	637.5
321.504	642.5
321.733	621.5
321.962	649.5
322.191	648.5
322.42	671.5
322.649	713.5
322.878	702.5
323.108	731.5
323.337	765.5
323.566	783.5
323.795	845.5
324.024	912.5
324.253	1094.5
324.482	1591.5
324.71	2481.5
324.939	3525.5
325.168	2761.5
325.397	1419.5
325.626	1056.5
325.855	917.5
326.084	877.5
326.313	886.5
326.542	861.5
326.77	957.5
326.999	1142.5
327.228	1571.5
327.457	2375.5
327.686	2837.5
327.914	1936.5
328.143	1585.5
328.372	1665.5
328.6	1496.5
328.829	1180.5
329.058	1129.5
329.287	1164.5
329.515	1131.5
329.744	1254.5
329.972	1547.5
330.201	2067.5
330.43	2608.5
330.658	2189.5
330.887	1506.5
331.115	1236.5
331.344	1075.5
331.572	1009.5
331.801	1005.5
332.03	992.5
332.258	983.5
332.486	956.5
332.715	957.5
332.943	1042.5
333.172	1079.5
333.4	1132.5
333.629	1235.5
333.857	1414.5
334.085	1708.5
334.314	2314.5
334.542	3167.5
334.771	3466.5
334.999	2142.5
335.227	1411.5
335.455	1187.5
335.684	1074.5
335.912	1026.5
336.14	956.5
336.369	939.5
336.597	919.5
336.825	898.5
337.053	836.5
337.281	834.5
337.51	812.5
337.738	820.5
337.966	804.5
338.194	796.5
338.422	809.5
338.65	792.5
338.878	767.5
339.106	717.5
339.334	719.5
339.562	713.5
339.79	738.5
340.018	719.5
340.246	713.5
340.474	723.5
340.702	747.5
340.93	732.5
341.158	731.5
341.386	701.5
341.614	757.5
341.842	730.5
342.07	698.5
342.298	692.5
342.526	701.5
342.754	683.5
342.981	697.5
343.209	688.5
343.437	728.5
343.665	731.5
343.893	760.5
344.12	783.5
344.348	783.5
344.576	754.5
344.804	740.5
345.031	753.5
345.259	755.5
345.487	725.5
345.714	718.5
345.942	703.5
346.17	674.5
346.397	689.5
346.625	700.5
346.853	685.5
347.08	671.5
347.308	689.5
347.535	707.5
347.763	730.5
347.99	709.5
348.218	706.5
348.445	752.5
348.673	739.5
348.9	707.5
349.128	673.5
349.355	677.5
349.583	657.5
349.81	657.5
350.037	671.5
350.265	650.5
350.492	672.5
350.72	685.5
350.947	677.5
351.174	703.5
351.402	694.5
351.629	706.5
351.856	709.5
352.083	707.5
352.311	724.5
352.538	703.5
352.765	699.5
352.992	698.5
353.22	698.5
353.447	706.5
353.674	679.5
353.901	659.5
354.128	648.5
354.355	672.5
354.583	673.5
354.81	661.5
355.037	657.5
355.264	680.5
355.491	650.5
355.718	643.5
355.945	637.5
356.172	648.5
356.399	660.5
356.626	644.5
356.853	647.5
357.08	644.5
357.307	657.5
357.534	661.5
357.761	677.5
357.988	677.5
358.215	652.5
358.441	693.5
358.668	625.5
358.895	650.5
359.122	676.5
359.349	697.5
359.576	723.5
359.802	744.5
360.029	787.5
360.256	804.5
360.483	766.5
360.709	735.5
360.936	708.5
361.163	694.5
361.39	712.5
361.616	732.5
361.843	705.5
362.07	696.5
362.296	724.5
362.523	693.5
362.749	724.5
362.976	719.5
363.203	676.5
363.429	707.5
363.656	705.5
363.882	701.5
364.109	696.5
364.335	692.5
364.562	688.5
364.788	715.5
365.015	681.5
365.241	692.5
365.468	711.5
365.694	679.5
365.92	689.5
366.147	699.5
366.373	689.5
366.599	703.5
366.826	683.5
367.052	672.5
367.278	689.5
367.505	695.5
367.731	713.5
367.957	712.5
368.184	717.5
368.41	706.5
368.636	738.5
368.862	758.5
369.089	719.5
369.315	726.5
369.541	713.5
369.767	737.5
369.993	729.5
370.219	715.5
370.445	732.5
370.672	725.5
370.898	741.5
371.124	736.5
371.35	739.5
371.576	740.5
371.802	727.5
372.028	716.5
372.254	721.5
372.48	725.5
372.706	732.5
372.932	735.5
373.158	749.5
373.384	753.5
373.61	714.5
373.835	728.5
374.061	726.5
374.287	739.5
374.513	756.5
374.739	736.5
374.965	782.5
375.191	814.5
375.416	773.5
375.642	767.5
375.868	775.5
376.094	743.5
376.319	733.5
376.545	721.5
376.771	751.5
376.997	711.5
377.222	719.5
377.448	727.5
377.674	733.5
377.899	737.5
378.125	711.5
378.35	722.5
378.576	713.5
378.802	728.5
379.027	706.5
379.253	747.5
379.478	751.5
379.704	746.5
379.929	701.5
380.155	741.5
380.38	720.5
380.606	737.5
380.831	741.5
381.057	748.5
381.282	723.5
381.507	713.5
381.733	763.5
381.958	754.5
382.184	732.5
382.409	765.5
382.634	752.5
382.86	754.5
383.085	768.5
383.31	759.5
383.535	805.5
383.761	795.5
383.986	792.5
384.211	791.5
384.436	841.5
384.662	832.5
384.887	823.5
385.112	826.5
385.337	842.5
385.562	834.5
385.787	861.5
386.013	877.5
386.238	900.5
386.463	852.5
386.688	882.5
386.913	823.5
387.138	848.5
387.363	837.5
387.588	831.5
387.813	844.5
388.038	851.5
388.263	838.5
388.488	862.5
388.713	850.5
388.938	843.5
389.163	843.5
389.387	849.5
389.612	812.5
389.837	839.5
390.062	857.5
390.287	857.5
390.512	841.5
390.736	846.5
390.961	843.5
391.186	880.5
391.411	901.5
391.636	925.5
391.86	921.5
392.085	932.5
392.31	931.5
392.534	926.5
392.759	931.5
392.984	904.5
393.208	896.5
393.433	892.5
393.658	904.5
393.882	906.5
394.107	904.5
394.331	896.5
394.556	900.5
394.78	889.5
395.005	901.5
395.229	909.5
395.454	936.5
395.678	956.5
395.903	971.5
396.127	956.5
396.352	949.5
396.576	920.5
396.801	908.5
397.025	928.5
397.249	948.5
397.474	948.5
397.698	952.5
397.922	984.5
398.147	982.5
398.371	977.5
398.595	996.5
398.82	1063.5
399.044	1098.5
399.268	1190.5
399.492	1339.5
399.717	1426.5
399.941	1469.5
400.165	1364.5
400.389	1303.5
400.613	1178.5
400.837	1108.5
401.062	1081.5
401.286	1085.5
401.51	1073.5
401.734	1088.5
401.958	1113.5
402.182	1091.5
402.406	1165.5
402.63	1161.5
402.854	1159.5
403.078	1167.5
403.302	1188.5
403.526	1211.5
403.75	1223.5
403.974	1260.5
404.198	1221.5
404.422	1283.5
404.645	1285.5
404.869	1311.5
405.093	1357.5
405.317	1413.5
405.541	1438.5
405.765	1367.5
405.988	1321.5
406.212	1313.5
406.436	1331.5
406.66	1359.5
406.883	1303.5
407.107	1337.5
407.331	1413.5
407.555	1451.5
407.778	1437.5
408.002	1387.5
408.226	1322.5
408.449	1344.5
408.673	1307.5
408.896	1310.5
409.12	1303.5
409.344	1302.5
409.567	1228.5
409.791	1232.5
410.014	1219.5
410.238	1221.5
410.461	1225.5
410.685	1230.5
410.908	1238.5
411.132	1203.5
411.355	1234.5
411.578	1236.5
411.802	1200.5
412.025	1199.5
412.249	1296.5
412.472	1344.5
412.695	1400.5
412.919	1364.5
413.142	1302.5
413.365	1284.5
413.589	1230.5
413.812	1191.5
414.035	1178.5
414.258	1149.5
414.482	1176.5
414.705	1145.5
414.928	1139.5
415.151	1142.5
415.374	1143.5
415.597	1136.5
415.821	1113.5
416.044	1133.5
416.267	1128.5
416.49	1120.5
416.713	1118.5
416.936	1114.5
417.159	1109.5
417.382	1132.5
417.605	1175.5
417.828	1181.5
418.051	1215.5
418.274	1159.5
418.497	1161.5
418.72	1169.5
418.943	1159.5
419.166	1219.5
419.389	1312.5
419.611	1279.5
419.834	1300.5
420.057	1307.5
420.28	1366.5
420.503	1344.5
420.726	1301.5
420.948	1263.5
421.171	1304.5
421.394	1280.5
421.617	1215.5
421.839	1211.5
422.062	1176.5
422.285	1201.5
422.507	1229.5
422.73	1324.5
422.953	1297.5
423.175	1214.5
423.398	1235.5
423.621	1212.5
423.843	1263.5
424.066	1222.5
424.288	1220.5
424.511	1220.5
424.733	1286.5
424.956	1346.5
425.178	1315.5
425.401	1300.5
425.623	1315.5
425.846	1199.5
426.068	1208.5
426.291	1147.5
426.513	1139.5
426.735	1159.5
426.958	1190.5
427.18	1255.5
427.402	1424.5
427.625	1520.5
427.847	1503.5
428.069	1440.5
428.292	1305.5
428.514	1188.5
428.736	1118.5
428.958	1150.5
429.181	1114.5
429.403	1044.5
429.625	1069.5
429.847	1106.5
430.069	1198.5
430.292	1148.5
430.514	1053.5
430.736	1061.5
430.958	1065.5
431.18	1044.5
431.402	1025.5
431.624	1016.5
431.846	1025.5
432.068	1022.5
432.29	1041.5
432.512	1044.5
432.734	1028.5
432.956	1060.5
433.178	1079.5
433.4	1069.5
433.622	1053.5
433.844	1081.5
434.066	1069.5
434.287	1047.5
434.509	1079.5
434.731	1091.5
434.953	1141.5
435.175	1145.5
435.397	1176.5
435.618	1142.5
435.84	1137.5
436.062	1251.5
436.284	1268.5
436.505	1153.5
436.727	1144.5
436.949	1096.5
437.17	1104.5
437.392	1092.5
437.614	1061.5
437.835	1093.5
438.057	1200.5
438.278	1283.5
438.5	1267.5
438.721	1371.5
438.943	1335.5
439.165	1154.5
439.386	1101.5
439.608	1125.5
439.829	1159.5
440.05	1187.5
440.272	1276.5
440.493	1216.5
440.715	1150.5
440.936	1131.5
441.158	1150.5
441.379	1138.5
441.6	1193.5
441.822	1236.5
442.043	1268.5
442.264	1324.5
442.486	1332.5
442.707	1198.5
442.928	1185.5
443.149	1227.5
443.371	1245.5
443.592	1292.5
443.813	1385.5
444.034	1452.5
444.255	1303.5
444.476	1298.5
444.698	1294.5
444.919	1312.5
445.14	1439.5
445.361	1346.5
445.582	1310.5
445.803	1335.5
446.024	1402.5
446.245	1393.5
446.466	1300.5
446.687	1189.5
446.908	1168.5
447.129	1090.5
447.35	1062.5
447.571	1038.5
447.792	1052.5
448.013	1046.5
448.234	1055.5
448.455	1133.5
448.675	1205.5
448.896	1305.5
449.117	1171.5
449.338	1164.5
449.559	1237.5
449.779	1342.5
450	1131.5
450.221	1063.5
450.442	1032.5
450.662	1028.5
450.883	1076.5
451.104	1128.5
451.324	1087.5
451.545	1033.5
451.766	1003.5
451.986	984.5
452.207	1023.5
452.428	980.5
452.648	975.5
452.869	975.5
453.089	970.5
453.31	1000.5
453.53	948.5
453.751	950.5
453.971	955.5
454.192	979.5
454.412	964.5
454.633	916.5
454.853	934.5
455.073	932.5
455.294	983.5
455.514	1015.5
455.734	961.5
455.955	889.5
456.175	887.5
456.395	880.5
456.616	880.5
456.836	895.5
457.056	904.5
457.276	847.5
457.497	862.5
457.717	887.5
457.937	888.5
458.157	919.5
458.377	943.5
458.598	968.5
458.818	1065.5
459.038	1180.5
459.258	1165.5
459.478	1042.5
459.698	1042.5
459.918	1033.5
460.138	1072.5
460.358	1105.5
460.578	1134.5
460.798	1095.5
461.018	1172.5
461.238	1109.5
461.458	1119.5
461.678	1111.5
461.898	1104.5
462.118	1108.5
462.338	1175.5
462.558	1221.5
462.777	1250.5
462.997	1283.5
463.217	1388.5
463.437	1405.5
463.657	1281.5
463.876	1262.5
464.096	1247.5
464.316	1245.5
464.536	1299.5
464.755	1223.5
464.975	1222.5
465.195	1297.5
465.414	1441.5
465.634	1225.5
465.854	1115.5
466.073	1086.5
466.293	1083.5
466.512	1050.5
466.732	1030.5
466.951	1033.5
467.171	1040.5
467.391	1059.5
467.61	1095.5
467.829	1125.5
468.049	1309.5
468.268	1828.5
468.488	1440.5
468.707	1176.5
468.927	1104.5
469.146	1053.5
469.365	1052.5
469.585	1055.5
469.804	1075.5
470.023	1105.5
470.243	1100.5
470.462	1124.5
470.681	1157.5
470.901	1143.5
471.12	1102.5
471.339	1099.5
471.558	1124.5
471.777	1157.5
471.997	1243.5
472.216	1690.5
472.435	3392.5
472.654	2516.5
472.873	1579.5
473.092	1376.5
473.311	1235.5
473.53	1184.5
473.749	1116.5
473.968	1164.5
474.187	1212.5
474.406	1223.5
474.625	1108.5
474.844	1084.5
475.063	1050.5
475.282	1056.5
475.501	1021.5
475.72	1044.5
475.939	1043.5
476.158	1059.5
476.377	1049.5
476.596	1049.5
476.814	1067.5
477.033	1093.5
477.252	1086.5
477.471	1116.5
477.69	1152.5
477.908	1141.5
478.127	1175.5
478.346	1154.5
478.564	1213.5
478.783	1214.5
479.002	1248.5
479.22	1293.5
479.439	1249.5
479.658	1297.5
479.876	1302.5
480.095	1296.5
480.313	1405.5
480.532	1477.5
480.751	1557.5
480.969	1952.5
481.188	4317.5
481.406	5604.5
481.624	2830.5
481.843	2036.5
482.061	1732.5
482.28	1640.5
482.498	1503.5
482.717	1423.5
482.935	1375.5
483.153	1378.5
483.372	1336.5
483.59	1347.5
483.808	1315.5
484.027	1294.5
484.245	1276.5
484.463	1289.5
484.681	1317.5
484.9	1329.5
485.118	1313.5
485.336	1284.5
485.554	1285.5
485.772	1265.5
485.99	1257.5
486.209	1281.5
486.427	1297.5
486.645	1320.5
486.863	1359.5
487.081	1352.5
487.299	1292.5
487.517	1331.5
487.735	1318.5
487.953	1391.5
488.171	1344.5
488.389	1359.5
488.607	1334.5
488.825	1297.5
489.043	1304.5
489.261	1332.5
489.479	1335.5
489.696	1341.5
489.914	1338.5
490.132	1357.5
490.35	1376.5
490.568	1452.5
490.786	1471.5
491.003	1504.5
491.221	1567.5
491.439	1593.5
491.657	1653.5
491.874	1696.5
492.092	1725.5
492.31	1741.5
492.527	1754.5
492.745	1761.5
492.963	1741.5
493.18	1737.5
493.398	1707.5
493.615	1727.5
493.833	1659.5
494.05	1660.5
494.268	1649.5
494.485	1611.5
494.703	1609.5
494.92	1604.5
495.138	1559.5
495.355	1529.5
495.573	1584.5
495.79	1555.5
496.008	1510.5
496.225	1540.5
496.442	1522.5
496.66	1554.5
496.877	1557.5
497.094	1524.5
497.312	1532.5
497.529	1540.5
497.746	1551.5
497.963	1567.5
498.181	1633.5
498.398	1631.5
498.615	1664.5
498.832	1733.5
499.049	1855.5
499.267	1927.5
499.484	2052.5
499.701	2199.5
499.918	2405.5
500.135	2603.5
500.352	2903.5
500.569	2999.5
500.786	3023.5
501.003	2801.5
501.22	2593.5
501.437	2359.5
501.654	2188.5
501.871	2018.5
502.088	1889.5
502.305	1816.5
502.522	1723.5
502.739	1669.5
502.956	1606.5
503.172	1583.5
503.389	1487.5
503.606	1512.5
503.823	1499.5
504.04	1469.5
504.256	1459.5
504.473	1446.5
504.69	1505.5
504.907	1486.5
505.123	1360.5
505.34	1362.5
505.557	1323.5
505.773	1294.5
505.99	1268.5
506.207	1280.5
506.423	1248.5
506.64	1232.5
506.856	1229.5
507.073	1222.5
507.289	1207.5
507.506	1195.5
507.722	1215.5
507.939	1279.5
508.155	1223.5
508.372	1170.5
508.588	1165.5
508.805	1171.5
509.021	1174.5
509.238	1171.5
509.454	1157.5
509.67	1146.5
509.887	1152.5
510.103	1147.5
510.319	1169.5
510.536	1407.5
510.752	2822.5
510.968	2030.5
511.184	1259.5
511.401	1165.5
511.617	1147.5
511.833	1238.5
512.049	1260.5
512.265	1211.5
512.481	1171.5
512.698	1176.5
512.914	1179.5
513.13	1120.5
513.346	1167.5
513.562	1158.5
513.778	1117.5
513.994	1147.5
514.21	1168.5
514.426	1235.5
514.642	1277.5
514.858	1320.5
515.074	1396.5
515.29	1809.5
515.506	2870.5
515.721	2173.5
515.937	1413.5
516.153	1269.5
516.369	1234.5
516.585	1220.5
516.801	1217.5
517.016	1232.5
517.232	1295.5
517.448	1319.5
517.664	1358.5
517.879	1344.5
518.095	1358.5
518.311	1343.5
518.527	1320.5
518.742	1280.5
518.958	1230.5
519.173	1207.5
519.389	1151.5
519.605	1190.5
519.82	1171.5
520.036	1184.5
520.251	1247.5
520.467	1236.5
520.682	1215.5
520.898	1254.5
521.113	1280.5
521.329	1365.5
521.544	1547.5
521.76	2019.5
521.975	3858.5
522.19	3550.5
522.406	1753.5
522.621	1329.5
522.836	1171.5
523.052	1145.5
523.267	1109.5
523.482	1070.5
523.698	1071.5
523.913	1062.5
524.128	1041.5
524.343	1043.5
524.559	1011.5
524.774	975.5
524.989	1016.5
525.204	1033.5
525.419	1001.5
525.634	1003.5
525.849	972.5
526.064	952.5
526.28	967.5
526.495	956.5
526.71	906.5
526.925	916.5
527.14	937.5
527.355	913.5
527.57	897.5
527.785	921.5
527.999	965.5
528.214	944.5
528.429	938.5
528.644	966.5
528.859	949.5
529.074	961.5
529.289	1021.5
529.503	1198.5
529.718	1131.5
529.933	1026.5
530.148	976.5
530.363	937.5
530.577	920.5
530.792	889.5
531.007	919.5
531.221	905.5
531.436	907.5
531.651	920.5
531.865	885.5
532.08	908.5
532.295	891.5
532.509	872.5
532.724	870.5
532.938	908.5
533.153	921.5
533.367	911.5
533.582	922.5
533.796	913.5
534.011	891.5
534.225	882.5
534.44	875.5
534.654	872.5
534.868	876.5
535.083	887.5
535.297	860.5
535.511	884.5
535.726	894.5
535.94	915.5
536.154	886.5
536.369	873.5
536.583	835.5
536.797	836.5
537.011	848.5
537.225	824.5
537.44	821.5
537.654	811.5
537.868	829.5
538.082	828.5
538.296	829.5
538.51	827.5
538.724	843.5
538.938	843.5
539.153	838.5
539.367	878.5
539.581	881.5
539.795	840.5
540.009	809.5
540.222	823.5
540.436	856.5
540.65	849.5
540.864	829.5
541.078	860.5
541.292	902.5
541.506	895.5
541.72	915.5
541.934	900.5
542.147	918.5
542.361	920.5
542.575	884.5
542.789	865.5
543.002	865.5
543.216	844.5
543.43	851.5
543.644	850.5
543.857	865.5
544.071	887.5
544.285	887.5
544.498	924.5
544.712	880.5
544.925	894.5
545.139	905.5
545.352	878.5
545.566	902.5
545.779	938.5
545.993	912.5
546.206	911.5
546.42	910.5
546.633	909.5
546.847	897.5
547.06	873.5
547.274	904.5
547.487	932.5
547.7	916.5
547.914	901.5
548.127	885.5
548.34	910.5
548.554	883.5
548.767	901.5
548.98	860.5
549.193	888.5
549.407	910.5
549.62	888.5
549.833	894.5
550.046	875.5
550.259	904.5
550.473	887.5
550.686	872.5
550.899	869.5
551.112	873.5
551.325	836.5
551.538	851.5
551.751	797.5
551.964	806.5
552.177	848.5
552.39	860.5
552.603	866.5
552.816	896.5
553.029	897.5
553.242	948.5
553.455	913.5
553.667	955.5
553.88	943.5
554.093	904.5
554.306	916.5
554.519	890.5
554.732	889.5
554.944	860.5
555.157	839.5
555.37	841.5
555.583	832.5
555.795	842.5
556.008	793.5
556.221	790.5
556.433	780.5
556.646	770.5
556.859	786.5
557.071	752.5
557.284	752.5
557.496	775.5
557.709	757.5
557.921	756.5
558.134	777.5
558.346	776.5
558.559	730.5
558.771	740.5
558.984	735.5
559.196	731.5
559.409	717.5
559.621	759.5
559.833	714.5
560.046	723.5
560.258	719.5
560.47	744.5
560.683	744.5
560.895	722.5
561.107	709.5
561.32	715.5
561.532	716.5
561.744	718.5
561.956	729.5
562.168	709.5
562.381	726.5
562.593	713.5
562.805	733.5
563.017	702.5
563.229	687.5
563.441	700.5
563.653	687.5
563.865	708.5
564.077	716.5
564.289	732.5
564.501	735.5
564.713	718.5
564.925	747.5
565.137	745.5
565.349	746.5
565.561	743.5
565.773	808.5
565.985	804.5
566.197	822.5
566.408	869.5
566.62	923.5
566.832	956.5
567.044	977.5
567.255	976.5
567.467	969.5
567.679	1038.5
567.891	1067.5
568.102	1075.5
568.314	1008.5
568.526	946.5
568.737	858.5
568.949	800.5
569.161	750.5
569.372	731.5
569.584	703.5
569.795	655.5
570.007	661.5
570.218	768.5
570.43	726.5
570.641	663.5
570.853	652.5
571.064	664.5
571.276	670.5
571.487	648.5
571.698	627.5
571.91	619.5
572.121	605.5
572.333	601.5
572.544	589.5
572.755	552.5
572.966	551.5
573.178	566.5
573.389	540.5
573.6	547.5
573.811	541.5
574.023	548.5
574.234	549.5
574.445	558.5
574.656	533.5
574.867	543.5
575.078	536.5
575.289	532.5
575.501	576.5
575.712	522.5
575.923	515.5
576.134	514.5
576.345	509.5
576.556	530.5
576.767	528.5
576.978	516.5
577.188	529.5
577.399	509.5
577.61	515.5
577.821	497.5
578.032	526.5
578.243	565.5
578.454	1013.5
578.665	693.5
578.875	525.5
579.086	499.5
579.297	463.5
579.508	468.5
579.718	469.5
579.929	488.5
580.14	467.5
580.35	481.5
580.561	472.5
580.772	477.5
580.982	491.5
581.193	479.5
581.403	449.5
581.614	452.5
581.825	480.5
582.035	473.5
582.246	466.5
582.456	478.5
582.667	458.5
582.877	466.5
583.087	451.5
583.298	445.5
583.508	445.5
583.719	449.5
583.929	438.5
584.139	447.5
584.35	455.5
584.56	452.5
584.77	444.5
584.981	441.5
585.191	450.5
585.401	447.5
585.611	448.5
585.821	432.5
586.032	446.5
586.242	439.5
586.452	443.5
586.662	447.5
586.872	436.5
587.082	424.5
587.292	447.5
587.502	431.5
587.713	437.5
587.923	421.5
588.133	419.5
588.343	433.5
588.553	422.5
588.762	425.5
588.972	436.5
589.182	437.5
589.392	439.5
589.602	448.5
589.812	483.5
590.022	467.5
590.232	451.5
590.441	437.5
590.651	446.5
590.861	436.5
591.071	424.5
591.281	451.5
591.49	443.5
591.7	444.5
591.91	444.5
592.119	472.5
592.329	473.5
592.539	483.5
592.748	484.5
592.958	510.5
593.167	500.5
593.377	502.5
593.587	490.5
593.796	502.5
594.006	523.5
594.215	518.5
594.424	529.5
594.634	511.5
594.843	497.5
595.053	479.5
595.262	489.5
595.472	485.5
595.681	455.5
595.89	427.5
596.1	434.5
596.309	431.5
596.518	432.5
596.727	433.5
596.937	399.5
597.146	401.5
597.355	412.5
597.564	412.5
597.774	398.5
597.983	413.5
598.192	369.5
598.401	382.5
598.61	379.5
598.819	383.5
599.028	388.5
599.237	393.5
599.446	383.5
599.655	386.5
599.864	396.5
600.073	377.5
600.282	380.5
600.491	404.5
600.7	404.5
600.909	393.5
601.118	390.5
601.327	401.5
601.536	404.5
601.745	405.5
601.953	427.5
602.162	411.5
602.371	423.5
602.58	393.5
602.789	397.5
602.997	416.5
603.206	397.5
603.415	411.5
603.623	406.5
603.832	397.5
604.041	416.5
604.249	393.5
604.458	379.5
604.666	367.5
604.875	393.5
605.084	373.5
605.292	415.5
605.501	419.5
605.709	414.5
605.918	413.5
606.126	404.5
606.334	413.5
606.543	404.5
606.751	385.5
606.96	381.5
607.168	391.5
607.376	397.5
607.585	399.5
607.793	382.5
608.001	409.5
608.21	388.5
608.418	401.5
608.626	425.5
608.834	431.5
609.043	416.5
609.251	421.5
609.459	406.5
609.667	432.5
609.875	411.5
610.083	417.5
610.291	409.5
610.499	411.5
610.707	409.5
610.916	402.5
611.124	404.5
611.332	395.5
611.54	419.5
611.748	403.5
611.955	417.5
612.163	405.5
612.371	388.5
612.579	387.5
612.787	401.5
612.995	412.5
613.203	415.5
613.411	386.5
613.618	388.5
613.826	376.5
614.034	389.5
614.242	401.5
614.449	382.5
614.657	379.5
614.865	390.5
615.072	388.5
615.28	404.5
615.488	387.5
615.695	393.5
615.903	401.5
616.111	408.5
616.318	407.5
616.526	408.5
616.733	392.5
616.941	397.5
617.148	381.5
617.356	363.5
617.563	365.5
617.771	389.5
617.978	360.5
618.185	368.5
618.393	369.5
618.6	368.5
618.807	397.5
619.015	377.5
619.222	371.5
619.429	368.5
619.637	349.5
619.844	363.5
620.051	347.5
620.258	353.5
620.466	357.5
620.673	353.5
620.88	363.5
621.087	355.5
621.294	328.5
621.501	345.5
621.708	343.5
621.915	361.5
622.122	348.5
622.329	364.5
622.536	346.5
622.743	339.5
622.95	358.5
623.157	370.5
623.364	349.5
623.571	340.5
623.778	353.5
623.985	343.5
624.192	354.5
624.399	343.5
624.606	351.5
624.812	327.5
625.019	331.5
625.226	325.5
625.433	321.5
625.639	310.5
625.846	287.5
626.053	297.5
626.259	289.5
626.466	301.5
626.673	312.5
626.879	290.5
627.086	299.5
627.293	299.5
627.499	307.5
627.706	336.5
627.912	325.5
628.119	328.5
628.325	324.5
628.532	295.5
628.738	321.5
628.945	309.5
629.151	308.5
629.357	319.5
629.564	302.5
629.77	303.5
629.976	301.5
630.183	281.5
630.389	299.5
630.595	283.5
630.802	309.5
631.008	317.5
631.214	293.5
631.42	289.5
631.627	285.5
631.833	269.5
632.039	282.5
632.245	283.5
632.451	289.5
632.657	280.5
632.863	287.5
633.069	301.5
633.275	289.5
633.481	277.5
633.688	280.5
633.893	286.5
634.099	280.5
634.305	280.5
634.511	285.5
634.717	251.5
634.923	274.5
635.129	269.5
635.335	301.5
635.541	279.5
635.747	287.5
635.952	312.5
636.158	324.5
636.364	433.5
636.57	515.5
636.775	415.5
636.981	360.5
637.187	338.5
637.392	323.5
637.598	312.5
637.804	309.5
638.009	294.5
638.215	305.5
638.421	305.5
638.626	261.5
638.832	285.5
639.037	288.5
639.243	267.5
639.448	270.5
639.654	277.5
639.859	265.5
640.065	278.5
640.27	261.5
640.475	272.5
640.681	256.5
640.886	271.5
641.091	266.5
641.297	277.5
641.502	243.5
641.707	260.5
641.913	263.5
642.118	262.5
642.323	261.5
642.528	259.5
642.733	242.5
642.939	252.5
643.144	242.5
643.349	246.5
643.554	251.5
643.759	264.5
643.964	245.5
644.169	250.5
644.374	265.5
644.579	242.5
644.784	256.5
644.989	242.5
645.194	256.5
645.399	247.5
645.604	235.5
645.809	235.5
646.014	264.5
646.219	254.5
646.423	250.5
646.628	249.5
646.833	264.5
647.038	258.5
647.243	235.5
647.447	257.5
647.652	253.5
647.857	265.5
648.062	272.5
648.266	244.5
648.471	248.5
648.676	274.5
648.88	275.5
649.085	259.5
649.289	259.5
649.494	244.5
649.698	297.5
649.903	280.5
650.107	257.5
650.312	269.5
650.516	231.5
650.721	243.5
650.925	229.5
651.13	233.5
651.334	216.5
651.539	197.5
651.743	224.5
651.947	224.5
652.152	192.5
652.356	203.5
652.56	198.5
652.764	212.5
652.969	177.5
653.173	199.5
653.377	183.5
653.581	200.5
653.785	213.5
653.99	185.5
654.194	193.5
654.398	187.5
654.602	175.5
654.806	191.5
655.01	186.5
655.214	183.5
655.418	172.5
655.622	180.5
655.826	181.5
656.03	183.5
656.234	201.5
656.438	201.5
656.642	188.5
656.846	177.5
657.049	177.5
657.253	160.5
657.457	157.5
657.661	137.5
657.865	150.5
658.068	135.5
658.272	122.5
658.476	130.5
658.68	135.5
658.883	134.5
659.087	139.5
659.291	141.5
659.494	121.5
659.698	119.5
659.901	110.5
660.105	112.5
660.309	107.5
660.512	115.5
660.716	134.5
660.919	105.5
661.123	110.5
661.326	115.5
661.53	93.5
661.733	95.5
661.936	108.5
662.14	86.5
662.343	100.5
662.546	112.5
662.75	89.5
662.953	91.5
663.156	97.5
663.36	87.5
663.563	88.5
663.766	73.5
663.969	84.5
664.173	83.5
664.376	91.5
664.579	86.5
664.782	80.5
664.985	84.5
665.188	84.5
665.391	101.5
665.594	74.5
665.797	93.5
666	79.5
666.203	84.5
666.406	80.5
666.609	87.5
666.812	88.5
667.015	73.5
667.218	96.5
667.421	72.5
667.624	82.5
667.827	96.5
668.03	78.5
668.232	79.5
668.435	91.5
668.638	77.5
668.841	73.5
669.043	73.5
669.246	93.5
669.449	78.5
669.651	93.5
669.854	71.5
670.057	79.5
670.259	79.5
670.462	84.5
670.665	74.5
670.867	77.5
671.07	100.5
671.272	76.5
671.475	80.5
671.677	90.5
671.88	76.5
672.082	82.5
672.284	78.5
672.487	83.5
672.689	72.5
672.892	75.5
