223.165	-3.38
223.4	-3.38
223.635	-3.38
223.869	-21.38
224.104	-29.38
224.338	-11.38
224.573	-21.38
224.808	-20.38
225.042	-5.38
225.277	-16.38
225.511	4.62
225.746	16.62
225.98	13.62
226.215	4.62
226.449	20.62
226.683	15.62
226.918	36.62
227.152	16.62
227.387	32.62
227.621	41.62
227.856	35.62
228.09	50.62
228.324	44.62
228.559	44.62
228.793	56.62
229.027	116.62
229.262	116.62
229.496	123.62
229.73	146.62
229.964	170.62
230.199	159.62
230.433	122.62
230.667	142.62
230.901	133.62
231.136	131.62
231.37	153.62
231.604	140.62
231.838	146.62
232.072	138.62
232.306	144.62
232.541	138.62
232.775	135.62
233.009	145.62
233.243	145.62
233.477	146.62
233.711	138.62
233.945	158.62
234.179	152.62
234.413	155.62
234.647	147.62
234.881	140.62
235.115	154.62
235.349	147.62
235.583	146.62
235.817	161.62
236.051	159.62
236.285	145.62
236.519	136.62
236.753	167.62
236.987	191.62
237.221	216.62
237.455	257.62
237.689	220.62
237.922	174.62
238.156	154.62
238.39	166.62
238.624	166.62
238.858	160.62
239.091	164.62
239.325	168.62
239.559	175.62
239.793	177.62
240.027	204.62
240.26	205.62
240.494	201.62
240.728	186.62
240.961	190.62
241.195	174.62
241.429	188.62
241.662	171.62
241.896	176.62
242.13	176.62
242.363	193.62
242.597	187.62
242.83	210.62
243.064	191.62
243.298	206.62
243.531	200.62
243.765	217.62
243.998	193.62
244.232	207.62
244.465	221.62
244.699	214.62
244.932	199.62
245.166	219.62
245.399	208.62
245.633	198.62
245.866	203.62
246.099	223.62
246.333	223.62
246.566	217.62
246.8	230.62
247.033	214.62
247.266	197.62
247.5	233.62
247.733	238.62
247.966	247.62
248.2	234.62
248.433	246.62
248.666	256.62
248.899	271.62
249.133	271.62
249.366	265.62
249.599	291.62
249.832	298.62
250.066	289.62
250.299	360.62
250.532	437.62
250.765	496.62
250.998	441.62
251.231	365.62
251.465	335.62
251.698	328.62
251.931	311.62
252.164	313.62
252.397	288.62
252.63	310.62
252.863	306.62
253.096	306.62
253.329	298.62
253.562	302.62
253.795	316.62
254.028	314.62
254.261	326.62
254.494	314.62
254.727	335.62
254.96	358.62
255.193	366.62
255.426	375.62
255.659	424.62
255.892	561.62
256.124	723.62
256.357	775.62
256.59	627.62
256.823	528.62
257.056	446.62
257.289	408.62
257.521	414.62
257.754	378.62
257.987	370.62
258.22	361.62
258.452	358.62
258.685	354.62
258.918	330.62
259.151	314.62
259.383	307.62
259.616	342.62
259.849	338.62
260.081	366.62
260.314	346.62
260.547	332.62
260.779	328.62
261.012	347.62
261.244	349.62
261.477	336.62
261.71	336.62
261.942	350.62
262.175	386.62
262.407	347.62
262.64	312.62
262.872	312.62
263.105	328.62
263.337	315.62
263.57	315.62
263.802	323.62
264.035	326.62
264.267	312.62
264.499	326.62
264.732	330.62
264.964	306.62
265.197	312.62
265.429	319.62
265.661	332.62
265.894	318.62
266.126	336.62
266.358	342.62
266.591	331.62
266.823	332.62
267.055	318.62
267.287	348.62
267.52	346.62
267.752	325.62
267.984	335.62
268.216	338.62
268.448	343.62
268.681	370.62
268.913	354.62
269.145	352.62
269.377	368.62
269.609	354.62
269.841	345.62
270.073	376.62
270.306	386.62
270.538	388.62
270.77	407.62
271.002	407.62
271.234	384.62
271.466	408.62
271.698	405.62
271.93	406.62
272.162	395.62
272.394	406.62
272.626	415.62
272.858	382.62
273.09	385.62
273.322	398.62
273.553	383.62
273.785	382.62
274.017	378.62
274.249	423.62
274.481	403.62
274.713	408.62
274.945	407.62
275.176	422.62
275.408	424.62
275.64	429.62
275.872	452.62
276.104	428.62
276.335	432.62
276.567	422.62
276.799	461.62
277.031	487.62
277.262	554.62
277.494	560.62
277.726	508.62
277.957	460.62
278.189	450.62
278.421	462.62
278.652	455.62
278.884	446.62
279.115	423.62
279.347	432.62
279.579	439.62
279.81	470.62
280.042	528.62
280.273	561.62
280.505	567.62
280.736	508.62
280.968	488.62
281.199	470.62
281.431	459.62
281.662	437.62
281.894	425.62
282.125	472.62
282.356	488.62
282.588	490.62
282.819	505.62
283.051	452.62
283.282	450.62
283.513	439.62
283.745	435.62
283.976	432.62
284.207	451.62
284.439	444.62
284.67	446.62
284.901	442.62
285.132	433.62
285.364	427.62
285.595	436.62
285.826	430.62
286.057	442.62
286.288	430.62
286.52	458.62
286.751	446.62
286.982	456.62
287.213	462.62
287.444	455.62
287.675	440.62
287.906	463.62
288.138	458.62
288.369	476.62
288.6	482.62
288.831	452.62
289.062	438.62
289.293	456.62
289.524	444.62
289.755	465.62
289.986	450.62
290.217	458.62
290.448	443.62
290.679	441.62
290.91	457.62
291.141	445.62
291.371	440.62
291.602	458.62
291.833	443.62
292.064	458.62
292.295	463.62
292.526	467.62
292.757	433.62
292.987	453.62
293.218	447.62
293.449	456.62
293.68	449.62
293.91	450.62
294.141	426.62
294.372	451.62
294.603	429.62
294.833	470.62
295.064	468.62
295.295	469.62
295.525	446.62
295.756	480.62
295.987	464.62
296.217	522.62
296.448	518.62
296.679	485.62
296.909	472.62
297.14	470.62
297.37	481.62
297.601	487.62
297.831	496.62
298.062	484.62
298.292	482.62
298.523	500.62
298.753	487.62
298.984	470.62
299.214	456.62
299.445	482.62
299.675	507.62
299.905	507.62
300.136	483.62
300.366	477.62
300.597	495.62
300.827	493.62
301.057	508.62
301.288	534.62
301.518	532.62
301.748	532.62
301.979	537.62
302.209	536.62
302.439	560.62
302.669	532.62
302.9	511.62
303.13	526.62
303.36	538.62
303.59	536.62
303.82	592.62
304.051	586.62
304.281	559.62
304.511	527.62
304.741	541.62
304.971	534.62
305.201	502.62
305.431	547.62
305.661	524.62
305.891	506.62
306.121	543.62
306.352	535.62
306.582	545.62
306.812	546.62
307.042	544.62
307.272	599.62
307.502	636.62
307.731	636.62
307.961	611.62
308.191	543.62
308.421	547.62
308.651	554.62
308.881	555.62
309.111	562.62
309.341	538.62
309.571	570.62
309.8	562.62
310.03	567.62
310.26	587.62
310.49	595.62
310.72	590.62
310.949	614.62
311.179	603.62
311.409	592.62
311.639	600.62
311.868	620.62
312.098	601.62
312.328	604.62
312.557	629.62
312.787	653.62
313.017	650.62
313.246	634.62
313.476	603.62
313.706	610.62
313.935	628.62
314.165	632.62
314.394	654.62
314.624	635.62
314.853	611.62
315.083	608.62
315.312	614.62
315.542	606.62
315.771	606.62
316.001	597.62
316.23	616.62
316.46	596.62
316.689	612.62
316.919	594.62
317.148	645.62
317.377	634.62
317.607	614.62
317.836	623.62
318.065	628.62
318.295	608.62
318.524	634.62
318.753	616.62
318.983	625.62
319.212	622.62
319.441	636.62
319.67	642.62
319.9	617.62
320.129	650.62
320.358	644.62
320.587	662.62
320.816	670.62
321.046	674.62
321.275	692.62
321.504	679.62
321.733	685.62
321.962	696.62
322.191	722.62
322.42	721.62
322.649	753.62
322.878	771.62
323.108	788.62
323.337	842.62
323.566	889.62
323.795	922.62
324.024	1000.62
324.253	1195.62
324.482	1719.62
324.71	2686.62
324.939	3826.62
325.168	3047.62
325.397	1598.62
325.626	1206.62
325.855	1041.62
326.084	989.62
326.313	989.62
326.542	1014.62
326.77	1074.62
326.999	1270.62
327.228	1718.62
327.457	2646.62
327.686	3126.62
327.914	2202.62
328.143	1976.62
328.372	2125.62
328.6	1891.62
328.829	1438.62
329.058	1367.62
329.287	1364.62
329.515	1457.62
329.744	1622.62
329.972	2030.62
330.201	2778.62
330.43	3510.62
330.658	2838.62
330.887	1863.62
331.115	1514.62
331.344	1294.62
331.572	1225.62
331.801	1198.62
332.03	1156.62
332.258	1128.62
332.486	1142.62
332.715	1162.62
332.943	1218.62
333.172	1291.62
333.4	1390.62
333.629	1518.62
333.857	1785.62
334.085	2214.62
334.314	3050.62
334.542	4217.62
334.771	4586.62
334.999	2846.62
335.227	1845.62
335.455	1465.62
335.684	1291.62
335.912	1184.62
336.14	1101.62
336.369	1033.62
336.597	1027.62
336.825	1026.62
337.053	1007.62
337.281	941.62
337.51	905.62
337.738	897.62
337.966	881.62
338.194	886.62
338.422	879.62
338.65	833.62
338.878	824.62
339.106	814.62
339.334	822.62
339.562	824.62
339.79	787.62
340.018	780.62
340.246	797.62
340.474	786.62
340.702	786.62
340.93	791.62
341.158	757.62
341.386	779.62
341.614	766.62
341.842	775.62
342.07	793.62
342.298	764.62
342.526	772.62
342.754	766.62
342.981	739.62
343.209	765.62
343.437	766.62
343.665	819.62
343.893	823.62
344.12	837.62
344.348	797.62
344.576	792.62
344.804	811.62
345.031	790.62
345.259	794.62
345.487	800.62
345.714	788.62
345.942	758.62
346.17	739.62
346.397	732.62
346.625	751.62
346.853	720.62
347.08	735.62
347.308	764.62
347.535	737.62
347.763	752.62
347.99	754.62
348.218	750.62
348.445	771.62
348.673	782.62
348.9	743.62
349.128	764.62
349.355	711.62
349.583	711.62
349.81	721.62
350.037	721.62
350.265	709.62
350.492	700.62
350.72	694.62
350.947	730.62
351.174	715.62
351.402	757.62
351.629	757.62
351.856	745.62
352.083	733.62
352.311	752.62
352.538	761.62
352.765	763.62
352.992	757.62
353.22	760.62
353.447	736.62
353.674	730.62
353.901	729.62
354.128	714.62
354.355	680.62
354.583	704.62
354.81	682.62
355.037	704.62
355.264	673.62
355.491	712.62
355.718	680.62
355.945	704.62
356.172	687.62
356.399	709.62
356.626	705.62
356.853	706.62
357.08	696.62
357.307	714.62
357.534	681.62
357.761	721.62
357.988	709.62
358.215	705.62
358.441	689.62
358.668	688.62
358.895	698.62
359.122	724.62
359.349	746.62
359.576	739.62
359.802	776.62
360.029	824.62
360.256	833.62
360.483	813.62
360.709	741.62
360.936	749.62
361.163	739.62
361.39	724.62
361.616	753.62
361.843	730.62
362.07	766.62
362.296	751.62
362.523	739.62
362.749	761.62
362.976	746.62
363.203	729.62
363.429	723.62
363.656	740.62
363.882	719.62
364.109	737.62
364.335	743.62
364.562	743.62
364.788	734.62
365.015	742.62
365.241	728.62
365.468	717.62
365.694	764.62
365.92	766.62
366.147	749.62
366.373	743.62
366.599	736.62
366.826	711.62
367.052	708.62
367.278	716.62
367.505	726.62
367.731	760.62
367.957	761.62
368.184	742.62
368.41	742.62
368.636	768.62
368.862	768.62
369.089	759.62
369.315	768.62
369.541	753.62
369.767	766.62
369.993	759.62
370.219	765.62
370.445	764.62
370.672	757.62
370.898	756.62
371.124	765.62
371.35	788.62
371.576	786.62
371.802	757.62
372.028	765.62
372.254	761.62
372.48	750.62
372.706	815.62
372.932	780.62
373.158	794.62
373.384	772.62
373.61	770.62
373.835	775.62
374.061	772.62
374.287	795.62
374.513	784.62
374.739	804.62
374.965	833.62
375.191	828.62
375.416	812.62
375.642	808.62
375.868	791.62
376.094	796.62
376.319	766.62
376.545	792.62
376.771	776.62
376.997	784.62
377.222	772.62
377.448	762.62
377.674	762.62
377.899	779.62
378.125	752.62
378.35	772.62
378.576	754.62
378.802	727.62
379.027	758.62
379.253	769.62
379.478	755.62
379.704	747.62
379.929	742.62
380.155	762.62
380.38	768.62
380.606	772.62
380.831	776.62
381.057	766.62
381.282	772.62
381.507	771.62
381.733	788.62
381.958	766.62
382.184	792.62
382.409	814.62
382.634	802.62
382.86	800.62
383.085	799.62
383.31	825.62
383.535	835.62
383.761	817.62
383.986	837.62
384.211	834.62
384.436	859.62
384.662	874.62
384.887	874.62
385.112	872.62
385.337	892.62
385.562	873.62
385.787	872.62
386.013	898.62
386.238	894.62
386.463	909.62
386.688	912.62
386.913	877.62
387.138	896.62
387.363	864.62
387.588	876.62
387.813	865.62
388.038	888.62
388.263	910.62
388.488	906.62
388.713	902.62
388.938	872.62
389.163	890.62
389.387	899.62
389.612	856.62
389.837	874.62
390.062	880.62
390.287	860.62
390.512	854.62
390.736	850.62
390.961	898.62
391.186	922.62
391.411	931.62
391.636	950.62
391.86	974.62
392.085	999.62
392.31	964.62
392.534	943.62
392.759	952.62
392.984	942.62
393.208	916.62
393.433	938.62
393.658	944.62
393.882	930.62
394.107	942.62
394.331	921.62
394.556	940.62
394.78	936.62
395.005	952.62
395.229	945.62
395.454	969.62
395.678	1019.62
395.903	1004.62
396.127	1029.62
396.352	1004.62
396.576	963.62
396.801	937.62
397.025	979.62
397.249	991.62
397.474	994.62
397.698	1000.62
397.922	1024.62
398.147	1044.62
398.371	1058.62
398.595	1070.62
398.82	1083.62
399.044	1178.62
399.268	1255.62
399.492	1394.62
399.717	1486.62
399.941	1494.62
400.165	1427.62
400.389	1322.62
400.613	1229.62
400.837	1176.62
401.062	1150.62
401.286	1138.62
401.51	1146.62
401.734	1111.62
401.958	1158.62
402.182	1140.62
402.406	1180.62
402.63	1206.62
402.854	1183.62
403.078	1203.62
403.302	1257.62
403.526	1282.62
403.75	1297.62
403.974	1274.62
404.198	1286.62
404.422	1352.62
404.645	1351.62
404.869	1391.62
405.093	1417.62
405.317	1477.62
405.541	1549.62
405.765	1447.62
405.988	1378.62
406.212	1370.62
406.436	1368.62
406.66	1402.62
406.883	1344.62
407.107	1398.62
407.331	1468.62
407.555	1576.62
407.778	1490.62
408.002	1466.62
408.226	1391.62
408.449	1348.62
408.673	1338.62
408.896	1331.62
409.12	1376.62
409.344	1338.62
409.567	1259.62
409.791	1260.62
410.014	1314.62
410.238	1292.62
410.461	1293.62
410.685	1275.62
410.908	1303.62
411.132	1306.62
411.355	1296.62
411.578	1304.62
411.802	1254.62
412.025	1304.62
412.249	1393.62
412.472	1458.62
412.695	1499.62
412.919	1498.62
413.142	1423.62
413.365	1382.62
413.589	1358.62
413.812	1276.62
414.035	1245.62
414.258	1209.62
414.482	1245.62
414.705	1250.62
414.928	1229.62
415.151	1175.62
415.374	1208.62
415.597	1194.62
415.821	1168.62
416.044	1192.62
416.267	1178.62
416.49	1190.62
416.713	1171.62
416.936	1180.62
417.159	1212.62
417.382	1251.62
417.605	1236.62
417.828	1283.62
418.051	1268.62
418.274	1263.62
418.497	1213.62
418.72	1217.62
418.943	1219.62
419.166	1262.62
419.389	1368.62
419.611	1400.62
419.834	1366.62
420.057	1393.62
420.28	1410.62
420.503	1457.62
420.726	1368.62
420.948	1400.62
421.171	1398.62
421.394	1338.62
421.617	1307.62
421.839	1271.62
422.062	1287.62
422.285	1234.62
422.507	1312.62
422.73	1375.62
422.953	1335.62
423.175	1293.62
423.398	1281.62
423.621	1284.62
423.843	1301.62
424.066	1274.62
424.288	1318.62
424.511	1303.62
424.733	1368.62
424.956	1408.62
425.178	1384.62
425.401	1391.62
425.623	1404.62
425.846	1254.62
426.068	1222.62
426.291	1222.62
426.513	1211.62
426.735	1206.62
426.958	1275.62
427.18	1336.62
427.402	1454.62
427.625	1660.62
427.847	1618.62
428.069	1566.62
428.292	1402.62
428.514	1276.62
428.736	1190.62
428.958	1206.62
429.181	1155.62
429.403	1142.62
429.625	1152.62
429.847	1150.62
430.069	1240.62
430.292	1204.62
430.514	1118.62
430.736	1135.62
430.958	1124.62
431.18	1121.62
431.402	1098.62
431.624	1090.62
431.846	1086.62
432.068	1105.62
432.29	1099.62
432.512	1099.62
432.734	1120.62
432.956	1126.62
433.178	1134.62
433.4	1160.62
433.622	1098.62
433.844	1111.62
434.066	1100.62
434.287	1088.62
434.509	1112.62
434.731	1148.62
434.953	1187.62
435.175	1183.62
435.397	1227.62
435.618	1168.62
435.84	1199.62
436.062	1293.62
436.284	1333.62
436.505	1217.62
436.727	1214.62
436.949	1140.62
437.17	1123.62
437.392	1119.62
437.614	1110.62
437.835	1169.62
438.057	1272.62
438.278	1353.62
438.5	1357.62
438.721	1427.62
438.943	1384.62
439.165	1232.62
439.386	1181.62
439.608	1198.62
439.829	1179.62
440.05	1234.62
440.272	1288.62
440.493	1238.62
440.715	1200.62
440.936	1206.62
441.158	1184.62
441.379	1224.62
441.6	1254.62
441.822	1260.62
442.043	1330.62
442.264	1409.62
442.486	1412.62
442.707	1289.62
442.928	1266.62
443.149	1305.62
443.371	1319.62
443.592	1342.62
443.813	1455.62
444.034	1503.62
444.255	1346.62
444.476	1358.62
444.698	1379.62
444.919	1390.62
445.14	1450.62
445.361	1401.62
445.582	1334.62
445.803	1429.62
446.024	1490.62
446.245	1436.62
446.466	1370.62
446.687	1239.62
446.908	1206.62
447.129	1148.62
447.35	1134.62
447.571	1144.62
447.792	1097.62
448.013	1129.62
448.234	1144.62
448.455	1199.62
448.675	1313.62
448.896	1416.62
449.117	1233.62
449.338	1215.62
449.559	1356.62
449.779	1418.62
450	1236.62
450.221	1148.62
450.442	1108.62
450.662	1064.62
450.883	1137.62
451.104	1177.62
451.324	1116.62
451.545	1135.62
451.766	1070.62
451.986	1044.62
452.207	1014.62
452.428	1022.62
452.648	1019.62
452.869	1003.62
453.089	1020.62
453.31	1039.62
453.53	992.62
453.751	992.62
453.971	996.62
454.192	1051.62
454.412	1014.62
454.633	986.62
454.853	1002.62
455.073	993.62
455.294	1038.62
455.514	1078.62
455.734	1052.62
455.955	968.62
456.175	903.62
456.395	935.62
456.616	954.62
456.836	906.62
457.056	920.62
457.276	940.62
457.497	938.62
457.717	908.62
457.937	944.62
458.157	974.62
458.377	980.62
458.598	1019.62
458.818	1112.62
459.038	1247.62
459.258	1209.62
459.478	1124.62
459.698	1096.62
459.918	1100.62
460.138	1100.62
460.358	1148.62
460.578	1175.62
460.798	1173.62
461.018	1216.62
461.238	1140.62
461.458	1170.62
461.678	1189.62
461.898	1131.62
462.118	1168.62
462.338	1222.62
462.558	1272.62
462.777	1291.62
462.997	1333.62
463.217	1422.62
463.437	1468.62
463.657	1342.62
463.876	1318.62
464.096	1344.62
464.316	1308.62
464.536	1339.62
464.755	1319.62
464.975	1333.62
465.195	1396.62
465.414	1506.62
465.634	1306.62
465.854	1207.62
466.073	1135.62
466.293	1138.62
466.512	1124.62
466.732	1090.62
466.951	1083.62
467.171	1116.62
467.391	1155.62
467.61	1182.62
467.829	1284.62
468.049	1588.62
468.268	2346.62
468.488	1771.62
468.707	1325.62
468.927	1238.62
469.146	1176.62
469.365	1199.62
469.585	1178.62
469.804	1189.62
470.023	1218.62
470.243	1201.62
470.462	1194.62
470.681	1282.62
470.901	1215.62
471.12	1209.62
471.339	1241.62
471.558	1248.62
471.777	1268.62
471.997	1425.62
472.216	2117.62
472.435	4446.62
472.654	3399.62
472.873	2074.62
473.092	1665.62
473.311	1505.62
473.53	1438.62
473.749	1353.62
473.968	1344.62
474.187	1394.62
474.406	1345.62
474.625	1305.62
474.844	1213.62
475.063	1199.62
475.282	1144.62
475.501	1115.62
475.72	1156.62
475.939	1175.62
476.158	1140.62
476.377	1161.62
476.596	1127.62
476.814	1206.62
477.033	1154.62
477.252	1156.62
477.471	1207.62
477.69	1203.62
477.908	1251.62
478.127	1285.62
478.346	1268.62
478.564	1302.62
478.783	1298.62
479.002	1352.62
479.22	1339.62
479.439	1393.62
479.658	1402.62
479.876	1438.62
480.095	1464.62
480.313	1544.62
480.532	1666.62
480.751	1844.62
480.969	2424.62
481.188	5626.62
481.406	7588.62
481.624	3828.62
481.843	2673.62
482.061	2198.62
482.28	1939.62
482.498	1824.62
482.717	1711.62
482.935	1670.62
483.153	1581.62
483.372	1574.62
483.59	1526.62
483.808	1507.62
484.027	1454.62
484.245	1466.62
484.463	1453.62
484.681	1456.62
484.9	1435.62
485.118	1437.62
485.336	1403.62
485.554	1404.62
485.772	1385.62
485.99	1416.62
486.209	1405.62
486.427	1425.62
486.645	1395.62
486.863	1465.62
487.081	1470.62
487.299	1399.62
487.517	1421.62
487.735	1453.62
487.953	1518.62
488.171	1473.62
488.389	1474.62
488.607	1477.62
488.825	1472.62
489.043	1444.62
489.261	1446.62
489.479	1462.62
489.696	1497.62
489.914	1483.62
490.132	1536.62
490.35	1531.62
490.568	1616.62
490.786	1611.62
491.003	1722.62
491.221	1747.62
491.439	1844.62
491.657	1855.62
491.874	1924.62
492.092	1984.62
492.31	2058.62
492.527	2012.62
492.745	2038.62
492.963	2052.62
493.18	2010.62
493.398	1976.62
493.615	1984.62
493.833	1906.62
494.05	1870.62
494.268	1874.62
494.485	1855.62
494.703	1774.62
494.92	1779.62
495.138	1742.62
495.355	1752.62
495.573	1714.62
495.79	1661.62
496.008	1701.62
496.225	1704.62
496.442	1700.62
496.66	1664.62
496.877	1648.62
497.094	1653.62
497.312	1683.62
497.529	1649.62
497.746	1676.62
497.963	1667.62
498.181	1752.62
498.398	1770.62
498.615	1834.62
498.832	1863.62
499.049	1956.62
499.267	2003.62
499.484	2150.62
499.701	2296.62
499.918	2484.62
500.135	2790.62
500.352	3038.62
500.569	3123.62
500.786	3160.62
501.003	2958.62
501.22	2700.62
501.437	2465.62
501.654	2309.62
501.871	2118.62
502.088	2016.62
502.305	1894.62
502.522	1798.62
502.739	1753.62
502.956	1704.62
503.172	1655.62
503.389	1591.62
503.606	1603.62
503.823	1558.62
504.04	1555.62
504.256	1592.62
504.473	1562.62
504.69	1598.62
504.907	1525.62
505.123	1465.62
505.34	1444.62
505.557	1412.62
505.773	1392.62
505.99	1356.62
506.207	1348.62
506.423	1314.62
506.64	1298.62
506.856	1276.62
507.073	1284.62
507.289	1274.62
507.506	1281.62
507.722	1342.62
507.939	1352.62
508.155	1306.62
508.372	1264.62
508.588	1239.62
508.805	1272.62
509.021	1227.62
509.238	1229.62
509.454	1241.62
509.67	1243.62
509.887	1207.62
510.103	1213.62
510.319	1283.62
510.536	1477.62
510.752	2982.62
510.968	2116.62
511.184	1330.62
511.401	1247.62
511.617	1271.62
511.833	1344.62
512.049	1389.62
512.265	1352.62
512.481	1292.62
512.698	1266.62
512.914	1261.62
513.13	1270.62
513.346	1228.62
513.562	1235.62
513.778	1199.62
513.994	1248.62
514.21	1245.62
514.426	1291.62
514.642	1365.62
514.858	1434.62
515.074	1546.62
515.29	1862.62
515.506	2988.62
515.721	2255.62
515.937	1496.62
516.153	1360.62
516.369	1323.62
516.585	1321.62
516.801	1319.62
517.016	1351.62
517.232	1347.62
517.448	1391.62
517.664	1387.62
517.879	1457.62
518.095	1426.62
518.311	1410.62
518.527	1369.62
518.742	1340.62
518.958	1290.62
519.173	1259.62
519.389	1281.62
519.605	1277.62
519.82	1271.62
520.036	1276.62
520.251	1262.62
520.467	1342.62
520.682	1328.62
520.898	1292.62
521.113	1367.62
521.329	1463.62
521.544	1638.62
521.76	2128.62
521.975	3914.62
522.19	3709.62
522.406	1864.62
522.621	1376.62
522.836	1278.62
523.052	1213.62
523.267	1156.62
523.482	1111.62
523.698	1119.62
523.913	1132.62
524.128	1171.62
524.343	1094.62
524.559	1094.62
524.774	1080.62
524.989	1064.62
525.204	1075.62
525.419	1087.62
525.634	1049.62
525.849	999.62
526.064	995.62
526.28	1026.62
526.495	1012.62
526.71	996.62
526.925	960.62
527.14	971.62
527.355	956.62
527.57	989.62
527.785	981.62
527.999	971.62
528.214	1001.62
528.429	965.62
528.644	1001.62
528.859	1030.62
529.074	1034.62
529.289	1071.62
529.503	1283.62
529.718	1204.62
529.933	1031.62
530.148	1012.62
530.363	998.62
530.577	953.62
530.792	946.62
531.007	956.62
531.221	931.62
531.436	932.62
531.651	923.62
531.865	947.62
532.08	956.62
532.295	948.62
532.509	954.62
532.724	934.62
532.938	926.62
533.153	944.62
533.367	943.62
533.582	949.62
533.796	977.62
534.011	957.62
534.225	942.62
534.44	935.62
534.654	934.62
534.868	907.62
535.083	881.62
535.297	922.62
535.511	937.62
535.726	952.62
535.94	925.62
536.154	937.62
536.369	886.62
536.583	902.62
536.797	900.62
537.011	866.62
537.225	882.62
537.44	865.62
537.654	876.62
537.868	888.62
538.082	871.62
538.296	882.62
538.51	865.62
538.724	890.62
538.938	902.62
539.153	903.62
539.367	913.62
539.581	918.62
539.795	887.62
540.009	873.62
540.222	857.62
540.436	894.62
540.65	904.62
540.864	914.62
541.078	915.62
541.292	950.62
541.506	914.62
541.72	949.62
541.934	962.62
542.147	975.62
542.361	964.62
542.575	926.62
542.789	910.62
543.002	891.62
543.216	873.62
543.43	872.62
543.644	908.62
543.857	892.62
544.071	902.62
544.285	930.62
544.498	955.62
544.712	923.62
544.925	935.62
545.139	952.62
545.352	952.62
545.566	958.62
545.779	947.62
545.993	937.62
546.206	941.62
546.42	959.62
546.633	985.62
546.847	973.62
547.06	970.62
547.274	943.62
547.487	970.62
547.7	967.62
547.914	947.62
548.127	950.62
548.34	950.62
548.554	928.62
548.767	941.62
548.98	930.62
549.193	934.62
549.407	926.62
549.62	958.62
549.833	938.62
550.046	900.62
550.259	932.62
550.473	929.62
550.686	927.62
550.899	906.62
551.112	900.62
551.325	921.62
551.538	890.62
551.751	875.62
551.964	867.62
552.177	857.62
552.39	891.62
552.603	956.62
552.816	937.62
553.029	959.62
553.242	998.62
553.455	964.62
553.667	1008.62
553.88	1008.62
554.093	977.62
554.306	947.62
554.519	966.62
554.732	959.62
554.944	907.62
555.157	901.62
555.37	895.62
555.583	849.62
555.795	871.62
556.008	847.62
556.221	819.62
556.433	802.62
556.646	795.62
556.859	801.62
557.071	807.62
557.284	798.62
557.496	806.62
557.709	821.62
557.921	794.62
558.134	817.62
558.346	814.62
558.559	800.62
558.771	793.62
558.984	770.62
559.196	764.62
559.409	787.62
559.621	737.62
559.833	754.62
560.046	772.62
560.258	773.62
560.47	769.62
560.683	780.62
560.895	758.62
561.107	764.62
561.32	745.62
561.532	736.62
561.744	759.62
561.956	754.62
562.168	753.62
562.381	743.62
562.593	727.62
562.805	732.62
563.017	766.62
563.229	740.62
563.441	734.62
563.653	768.62
563.865	739.62
564.077	717.62
564.289	755.62
564.501	746.62
564.713	730.62
564.925	755.62
565.137	784.62
565.349	767.62
565.561	786.62
565.773	798.62
565.985	842.62
566.197	855.62
566.408	903.62
566.62	946.62
566.832	977.62
567.044	983.62
567.255	986.62
567.467	1027.62
567.679	1062.62
567.891	1083.62
568.102	1100.62
568.314	1073.62
568.526	944.62
568.737	883.62
568.949	830.62
569.161	760.62
569.372	737.62
569.584	723.62
569.795	700.62
570.007	704.62
570.218	807.62
570.43	734.62
570.641	688.62
570.853	688.62
571.064	682.62
571.276	691.62
571.487	684.62
571.698	664.62
571.91	642.62
572.121	624.62
572.333	617.62
572.544	598.62
572.755	600.62
572.966	599.62
573.178	591.62
573.389	555.62
573.6	561.62
573.811	538.62
574.023	550.62
574.234	529.62
574.445	552.62
574.656	566.62
574.867	563.62
575.078	554.62
575.289	584.62
575.501	552.62
575.712	539.62
575.923	538.62
576.134	554.62
576.345	555.62
576.556	561.62
576.767	543.62
576.978	538.62
577.188	530.62
577.399	553.62
577.61	534.62
577.821	529.62
578.032	553.62
578.243	594.62
578.454	1070.62
578.665	719.62
578.875	538.62
579.086	516.62
579.297	508.62
579.508	467.62
579.718	478.62
579.929	512.62
580.14	496.62
580.35	496.62
580.561	482.62
580.772	488.62
580.982	509.62
581.193	475.62
581.403	493.62
581.614	490.62
581.825	484.62
582.035	476.62
582.246	474.62
582.456	466.62
582.667	483.62
582.877	500.62
583.087	467.62
583.298	463.62
583.508	462.62
583.719	473.62
583.929	472.62
584.139	462.62
584.35	455.62
584.56	454.62
584.77	446.62
584.981	481.62
585.191	456.62
585.401	457.62
585.611	458.62
585.821	449.62
586.032	445.62
586.242	440.62
586.452	459.62
586.662	445.62
586.872	450.62
587.082	442.62
587.292	418.62
587.502	442.62
587.713	422.62
587.923	455.62
588.133	448.62
588.343	439.62
588.553	431.62
588.762	448.62
588.972	462.62
589.182	465.62
589.392	455.62
589.602	489.62
589.812	481.62
590.022	460.62
590.232	443.62
590.441	446.62
590.651	462.62
590.861	454.62
591.071	445.62
591.281	460.62
591.49	460.62
591.7	480.62
591.91	473.62
592.119	460.62
592.329	478.62
592.539	503.62
592.748	486.62
592.958	523.62
593.167	498.62
593.377	512.62
593.587	528.62
593.796	546.62
594.006	523.62
594.215	538.62
594.424	528.62
594.634	516.62
594.843	518.62
595.053	510.62
595.262	496.62
595.472	461.62
595.681	461.62
595.89	422.62
596.1	406.62
596.309	424.62
596.518	452.62
596.727	451.62
596.937	447.62
597.146	442.62
597.355	449.62
597.564	428.62
597.774	415.62
597.983	414.62
598.192	423.62
598.401	380.62
598.61	382.62
598.819	396.62
599.028	400.62
599.237	404.62
599.446	385.62
599.655	394.62
599.864	411.62
600.073	388.62
600.282	392.62
600.491	398.62
600.7	412.62
600.909	391.62
601.118	398.62
601.327	432.62
601.536	432.62
601.745	422.62
601.953	431.62
602.162	427.62
602.371	407.62
602.58	422.62
602.789	432.62
602.997	428.62
603.206	437.62
603.415	417.62
603.623	407.62
603.832	419.62
604.041	402.62
604.249	418.62
604.458	404.62
604.666	385.62
604.875	394.62
605.084	402.62
605.292	399.62
605.501	417.62
605.709	420.62
605.918	441.62
606.126	435.62
606.334	426.62
606.543	430.62
606.751	421.62
606.96	401.62
607.168	398.62
607.376	408.62
607.585	406.62
607.793	415.62
608.001	419.62
608.21	419.62
608.418	414.62
608.626	414.62
608.834	401.62
609.043	403.62
609.251	405.62
609.459	424.62
609.667	422.62
609.875	410.62
610.083	432.62
610.291	443.62
610.499	420.62
610.707	392.62
610.916	418.62
611.124	418.62
611.332	415.62
611.54	421.62
611.748	430.62
611.955	415.62
612.163	413.62
612.371	401.62
612.579	403.62
612.787	406.62
612.995	403.62
613.203	410.62
613.411	416.62
613.618	409.62
613.826	400.62
614.034	413.62
614.242	384.62
614.449	399.62
614.657	402.62
614.865	388.62
615.072	396.62
615.28	400.62
615.488	405.62
615.695	413.62
615.903	384.62
616.111	408.62
616.318	430.62
616.526	401.62
616.733	411.62
616.941	399.62
617.148	392.62
617.356	385.62
617.563	392.62
617.771	388.62
617.978	372.62
618.185	384.62
618.393	371.62
618.6	393.62
618.807	388.62
619.015	392.62
619.222	389.62
619.429	371.62
619.637	367.62
619.844	349.62
620.051	343.62
620.258	351.62
620.466	358.62
620.673	358.62
620.88	344.62
621.087	345.62
621.294	344.62
621.501	336.62
621.708	351.62
621.915	355.62
622.122	357.62
622.329	361.62
622.536	346.62
622.743	349.62
622.95	356.62
623.157	360.62
623.364	362.62
623.571	360.62
623.778	354.62
623.985	343.62
624.192	334.62
624.399	339.62
624.606	328.62
624.812	358.62
625.019	323.62
625.226	335.62
625.433	336.62
625.639	312.62
625.846	292.62
626.053	290.62
626.259	301.62
626.466	304.62
626.673	296.62
626.879	298.62
627.086	305.62
627.293	307.62
627.499	333.62
627.706	329.62
627.912	343.62
628.119	342.62
628.325	320.62
628.532	307.62
628.738	307.62
628.945	310.62
629.151	310.62
629.357	282.62
629.564	284.62
629.77	324.62
629.976	282.62
630.183	300.62
630.389	287.62
630.595	308.62
630.802	309.62
631.008	304.62
631.214	297.62
631.42	288.62
631.627	298.62
631.833	297.62
632.039	277.62
632.245	273.62
632.451	288.62
632.657	263.62
632.863	306.62
633.069	308.62
633.275	280.62
633.481	280.62
633.688	295.62
633.893	273.62
634.099	286.62
634.305	287.62
634.511	289.62
634.717	291.62
634.923	295.62
635.129	276.62
635.335	292.62
635.541	321.62
635.747	296.62
635.952	301.62
636.158	374.62
636.364	482.62
636.57	596.62
636.775	466.62
636.981	407.62
637.187	368.62
637.392	358.62
637.598	330.62
637.804	327.62
638.009	336.62
638.215	319.62
638.421	313.62
638.626	310.62
638.832	282.62
639.037	278.62
639.243	279.62
639.448	283.62
639.654	271.62
639.859	268.62
640.065	282.62
640.27	280.62
640.475	273.62
640.681	262.62
640.886	268.62
641.091	287.62
641.297	272.62
641.502	250.62
641.707	273.62
641.913	264.62
642.118	252.62
642.323	263.62
642.528	259.62
642.733	250.62
642.939	256.62
643.144	244.62
643.349	254.62
643.554	246.62
643.759	242.62
643.964	265.62
644.169	249.62
644.374	231.62
644.579	248.62
644.784	251.62
644.989	241.62
645.194	260.62
645.399	241.62
645.604	241.62
645.809	248.62
646.014	237.62
646.219	235.62
646.423	248.62
646.628	266.62
646.833	239.62
647.038	254.62
647.243	257.62
647.447	251.62
647.652	261.62
647.857	254.62
648.062	255.62
648.266	256.62
648.471	258.62
648.676	267.62
648.88	230.62
649.085	257.62
649.289	251.62
649.494	262.62
649.698	283.62
649.903	273.62
650.107	231.62
650.312	244.62
650.516	239.62
650.721	234.62
650.925	232.62
651.13	216.62
651.334	218.62
651.539	210.62
651.743	222.62
651.947	225.62
652.152	204.62
652.356	211.62
652.56	193.62
652.764	198.62
652.969	198.62
653.173	188.62
653.377	175.62
653.581	188.62
653.785	190.62
653.99	179.62
654.194	175.62
654.398	184.62
654.602	186.62
654.806	173.62
655.01	191.62
655.214	193.62
655.418	189.62
655.622	174.62
655.826	183.62
656.03	170.62
656.234	186.62
656.438	198.62
656.642	186.62
656.846	178.62
657.049	149.62
657.253	158.62
657.457	145.62
657.661	141.62
657.865	139.62
658.068	132.62
658.272	125.62
658.476	125.62
658.68	134.62
658.883	115.62
659.087	112.62
659.291	123.62
659.494	102.62
659.698	120.62
659.901	114.62
660.105	118.62
660.309	112.62
660.512	111.62
660.716	112.62
660.919	108.62
661.123	108.62
661.326	105.62
661.53	86.62
661.733	90.62
661.936	97.62
662.14	81.62
662.343	81.62
662.546	97.62
662.75	89.62
662.953	92.62
663.156	94.62
663.36	88.62
663.563	72.62
663.766	89.62
663.969	85.62
664.173	107.62
664.376	81.62
664.579	86.62
664.782	89.62
664.985	76.62
665.188	76.62
665.391	92.62
665.594	77.62
665.797	101.62
666	86.62
666.203	72.62
666.406	91.62
666.609	75.62
666.812	78.62
667.015	70.62
667.218	85.62
667.421	82.62
667.624	62.62
667.827	80.62
668.03	83.62
668.232	76.62
668.435	78.62
668.638	79.62
668.841	79.62
669.043	76.62
669.246	68.62
669.449	63.62
669.651	65.62
669.854	82.62
670.057	69.62
670.259	72.62
670.462	87.62
670.665	72.62
670.867	86.62
671.07	83.62
671.272	91.62
671.475	79.62
671.677	79.62
671.88	68.62
672.082	73.62
672.284	70.62
672.487	73.62
672.689	73.62
672.892	84.62
