223.165	-14.38
223.4	-14.38
223.635	-14.38
223.869	-30.38
224.104	-25.38
224.338	-12.38
224.573	-10.38
224.808	4.62
225.042	3.62
225.277	-2.38
225.511	12.62
225.746	-1.38
225.98	-0.38
226.215	3.62
226.449	10.62
226.683	18.62
226.918	16.62
227.152	26.62
227.387	47.62
227.621	55.62
227.856	45.62
228.09	55.62
228.324	48.62
228.559	62.62
228.793	87.62
229.027	130.62
229.262	138.62
229.496	146.62
229.73	160.62
229.964	178.62
230.199	156.62
230.433	146.62
230.667	144.62
230.901	159.62
231.136	142.62
231.37	141.62
231.604	158.62
231.838	140.62
232.072	140.62
232.306	148.62
232.541	145.62
232.775	136.62
233.009	136.62
233.243	148.62
233.477	148.62
233.711	152.62
233.945	153.62
234.179	146.62
234.413	144.62
234.647	150.62
234.881	156.62
235.115	152.62
235.349	122.62
235.583	162.62
235.817	159.62
236.051	152.62
236.285	166.62
236.519	146.62
236.753	170.62
236.987	179.62
237.221	223.62
237.455	264.62
237.689	199.62
237.922	166.62
238.156	184.62
238.39	160.62
238.624	151.62
238.858	159.62
239.091	175.62
239.325	162.62
239.559	168.62
239.793	182.62
240.027	178.62
240.26	182.62
240.494	203.62
240.728	195.62
240.961	190.62
241.195	184.62
241.429	186.62
241.662	198.62
241.896	211.62
242.13	184.62
242.363	167.62
242.597	178.62
242.83	195.62
243.064	186.62
243.298	191.62
243.531	194.62
243.765	197.62
243.998	197.62
244.232	200.62
244.465	211.62
244.699	200.62
244.932	203.62
245.166	212.62
245.399	212.62
245.633	213.62
245.866	206.62
246.099	203.62
246.333	207.62
246.566	219.62
246.8	236.62
247.033	225.62
247.266	224.62
247.5	227.62
247.733	223.62
247.966	224.62
248.2	231.62
248.433	241.62
248.666	253.62
248.899	257.62
249.133	260.62
249.366	271.62
249.599	284.62
249.832	284.62
250.066	310.62
250.299	348.62
250.532	399.62
250.765	448.62
250.998	398.62
251.231	358.62
251.465	310.62
251.698	320.62
251.931	318.62
252.164	306.62
252.397	306.62
252.63	303.62
252.863	290.62
253.096	298.62
253.329	308.62
253.562	314.62
253.795	297.62
254.028	293.62
254.261	314.62
254.494	326.62
254.727	335.62
254.96	344.62
255.193	348.62
255.426	360.62
255.659	414.62
255.892	522.62
256.124	710.62
256.357	704.62
256.59	590.62
256.823	476.62
257.056	409.62
257.289	386.62
257.521	376.62
257.754	355.62
257.987	342.62
258.22	358.62
258.452	343.62
258.685	341.62
258.918	337.62
259.151	325.62
259.383	321.62
259.616	325.62
259.849	314.62
260.081	318.62
260.314	323.62
260.547	349.62
260.779	330.62
261.012	332.62
261.244	326.62
261.477	286.62
261.71	323.62
261.942	347.62
262.175	355.62
262.407	354.62
262.64	316.62
262.872	320.62
263.105	295.62
263.337	308.62
263.57	310.62
263.802	322.62
264.035	344.62
264.267	324.62
264.499	315.62
264.732	318.62
264.964	314.62
265.197	291.62
265.429	323.62
265.661	299.62
265.894	326.62
266.126	335.62
266.358	337.62
266.591	350.62
266.823	333.62
267.055	345.62
267.287	356.62
267.52	328.62
267.752	324.62
267.984	324.62
268.216	319.62
268.448	338.62
268.681	333.62
268.913	354.62
269.145	348.62
269.377	360.62
269.609	353.62
269.841	340.62
270.073	362.62
270.306	373.62
270.538	376.62
270.77	398.62
271.002	391.62
271.234	378.62
271.466	385.62
271.698	397.62
271.93	400.62
272.162	394.62
272.394	410.62
272.626	401.62
272.858	374.62
273.09	391.62
273.322	372.62
273.553	384.62
273.785	387.62
274.017	385.62
274.249	397.62
274.481	388.62
274.713	382.62
274.945	391.62
275.176	401.62
275.408	412.62
275.64	430.62
275.872	427.62
276.104	428.62
276.335	408.62
276.567	439.62
276.799	464.62
277.031	495.62
277.262	536.62
277.494	505.62
277.726	449.62
277.957	445.62
278.189	444.62
278.421	437.62
278.652	412.62
278.884	404.62
279.115	427.62
279.347	434.62
279.579	453.62
279.81	442.62
280.042	481.62
280.273	543.62
280.505	533.62
280.736	491.62
280.968	450.62
281.199	437.62
281.431	447.62
281.662	456.62
281.894	423.62
282.125	444.62
282.356	468.62
282.588	490.62
282.819	494.62
283.051	433.62
283.282	424.62
283.513	460.62
283.745	433.62
283.976	421.62
284.207	429.62
284.439	424.62
284.67	414.62
284.901	440.62
285.132	422.62
285.364	414.62
285.595	432.62
285.826	440.62
286.057	468.62
286.288	443.62
286.52	433.62
286.751	432.62
286.982	436.62
287.213	434.62
287.444	444.62
287.675	447.62
287.906	456.62
288.138	451.62
288.369	452.62
288.6	465.62
288.831	464.62
289.062	445.62
289.293	449.62
289.524	434.62
289.755	450.62
289.986	433.62
290.217	446.62
290.448	428.62
290.679	438.62
290.91	460.62
291.141	436.62
291.371	421.62
291.602	421.62
291.833	453.62
292.064	447.62
292.295	440.62
292.526	435.62
292.757	434.62
292.987	435.62
293.218	431.62
293.449	434.62
293.68	441.62
293.91	446.62
294.141	450.62
294.372	450.62
294.603	438.62
294.833	430.62
295.064	447.62
295.295	446.62
295.525	442.62
295.756	466.62
295.987	485.62
296.217	515.62
296.448	538.62
296.679	473.62
296.909	467.62
297.14	447.62
297.37	460.62
297.601	465.62
297.831	471.62
298.062	458.62
298.292	479.62
298.523	491.62
298.753	468.62
298.984	466.62
299.214	472.62
299.445	488.62
299.675	483.62
299.905	480.62
300.136	465.62
300.366	483.62
300.597	492.62
300.827	490.62
301.057	503.62
301.288	543.62
301.518	510.62
301.748	509.62
301.979	514.62
302.209	526.62
302.439	520.62
302.669	547.62
302.9	506.62
303.13	528.62
303.36	537.62
303.59	526.62
303.82	560.62
304.051	562.62
304.281	531.62
304.511	500.62
304.741	514.62
304.971	506.62
305.201	529.62
305.431	510.62
305.661	519.62
305.891	514.62
306.121	497.62
306.352	526.62
306.582	545.62
306.812	539.62
307.042	550.62
307.272	562.62
307.502	620.62
307.731	594.62
307.961	582.62
308.191	555.62
308.421	528.62
308.651	544.62
308.881	539.62
309.111	551.62
309.341	525.62
309.571	568.62
309.8	566.62
310.03	552.62
310.26	572.62
310.49	580.62
310.72	597.62
310.949	594.62
311.179	606.62
311.409	590.62
311.639	590.62
311.868	563.62
312.098	597.62
312.328	592.62
312.557	646.62
312.787	646.62
313.017	628.62
313.246	603.62
313.476	585.62
313.706	580.62
313.935	594.62
314.165	605.62
314.394	652.62
314.624	639.62
314.853	603.62
315.083	609.62
315.312	597.62
315.542	600.62
315.771	588.62
316.001	568.62
316.23	576.62
316.46	582.62
316.689	599.62
316.919	612.62
317.148	626.62
317.377	638.62
317.607	615.62
317.836	614.62
318.065	602.62
318.295	627.62
318.524	581.62
318.753	623.62
318.983	628.62
319.212	624.62
319.441	634.62
319.67	656.62
319.9	597.62
320.129	612.62
320.358	623.62
320.587	623.62
320.816	616.62
321.046	660.62
321.275	667.62
321.504	660.62
321.733	692.62
321.962	655.62
322.191	706.62
322.42	711.62
322.649	753.62
322.878	752.62
323.108	785.62
323.337	828.62
323.566	860.62
323.795	887.62
324.024	989.62
324.253	1160.62
324.482	1668.62
324.71	2635.62
324.939	3714.62
325.168	2916.62
325.397	1532.62
325.626	1141.62
325.855	1018.62
326.084	961.62
326.313	952.62
326.542	957.62
326.77	1028.62
326.999	1212.62
327.228	1685.62
327.457	2502.62
327.686	2990.62
327.914	2087.62
328.143	1771.62
328.372	1949.62
328.6	1703.62
328.829	1347.62
329.058	1282.62
329.287	1308.62
329.515	1364.62
329.744	1456.62
329.972	1827.62
330.201	2496.62
330.43	3112.62
330.658	2566.62
330.887	1720.62
331.115	1391.62
331.344	1194.62
331.572	1104.62
331.801	1106.62
332.03	1096.62
332.258	1084.62
332.486	1085.62
332.715	1100.62
332.943	1134.62
333.172	1194.62
333.4	1308.62
333.629	1430.62
333.857	1619.62
334.085	2039.62
334.314	2768.62
334.542	3807.62
334.771	4083.62
334.999	2516.62
335.227	1673.62
335.455	1366.62
335.684	1223.62
335.912	1132.62
336.14	1056.62
336.369	975.62
336.597	998.62
336.825	958.62
337.053	924.62
337.281	908.62
337.51	880.62
337.738	874.62
337.966	842.62
338.194	849.62
338.422	844.62
338.65	806.62
338.878	802.62
339.106	769.62
339.334	794.62
339.562	779.62
339.79	746.62
340.018	750.62
340.246	742.62
340.474	768.62
340.702	789.62
340.93	755.62
341.158	736.62
341.386	743.62
341.614	726.62
341.842	740.62
342.07	734.62
342.298	726.62
342.526	727.62
342.754	701.62
342.981	735.62
343.209	726.62
343.437	747.62
343.665	787.62
343.893	805.62
344.12	821.62
344.348	796.62
344.576	781.62
344.804	770.62
345.031	796.62
345.259	778.62
345.487	752.62
345.714	740.62
345.942	728.62
346.17	718.62
346.397	740.62
346.625	734.62
346.853	716.62
347.08	711.62
347.308	695.62
347.535	748.62
347.763	751.62
347.99	724.62
348.218	726.62
348.445	751.62
348.673	723.62
348.9	738.62
349.128	722.62
349.355	691.62
349.583	696.62
349.81	701.62
350.037	694.62
350.265	692.62
350.492	681.62
350.72	692.62
350.947	709.62
351.174	704.62
351.402	750.62
351.629	734.62
351.856	742.62
352.083	712.62
352.311	717.62
352.538	732.62
352.765	724.62
352.992	748.62
353.22	738.62
353.447	706.62
353.674	680.62
353.901	711.62
354.128	694.62
354.355	692.62
354.583	715.62
354.81	688.62
355.037	700.62
355.264	692.62
355.491	652.62
355.718	658.62
355.945	686.62
356.172	680.62
356.399	667.62
356.626	693.62
356.853	696.62
357.08	692.62
357.307	678.62
357.534	680.62
357.761	669.62
357.988	690.62
358.215	690.62
358.441	704.62
358.668	694.62
358.895	719.62
359.122	716.62
359.349	707.62
359.576	719.62
359.802	787.62
360.029	805.62
360.256	823.62
360.483	793.62
360.709	768.62
360.936	734.62
361.163	735.62
361.39	744.62
361.616	751.62
361.843	716.62
362.07	751.62
362.296	737.62
362.523	725.62
362.749	712.62
362.976	747.62
363.203	711.62
363.429	691.62
363.656	720.62
363.882	733.62
364.109	704.62
364.335	700.62
364.562	738.62
364.788	726.62
365.015	698.62
365.241	725.62
365.468	733.62
365.694	725.62
365.92	724.62
366.147	703.62
366.373	723.62
366.599	716.62
366.826	704.62
367.052	711.62
367.278	677.62
367.505	727.62
367.731	736.62
367.957	730.62
368.184	732.62
368.41	768.62
368.636	736.62
368.862	743.62
369.089	752.62
369.315	739.62
369.541	746.62
369.767	741.62
369.993	737.62
370.219	749.62
370.445	728.62
370.672	775.62
370.898	741.62
371.124	752.62
371.35	756.62
371.576	747.62
371.802	708.62
372.028	741.62
372.254	741.62
372.48	762.62
372.706	768.62
372.932	770.62
373.158	740.62
373.384	757.62
373.61	770.62
373.835	776.62
374.061	743.62
374.287	769.62
374.513	768.62
374.739	784.62
374.965	810.62
375.191	819.62
375.416	818.62
375.642	788.62
375.868	770.62
376.094	760.62
376.319	766.62
376.545	772.62
376.771	773.62
376.997	776.62
377.222	754.62
377.448	750.62
377.674	755.62
377.899	730.62
378.125	735.62
378.35	748.62
378.576	755.62
378.802	755.62
379.027	754.62
379.253	752.62
379.478	742.62
379.704	716.62
379.929	718.62
380.155	731.62
380.38	746.62
380.606	778.62
380.831	759.62
381.057	777.62
381.282	743.62
381.507	755.62
381.733	772.62
381.958	765.62
382.184	752.62
382.409	786.62
382.634	764.62
382.86	782.62
383.085	792.62
383.31	805.62
383.535	825.62
383.761	827.62
383.986	824.62
384.211	831.62
384.436	826.62
384.662	860.62
384.887	870.62
385.112	864.62
385.337	855.62
385.562	877.62
385.787	861.62
386.013	893.62
386.238	895.62
386.463	888.62
386.688	899.62
386.913	889.62
387.138	872.62
387.363	832.62
387.588	863.62
387.813	849.62
388.038	849.62
388.263	896.62
388.488	878.62
388.713	890.62
388.938	884.62
389.163	845.62
389.387	868.62
389.612	882.62
389.837	853.62
390.062	868.62
390.287	876.62
390.512	850.62
390.736	864.62
390.961	894.62
391.186	888.62
391.411	890.62
391.636	944.62
391.86	940.62
392.085	979.62
392.31	948.62
392.534	926.62
392.759	933.62
392.984	934.62
393.208	929.62
393.433	919.62
393.658	926.62
393.882	928.62
394.107	930.62
394.331	917.62
394.556	922.62
394.78	938.62
395.005	928.62
395.229	945.62
395.454	967.62
395.678	999.62
395.903	1014.62
396.127	1006.62
396.352	991.62
396.576	956.62
396.801	925.62
397.025	960.62
397.249	968.62
397.474	991.62
397.698	955.62
397.922	985.62
398.147	1011.62
398.371	1050.62
398.595	1050.62
398.82	1074.62
399.044	1139.62
399.268	1217.62
399.492	1324.62
399.717	1452.62
399.941	1492.62
400.165	1418.62
400.389	1340.62
400.613	1229.62
400.837	1167.62
401.062	1137.62
401.286	1112.62
401.51	1117.62
401.734	1122.62
401.958	1105.62
402.182	1143.62
402.406	1186.62
402.63	1206.62
402.854	1207.62
403.078	1201.62
403.302	1228.62
403.526	1239.62
403.75	1260.62
403.974	1288.62
404.198	1281.62
404.422	1297.62
404.645	1322.62
404.869	1358.62
405.093	1445.62
405.317	1437.62
405.541	1468.62
405.765	1417.62
405.988	1319.62
406.212	1331.62
406.436	1388.62
406.66	1423.62
406.883	1349.62
407.107	1412.62
407.331	1462.62
407.555	1521.62
407.778	1486.62
408.002	1386.62
408.226	1366.62
408.449	1337.62
408.673	1322.62
408.896	1294.62
409.12	1344.62
409.344	1297.62
409.567	1278.62
409.791	1265.62
410.014	1262.62
410.238	1284.62
410.461	1275.62
410.685	1256.62
410.908	1263.62
411.132	1252.62
411.355	1280.62
411.578	1240.62
411.802	1254.62
412.025	1269.62
412.249	1365.62
412.472	1397.62
412.695	1454.62
412.919	1448.62
413.142	1405.62
413.365	1335.62
413.589	1299.62
413.812	1232.62
414.035	1229.62
414.258	1199.62
414.482	1195.62
414.705	1221.62
414.928	1183.62
415.151	1205.62
415.374	1168.62
415.597	1162.62
415.821	1179.62
416.044	1172.62
416.267	1187.62
416.49	1133.62
416.713	1167.62
416.936	1161.62
417.159	1163.62
417.382	1191.62
417.605	1219.62
417.828	1224.62
418.051	1245.62
418.274	1183.62
418.497	1151.62
418.72	1207.62
418.943	1181.62
419.166	1251.62
419.389	1317.62
419.611	1300.62
419.834	1300.62
420.057	1351.62
420.28	1400.62
420.503	1395.62
420.726	1357.62
420.948	1324.62
421.171	1301.62
421.394	1292.62
421.617	1236.62
421.839	1237.62
422.062	1248.62
422.285	1203.62
422.507	1298.62
422.73	1347.62
422.953	1338.62
423.175	1251.62
423.398	1238.62
423.621	1233.62
423.843	1246.62
424.066	1272.62
424.288	1289.62
424.511	1292.62
424.733	1317.62
424.956	1359.62
425.178	1335.62
425.401	1324.62
425.623	1348.62
425.846	1234.62
426.068	1211.62
426.291	1196.62
426.513	1160.62
426.735	1189.62
426.958	1197.62
427.18	1275.62
427.402	1433.62
427.625	1596.62
427.847	1578.62
428.069	1490.62
428.292	1352.62
428.514	1251.62
428.736	1181.62
428.958	1166.62
429.181	1142.62
429.403	1118.62
429.625	1096.62
429.847	1162.62
430.069	1188.62
430.292	1201.62
430.514	1102.62
430.736	1099.62
430.958	1073.62
431.18	1066.62
431.402	1080.62
431.624	1063.62
431.846	1056.62
432.068	1053.62
432.29	1068.62
432.512	1048.62
432.734	1094.62
432.956	1097.62
433.178	1132.62
433.4	1133.62
433.622	1109.62
433.844	1110.62
434.066	1093.62
434.287	1092.62
434.509	1089.62
434.731	1108.62
434.953	1177.62
435.175	1201.62
435.397	1184.62
435.618	1153.62
435.84	1217.62
436.062	1252.62
436.284	1307.62
436.505	1180.62
436.727	1157.62
436.949	1141.62
437.17	1133.62
437.392	1100.62
437.614	1098.62
437.835	1125.62
438.057	1293.62
438.278	1287.62
438.5	1292.62
438.721	1372.62
438.943	1342.62
439.165	1178.62
439.386	1158.62
439.608	1179.62
439.829	1168.62
440.05	1224.62
440.272	1315.62
440.493	1219.62
440.715	1182.62
440.936	1173.62
441.158	1165.62
441.379	1210.62
441.6	1200.62
441.822	1253.62
442.043	1292.62
442.264	1367.62
442.486	1342.62
442.707	1221.62
442.928	1227.62
443.149	1264.62
443.371	1264.62
443.592	1344.62
443.813	1450.62
444.034	1435.62
444.255	1349.62
444.476	1310.62
444.698	1323.62
444.919	1354.62
445.14	1473.62
445.361	1356.62
445.582	1312.62
445.803	1376.62
446.024	1465.62
446.245	1412.62
446.466	1368.62
446.687	1216.62
446.908	1166.62
447.129	1116.62
447.35	1132.62
447.571	1125.62
447.792	1076.62
448.013	1096.62
448.234	1116.62
448.455	1150.62
448.675	1278.62
448.896	1362.62
449.117	1220.62
449.338	1189.62
449.559	1313.62
449.779	1371.62
450	1198.62
450.221	1120.62
450.442	1106.62
450.662	1064.62
450.883	1088.62
451.104	1139.62
451.324	1109.62
451.545	1055.62
451.766	1062.62
451.986	1027.62
452.207	1024.62
452.428	950.62
452.648	1004.62
452.869	1005.62
453.089	991.62
453.31	979.62
453.53	979.62
453.751	974.62
453.971	945.62
454.192	1022.62
454.412	1009.62
454.633	988.62
454.853	962.62
455.073	965.62
455.294	1016.62
455.514	1043.62
455.734	1021.62
455.955	940.62
456.175	946.62
456.395	950.62
456.616	893.62
456.836	922.62
457.056	882.62
457.276	882.62
457.497	910.62
457.717	924.62
457.937	938.62
458.157	965.62
458.377	976.62
458.598	1019.62
458.818	1090.62
459.038	1237.62
459.258	1198.62
459.478	1103.62
459.698	1063.62
459.918	1083.62
460.138	1084.62
460.358	1128.62
460.578	1130.62
460.798	1129.62
461.018	1154.62
461.238	1158.62
461.458	1136.62
461.678	1118.62
461.898	1118.62
462.118	1138.62
462.338	1221.62
462.558	1222.62
462.777	1268.62
462.997	1294.62
463.217	1436.62
463.437	1454.62
463.657	1324.62
463.876	1295.62
464.096	1290.62
464.316	1296.62
464.536	1315.62
464.755	1306.62
464.975	1297.62
465.195	1340.62
465.414	1450.62
465.634	1230.62
465.854	1160.62
466.073	1078.62
466.293	1105.62
466.512	1061.62
466.732	1072.62
466.951	1102.62
467.171	1057.62
467.391	1080.62
467.61	1169.62
467.829	1222.62
468.049	1491.62
468.268	2114.62
468.488	1622.62
468.707	1289.62
468.927	1190.62
469.146	1170.62
469.365	1155.62
469.585	1112.62
469.804	1146.62
470.023	1164.62
470.243	1190.62
470.462	1166.62
470.681	1180.62
470.901	1192.62
471.12	1169.62
471.339	1166.62
471.558	1170.62
471.777	1219.62
471.997	1340.62
472.216	1945.62
472.435	4016.62
472.654	3012.62
472.873	1903.62
473.092	1543.62
473.311	1406.62
473.53	1331.62
473.749	1266.62
473.968	1251.62
474.187	1305.62
474.406	1298.62
474.625	1188.62
474.844	1162.62
475.063	1151.62
475.282	1092.62
475.501	1138.62
475.72	1115.62
475.939	1087.62
476.158	1110.62
476.377	1116.62
476.596	1113.62
476.814	1098.62
477.033	1143.62
477.252	1140.62
477.471	1159.62
477.69	1204.62
477.908	1215.62
478.127	1239.62
478.346	1237.62
478.564	1276.62
478.783	1248.62
479.002	1322.62
479.22	1352.62
479.439	1360.62
479.658	1377.62
479.876	1377.62
480.095	1420.62
480.313	1506.62
480.532	1577.62
480.751	1733.62
480.969	2233.62
481.188	5056.62
481.406	6804.62
481.624	3504.62
481.843	2448.62
482.061	2010.62
482.28	1836.62
482.498	1659.62
482.717	1557.62
482.935	1530.62
483.153	1492.62
483.372	1493.62
483.59	1454.62
483.808	1409.62
484.027	1376.62
484.245	1381.62
484.463	1371.62
484.681	1417.62
484.9	1373.62
485.118	1401.62
485.336	1342.62
485.554	1370.62
485.772	1336.62
485.99	1356.62
486.209	1334.62
486.427	1349.62
486.645	1379.62
486.863	1451.62
487.081	1396.62
487.299	1390.62
487.517	1394.62
487.735	1406.62
487.953	1460.62
488.171	1406.62
488.389	1407.62
488.607	1399.62
488.825	1382.62
489.043	1381.62
489.261	1381.62
489.479	1411.62
489.696	1426.62
489.914	1459.62
490.132	1455.62
490.35	1522.62
490.568	1514.62
490.786	1593.62
491.003	1630.62
491.221	1683.62
491.439	1740.62
491.657	1800.62
491.874	1866.62
492.092	1891.62
492.31	1945.62
492.527	1941.62
492.745	1928.62
492.963	1938.62
493.18	1930.62
493.398	1911.62
493.615	1851.62
493.833	1830.62
494.05	1818.62
494.268	1776.62
494.485	1746.62
494.703	1751.62
494.92	1685.62
495.138	1683.62
495.355	1700.62
495.573	1654.62
495.79	1691.62
496.008	1630.62
496.225	1614.62
496.442	1607.62
496.66	1628.62
496.877	1596.62
497.094	1583.62
497.312	1583.62
497.529	1593.62
497.746	1624.62
497.963	1664.62
498.181	1682.62
498.398	1730.62
498.615	1756.62
498.832	1813.62
499.049	1894.62
499.267	1977.62
499.484	2104.62
499.701	2266.62
499.918	2414.62
500.135	2702.62
500.352	2924.62
500.569	3040.62
500.786	3109.62
501.003	2916.62
501.22	2675.62
501.437	2406.62
501.654	2229.62
501.871	2101.62
502.088	1959.62
502.305	1857.62
502.522	1758.62
502.739	1724.62
502.956	1612.62
503.172	1619.62
503.389	1551.62
503.606	1586.62
503.823	1508.62
504.04	1519.62
504.256	1490.62
504.473	1509.62
504.69	1498.62
504.907	1482.62
505.123	1432.62
505.34	1397.62
505.557	1356.62
505.773	1346.62
505.99	1341.62
506.207	1285.62
506.423	1297.62
506.64	1260.62
506.856	1265.62
507.073	1251.62
507.289	1230.62
507.506	1246.62
507.722	1273.62
507.939	1306.62
508.155	1250.62
508.372	1234.62
508.588	1198.62
508.805	1180.62
509.021	1198.62
509.238	1199.62
509.454	1172.62
509.67	1178.62
509.887	1177.62
510.103	1173.62
510.319	1221.62
510.536	1472.62
510.752	2934.62
510.968	2092.62
511.184	1268.62
511.401	1228.62
511.617	1268.62
511.833	1327.62
512.049	1328.62
512.265	1306.62
512.481	1266.62
512.698	1238.62
512.914	1201.62
513.13	1173.62
513.346	1176.62
513.562	1195.62
513.778	1209.62
513.994	1183.62
514.21	1242.62
514.426	1254.62
514.642	1351.62
514.858	1400.62
515.074	1509.62
515.29	1853.62
515.506	2860.62
515.721	2222.62
515.937	1474.62
516.153	1352.62
516.369	1308.62
516.585	1280.62
516.801	1289.62
517.016	1343.62
517.232	1311.62
517.448	1356.62
517.664	1386.62
517.879	1404.62
518.095	1371.62
518.311	1365.62
518.527	1362.62
518.742	1316.62
518.958	1282.62
519.173	1274.62
519.389	1223.62
519.605	1198.62
519.82	1241.62
520.036	1205.62
520.251	1249.62
520.467	1309.62
520.682	1271.62
520.898	1309.62
521.113	1347.62
521.329	1490.62
521.544	1646.62
521.76	2123.62
521.975	3922.62
522.19	3575.62
522.406	1792.62
522.621	1347.62
522.836	1232.62
523.052	1187.62
523.267	1142.62
523.482	1096.62
523.698	1110.62
523.913	1121.62
524.128	1125.62
524.343	1089.62
524.559	1058.62
524.774	1033.62
524.989	1054.62
525.204	1044.62
525.419	1072.62
525.634	999.62
525.849	985.62
526.064	1016.62
526.28	983.62
526.495	982.62
526.71	955.62
526.925	976.62
527.14	924.62
527.355	934.62
527.57	915.62
527.785	948.62
527.999	935.62
528.214	971.62
528.429	976.62
528.644	983.62
528.859	997.62
529.074	1014.62
529.289	1073.62
529.503	1221.62
529.718	1139.62
529.933	1057.62
530.148	964.62
530.363	964.62
530.577	933.62
530.792	966.62
531.007	952.62
531.221	945.62
531.436	930.62
531.651	914.62
531.865	918.62
532.08	920.62
532.295	934.62
532.509	926.62
532.724	946.62
532.938	932.62
533.153	920.62
533.367	952.62
533.582	914.62
533.796	955.62
534.011	944.62
534.225	905.62
534.44	926.62
534.654	921.62
534.868	881.62
535.083	911.62
535.297	926.62
535.511	936.62
535.726	944.62
535.94	941.62
536.154	914.62
536.369	893.62
536.583	846.62
536.797	856.62
537.011	867.62
537.225	866.62
537.44	858.62
537.654	882.62
537.868	880.62
538.082	832.62
538.296	868.62
538.51	859.62
538.724	880.62
538.938	894.62
539.153	877.62
539.367	907.62
539.581	904.62
539.795	857.62
540.009	856.62
540.222	842.62
540.436	858.62
540.65	843.62
540.864	882.62
541.078	901.62
541.292	911.62
541.506	930.62
541.72	930.62
541.934	962.62
542.147	928.62
542.361	952.62
542.575	927.62
542.789	885.62
543.002	859.62
543.216	868.62
543.43	892.62
543.644	888.62
543.857	891.62
544.071	900.62
544.285	915.62
544.498	896.62
544.712	903.62
544.925	925.62
545.139	929.62
545.352	917.62
545.566	923.62
545.779	949.62
545.993	917.62
546.206	943.62
546.42	942.62
546.633	932.62
546.847	925.62
547.06	949.62
547.274	954.62
547.487	938.62
547.7	963.62
547.914	935.62
548.127	927.62
548.34	903.62
548.554	909.62
548.767	935.62
548.98	912.62
549.193	891.62
549.407	909.62
549.62	922.62
549.833	920.62
550.046	910.62
550.259	907.62
550.473	914.62
550.686	918.62
550.899	890.62
551.112	875.62
551.325	877.62
551.538	860.62
551.751	832.62
551.964	851.62
552.177	869.62
552.39	874.62
552.603	922.62
552.816	924.62
553.029	986.62
553.242	986.62
553.455	973.62
553.667	972.62
553.88	984.62
554.093	960.62
554.306	943.62
554.519	905.62
554.732	902.62
554.944	877.62
555.157	871.62
555.37	867.62
555.583	861.62
555.795	805.62
556.008	810.62
556.221	796.62
556.433	754.62
556.646	786.62
556.859	781.62
557.071	773.62
557.284	803.62
557.496	787.62
557.709	794.62
557.921	777.62
558.134	777.62
558.346	764.62
558.559	784.62
558.771	759.62
558.984	764.62
559.196	750.62
559.409	771.62
559.621	724.62
559.833	753.62
560.046	740.62
560.258	738.62
560.47	751.62
560.683	724.62
560.895	750.62
561.107	724.62
561.32	742.62
561.532	756.62
561.744	743.62
561.956	752.62
562.168	752.62
562.381	728.62
562.593	722.62
562.805	727.62
563.017	736.62
563.229	748.62
563.441	732.62
563.653	727.62
563.865	713.62
564.077	728.62
564.289	731.62
564.501	753.62
564.713	734.62
564.925	735.62
565.137	772.62
565.349	760.62
565.561	766.62
565.773	794.62
565.985	805.62
566.197	823.62
566.408	925.62
566.62	926.62
566.832	1009.62
567.044	1017.62
567.255	985.62
567.467	974.62
567.679	1038.62
567.891	1107.62
568.102	1086.62
568.314	1048.62
568.526	919.62
568.737	875.62
568.949	807.62
569.161	790.62
569.372	746.62
569.584	725.62
569.795	703.62
570.007	685.62
570.218	773.62
570.43	744.62
570.641	690.62
570.853	674.62
571.064	678.62
571.276	665.62
571.487	677.62
571.698	657.62
571.91	620.62
572.121	602.62
572.333	595.62
572.544	578.62
572.755	575.62
572.966	570.62
573.178	562.62
573.389	577.62
573.6	564.62
573.811	544.62
574.023	557.62
574.234	532.62
574.445	541.62
574.656	554.62
574.867	547.62
575.078	551.62
575.289	585.62
575.501	564.62
575.712	546.62
575.923	548.62
576.134	543.62
576.345	523.62
576.556	533.62
576.767	542.62
576.978	526.62
577.188	532.62
577.399	543.62
577.61	521.62
577.821	511.62
578.032	530.62
578.243	606.62
578.454	1068.62
578.665	721.62
578.875	538.62
579.086	512.62
579.297	486.62
579.508	498.62
579.718	478.62
579.929	492.62
580.14	468.62
580.35	486.62
580.561	488.62
580.772	490.62
580.982	497.62
581.193	501.62
581.403	464.62
581.614	489.62
581.825	463.62
582.035	486.62
582.246	480.62
582.456	468.62
582.667	473.62
582.877	476.62
583.087	472.62
583.298	474.62
583.508	462.62
583.719	441.62
583.929	452.62
584.139	419.62
584.35	454.62
584.56	438.62
584.77	457.62
584.981	455.62
585.191	448.62
585.401	452.62
585.611	463.62
585.821	439.62
586.032	432.62
586.242	445.62
586.452	459.62
586.662	452.62
586.872	447.62
587.082	448.62
587.292	416.62
587.502	421.62
587.713	439.62
587.923	438.62
588.133	419.62
588.343	428.62
588.553	425.62
588.762	446.62
588.972	444.62
589.182	452.62
589.392	419.62
589.602	450.62
589.812	486.62
590.022	461.62
590.232	464.62
590.441	432.62
590.651	414.62
590.861	419.62
591.071	453.62
591.281	436.62
591.49	435.62
591.7	450.62
591.91	487.62
592.119	464.62
592.329	468.62
592.539	486.62
592.748	491.62
592.958	510.62
593.167	519.62
593.377	492.62
593.587	519.62
593.796	500.62
594.006	529.62
594.215	530.62
594.424	517.62
594.634	514.62
594.843	470.62
595.053	496.62
595.262	468.62
595.472	444.62
595.681	462.62
595.89	440.62
596.1	445.62
596.309	423.62
596.518	428.62
596.727	420.62
596.937	429.62
597.146	404.62
597.355	397.62
597.564	410.62
597.774	400.62
597.983	401.62
598.192	394.62
598.401	394.62
598.61	398.62
598.819	390.62
599.028	388.62
599.237	415.62
599.446	409.62
599.655	376.62
599.864	384.62
600.073	395.62
600.282	410.62
600.491	404.62
600.7	384.62
600.909	402.62
601.118	391.62
601.327	418.62
601.536	426.62
601.745	418.62
601.953	416.62
602.162	414.62
602.371	443.62
602.58	436.62
602.789	422.62
602.997	414.62
603.206	437.62
603.415	420.62
603.623	417.62
603.832	408.62
604.041	410.62
604.249	404.62
604.458	387.62
604.666	392.62
604.875	400.62
605.084	395.62
605.292	396.62
605.501	412.62
605.709	406.62
605.918	401.62
606.126	412.62
606.334	407.62
606.543	414.62
606.751	430.62
606.96	410.62
607.168	406.62
607.376	414.62
607.585	417.62
607.793	412.62
608.001	388.62
608.21	388.62
608.418	410.62
608.626	420.62
608.834	410.62
609.043	428.62
609.251	416.62
609.459	406.62
609.667	427.62
609.875	418.62
610.083	421.62
610.291	416.62
610.499	398.62
610.707	398.62
610.916	404.62
611.124	433.62
611.332	400.62
611.54	406.62
611.748	425.62
611.955	405.62
612.163	402.62
612.371	398.62
612.579	416.62
612.787	404.62
612.995	397.62
613.203	408.62
613.411	380.62
613.618	380.62
613.826	385.62
614.034	423.62
614.242	408.62
614.449	399.62
614.657	386.62
614.865	398.62
615.072	392.62
615.28	398.62
615.488	403.62
615.695	400.62
615.903	406.62
616.111	394.62
616.318	403.62
616.526	394.62
616.733	390.62
616.941	374.62
617.148	387.62
617.356	375.62
617.563	370.62
617.771	403.62
617.978	378.62
618.185	374.62
618.393	392.62
618.6	393.62
618.807	391.62
619.015	359.62
619.222	374.62
619.429	374.62
619.637	366.62
619.844	346.62
620.051	371.62
620.258	369.62
620.466	365.62
620.673	352.62
620.88	346.62
621.087	348.62
621.294	344.62
621.501	343.62
621.708	358.62
621.915	370.62
622.122	354.62
622.329	346.62
622.536	367.62
622.743	353.62
622.95	339.62
623.157	346.62
623.364	341.62
623.571	324.62
623.778	350.62
623.985	361.62
624.192	346.62
624.399	327.62
624.606	330.62
624.812	346.62
625.019	323.62
625.226	333.62
625.433	322.62
625.639	296.62
625.846	311.62
626.053	299.62
626.259	292.62
626.466	293.62
626.673	310.62
626.879	296.62
627.086	296.62
627.293	306.62
627.499	312.62
627.706	325.62
627.912	319.62
628.119	324.62
628.325	334.62
628.532	320.62
628.738	333.62
628.945	310.62
629.151	308.62
629.357	294.62
629.564	312.62
629.77	311.62
629.976	301.62
630.183	284.62
630.389	304.62
630.595	308.62
630.802	322.62
631.008	300.62
631.214	295.62
631.42	282.62
631.627	297.62
631.833	300.62
632.039	280.62
632.245	295.62
632.451	288.62
632.657	287.62
632.863	287.62
633.069	284.62
633.275	287.62
633.481	281.62
633.688	271.62
633.893	286.62
634.099	288.62
634.305	289.62
634.511	303.62
634.717	274.62
634.923	279.62
635.129	269.62
635.335	283.62
635.541	286.62
635.747	295.62
635.952	339.62
636.158	347.62
636.364	469.62
636.57	562.62
636.775	450.62
636.981	387.62
637.187	361.62
637.392	341.62
637.598	324.62
637.804	331.62
638.009	329.62
638.215	321.62
638.421	301.62
638.626	292.62
638.832	282.62
639.037	298.62
639.243	264.62
639.448	270.62
639.654	287.62
639.859	277.62
640.065	279.62
640.27	284.62
640.475	263.62
640.681	258.62
640.886	280.62
641.091	271.62
641.297	277.62
641.502	263.62
641.707	260.62
641.913	266.62
642.118	250.62
642.323	250.62
642.528	251.62
642.733	254.62
642.939	284.62
643.144	273.62
643.349	255.62
643.554	248.62
643.759	262.62
643.964	263.62
644.169	248.62
644.374	242.62
644.579	261.62
644.784	243.62
644.989	243.62
645.194	237.62
645.399	256.62
645.604	264.62
645.809	256.62
646.014	252.62
646.219	242.62
646.423	252.62
646.628	263.62
646.833	258.62
647.038	246.62
647.243	246.62
647.447	249.62
647.652	254.62
647.857	261.62
648.062	256.62
648.266	243.62
648.471	266.62
648.676	254.62
648.88	260.62
649.085	274.62
649.289	246.62
649.494	257.62
649.698	291.62
649.903	255.62
650.107	231.62
650.312	240.62
650.516	242.62
650.721	242.62
650.925	235.62
651.13	221.62
651.334	240.62
651.539	224.62
651.743	218.62
651.947	206.62
652.152	211.62
652.356	202.62
652.56	198.62
652.764	219.62
652.969	212.62
653.173	197.62
653.377	196.62
653.581	209.62
653.785	183.62
653.99	205.62
654.194	193.62
654.398	189.62
654.602	184.62
654.806	195.62
655.01	192.62
655.214	182.62
655.418	190.62
655.622	179.62
655.826	197.62
656.03	176.62
656.234	181.62
656.438	178.62
656.642	189.62
656.846	194.62
657.049	166.62
657.253	163.62
657.457	162.62
657.661	139.62
657.865	155.62
658.068	141.62
658.272	134.62
658.476	137.62
658.68	131.62
658.883	140.62
659.087	132.62
659.291	119.62
659.494	122.62
659.698	128.62
659.901	113.62
660.105	122.62
660.309	113.62
660.512	116.62
660.716	112.62
660.919	98.62
661.123	128.62
661.326	109.62
661.53	92.62
661.733	96.62
661.936	89.62
662.14	100.62
662.343	79.62
662.546	101.62
662.75	86.62
662.953	79.62
663.156	96.62
663.36	89.62
663.563	97.62
663.766	82.62
663.969	94.62
664.173	78.62
664.376	87.62
664.579	88.62
664.782	79.62
664.985	89.62
665.188	80.62
665.391	82.62
665.594	77.62
665.797	92.62
666	71.62
666.203	90.62
666.406	82.62
666.609	71.62
666.812	76.62
667.015	72.62
667.218	80.62
667.421	99.62
667.624	83.62
667.827	91.62
668.03	78.62
668.232	78.62
668.435	82.62
668.638	81.62
668.841	80.62
669.043	67.62
669.246	90.62
669.449	85.62
669.651	66.62
669.854	85.62
670.057	87.62
670.259	87.62
670.462	69.62
670.665	81.62
670.867	71.62
671.07	88.62
671.272	85.62
671.475	75.62
671.677	58.62
671.88	71.62
672.082	73.62
672.284	78.62
672.487	94.62
672.689	69.62
672.892	62.62
