223.165	-8.75
223.4	-8.75
223.635	-8.75
223.869	-30.75
224.104	-31.75
224.338	-10.75
224.573	-4.75
224.808	-19.75
225.042	-0.75
225.277	-5.75
225.511	-17.75
225.746	1.25
225.98	9.25
226.215	25.25
226.449	13.25
226.683	22.25
226.918	32.25
227.152	27.25
227.387	37.25
227.621	30.25
227.856	30.25
228.09	34.25
228.324	57.25
228.559	69.25
228.793	63.25
229.027	124.25
229.262	128.25
229.496	143.25
229.73	153.25
229.964	168.25
230.199	154.25
230.433	127.25
230.667	131.25
230.901	139.25
231.136	141.25
231.37	133.25
231.604	135.25
231.838	147.25
232.072	135.25
232.306	142.25
232.541	137.25
232.775	151.25
233.009	138.25
233.243	138.25
233.477	134.25
233.711	150.25
233.945	151.25
234.179	132.25
234.413	129.25
234.647	155.25
234.881	136.25
235.115	142.25
235.349	129.25
235.583	151.25
235.817	156.25
236.051	148.25
236.285	155.25
236.519	143.25
236.753	138.25
236.987	157.25
237.221	211.25
237.455	271.25
237.689	208.25
237.922	171.25
238.156	169.25
238.39	157.25
238.624	153.25
238.858	156.25
239.091	150.25
239.325	162.25
239.559	154.25
239.793	162.25
240.027	178.25
240.26	169.25
240.494	191.25
240.728	191.25
240.961	182.25
241.195	183.25
241.429	180.25
241.662	177.25
241.896	174.25
242.13	177.25
242.363	184.25
242.597	172.25
242.83	185.25
243.064	182.25
243.298	190.25
243.531	168.25
243.765	184.25
243.998	202.25
244.232	210.25
244.465	193.25
244.699	200.25
244.932	181.25
245.166	191.25
245.399	207.25
245.633	216.25
245.866	205.25
246.099	209.25
246.333	201.25
246.566	197.25
246.8	196.25
247.033	214.25
247.266	212.25
247.5	225.25
247.733	229.25
247.966	212.25
248.2	219.25
248.433	221.25
248.666	241.25
248.899	241.25
249.133	249.25
249.366	276.25
249.599	271.25
249.832	266.25
250.066	269.25
250.299	296.25
250.532	368.25
250.765	389.25
250.998	360.25
251.231	340.25
251.465	297.25
251.698	299.25
251.931	291.25
252.164	278.25
252.397	284.25
252.63	283.25
252.863	279.25
253.096	286.25
253.329	289.25
253.562	261.25
253.795	289.25
254.028	276.25
254.261	283.25
254.494	286.25
254.727	317.25
254.96	325.25
255.193	340.25
255.426	336.25
255.659	362.25
255.892	439.25
256.124	585.25
256.357	602.25
256.59	504.25
256.823	433.25
257.056	374.25
257.289	359.25
257.521	363.25
257.754	335.25
257.987	316.25
258.22	312.25
258.452	308.25
258.685	300.25
258.918	279.25
259.151	299.25
259.383	293.25
259.616	297.25
259.849	308.25
260.081	299.25
260.314	306.25
260.547	324.25
260.779	307.25
261.012	332.25
261.244	298.25
261.477	318.25
261.71	315.25
261.942	311.25
262.175	327.25
262.407	321.25
262.64	302.25
262.872	289.25
263.105	299.25
263.337	285.25
263.57	287.25
263.802	316.25
264.035	289.25
264.267	299.25
264.499	291.25
264.732	289.25
264.964	303.25
265.197	296.25
265.429	297.25
265.661	288.25
265.894	292.25
266.126	304.25
266.358	307.25
266.591	329.25
266.823	304.25
267.055	310.25
267.287	307.25
267.52	310.25
267.752	314.25
267.984	306.25
268.216	309.25
268.448	321.25
268.681	321.25
268.913	330.25
269.145	337.25
269.377	332.25
269.609	348.25
269.841	343.25
270.073	329.25
270.306	338.25
270.538	356.25
270.77	351.25
271.002	353.25
271.234	368.25
271.466	368.25
271.698	363.25
271.93	379.25
272.162	383.25
272.394	393.25
272.626	355.25
272.858	367.25
273.09	369.25
273.322	345.25
273.553	344.25
273.785	335.25
274.017	368.25
274.249	359.25
274.481	360.25
274.713	365.25
274.945	388.25
275.176	365.25
275.408	378.25
275.64	389.25
275.872	393.25
276.104	381.25
276.335	396.25
276.567	400.25
276.799	435.25
277.031	452.25
277.262	474.25
277.494	473.25
277.726	436.25
277.957	419.25
278.189	407.25
278.421	389.25
278.652	392.25
278.884	381.25
279.115	408.25
279.347	405.25
279.579	403.25
279.81	413.25
280.042	449.25
280.273	485.25
280.505	472.25
280.736	435.25
280.968	423.25
281.199	408.25
281.431	400.25
281.662	398.25
281.894	385.25
282.125	407.25
282.356	437.25
282.588	451.25
282.819	446.25
283.051	419.25
283.282	414.25
283.513	387.25
283.745	387.25
283.976	395.25
284.207	418.25
284.439	397.25
284.67	421.25
284.901	395.25
285.132	392.25
285.364	371.25
285.595	399.25
285.826	409.25
286.057	410.25
286.288	433.25
286.52	411.25
286.751	415.25
286.982	420.25
287.213	392.25
287.444	412.25
287.675	407.25
287.906	427.25
288.138	416.25
288.369	427.25
288.6	431.25
288.831	412.25
289.062	415.25
289.293	420.25
289.524	408.25
289.755	419.25
289.986	423.25
290.217	420.25
290.448	433.25
290.679	410.25
290.91	425.25
291.141	431.25
291.371	406.25
291.602	424.25
291.833	430.25
292.064	414.25
292.295	422.25
292.526	440.25
292.757	433.25
292.987	431.25
293.218	439.25
293.449	429.25
293.68	403.25
293.91	419.25
294.141	422.25
294.372	421.25
294.603	425.25
294.833	438.25
295.064	431.25
295.295	423.25
295.525	436.25
295.756	448.25
295.987	443.25
296.217	477.25
296.448	480.25
296.679	466.25
296.909	455.25
297.14	431.25
297.37	442.25
297.601	457.25
297.831	444.25
298.062	461.25
298.292	445.25
298.523	492.25
298.753	464.25
298.984	459.25
299.214	470.25
299.445	461.25
299.675	459.25
299.905	478.25
300.136	481.25
300.366	446.25
300.597	447.25
300.827	467.25
301.057	471.25
301.288	505.25
301.518	487.25
301.748	503.25
301.979	477.25
302.209	503.25
302.439	505.25
302.669	490.25
302.9	479.25
303.13	480.25
303.36	484.25
303.59	516.25
303.82	529.25
304.051	532.25
304.281	498.25
304.511	491.25
304.741	483.25
304.971	474.25
305.201	497.25
305.431	489.25
305.661	477.25
305.891	477.25
306.121	482.25
306.352	506.25
306.582	517.25
306.812	522.25
307.042	493.25
307.272	515.25
307.502	523.25
307.731	554.25
307.961	520.25
308.191	514.25
308.421	484.25
308.651	520.25
308.881	506.25
309.111	499.25
309.341	526.25
309.571	517.25
309.8	546.25
310.03	557.25
310.26	551.25
310.49	540.25
310.72	561.25
310.949	561.25
311.179	580.25
311.409	557.25
311.639	572.25
311.868	548.25
312.098	551.25
312.328	564.25
312.557	564.25
312.787	599.25
313.017	603.25
313.246	560.25
313.476	579.25
313.706	559.25
313.935	582.25
314.165	603.25
314.394	618.25
314.624	580.25
314.853	577.25
315.083	579.25
315.312	551.25
315.542	580.25
315.771	571.25
316.001	561.25
316.23	561.25
316.46	567.25
316.689	573.25
316.919	568.25
317.148	598.25
317.377	583.25
317.607	580.25
317.836	557.25
318.065	587.25
318.295	590.25
318.524	555.25
318.753	561.25
318.983	572.25
319.212	578.25
319.441	594.25
319.67	591.25
319.9	594.25
320.129	587.25
320.358	600.25
320.587	603.25
320.816	590.25
321.046	620.25
321.275	612.25
321.504	619.25
321.733	609.25
321.962	636.25
322.191	635.25
322.42	662.25
322.649	689.25
322.878	677.25
323.108	671.25
323.337	748.25
323.566	765.25
323.795	851.25
324.024	881.25
324.253	1063.25
324.482	1499.25
324.71	2392.25
324.939	3467.25
325.168	2737.25
325.397	1379.25
325.626	1047.25
325.855	891.25
326.084	854.25
326.313	837.25
326.542	857.25
326.77	939.25
326.999	1092.25
327.228	1513.25
327.457	2303.25
327.686	2697.25
327.914	1804.25
328.143	1476.25
328.372	1543.25
328.6	1402.25
328.829	1084.25
329.058	1078.25
329.287	1073.25
329.515	1107.25
329.744	1180.25
329.972	1445.25
330.201	1921.25
330.43	2391.25
330.658	1962.25
330.887	1422.25
331.115	1183.25
331.344	1025.25
331.572	942.25
331.801	908.25
332.03	960.25
332.258	935.25
332.486	961.25
332.715	956.25
332.943	979.25
333.172	1025.25
333.4	1104.25
333.629	1180.25
333.857	1317.25
334.085	1609.25
334.314	2114.25
334.542	2905.25
334.771	3177.25
334.999	1971.25
335.227	1341.25
335.455	1138.25
335.684	1057.25
335.912	978.25
336.14	969.25
336.369	935.25
336.597	916.25
336.825	860.25
337.053	849.25
337.281	820.25
337.51	823.25
337.738	801.25
337.966	784.25
338.194	782.25
338.422	775.25
338.65	748.25
338.878	764.25
339.106	767.25
339.334	749.25
339.562	765.25
339.79	719.25
340.018	756.25
340.246	709.25
340.474	721.25
340.702	698.25
340.93	716.25
341.158	722.25
341.386	728.25
341.614	713.25
341.842	704.25
342.07	705.25
342.298	720.25
342.526	698.25
342.754	693.25
342.981	678.25
343.209	693.25
343.437	720.25
343.665	751.25
343.893	746.25
344.12	754.25
344.348	724.25
344.576	740.25
344.804	709.25
345.031	739.25
345.259	743.25
345.487	715.25
345.714	692.25
345.942	710.25
346.17	699.25
346.397	699.25
346.625	697.25
346.853	696.25
347.08	684.25
347.308	683.25
347.535	716.25
347.763	720.25
347.99	716.25
348.218	694.25
348.445	713.25
348.673	709.25
348.9	701.25
349.128	672.25
349.355	675.25
349.583	648.25
349.81	649.25
350.037	677.25
350.265	660.25
350.492	672.25
350.72	681.25
350.947	663.25
351.174	693.25
351.402	712.25
351.629	700.25
351.856	685.25
352.083	720.25
352.311	689.25
352.538	698.25
352.765	695.25
352.992	688.25
353.22	707.25
353.447	682.25
353.674	663.25
353.901	701.25
354.128	657.25
354.355	655.25
354.583	668.25
354.81	670.25
355.037	673.25
355.264	665.25
355.491	654.25
355.718	667.25
355.945	655.25
356.172	671.25
356.399	677.25
356.626	657.25
356.853	659.25
357.08	678.25
357.307	674.25
357.534	690.25
357.761	663.25
357.988	655.25
358.215	655.25
358.441	659.25
358.668	673.25
358.895	669.25
359.122	659.25
359.349	659.25
359.576	711.25
359.802	723.25
360.029	793.25
360.256	771.25
360.483	756.25
360.709	711.25
360.936	700.25
361.163	673.25
361.39	726.25
361.616	719.25
361.843	705.25
362.07	703.25
362.296	730.25
362.523	716.25
362.749	708.25
362.976	668.25
363.203	679.25
363.429	687.25
363.656	703.25
363.882	699.25
364.109	692.25
364.335	664.25
364.562	698.25
364.788	704.25
365.015	701.25
365.241	697.25
365.468	710.25
365.694	719.25
365.92	665.25
366.147	694.25
366.373	692.25
366.599	681.25
366.826	700.25
367.052	688.25
367.278	688.25
367.505	716.25
367.731	709.25
367.957	699.25
368.184	667.25
368.41	715.25
368.636	739.25
368.862	726.25
369.089	714.25
369.315	724.25
369.541	739.25
369.767	715.25
369.993	744.25
370.219	740.25
370.445	733.25
370.672	733.25
370.898	720.25
371.124	729.25
371.35	737.25
371.576	724.25
371.802	748.25
372.028	724.25
372.254	751.25
372.48	743.25
372.706	728.25
372.932	739.25
373.158	758.25
373.384	727.25
373.61	728.25
373.835	764.25
374.061	752.25
374.287	767.25
374.513	783.25
374.739	807.25
374.965	803.25
375.191	775.25
375.416	786.25
375.642	773.25
375.868	763.25
376.094	752.25
376.319	738.25
376.545	748.25
376.771	766.25
376.997	736.25
377.222	738.25
377.448	744.25
377.674	735.25
377.899	737.25
378.125	703.25
378.35	720.25
378.576	733.25
378.802	736.25
379.027	701.25
379.253	732.25
379.478	716.25
379.704	745.25
379.929	731.25
380.155	724.25
380.38	737.25
380.606	732.25
380.831	744.25
381.057	733.25
381.282	741.25
381.507	732.25
381.733	745.25
381.958	760.25
382.184	764.25
382.409	758.25
382.634	773.25
382.86	805.25
383.085	763.25
383.31	769.25
383.535	795.25
383.761	796.25
383.986	815.25
384.211	831.25
384.436	838.25
384.662	856.25
384.887	855.25
385.112	852.25
385.337	835.25
385.562	852.25
385.787	893.25
386.013	859.25
386.238	878.25
386.463	881.25
386.688	897.25
386.913	866.25
387.138	850.25
387.363	848.25
387.588	853.25
387.813	868.25
388.038	845.25
388.263	856.25
388.488	867.25
388.713	868.25
388.938	852.25
389.163	833.25
389.387	845.25
389.612	856.25
389.837	841.25
390.062	863.25
390.287	852.25
390.512	868.25
390.736	865.25
390.961	893.25
391.186	848.25
391.411	916.25
391.636	893.25
391.86	929.25
392.085	967.25
392.31	939.25
392.534	896.25
392.759	918.25
392.984	902.25
393.208	908.25
393.433	925.25
393.658	929.25
393.882	900.25
394.107	927.25
394.331	926.25
394.556	883.25
394.78	900.25
395.005	954.25
395.229	946.25
395.454	928.25
395.678	955.25
395.903	980.25
396.127	975.25
396.352	937.25
396.576	930.25
396.801	929.25
397.025	931.25
397.249	944.25
397.474	974.25
397.698	964.25
397.922	1017.25
398.147	1015.25
398.371	992.25
398.595	1050.25
398.82	1081.25
399.044	1131.25
399.268	1189.25
399.492	1367.25
399.717	1497.25
399.941	1506.25
400.165	1401.25
400.389	1348.25
400.613	1196.25
400.837	1142.25
401.062	1133.25
401.286	1147.25
401.51	1130.25
401.734	1089.25
401.958	1121.25
402.182	1140.25
402.406	1166.25
402.63	1175.25
402.854	1135.25
403.078	1191.25
403.302	1223.25
403.526	1211.25
403.75	1223.25
403.974	1247.25
404.198	1278.25
404.422	1297.25
404.645	1279.25
404.869	1315.25
405.093	1396.25
405.317	1463.25
405.541	1442.25
405.765	1377.25
405.988	1313.25
406.212	1347.25
406.436	1358.25
406.66	1349.25
406.883	1341.25
407.107	1373.25
407.331	1430.25
407.555	1505.25
407.778	1463.25
408.002	1420.25
408.226	1362.25
408.449	1336.25
408.673	1315.25
408.896	1303.25
409.12	1325.25
409.344	1314.25
409.567	1255.25
409.791	1279.25
410.014	1251.25
410.238	1247.25
410.461	1235.25
410.685	1222.25
410.908	1259.25
411.132	1263.25
411.355	1257.25
411.578	1252.25
411.802	1215.25
412.025	1242.25
412.249	1297.25
412.472	1380.25
412.695	1419.25
412.919	1389.25
413.142	1341.25
413.365	1271.25
413.589	1264.25
413.812	1226.25
414.035	1200.25
414.258	1202.25
414.482	1182.25
414.705	1183.25
414.928	1163.25
415.151	1154.25
415.374	1181.25
415.597	1122.25
415.821	1127.25
416.044	1151.25
416.267	1131.25
416.49	1131.25
416.713	1123.25
416.936	1131.25
417.159	1128.25
417.382	1151.25
417.605	1176.25
417.828	1181.25
418.051	1199.25
418.274	1201.25
418.497	1156.25
418.72	1209.25
418.943	1160.25
419.166	1212.25
419.389	1301.25
419.611	1300.25
419.834	1313.25
420.057	1299.25
420.28	1315.25
420.503	1367.25
420.726	1325.25
420.948	1292.25
421.171	1296.25
421.394	1285.25
421.617	1248.25
421.839	1209.25
422.062	1225.25
422.285	1169.25
422.507	1242.25
422.73	1325.25
422.953	1289.25
423.175	1223.25
423.398	1224.25
423.621	1226.25
423.843	1271.25
424.066	1265.25
424.288	1243.25
424.511	1270.25
424.733	1279.25
424.956	1391.25
425.178	1282.25
425.401	1351.25
425.623	1338.25
425.846	1215.25
426.068	1166.25
426.291	1194.25
426.513	1171.25
426.735	1208.25
426.958	1227.25
427.18	1283.25
427.402	1428.25
427.625	1522.25
427.847	1499.25
428.069	1431.25
428.292	1308.25
428.514	1197.25
428.736	1140.25
428.958	1119.25
429.181	1109.25
429.403	1103.25
429.625	1093.25
429.847	1123.25
430.069	1160.25
430.292	1191.25
430.514	1093.25
430.736	1087.25
430.958	1113.25
431.18	1058.25
431.402	1049.25
431.624	1051.25
431.846	1036.25
432.068	1032.25
432.29	1046.25
432.512	1016.25
432.734	1060.25
432.956	1091.25
433.178	1092.25
433.4	1085.25
433.622	1069.25
433.844	1070.25
434.066	1051.25
434.287	1045.25
434.509	1086.25
434.731	1127.25
434.953	1145.25
435.175	1170.25
435.397	1182.25
435.618	1139.25
435.84	1182.25
436.062	1242.25
436.284	1283.25
436.505	1173.25
436.727	1121.25
436.949	1109.25
437.17	1089.25
437.392	1059.25
437.614	1113.25
437.835	1134.25
438.057	1187.25
438.278	1337.25
438.5	1310.25
438.721	1378.25
438.943	1291.25
439.165	1171.25
439.386	1155.25
439.608	1137.25
439.829	1143.25
440.05	1169.25
440.272	1227.25
440.493	1236.25
440.715	1132.25
440.936	1153.25
441.158	1137.25
441.379	1124.25
441.6	1209.25
441.822	1258.25
442.043	1258.25
442.264	1352.25
442.486	1337.25
442.707	1292.25
442.928	1214.25
443.149	1233.25
443.371	1259.25
443.592	1304.25
443.813	1395.25
444.034	1437.25
444.255	1325.25
444.476	1288.25
444.698	1313.25
444.919	1334.25
445.14	1454.25
445.361	1358.25
445.582	1321.25
445.803	1353.25
446.024	1416.25
446.245	1391.25
446.466	1296.25
446.687	1187.25
446.908	1161.25
447.129	1108.25
447.35	1087.25
447.571	1093.25
447.792	1057.25
448.013	1084.25
448.234	1086.25
448.455	1135.25
448.675	1237.25
448.896	1341.25
449.117	1171.25
449.338	1173.25
449.559	1320.25
449.779	1360.25
450	1187.25
450.221	1097.25
450.442	1067.25
450.662	1046.25
450.883	1029.25
451.104	1111.25
451.324	1066.25
451.545	1025.25
451.766	1005.25
451.986	1019.25
452.207	984.25
452.428	988.25
452.648	968.25
452.869	995.25
453.089	992.25
453.31	1009.25
453.53	955.25
453.751	955.25
453.971	946.25
454.192	999.25
454.412	962.25
454.633	951.25
454.853	951.25
455.073	970.25
455.294	959.25
455.514	994.25
455.734	976.25
455.955	911.25
456.175	901.25
456.395	902.25
456.616	902.25
456.836	897.25
457.056	920.25
457.276	888.25
457.497	881.25
457.717	875.25
457.937	924.25
458.157	923.25
458.377	935.25
458.598	968.25
458.818	1061.25
459.038	1171.25
459.258	1143.25
459.478	1083.25
459.698	1077.25
459.918	1038.25
460.138	1075.25
460.358	1149.25
460.578	1135.25
460.798	1143.25
461.018	1153.25
461.238	1151.25
461.458	1143.25
461.678	1109.25
461.898	1157.25
462.118	1126.25
462.338	1205.25
462.558	1195.25
462.777	1219.25
462.997	1307.25
463.217	1440.25
463.437	1436.25
463.657	1329.25
463.876	1310.25
464.096	1288.25
464.316	1284.25
464.536	1327.25
464.755	1295.25
464.975	1285.25
465.195	1315.25
465.414	1419.25
465.634	1219.25
465.854	1104.25
466.073	1085.25
466.293	1050.25
466.512	1053.25
466.732	1020.25
466.951	1004.25
467.171	1025.25
467.391	1024.25
467.61	1063.25
467.829	1136.25
468.049	1289.25
468.268	1699.25
468.488	1355.25
468.707	1155.25
468.927	1103.25
469.146	1087.25
469.365	1057.25
469.585	1044.25
469.804	1108.25
470.023	1116.25
470.243	1129.25
470.462	1134.25
470.681	1147.25
470.901	1143.25
471.12	1107.25
471.339	1110.25
471.558	1105.25
471.777	1138.25
471.997	1213.25
472.216	1651.25
472.435	3039.25
472.654	2297.25
472.873	1508.25
473.092	1281.25
473.311	1185.25
473.53	1186.25
473.749	1152.25
473.968	1152.25
474.187	1242.25
474.406	1197.25
474.625	1108.25
474.844	1065.25
475.063	1037.25
475.282	1071.25
475.501	1033.25
475.72	1065.25
475.939	1075.25
476.158	1083.25
476.377	1045.25
476.596	1054.25
476.814	1087.25
477.033	1051.25
477.252	1116.25
477.471	1124.25
477.69	1156.25
477.908	1157.25
478.127	1181.25
478.346	1175.25
478.564	1181.25
478.783	1214.25
479.002	1233.25
479.22	1234.25
479.439	1247.25
479.658	1296.25
479.876	1310.25
480.095	1313.25
480.313	1349.25
480.532	1418.25
480.751	1545.25
480.969	1859.25
481.188	3913.25
481.406	5082.25
481.624	2607.25
481.843	1919.25
482.061	1677.25
482.28	1569.25
482.498	1421.25
482.717	1405.25
482.935	1374.25
483.153	1352.25
483.372	1388.25
483.59	1325.25
483.808	1309.25
484.027	1273.25
484.245	1273.25
484.463	1285.25
484.681	1301.25
484.9	1332.25
485.118	1339.25
485.336	1269.25
485.554	1278.25
485.772	1301.25
485.99	1263.25
486.209	1273.25
486.427	1271.25
486.645	1304.25
486.863	1370.25
487.081	1350.25
487.299	1302.25
487.517	1321.25
487.735	1367.25
487.953	1358.25
488.171	1327.25
488.389	1362.25
488.607	1329.25
488.825	1315.25
489.043	1325.25
489.261	1322.25
489.479	1338.25
489.696	1323.25
489.914	1376.25
490.132	1385.25
490.35	1395.25
490.568	1452.25
490.786	1457.25
491.003	1504.25
491.221	1570.25
491.439	1613.25
491.657	1650.25
491.874	1690.25
492.092	1705.25
492.31	1722.25
492.527	1788.25
492.745	1762.25
492.963	1762.25
493.18	1751.25
493.398	1740.25
493.615	1713.25
493.833	1696.25
494.05	1652.25
494.268	1645.25
494.485	1646.25
494.703	1624.25
494.92	1591.25
495.138	1602.25
495.355	1581.25
495.573	1549.25
495.79	1520.25
496.008	1547.25
496.225	1531.25
496.442	1532.25
496.66	1536.25
496.877	1531.25
497.094	1512.25
497.312	1546.25
497.529	1497.25
497.746	1594.25
497.963	1620.25
498.181	1635.25
498.398	1640.25
498.615	1675.25
498.832	1770.25
499.049	1826.25
499.267	1924.25
499.484	2095.25
499.701	2220.25
499.918	2411.25
500.135	2691.25
500.352	2946.25
500.569	3134.25
500.786	3164.25
501.003	2880.25
501.22	2685.25
501.437	2372.25
501.654	2175.25
501.871	2077.25
502.088	1961.25
502.305	1837.25
502.522	1739.25
502.739	1677.25
502.956	1599.25
503.172	1543.25
503.389	1510.25
503.606	1534.25
503.823	1494.25
504.04	1474.25
504.256	1453.25
504.473	1470.25
504.69	1515.25
504.907	1471.25
505.123	1399.25
505.34	1331.25
505.557	1341.25
505.773	1339.25
505.99	1276.25
506.207	1251.25
506.423	1227.25
506.64	1234.25
506.856	1250.25
507.073	1207.25
507.289	1178.25
507.506	1234.25
507.722	1233.25
507.939	1245.25
508.155	1200.25
508.372	1183.25
508.588	1139.25
508.805	1144.25
509.021	1156.25
509.238	1166.25
509.454	1141.25
509.67	1129.25
509.887	1108.25
510.103	1122.25
510.319	1176.25
510.536	1392.25
510.752	2715.25
510.968	1936.25
511.184	1202.25
511.401	1174.25
511.617	1176.25
511.833	1236.25
512.049	1262.25
512.265	1217.25
512.481	1188.25
512.698	1148.25
512.914	1139.25
513.13	1172.25
513.346	1137.25
513.562	1132.25
513.778	1162.25
513.994	1144.25
514.21	1207.25
514.426	1241.25
514.642	1268.25
514.858	1285.25
515.074	1403.25
515.29	1681.25
515.506	2670.25
515.721	2147.25
515.937	1405.25
516.153	1277.25
516.369	1248.25
516.585	1257.25
516.801	1231.25
517.016	1287.25
517.232	1308.25
517.448	1361.25
517.664	1380.25
517.879	1372.25
518.095	1385.25
518.311	1333.25
518.527	1314.25
518.742	1275.25
518.958	1225.25
519.173	1231.25
519.389	1198.25
519.605	1179.25
519.82	1201.25
520.036	1179.25
520.251	1209.25
520.467	1209.25
520.682	1235.25
520.898	1255.25
521.113	1285.25
521.329	1368.25
521.544	1469.25
521.76	1928.25
521.975	3551.25
522.19	3399.25
522.406	1703.25
522.621	1280.25
522.836	1187.25
523.052	1129.25
523.267	1071.25
523.482	1081.25
523.698	1034.25
523.913	1065.25
524.128	1057.25
524.343	1044.25
524.559	1016.25
524.774	1037.25
524.989	1010.25
525.204	1035.25
525.419	1023.25
525.634	1017.25
525.849	1003.25
526.064	960.25
526.28	968.25
526.495	929.25
526.71	920.25
526.925	923.25
527.14	945.25
527.355	893.25
527.57	903.25
527.785	948.25
527.999	923.25
528.214	929.25
528.429	979.25
528.644	955.25
528.859	964.25
529.074	987.25
529.289	1041.25
529.503	1184.25
529.718	1070.25
529.933	977.25
530.148	954.25
530.363	938.25
530.577	929.25
530.792	910.25
531.007	891.25
531.221	930.25
531.436	893.25
531.651	908.25
531.865	923.25
532.08	884.25
532.295	889.25
532.509	903.25
532.724	889.25
532.938	925.25
533.153	892.25
533.367	920.25
533.582	895.25
533.796	924.25
534.011	905.25
534.225	877.25
534.44	859.25
534.654	884.25
534.868	859.25
535.083	879.25
535.297	892.25
535.511	900.25
535.726	866.25
535.94	888.25
536.154	877.25
536.369	877.25
536.583	853.25
536.797	842.25
537.011	830.25
537.225	834.25
537.44	826.25
537.654	837.25
537.868	849.25
538.082	858.25
538.296	823.25
538.51	813.25
538.724	876.25
538.938	868.25
539.153	858.25
539.367	872.25
539.581	871.25
539.795	843.25
540.009	812.25
540.222	828.25
540.436	849.25
540.65	853.25
540.864	830.25
541.078	869.25
541.292	908.25
541.506	889.25
541.72	919.25
541.934	953.25
542.147	969.25
542.361	909.25
542.575	913.25
542.789	864.25
543.002	850.25
543.216	845.25
543.43	836.25
543.644	849.25
543.857	862.25
544.071	894.25
544.285	915.25
544.498	891.25
544.712	883.25
544.925	906.25
545.139	893.25
545.352	908.25
545.566	917.25
545.779	926.25
545.993	895.25
546.206	905.25
546.42	916.25
546.633	930.25
546.847	917.25
547.06	920.25
547.274	913.25
547.487	932.25
547.7	926.25
547.914	910.25
548.127	919.25
548.34	907.25
548.554	882.25
548.767	888.25
548.98	897.25
549.193	903.25
549.407	911.25
549.62	894.25
549.833	899.25
550.046	879.25
550.259	867.25
550.473	886.25
550.686	896.25
550.899	879.25
551.112	852.25
551.325	862.25
551.538	845.25
551.751	825.25
551.964	830.25
552.177	856.25
552.39	861.25
552.603	893.25
552.816	910.25
553.029	957.25
553.242	949.25
553.455	967.25
553.667	983.25
553.88	947.25
554.093	910.25
554.306	907.25
554.519	907.25
554.732	891.25
554.944	875.25
555.157	863.25
555.37	830.25
555.583	836.25
555.795	819.25
556.008	810.25
556.221	776.25
556.433	752.25
556.646	759.25
556.859	784.25
557.071	781.25
557.284	792.25
557.496	757.25
557.709	773.25
557.921	743.25
558.134	772.25
558.346	745.25
558.559	767.25
558.771	754.25
558.984	733.25
559.196	737.25
559.409	727.25
559.621	733.25
559.833	716.25
560.046	746.25
560.258	728.25
560.47	713.25
560.683	735.25
560.895	746.25
561.107	725.25
561.32	708.25
561.532	715.25
561.744	713.25
561.956	720.25
562.168	718.25
562.381	743.25
562.593	743.25
562.805	714.25
563.017	704.25
563.229	722.25
563.441	722.25
563.653	721.25
563.865	708.25
564.077	726.25
564.289	730.25
564.501	716.25
564.713	747.25
564.925	729.25
565.137	752.25
565.349	778.25
565.561	780.25
565.773	812.25
565.985	826.25
566.197	863.25
566.408	900.25
566.62	939.25
566.832	977.25
567.044	1000.25
567.255	1001.25
567.467	999.25
567.679	1023.25
567.891	1106.25
568.102	1113.25
568.314	1076.25
568.526	971.25
568.737	894.25
568.949	855.25
569.161	773.25
569.372	743.25
569.584	701.25
569.795	703.25
570.007	672.25
570.218	759.25
570.43	724.25
570.641	667.25
570.853	679.25
571.064	666.25
571.276	672.25
571.487	635.25
571.698	641.25
571.91	622.25
572.121	636.25
572.333	604.25
572.544	588.25
572.755	568.25
572.966	568.25
573.178	604.25
573.389	543.25
573.6	561.25
573.811	568.25
574.023	559.25
574.234	539.25
574.445	531.25
574.656	557.25
574.867	531.25
575.078	551.25
575.289	567.25
575.501	541.25
575.712	530.25
575.923	530.25
576.134	535.25
576.345	542.25
576.556	523.25
576.767	531.25
576.978	534.25
577.188	525.25
577.399	511.25
577.61	522.25
577.821	507.25
578.032	516.25
578.243	587.25
578.454	1016.25
578.665	695.25
578.875	523.25
579.086	491.25
579.297	505.25
579.508	474.25
579.718	464.25
579.929	475.25
580.14	468.25
580.35	472.25
580.561	496.25
580.772	469.25
580.982	453.25
581.193	462.25
581.403	483.25
581.614	453.25
581.825	466.25
582.035	457.25
582.246	456.25
582.456	475.25
582.667	486.25
582.877	468.25
583.087	476.25
583.298	460.25
583.508	454.25
583.719	457.25
583.929	446.25
584.139	457.25
584.35	446.25
584.56	435.25
584.77	438.25
584.981	450.25
585.191	448.25
585.401	453.25
585.611	459.25
585.821	436.25
586.032	428.25
586.242	418.25
586.452	417.25
586.662	423.25
586.872	438.25
587.082	421.25
587.292	403.25
587.502	448.25
587.713	431.25
587.923	429.25
588.133	432.25
588.343	419.25
588.553	444.25
588.762	448.25
588.972	427.25
589.182	451.25
589.392	450.25
589.602	452.25
589.812	457.25
590.022	465.25
590.232	432.25
590.441	449.25
590.651	431.25
590.861	426.25
591.071	444.25
591.281	452.25
591.49	433.25
591.7	454.25
591.91	457.25
592.119	470.25
592.329	454.25
592.539	491.25
592.748	511.25
592.958	505.25
593.167	510.25
593.377	492.25
593.587	507.25
593.796	523.25
594.006	527.25
594.215	523.25
594.424	541.25
594.634	537.25
594.843	508.25
595.053	485.25
595.262	501.25
595.472	464.25
595.681	453.25
595.89	429.25
596.1	416.25
596.309	418.25
596.518	420.25
596.727	412.25
596.937	427.25
597.146	404.25
597.355	423.25
597.564	385.25
597.774	410.25
597.983	393.25
598.192	372.25
598.401	405.25
598.61	380.25
598.819	390.25
599.028	396.25
599.237	399.25
599.446	376.25
599.655	386.25
599.864	393.25
600.073	385.25
600.282	383.25
600.491	386.25
600.7	369.25
600.909	385.25
601.118	373.25
601.327	392.25
601.536	406.25
601.745	435.25
601.953	425.25
602.162	398.25
602.371	424.25
602.58	429.25
602.789	410.25
602.997	410.25
603.206	399.25
603.415	406.25
603.623	412.25
603.832	391.25
604.041	402.25
604.249	385.25
604.458	382.25
604.666	369.25
604.875	377.25
605.084	399.25
605.292	396.25
605.501	410.25
605.709	396.25
605.918	401.25
606.126	411.25
606.334	418.25
606.543	427.25
606.751	419.25
606.96	415.25
607.168	391.25
607.376	372.25
607.585	393.25
607.793	424.25
608.001	388.25
608.21	395.25
608.418	415.25
608.626	412.25
608.834	409.25
609.043	402.25
609.251	417.25
609.459	423.25
609.667	399.25
609.875	386.25
610.083	406.25
610.291	398.25
610.499	383.25
610.707	408.25
610.916	380.25
611.124	392.25
611.332	405.25
611.54	413.25
611.748	403.25
611.955	394.25
612.163	415.25
612.371	409.25
612.579	398.25
612.787	389.25
612.995	388.25
613.203	395.25
613.411	387.25
613.618	389.25
613.826	385.25
614.034	391.25
614.242	371.25
614.449	389.25
614.657	377.25
614.865	392.25
615.072	369.25
615.28	387.25
615.488	400.25
615.695	387.25
615.903	379.25
616.111	381.25
616.318	393.25
616.526	398.25
616.733	410.25
616.941	412.25
617.148	390.25
617.356	394.25
617.563	379.25
617.771	362.25
617.978	368.25
618.185	389.25
618.393	375.25
618.6	390.25
618.807	397.25
619.015	394.25
619.222	372.25
619.429	358.25
619.637	376.25
619.844	347.25
620.051	353.25
620.258	343.25
620.466	341.25
620.673	345.25
620.88	365.25
621.087	337.25
621.294	362.25
621.501	339.25
621.708	342.25
621.915	351.25
622.122	343.25
622.329	354.25
622.536	375.25
622.743	365.25
622.95	367.25
623.157	349.25
623.364	350.25
623.571	329.25
623.778	333.25
623.985	339.25
624.192	352.25
624.399	337.25
624.606	329.25
624.812	321.25
625.019	340.25
625.226	313.25
625.433	307.25
625.639	307.25
625.846	286.25
626.053	307.25
626.259	305.25
626.466	283.25
626.673	282.25
626.879	294.25
627.086	321.25
627.293	329.25
627.499	327.25
627.706	315.25
627.912	314.25
628.119	347.25
628.325	328.25
628.532	315.25
628.738	299.25
628.945	307.25
629.151	301.25
629.357	307.25
629.564	302.25
629.77	311.25
629.976	299.25
630.183	285.25
630.389	298.25
630.595	305.25
630.802	295.25
631.008	298.25
631.214	298.25
631.42	307.25
631.627	279.25
631.833	290.25
632.039	275.25
632.245	282.25
632.451	284.25
632.657	277.25
632.863	290.25
633.069	291.25
633.275	286.25
633.481	266.25
633.688	274.25
633.893	275.25
634.099	279.25
634.305	299.25
634.511	264.25
634.717	272.25
634.923	278.25
635.129	275.25
635.335	259.25
635.541	286.25
635.747	304.25
635.952	303.25
636.158	332.25
636.364	380.25
636.57	464.25
636.775	377.25
636.981	343.25
637.187	333.25
637.392	312.25
637.598	284.25
637.804	316.25
638.009	289.25
638.215	292.25
638.421	285.25
638.626	284.25
638.832	286.25
639.037	273.25
639.243	261.25
639.448	258.25
639.654	271.25
639.859	263.25
640.065	259.25
640.27	267.25
640.475	263.25
640.681	260.25
640.886	258.25
641.091	268.25
641.297	279.25
641.502	273.25
641.707	260.25
641.913	256.25
642.118	242.25
642.323	272.25
642.528	247.25
642.733	249.25
642.939	252.25
643.144	246.25
643.349	254.25
643.554	256.25
643.759	249.25
643.964	242.25
644.169	242.25
644.374	244.25
644.579	247.25
644.784	250.25
644.989	265.25
645.194	250.25
645.399	237.25
645.604	246.25
645.809	245.25
646.014	254.25
646.219	253.25
646.423	247.25
646.628	251.25
646.833	264.25
647.038	247.25
647.243	231.25
647.447	256.25
647.652	237.25
647.857	253.25
648.062	279.25
648.266	256.25
648.471	256.25
648.676	244.25
648.88	247.25
649.085	237.25
649.289	264.25
649.494	265.25
649.698	281.25
649.903	268.25
650.107	240.25
650.312	264.25
650.516	225.25
650.721	228.25
650.925	221.25
651.13	233.25
651.334	210.25
651.539	201.25
651.743	197.25
651.947	207.25
652.152	212.25
652.356	196.25
652.56	190.25
652.764	208.25
652.969	187.25
653.173	201.25
653.377	187.25
653.581	176.25
653.785	190.25
653.99	173.25
654.194	169.25
654.398	197.25
654.602	176.25
654.806	188.25
655.01	201.25
655.214	192.25
655.418	172.25
655.622	189.25
655.826	167.25
656.03	177.25
656.234	169.25
656.438	180.25
656.642	182.25
656.846	162.25
657.049	163.25
657.253	162.25
657.457	149.25
657.661	153.25
657.865	131.25
658.068	136.25
658.272	131.25
658.476	141.25
658.68	123.25
658.883	118.25
659.087	131.25
659.291	126.25
659.494	107.25
659.698	97.25
659.901	113.25
660.105	115.25
660.309	103.25
660.512	112.25
660.716	113.25
660.919	112.25
661.123	109.25
661.326	95.25
661.53	101.25
661.733	109.25
661.936	87.25
662.14	73.25
662.343	86.25
662.546	91.25
662.75	79.25
662.953	101.25
663.156	93.25
663.36	87.25
663.563	95.25
663.766	74.25
663.969	96.25
664.173	84.25
664.376	85.25
664.579	78.25
664.782	80.25
664.985	67.25
665.188	86.25
665.391	86.25
665.594	87.25
665.797	84.25
666	80.25
666.203	73.25
666.406	77.25
666.609	85.25
666.812	79.25
667.015	87.25
667.218	90.25
667.421	74.25
667.624	73.25
667.827	81.25
668.03	70.25
668.232	90.25
668.435	97.25
668.638	68.25
668.841	76.25
669.043	76.25
669.246	77.25
669.449	81.25
669.651	82.25
669.854	87.25
670.057	75.25
670.259	85.25
670.462	84.25
670.665	88.25
670.867	97.25
671.07	72.25
671.272	90.25
671.475	86.25
671.677	80.25
671.88	66.25
672.082	67.25
672.284	73.25
672.487	82.25
672.689	72.25
672.892	81.25
