223.165	-21.12
223.4	-21.12
223.635	-21.12
223.869	-18.12
224.104	-13.12
224.338	-13.12
224.573	-16.12
224.808	-9.12
225.042	11.88
225.277	-8.12
225.511	-6.12
225.746	-2.12
225.98	-8.12
226.215	-4.12
226.449	19.88
226.683	30.88
226.918	27.88
227.152	28.88
227.387	27.88
227.621	47.88
227.856	41.88
228.09	56.88
228.324	56.88
228.559	47.88
228.793	64.88
229.027	107.88
229.262	118.88
229.496	123.88
229.73	149.88
229.964	168.88
230.199	148.88
230.433	147.88
230.667	125.88
230.901	124.88
231.136	121.88
231.37	137.88
231.604	139.88
231.838	117.88
232.072	131.88
232.306	147.88
232.541	142.88
232.775	141.88
233.009	148.88
233.243	144.88
233.477	149.88
233.711	122.88
233.945	137.88
234.179	143.88
234.413	130.88
234.647	152.88
234.881	145.88
235.115	150.88
235.349	140.88
235.583	159.88
235.817	142.88
236.051	137.88
236.285	181.88
236.519	151.88
236.753	155.88
236.987	184.88
237.221	221.88
237.455	244.88
237.689	207.88
237.922	144.88
238.156	164.88
238.39	157.88
238.624	135.88
238.858	157.88
239.091	148.88
239.325	172.88
239.559	144.88
239.793	175.88
240.027	178.88
240.26	173.88
240.494	174.88
240.728	191.88
240.961	178.88
241.195	170.88
241.429	182.88
241.662	179.88
241.896	181.88
242.13	184.88
242.363	167.88
242.597	173.88
242.83	175.88
243.064	187.88
243.298	191.88
243.531	180.88
243.765	183.88
243.998	188.88
244.232	179.88
244.465	190.88
244.699	205.88
244.932	200.88
245.166	196.88
245.399	210.88
245.633	198.88
245.866	219.88
246.099	212.88
246.333	209.88
246.566	195.88
246.8	195.88
247.033	200.88
247.266	222.88
247.5	231.88
247.733	227.88
247.966	215.88
248.2	213.88
248.433	205.88
248.666	239.88
248.899	239.88
249.133	257.88
249.366	270.88
249.599	260.88
249.832	261.88
250.066	271.88
250.299	308.88
250.532	374.88
250.765	398.88
250.998	359.88
251.231	333.88
251.465	305.88
251.698	287.88
251.931	272.88
252.164	261.88
252.397	281.88
252.63	276.88
252.863	277.88
253.096	279.88
253.329	287.88
253.562	282.88
253.795	273.88
254.028	278.88
254.261	294.88
254.494	288.88
254.727	331.88
254.96	338.88
255.193	337.88
255.426	322.88
255.659	367.88
255.892	409.88
256.124	576.88
256.357	594.88
256.59	508.88
256.823	414.88
257.056	383.88
257.289	348.88
257.521	338.88
257.754	336.88
257.987	301.88
258.22	299.88
258.452	294.88
258.685	306.88
258.918	300.88
259.151	309.88
259.383	304.88
259.616	307.88
259.849	303.88
260.081	300.88
260.314	313.88
260.547	315.88
260.779	305.88
261.012	322.88
261.244	303.88
261.477	291.88
261.71	305.88
261.942	305.88
262.175	311.88
262.407	328.88
262.64	287.88
262.872	299.88
263.105	295.88
263.337	295.88
263.57	286.88
263.802	279.88
264.035	306.88
264.267	287.88
264.499	300.88
264.732	298.88
264.964	277.88
265.197	294.88
265.429	291.88
265.661	296.88
265.894	309.88
266.126	309.88
266.358	297.88
266.591	299.88
266.823	298.88
267.055	284.88
267.287	297.88
267.52	302.88
267.752	284.88
267.984	323.88
268.216	293.88
268.448	315.88
268.681	294.88
268.913	336.88
269.145	326.88
269.377	334.88
269.609	346.88
269.841	330.88
270.073	346.88
270.306	365.88
270.538	350.88
270.77	362.88
271.002	348.88
271.234	347.88
271.466	360.88
271.698	373.88
271.93	375.88
272.162	354.88
272.394	367.88
272.626	377.88
272.858	352.88
273.09	358.88
273.322	351.88
273.553	361.88
273.785	367.88
274.017	361.88
274.249	347.88
274.481	363.88
274.713	357.88
274.945	355.88
275.176	384.88
275.408	385.88
275.64	392.88
275.872	382.88
276.104	379.88
276.335	378.88
276.567	385.88
276.799	429.88
277.031	452.88
277.262	458.88
277.494	450.88
277.726	417.88
277.957	411.88
278.189	421.88
278.421	396.88
278.652	416.88
278.884	378.88
279.115	376.88
279.347	392.88
279.579	380.88
279.81	410.88
280.042	431.88
280.273	472.88
280.505	469.88
280.736	431.88
280.968	405.88
281.199	421.88
281.431	389.88
281.662	384.88
281.894	380.88
282.125	375.88
282.356	429.88
282.588	441.88
282.819	444.88
283.051	403.88
283.282	389.88
283.513	383.88
283.745	402.88
283.976	414.88
284.207	405.88
284.439	400.88
284.67	386.88
284.901	384.88
285.132	411.88
285.364	400.88
285.595	402.88
285.826	413.88
286.057	393.88
286.288	389.88
286.52	406.88
286.751	403.88
286.982	399.88
287.213	403.88
287.444	402.88
287.675	401.88
287.906	385.88
288.138	401.88
288.369	418.88
288.6	412.88
288.831	395.88
289.062	405.88
289.293	422.88
289.524	426.88
289.755	406.88
289.986	416.88
290.217	425.88
290.448	417.88
290.679	398.88
290.91	410.88
291.141	430.88
291.371	398.88
291.602	400.88
291.833	410.88
292.064	405.88
292.295	427.88
292.526	418.88
292.757	402.88
292.987	406.88
293.218	404.88
293.449	415.88
293.68	413.88
293.91	418.88
294.141	416.88
294.372	431.88
294.603	410.88
294.833	413.88
295.064	413.88
295.295	429.88
295.525	440.88
295.756	402.88
295.987	431.88
296.217	480.88
296.448	491.88
296.679	465.88
296.909	431.88
297.14	428.88
297.37	430.88
297.601	435.88
297.831	434.88
298.062	431.88
298.292	440.88
298.523	459.88
298.753	470.88
298.984	430.88
299.214	442.88
299.445	445.88
299.675	455.88
299.905	466.88
300.136	463.88
300.366	438.88
300.597	469.88
300.827	470.88
301.057	480.88
301.288	475.88
301.518	485.88
301.748	500.88
301.979	502.88
302.209	495.88
302.439	490.88
302.669	464.88
302.9	485.88
303.13	490.88
303.36	477.88
303.59	485.88
303.82	527.88
304.051	507.88
304.281	489.88
304.511	465.88
304.741	469.88
304.971	466.88
305.201	501.88
305.431	472.88
305.661	489.88
305.891	479.88
306.121	486.88
306.352	502.88
306.582	500.88
306.812	477.88
307.042	494.88
307.272	525.88
307.502	551.88
307.731	538.88
307.961	531.88
308.191	479.88
308.421	468.88
308.651	485.88
308.881	513.88
309.111	502.88
309.341	484.88
309.571	518.88
309.8	512.88
310.03	537.88
310.26	533.88
310.49	525.88
310.72	545.88
310.949	592.88
311.179	575.88
311.409	536.88
311.639	549.88
311.868	551.88
312.098	570.88
312.328	564.88
312.557	598.88
312.787	606.88
313.017	584.88
313.246	558.88
313.476	565.88
313.706	567.88
313.935	572.88
314.165	586.88
314.394	595.88
314.624	590.88
314.853	572.88
315.083	584.88
315.312	556.88
315.542	558.88
315.771	546.88
316.001	558.88
316.23	566.88
316.46	555.88
316.689	550.88
316.919	562.88
317.148	564.88
317.377	553.88
317.607	566.88
317.836	584.88
318.065	557.88
318.295	560.88
318.524	580.88
318.753	575.88
318.983	549.88
319.212	572.88
319.441	573.88
319.67	571.88
319.9	556.88
320.129	577.88
320.358	577.88
320.587	593.88
320.816	597.88
321.046	603.88
321.275	606.88
321.504	597.88
321.733	594.88
321.962	617.88
322.191	627.88
322.42	671.88
322.649	657.88
322.878	691.88
323.108	704.88
323.337	744.88
323.566	777.88
323.795	829.88
324.024	864.88
324.253	1037.88
324.482	1487.88
324.71	2368.88
324.939	3357.88
325.168	2677.88
325.397	1405.88
325.626	1067.88
325.855	914.88
326.084	869.88
326.313	856.88
326.542	864.88
326.77	958.88
326.999	1067.88
327.228	1519.88
327.457	2326.88
327.686	2701.88
327.914	1819.88
328.143	1497.88
328.372	1581.88
328.6	1405.88
328.829	1096.88
329.058	1076.88
329.287	1132.88
329.515	1128.88
329.744	1185.88
329.972	1461.88
330.201	1909.88
330.43	2416.88
330.658	1965.88
330.887	1410.88
331.115	1198.88
331.344	1045.88
331.572	970.88
331.801	973.88
332.03	955.88
332.258	920.88
332.486	914.88
332.715	933.88
332.943	1001.88
333.172	1073.88
333.4	1099.88
333.629	1195.88
333.857	1341.88
334.085	1622.88
334.314	2111.88
334.542	2887.88
334.771	3139.88
334.999	1995.88
335.227	1347.88
335.455	1126.88
335.684	1056.88
335.912	968.88
336.14	931.88
336.369	886.88
336.597	873.88
336.825	867.88
337.053	834.88
337.281	813.88
337.51	805.88
337.738	795.88
337.966	769.88
338.194	798.88
338.422	784.88
338.65	736.88
338.878	739.88
339.106	720.88
339.334	743.88
339.562	737.88
339.79	713.88
340.018	716.88
340.246	706.88
340.474	701.88
340.702	698.88
340.93	714.88
341.158	700.88
341.386	709.88
341.614	685.88
341.842	681.88
342.07	699.88
342.298	658.88
342.526	697.88
342.754	668.88
342.981	670.88
343.209	688.88
343.437	694.88
343.665	738.88
343.893	769.88
344.12	741.88
344.348	733.88
344.576	751.88
344.804	720.88
345.031	735.88
345.259	769.88
345.487	731.88
345.714	735.88
345.942	696.88
346.17	702.88
346.397	695.88
346.625	672.88
346.853	667.88
347.08	672.88
347.308	679.88
347.535	693.88
347.763	693.88
347.99	691.88
348.218	693.88
348.445	700.88
348.673	702.88
348.9	715.88
349.128	701.88
349.355	681.88
349.583	664.88
349.81	649.88
350.037	667.88
350.265	668.88
350.492	654.88
350.72	661.88
350.947	673.88
351.174	690.88
351.402	665.88
351.629	677.88
351.856	702.88
352.083	693.88
352.311	716.88
352.538	714.88
352.765	702.88
352.992	687.88
353.22	663.88
353.447	679.88
353.674	674.88
353.901	633.88
354.128	629.88
354.355	637.88
354.583	655.88
354.81	650.88
355.037	642.88
355.264	665.88
355.491	643.88
355.718	666.88
355.945	635.88
356.172	653.88
356.399	643.88
356.626	648.88
356.853	663.88
357.08	655.88
357.307	669.88
357.534	646.88
357.761	641.88
357.988	669.88
358.215	641.88
358.441	661.88
358.668	641.88
358.895	665.88
359.122	682.88
359.349	679.88
359.576	697.88
359.802	714.88
360.029	762.88
360.256	773.88
360.483	766.88
360.709	712.88
360.936	695.88
361.163	683.88
361.39	714.88
361.616	698.88
361.843	668.88
362.07	721.88
362.296	707.88
362.523	684.88
362.749	698.88
362.976	670.88
363.203	689.88
363.429	659.88
363.656	672.88
363.882	654.88
364.109	668.88
364.335	686.88
364.562	661.88
364.788	681.88
365.015	698.88
365.241	683.88
365.468	701.88
365.694	680.88
365.92	687.88
366.147	685.88
366.373	678.88
366.599	684.88
366.826	649.88
367.052	680.88
367.278	681.88
367.505	675.88
367.731	703.88
367.957	699.88
368.184	702.88
368.41	712.88
368.636	702.88
368.862	737.88
369.089	709.88
369.315	706.88
369.541	705.88
369.767	686.88
369.993	697.88
370.219	702.88
370.445	699.88
370.672	711.88
370.898	712.88
371.124	727.88
371.35	727.88
371.576	720.88
371.802	741.88
372.028	721.88
372.254	733.88
372.48	720.88
372.706	744.88
372.932	762.88
373.158	726.88
373.384	736.88
373.61	706.88
373.835	721.88
374.061	704.88
374.287	738.88
374.513	755.88
374.739	731.88
374.965	777.88
375.191	787.88
375.416	781.88
375.642	774.88
375.868	759.88
376.094	733.88
376.319	726.88
376.545	703.88
376.771	758.88
376.997	743.88
377.222	739.88
377.448	716.88
377.674	720.88
377.899	714.88
378.125	717.88
378.35	719.88
378.576	693.88
378.802	716.88
379.027	722.88
379.253	709.88
379.478	721.88
379.704	744.88
379.929	734.88
380.155	706.88
380.38	748.88
380.606	707.88
380.831	718.88
381.057	730.88
381.282	734.88
381.507	724.88
381.733	720.88
381.958	734.88
382.184	754.88
382.409	757.88
382.634	774.88
382.86	744.88
383.085	762.88
383.31	781.88
383.535	789.88
383.761	775.88
383.986	789.88
384.211	814.88
384.436	796.88
384.662	853.88
384.887	823.88
385.112	823.88
385.337	842.88
385.562	840.88
385.787	830.88
386.013	842.88
386.238	848.88
386.463	845.88
386.688	841.88
386.913	824.88
387.138	827.88
387.363	847.88
387.588	856.88
387.813	858.88
388.038	870.88
388.263	841.88
388.488	818.88
388.713	832.88
388.938	859.88
389.163	847.88
389.387	841.88
389.612	829.88
389.837	835.88
390.062	822.88
390.287	835.88
390.512	855.88
390.736	834.88
390.961	832.88
391.186	870.88
391.411	890.88
391.636	915.88
391.86	919.88
392.085	920.88
392.31	923.88
392.534	924.88
392.759	893.88
392.984	892.88
393.208	882.88
393.433	895.88
393.658	887.88
393.882	898.88
394.107	915.88
394.331	924.88
394.556	912.88
394.78	896.88
395.005	926.88
395.229	914.88
395.454	913.88
395.678	955.88
395.903	954.88
396.127	945.88
396.352	955.88
396.576	936.88
396.801	947.88
397.025	923.88
397.249	915.88
397.474	960.88
397.698	955.88
397.922	963.88
398.147	983.88
398.371	977.88
398.595	1049.88
398.82	1046.88
399.044	1099.88
399.268	1182.88
399.492	1313.88
399.717	1467.88
399.941	1457.88
400.165	1365.88
400.389	1237.88
400.613	1189.88
400.837	1119.88
401.062	1094.88
401.286	1077.88
401.51	1105.88
401.734	1046.88
401.958	1090.88
402.182	1126.88
402.406	1139.88
402.63	1187.88
402.854	1181.88
403.078	1177.88
403.302	1209.88
403.526	1225.88
403.75	1226.88
403.974	1267.88
404.198	1229.88
404.422	1236.88
404.645	1275.88
404.869	1287.88
405.093	1377.88
405.317	1415.88
405.541	1439.88
405.765	1348.88
405.988	1269.88
406.212	1299.88
406.436	1353.88
406.66	1327.88
406.883	1268.88
407.107	1331.88
407.331	1409.88
407.555	1465.88
407.778	1436.88
408.002	1356.88
408.226	1314.88
408.449	1301.88
408.673	1263.88
408.896	1269.88
409.12	1263.88
409.344	1237.88
409.567	1223.88
409.791	1241.88
410.014	1209.88
410.238	1209.88
410.461	1211.88
410.685	1214.88
410.908	1227.88
411.132	1221.88
411.355	1239.88
411.578	1227.88
411.802	1203.88
412.025	1228.88
412.249	1289.88
412.472	1316.88
412.695	1395.88
412.919	1373.88
413.142	1306.88
413.365	1259.88
413.589	1232.88
413.812	1186.88
414.035	1159.88
414.258	1167.88
414.482	1180.88
414.705	1148.88
414.928	1143.88
415.151	1153.88
415.374	1142.88
415.597	1134.88
415.821	1127.88
416.044	1157.88
416.267	1141.88
416.49	1103.88
416.713	1073.88
416.936	1113.88
417.159	1127.88
417.382	1129.88
417.605	1164.88
417.828	1198.88
418.051	1154.88
418.274	1146.88
418.497	1162.88
418.72	1140.88
418.943	1144.88
419.166	1217.88
419.389	1253.88
419.611	1270.88
419.834	1243.88
420.057	1323.88
420.28	1342.88
420.503	1304.88
420.726	1303.88
420.948	1241.88
421.171	1287.88
421.394	1264.88
421.617	1203.88
421.839	1189.88
422.062	1178.88
422.285	1153.88
422.507	1221.88
422.73	1282.88
422.953	1266.88
423.175	1209.88
423.398	1194.88
423.621	1204.88
423.843	1225.88
424.066	1238.88
424.288	1212.88
424.511	1261.88
424.733	1301.88
424.956	1330.88
425.178	1299.88
425.401	1287.88
425.623	1329.88
425.846	1193.88
426.068	1135.88
426.291	1145.88
426.513	1169.88
426.735	1164.88
426.958	1159.88
427.18	1283.88
427.402	1421.88
427.625	1500.88
427.847	1465.88
428.069	1389.88
428.292	1276.88
428.514	1161.88
428.736	1121.88
428.958	1106.88
429.181	1083.88
429.403	1067.88
429.625	1098.88
429.847	1109.88
430.069	1141.88
430.292	1105.88
430.514	1044.88
430.736	1039.88
430.958	1064.88
431.18	1047.88
431.402	1013.88
431.624	1043.88
431.846	1053.88
432.068	1002.88
432.29	1015.88
432.512	1048.88
432.734	1056.88
432.956	1067.88
433.178	1054.88
433.4	1060.88
433.622	1061.88
433.844	1052.88
434.066	1038.88
434.287	1047.88
434.509	1066.88
434.731	1080.88
434.953	1115.88
435.175	1129.88
435.397	1170.88
435.618	1130.88
435.84	1183.88
436.062	1240.88
436.284	1294.88
436.505	1168.88
436.727	1103.88
436.949	1122.88
437.17	1039.88
437.392	1067.88
437.614	1077.88
437.835	1105.88
438.057	1213.88
438.278	1312.88
438.5	1261.88
438.721	1333.88
438.943	1299.88
439.165	1137.88
439.386	1105.88
439.608	1117.88
439.829	1187.88
440.05	1155.88
440.272	1245.88
440.493	1171.88
440.715	1133.88
440.936	1119.88
441.158	1120.88
441.379	1108.88
441.6	1175.88
441.822	1224.88
442.043	1253.88
442.264	1300.88
442.486	1327.88
442.707	1217.88
442.928	1199.88
443.149	1212.88
443.371	1242.88
443.592	1290.88
443.813	1399.88
444.034	1383.88
444.255	1308.88
444.476	1294.88
444.698	1294.88
444.919	1311.88
445.14	1453.88
445.361	1323.88
445.582	1266.88
445.803	1345.88
446.024	1411.88
446.245	1333.88
446.466	1265.88
446.687	1173.88
446.908	1140.88
447.129	1085.88
447.35	1102.88
447.571	1077.88
447.792	1047.88
448.013	1069.88
448.234	1065.88
448.455	1104.88
448.675	1223.88
448.896	1310.88
449.117	1166.88
449.338	1137.88
449.559	1287.88
449.779	1373.88
450	1175.88
450.221	1053.88
450.442	1029.88
450.662	1026.88
450.883	1077.88
451.104	1089.88
451.324	1054.88
451.545	1056.88
451.766	1016.88
451.986	971.88
452.207	955.88
452.428	955.88
452.648	967.88
452.869	977.88
453.089	936.88
453.31	994.88
453.53	954.88
453.751	942.88
453.971	933.88
454.192	1007.88
454.412	965.88
454.633	966.88
454.853	930.88
455.073	928.88
455.294	960.88
455.514	984.88
455.734	967.88
455.955	890.88
456.175	900.88
456.395	878.88
456.616	874.88
456.836	877.88
457.056	856.88
457.276	874.88
457.497	861.88
457.717	867.88
457.937	878.88
458.157	943.88
458.377	921.88
458.598	927.88
458.818	1050.88
459.038	1156.88
459.258	1129.88
459.478	1065.88
459.698	1011.88
459.918	1040.88
460.138	1076.88
460.358	1098.88
460.578	1115.88
460.798	1126.88
461.018	1118.88
461.238	1084.88
461.458	1126.88
461.678	1150.88
461.898	1129.88
462.118	1095.88
462.338	1181.88
462.558	1197.88
462.777	1238.88
462.997	1318.88
463.217	1406.88
463.437	1394.88
463.657	1279.88
463.876	1283.88
464.096	1249.88
464.316	1237.88
464.536	1282.88
464.755	1225.88
464.975	1238.88
465.195	1275.88
465.414	1352.88
465.634	1197.88
465.854	1115.88
466.073	1061.88
466.293	1064.88
466.512	1024.88
466.732	1015.88
466.951	1030.88
467.171	1016.88
467.391	1054.88
467.61	1066.88
467.829	1135.88
468.049	1288.88
468.268	1705.88
468.488	1348.88
468.707	1143.88
468.927	1114.88
469.146	1049.88
469.365	1047.88
469.585	1047.88
469.804	1047.88
470.023	1073.88
470.243	1081.88
470.462	1112.88
470.681	1151.88
470.901	1134.88
471.12	1110.88
471.339	1105.88
471.558	1118.88
471.777	1093.88
471.997	1217.88
472.216	1619.88
472.435	3075.88
472.654	2345.88
472.873	1532.88
473.092	1281.88
473.311	1223.88
473.53	1186.88
473.749	1137.88
473.968	1141.88
474.187	1241.88
474.406	1214.88
474.625	1073.88
474.844	1074.88
475.063	1076.88
475.282	1050.88
475.501	1026.88
475.72	1037.88
475.939	1023.88
476.158	1039.88
476.377	1065.88
476.596	1047.88
476.814	1053.88
477.033	1040.88
477.252	1090.88
477.471	1081.88
477.69	1144.88
477.908	1147.88
478.127	1150.88
478.346	1151.88
478.564	1183.88
478.783	1196.88
479.002	1238.88
479.22	1211.88
479.439	1210.88
479.658	1275.88
479.876	1302.88
480.095	1279.88
480.313	1371.88
480.532	1421.88
480.751	1555.88
480.969	1906.88
481.188	3993.88
481.406	5069.88
481.624	2594.88
481.843	1900.88
482.061	1679.88
482.28	1563.88
482.498	1445.88
482.717	1375.88
482.935	1386.88
483.153	1361.88
483.372	1346.88
483.59	1314.88
483.808	1296.88
484.027	1291.88
484.245	1292.88
484.463	1297.88
484.681	1299.88
484.9	1256.88
485.118	1289.88
485.336	1274.88
485.554	1238.88
485.772	1263.88
485.99	1250.88
486.209	1283.88
486.427	1255.88
486.645	1286.88
486.863	1303.88
487.081	1354.88
487.299	1312.88
487.517	1275.88
487.735	1305.88
487.953	1341.88
488.171	1338.88
488.389	1335.88
488.607	1289.88
488.825	1289.88
489.043	1264.88
489.261	1309.88
489.479	1304.88
489.696	1324.88
489.914	1337.88
490.132	1366.88
490.35	1365.88
490.568	1420.88
490.786	1472.88
491.003	1499.88
491.221	1511.88
491.439	1563.88
491.657	1618.88
491.874	1648.88
492.092	1662.88
492.31	1723.88
492.527	1736.88
492.745	1726.88
492.963	1726.88
493.18	1740.88
493.398	1710.88
493.615	1670.88
493.833	1660.88
494.05	1646.88
494.268	1611.88
494.485	1629.88
494.703	1605.88
494.92	1576.88
495.138	1570.88
495.355	1542.88
495.573	1515.88
495.79	1534.88
496.008	1549.88
496.225	1495.88
496.442	1507.88
496.66	1519.88
496.877	1517.88
497.094	1494.88
497.312	1521.88
497.529	1504.88
497.746	1549.88
497.963	1555.88
498.181	1586.88
498.398	1610.88
498.615	1687.88
498.832	1733.88
499.049	1833.88
499.267	1931.88
499.484	2029.88
499.701	2172.88
499.918	2369.88
500.135	2601.88
500.352	2882.88
500.569	2992.88
500.786	3000.88
501.003	2818.88
501.22	2576.88
501.437	2377.88
501.654	2175.88
501.871	2068.88
502.088	1905.88
502.305	1801.88
502.522	1705.88
502.739	1646.88
502.956	1604.88
503.172	1498.88
503.389	1496.88
503.606	1429.88
503.823	1456.88
504.04	1445.88
504.256	1435.88
504.473	1458.88
504.69	1467.88
504.907	1407.88
505.123	1375.88
505.34	1325.88
505.557	1296.88
505.773	1301.88
505.99	1274.88
506.207	1243.88
506.423	1255.88
506.64	1247.88
506.856	1173.88
507.073	1203.88
507.289	1184.88
507.506	1209.88
507.722	1223.88
507.939	1258.88
508.155	1219.88
508.372	1151.88
508.588	1162.88
508.805	1109.88
509.021	1156.88
509.238	1135.88
509.454	1114.88
509.67	1125.88
509.887	1130.88
510.103	1117.88
510.319	1157.88
510.536	1419.88
510.752	2744.88
510.968	1972.88
511.184	1211.88
511.401	1145.88
511.617	1138.88
511.833	1205.88
512.049	1219.88
512.265	1192.88
512.481	1189.88
512.698	1152.88
512.914	1122.88
513.13	1117.88
513.346	1148.88
513.562	1139.88
513.778	1122.88
513.994	1107.88
514.21	1165.88
514.426	1162.88
514.642	1262.88
514.858	1280.88
515.074	1383.88
515.29	1653.88
515.506	2730.88
515.721	2130.88
515.937	1366.88
516.153	1266.88
516.369	1226.88
516.585	1229.88
516.801	1211.88
517.016	1217.88
517.232	1280.88
517.448	1307.88
517.664	1353.88
517.879	1352.88
518.095	1343.88
518.311	1339.88
518.527	1306.88
518.742	1246.88
518.958	1201.88
519.173	1193.88
519.389	1181.88
519.605	1175.88
519.82	1168.88
520.036	1167.88
520.251	1208.88
520.467	1229.88
520.682	1188.88
520.898	1226.88
521.113	1272.88
521.329	1339.88
521.544	1488.88
521.76	1915.88
521.975	3663.88
522.19	3453.88
522.406	1749.88
522.621	1267.88
522.836	1147.88
523.052	1106.88
523.267	1058.88
523.482	1065.88
523.698	1039.88
523.913	1033.88
524.128	1051.88
524.343	1025.88
524.559	993.88
524.774	994.88
524.989	1025.88
525.204	1014.88
525.419	1016.88
525.634	961.88
525.849	956.88
526.064	962.88
526.28	939.88
526.495	915.88
526.71	930.88
526.925	924.88
527.14	916.88
527.355	881.88
527.57	903.88
527.785	905.88
527.999	913.88
528.214	911.88
528.429	914.88
528.644	941.88
528.859	955.88
529.074	956.88
529.289	1017.88
529.503	1193.88
529.718	1087.88
529.933	989.88
530.148	933.88
530.363	911.88
530.577	899.88
530.792	913.88
531.007	875.88
531.221	897.88
531.436	910.88
531.651	898.88
531.865	895.88
532.08	923.88
532.295	861.88
532.509	875.88
532.724	886.88
532.938	873.88
533.153	883.88
533.367	893.88
533.582	905.88
533.796	867.88
534.011	857.88
534.225	885.88
534.44	881.88
534.654	863.88
534.868	870.88
535.083	859.88
535.297	872.88
535.511	895.88
535.726	908.88
535.94	862.88
536.154	887.88
536.369	843.88
536.583	789.88
536.797	815.88
537.011	816.88
537.225	828.88
537.44	806.88
537.654	830.88
537.868	830.88
538.082	828.88
538.296	809.88
538.51	815.88
538.724	839.88
538.938	843.88
539.153	856.88
539.367	882.88
539.581	872.88
539.795	815.88
540.009	827.88
540.222	806.88
540.436	817.88
540.65	816.88
540.864	863.88
541.078	879.88
541.292	876.88
541.506	881.88
541.72	909.88
541.934	930.88
542.147	950.88
542.361	926.88
542.575	866.88
542.789	864.88
543.002	842.88
543.216	842.88
543.43	817.88
543.644	839.88
543.857	869.88
544.071	869.88
544.285	894.88
544.498	892.88
544.712	874.88
544.925	903.88
545.139	886.88
545.352	886.88
545.566	897.88
545.779	892.88
545.993	911.88
546.206	906.88
546.42	902.88
546.633	905.88
546.847	899.88
547.06	906.88
547.274	901.88
547.487	910.88
547.7	917.88
547.914	890.88
548.127	887.88
548.34	883.88
548.554	856.88
548.767	872.88
548.98	881.88
549.193	882.88
549.407	873.88
549.62	882.88
549.833	915.88
550.046	854.88
550.259	891.88
550.473	843.88
550.686	861.88
550.899	840.88
551.112	851.88
551.325	830.88
551.538	814.88
551.751	799.88
551.964	828.88
552.177	817.88
552.39	840.88
552.603	866.88
552.816	904.88
553.029	914.88
553.242	933.88
553.455	937.88
553.667	947.88
553.88	958.88
554.093	929.88
554.306	904.88
554.519	866.88
554.732	876.88
554.944	835.88
555.157	858.88
555.37	842.88
555.583	816.88
555.795	814.88
556.008	798.88
556.221	783.88
556.433	741.88
556.646	766.88
556.859	754.88
557.071	765.88
557.284	743.88
557.496	753.88
557.709	753.88
557.921	745.88
558.134	768.88
558.346	737.88
558.559	761.88
558.771	733.88
558.984	742.88
559.196	738.88
559.409	723.88
559.621	696.88
559.833	689.88
560.046	702.88
560.258	714.88
560.47	725.88
560.683	694.88
560.895	702.88
561.107	701.88
561.32	699.88
561.532	711.88
561.744	725.88
561.956	698.88
562.168	686.88
562.381	702.88
562.593	701.88
562.805	698.88
563.017	692.88
563.229	717.88
563.441	701.88
563.653	716.88
563.865	712.88
564.077	695.88
564.289	726.88
564.501	694.88
564.713	693.88
564.925	726.88
565.137	746.88
565.349	769.88
565.561	761.88
565.773	772.88
565.985	825.88
566.197	825.88
566.408	875.88
566.62	923.88
566.832	928.88
567.044	966.88
567.255	930.88
567.467	939.88
567.679	1021.88
567.891	1080.88
568.102	1088.88
568.314	1055.88
568.526	951.88
568.737	869.88
568.949	798.88
569.161	746.88
569.372	732.88
569.584	691.88
569.795	670.88
570.007	664.88
570.218	750.88
570.43	736.88
570.641	647.88
570.853	629.88
571.064	677.88
571.276	653.88
571.487	649.88
571.698	642.88
571.91	619.88
572.121	617.88
572.333	590.88
572.544	589.88
572.755	578.88
572.966	579.88
573.178	559.88
573.389	549.88
573.6	550.88
573.811	522.88
574.023	552.88
574.234	547.88
574.445	542.88
574.656	530.88
574.867	545.88
575.078	555.88
575.289	523.88
575.501	531.88
575.712	514.88
575.923	504.88
576.134	532.88
576.345	497.88
576.556	515.88
576.767	518.88
576.978	525.88
577.188	509.88
577.399	534.88
577.61	501.88
577.821	494.88
578.032	510.88
578.243	553.88
578.454	1037.88
578.665	691.88
578.875	510.88
579.086	475.88
579.297	501.88
579.508	469.88
579.718	474.88
579.929	459.88
580.14	476.88
580.35	445.88
580.561	472.88
580.772	489.88
580.982	460.88
581.193	457.88
581.403	485.88
581.614	469.88
581.825	448.88
582.035	460.88
582.246	468.88
582.456	472.88
582.667	474.88
582.877	449.88
583.087	469.88
583.298	466.88
583.508	449.88
583.719	430.88
583.929	462.88
584.139	458.88
584.35	442.88
584.56	448.88
584.77	451.88
584.981	446.88
585.191	424.88
585.401	438.88
585.611	415.88
585.821	427.88
586.032	438.88
586.242	440.88
586.452	440.88
586.662	418.88
586.872	451.88
587.082	435.88
587.292	406.88
587.502	398.88
587.713	432.88
587.923	414.88
588.133	409.88
588.343	411.88
588.553	439.88
588.762	413.88
588.972	424.88
589.182	435.88
589.392	445.88
589.602	429.88
589.812	458.88
590.022	447.88
590.232	425.88
590.441	430.88
590.651	415.88
590.861	441.88
591.071	431.88
591.281	444.88
591.49	437.88
591.7	455.88
591.91	434.88
592.119	430.88
592.329	452.88
592.539	463.88
592.748	473.88
592.958	502.88
593.167	488.88
593.377	515.88
593.587	499.88
593.796	515.88
594.006	499.88
594.215	502.88
594.424	518.88
594.634	525.88
594.843	507.88
595.053	464.88
595.262	454.88
595.472	454.88
595.681	440.88
595.89	427.88
596.1	434.88
596.309	406.88
596.518	429.88
596.727	431.88
596.937	416.88
597.146	409.88
597.355	405.88
597.564	406.88
597.774	384.88
597.983	397.88
598.192	387.88
598.401	385.88
598.61	391.88
598.819	382.88
599.028	391.88
599.237	370.88
599.446	383.88
599.655	377.88
599.864	392.88
600.073	377.88
600.282	396.88
600.491	367.88
600.7	405.88
600.909	380.88
601.118	381.88
601.327	377.88
601.536	390.88
601.745	406.88
601.953	413.88
602.162	391.88
602.371	402.88
602.58	415.88
602.789	395.88
602.997	391.88
603.206	398.88
603.415	407.88
603.623	410.88
603.832	379.88
604.041	392.88
604.249	385.88
604.458	373.88
604.666	376.88
604.875	383.88
605.084	388.88
605.292	367.88
605.501	381.88
605.709	407.88
605.918	404.88
606.126	379.88
606.334	391.88
606.543	421.88
606.751	387.88
606.96	392.88
607.168	421.88
607.376	370.88
607.585	380.88
607.793	401.88
608.001	388.88
608.21	401.88
608.418	398.88
608.626	399.88
608.834	389.88
609.043	385.88
609.251	395.88
609.459	387.88
609.667	398.88
609.875	407.88
610.083	391.88
610.291	403.88
610.499	404.88
610.707	397.88
610.916	397.88
611.124	410.88
611.332	397.88
611.54	411.88
611.748	374.88
611.955	400.88
612.163	395.88
612.371	385.88
612.579	390.88
612.787	405.88
612.995	403.88
613.203	367.88
613.411	393.88
613.618	377.88
613.826	381.88
614.034	392.88
614.242	379.88
614.449	377.88
614.657	377.88
614.865	385.88
615.072	385.88
615.28	379.88
615.488	393.88
615.695	390.88
615.903	399.88
616.111	405.88
616.318	396.88
616.526	404.88
616.733	386.88
616.941	367.88
617.148	370.88
617.356	379.88
617.563	382.88
617.771	388.88
617.978	369.88
618.185	371.88
618.393	384.88
618.6	396.88
618.807	378.88
619.015	371.88
619.222	379.88
619.429	360.88
619.637	357.88
619.844	339.88
620.051	338.88
620.258	351.88
620.466	363.88
620.673	324.88
620.88	303.88
621.087	361.88
621.294	319.88
621.501	331.88
621.708	354.88
621.915	361.88
622.122	327.88
622.329	334.88
622.536	351.88
622.743	348.88
622.95	347.88
623.157	328.88
623.364	343.88
623.571	314.88
623.778	345.88
623.985	345.88
624.192	337.88
624.399	331.88
624.606	339.88
624.812	309.88
625.019	347.88
625.226	316.88
625.433	295.88
625.639	301.88
625.846	294.88
626.053	302.88
626.259	270.88
626.466	282.88
626.673	285.88
626.879	277.88
627.086	287.88
627.293	308.88
627.499	318.88
627.706	313.88
627.912	318.88
628.119	303.88
628.325	318.88
628.532	308.88
628.738	315.88
628.945	329.88
629.151	291.88
629.357	290.88
629.564	307.88
629.77	299.88
629.976	298.88
630.183	302.88
630.389	295.88
630.595	291.88
630.802	314.88
631.008	295.88
631.214	290.88
631.42	290.88
631.627	291.88
631.833	272.88
632.039	272.88
632.245	274.88
632.451	264.88
632.657	280.88
632.863	301.88
633.069	283.88
633.275	271.88
633.481	271.88
633.688	262.88
633.893	282.88
634.099	278.88
634.305	276.88
634.511	282.88
634.717	270.88
634.923	259.88
635.129	258.88
635.335	257.88
635.541	290.88
635.747	283.88
635.952	294.88
636.158	333.88
636.364	391.88
636.57	471.88
636.775	383.88
636.981	332.88
637.187	319.88
637.392	307.88
637.598	314.88
637.804	301.88
638.009	302.88
638.215	283.88
638.421	281.88
638.626	283.88
638.832	279.88
639.037	264.88
639.243	282.88
639.448	256.88
639.654	258.88
639.859	259.88
640.065	277.88
640.27	263.88
640.475	261.88
640.681	248.88
640.886	261.88
641.091	265.88
641.297	253.88
641.502	258.88
641.707	274.88
641.913	262.88
642.118	259.88
642.323	236.88
642.528	235.88
642.733	248.88
642.939	249.88
643.144	258.88
643.349	251.88
643.554	243.88
643.759	239.88
643.964	243.88
644.169	243.88
644.374	247.88
644.579	224.88
644.784	237.88
644.989	247.88
645.194	236.88
645.399	251.88
645.604	235.88
645.809	231.88
646.014	242.88
646.219	267.88
646.423	261.88
646.628	245.88
646.833	251.88
647.038	245.88
647.243	252.88
647.447	250.88
647.652	235.88
647.857	239.88
648.062	230.88
648.266	239.88
648.471	258.88
648.676	260.88
648.88	251.88
649.085	241.88
649.289	248.88
649.494	257.88
649.698	264.88
649.903	271.88
650.107	243.88
650.312	234.88
650.516	240.88
650.721	222.88
650.925	224.88
651.13	234.88
651.334	208.88
651.539	201.88
651.743	213.88
651.947	205.88
652.152	217.88
652.356	222.88
652.56	194.88
652.764	206.88
652.969	197.88
653.173	185.88
653.377	202.88
653.581	195.88
653.785	177.88
653.99	198.88
654.194	183.88
654.398	186.88
654.602	177.88
654.806	191.88
655.01	193.88
655.214	191.88
655.418	186.88
655.622	184.88
655.826	177.88
656.03	177.88
656.234	183.88
656.438	185.88
656.642	171.88
656.846	179.88
657.049	163.88
657.253	155.88
657.457	152.88
657.661	161.88
657.865	139.88
658.068	133.88
658.272	145.88
658.476	142.88
658.68	132.88
658.883	130.88
659.087	117.88
659.291	125.88
659.494	121.88
659.698	112.88
659.901	118.88
660.105	109.88
660.309	115.88
660.512	91.88
660.716	121.88
660.919	114.88
661.123	102.88
661.326	106.88
661.53	105.88
661.733	97.88
661.936	88.88
662.14	97.88
662.343	81.88
662.546	95.88
662.75	89.88
662.953	105.88
663.156	87.88
663.36	88.88
663.563	74.88
663.766	87.88
663.969	89.88
664.173	75.88
664.376	81.88
664.579	86.88
664.782	90.88
664.985	82.88
665.188	94.88
665.391	99.88
665.594	74.88
665.797	72.88
666	84.88
666.203	74.88
666.406	79.88
666.609	86.88
666.812	85.88
667.015	65.88
667.218	85.88
667.421	83.88
667.624	84.88
667.827	82.88
668.03	71.88
668.232	72.88
668.435	87.88
668.638	82.88
668.841	86.88
669.043	82.88
669.246	75.88
669.449	83.88
669.651	72.88
669.854	80.88
670.057	79.88
670.259	71.88
670.462	68.88
670.665	93.88
670.867	72.88
671.07	55.88
671.272	79.88
671.475	78.88
671.677	73.88
671.88	67.88
672.082	77.88
672.284	86.88
672.487	85.88
672.689	66.88
672.892	73.88
