223.165	-8.56
223.4	-8.56
223.635	-8.56
223.869	-17.56
224.104	-5.56
224.338	-15.56
224.573	-13.56
224.808	0.44
225.042	-18.56
225.277	-10.56
225.511	-0.56
225.746	-7.56
225.98	-0.56
226.215	-6.56
226.449	29.44
226.683	13.44
226.918	27.44
227.152	34.44
227.387	15.44
227.621	37.44
227.856	35.44
228.09	47.44
228.324	52.44
228.559	52.44
228.793	64.44
229.027	94.44
229.262	133.44
229.496	140.44
229.73	174.44
229.964	192.44
230.199	171.44
230.433	134.44
230.667	132.44
230.901	135.44
231.136	137.44
231.37	136.44
231.604	134.44
231.838	130.44
232.072	143.44
232.306	142.44
232.541	156.44
232.775	143.44
233.009	150.44
233.243	136.44
233.477	142.44
233.711	151.44
233.945	159.44
234.179	135.44
234.413	152.44
234.647	152.44
234.881	143.44
235.115	149.44
235.349	154.44
235.583	158.44
235.817	150.44
236.051	171.44
236.285	148.44
236.519	156.44
236.753	174.44
236.987	181.44
237.221	224.44
237.455	258.44
237.689	204.44
237.922	176.44
238.156	167.44
238.39	172.44
238.624	158.44
238.858	163.44
239.091	175.44
239.325	172.44
239.559	165.44
239.793	182.44
240.027	182.44
240.26	187.44
240.494	194.44
240.728	185.44
240.961	197.44
241.195	204.44
241.429	200.44
241.662	194.44
241.896	203.44
242.13	187.44
242.363	194.44
242.597	199.44
242.83	193.44
243.064	195.44
243.298	200.44
243.531	213.44
243.765	191.44
243.998	213.44
244.232	214.44
244.465	225.44
244.699	218.44
244.932	203.44
245.166	210.44
245.399	210.44
245.633	193.44
245.866	221.44
246.099	224.44
246.333	239.44
246.566	223.44
246.8	221.44
247.033	237.44
247.266	252.44
247.5	254.44
247.733	244.44
247.966	256.44
248.2	235.44
248.433	255.44
248.666	254.44
248.899	265.44
249.133	298.44
249.366	292.44
249.599	285.44
249.832	294.44
250.066	339.44
250.299	357.44
250.532	452.44
250.765	505.44
250.998	432.44
251.231	407.44
251.465	342.44
251.698	342.44
251.931	322.44
252.164	339.44
252.397	312.44
252.63	326.44
252.863	328.44
253.096	314.44
253.329	330.44
253.562	344.44
253.795	318.44
254.028	311.44
254.261	321.44
254.494	334.44
254.727	330.44
254.96	359.44
255.193	370.44
255.426	416.44
255.659	438.44
255.892	547.44
256.124	751.44
256.357	816.44
256.59	624.44
256.823	518.44
257.056	458.44
257.289	444.44
257.521	399.44
257.754	406.44
257.987	384.44
258.22	375.44
258.452	368.44
258.685	353.44
258.918	344.44
259.151	353.44
259.383	354.44
259.616	334.44
259.849	351.44
260.081	351.44
260.314	359.44
260.547	382.44
260.779	360.44
261.012	343.44
261.244	365.44
261.477	364.44
261.71	328.44
261.942	343.44
262.175	384.44
262.407	377.44
262.64	340.44
262.872	347.44
263.105	332.44
263.337	324.44
263.57	333.44
263.802	338.44
264.035	333.44
264.267	339.44
264.499	343.44
264.732	330.44
264.964	320.44
265.197	351.44
265.429	323.44
265.661	330.44
265.894	336.44
266.126	354.44
266.358	341.44
266.591	345.44
266.823	329.44
267.055	346.44
267.287	347.44
267.52	363.44
267.752	360.44
267.984	342.44
268.216	371.44
268.448	368.44
268.681	355.44
268.913	351.44
269.145	389.44
269.377	374.44
269.609	379.44
269.841	376.44
270.073	373.44
270.306	396.44
270.538	416.44
270.77	398.44
271.002	416.44
271.234	391.44
271.466	422.44
271.698	428.44
271.93	402.44
272.162	423.44
272.394	428.44
272.626	421.44
272.858	392.44
273.09	402.44
273.322	402.44
273.553	402.44
273.785	410.44
274.017	414.44
274.249	412.44
274.481	411.44
274.713	415.44
274.945	442.44
275.176	451.44
275.408	440.44
275.64	442.44
275.872	460.44
276.104	466.44
276.335	434.44
276.567	457.44
276.799	503.44
277.031	520.44
277.262	560.44
277.494	562.44
277.726	511.44
277.957	483.44
278.189	486.44
278.421	479.44
278.652	487.44
278.884	460.44
279.115	460.44
279.347	463.44
279.579	494.44
279.81	498.44
280.042	506.44
280.273	588.44
280.505	598.44
280.736	516.44
280.968	514.44
281.199	496.44
281.431	459.44
281.662	447.44
281.894	456.44
282.125	453.44
282.356	492.44
282.588	527.44
282.819	482.44
283.051	450.44
283.282	440.44
283.513	457.44
283.745	456.44
283.976	436.44
284.207	453.44
284.439	468.44
284.67	468.44
284.901	450.44
285.132	467.44
285.364	461.44
285.595	467.44
285.826	464.44
286.057	460.44
286.288	477.44
286.52	466.44
286.751	463.44
286.982	447.44
287.213	446.44
287.444	460.44
287.675	460.44
287.906	452.44
288.138	482.44
288.369	475.44
288.6	470.44
288.831	459.44
289.062	485.44
289.293	461.44
289.524	474.44
289.755	482.44
289.986	469.44
290.217	448.44
290.448	475.44
290.679	476.44
290.91	475.44
291.141	452.44
291.371	478.44
291.602	468.44
291.833	474.44
292.064	454.44
292.295	463.44
292.526	466.44
292.757	480.44
292.987	461.44
293.218	477.44
293.449	483.44
293.68	464.44
293.91	459.44
294.141	454.44
294.372	486.44
294.603	478.44
294.833	446.44
295.064	491.44
295.295	464.44
295.525	471.44
295.756	477.44
295.987	494.44
296.217	517.44
296.448	542.44
296.679	504.44
296.909	483.44
297.14	480.44
297.37	490.44
297.601	471.44
297.831	501.44
298.062	487.44
298.292	481.44
298.523	501.44
298.753	510.44
298.984	485.44
299.214	514.44
299.445	508.44
299.675	498.44
299.905	514.44
300.136	523.44
300.366	515.44
300.597	531.44
300.827	525.44
301.057	535.44
301.288	557.44
301.518	557.44
301.748	542.44
301.979	532.44
302.209	551.44
302.439	565.44
302.669	539.44
302.9	526.44
303.13	542.44
303.36	559.44
303.59	579.44
303.82	611.44
304.051	605.44
304.281	562.44
304.511	564.44
304.741	562.44
304.971	565.44
305.201	534.44
305.431	541.44
305.661	522.44
305.891	539.44
306.121	540.44
306.352	571.44
306.582	558.44
306.812	556.44
307.042	566.44
307.272	605.44
307.502	646.44
307.731	640.44
307.961	616.44
308.191	576.44
308.421	574.44
308.651	542.44
308.881	543.44
309.111	570.44
309.341	578.44
309.571	570.44
309.8	583.44
310.03	626.44
310.26	607.44
310.49	610.44
310.72	612.44
310.949	638.44
311.179	662.44
311.409	620.44
311.639	613.44
311.868	626.44
312.098	613.44
312.328	621.44
312.557	624.44
312.787	661.44
313.017	674.44
313.246	639.44
313.476	610.44
313.706	613.44
313.935	655.44
314.165	659.44
314.394	646.44
314.624	654.44
314.853	650.44
315.083	637.44
315.312	636.44
315.542	638.44
315.771	626.44
316.001	626.44
316.23	626.44
316.46	609.44
316.689	607.44
316.919	640.44
317.148	682.44
317.377	644.44
317.607	670.44
317.836	677.44
318.065	637.44
318.295	613.44
318.524	633.44
318.753	637.44
318.983	659.44
319.212	638.44
319.441	648.44
319.67	673.44
319.9	657.44
320.129	639.44
320.358	667.44
320.587	688.44
320.816	690.44
321.046	679.44
321.275	686.44
321.504	677.44
321.733	716.44
321.962	729.44
322.191	722.44
322.42	742.44
322.649	792.44
322.878	794.44
323.108	825.44
323.337	855.44
323.566	895.44
323.795	958.44
324.024	1051.44
324.253	1203.44
324.482	1679.44
324.71	2671.44
324.939	3782.44
325.168	2998.44
325.397	1606.44
325.626	1209.44
325.855	1065.44
326.084	1020.44
326.313	1016.44
326.542	1022.44
326.77	1114.44
326.999	1302.44
327.228	1753.44
327.457	2591.44
327.686	3081.44
327.914	2233.44
328.143	1996.44
328.372	2127.44
328.6	1923.44
328.829	1490.44
329.058	1434.44
329.287	1436.44
329.515	1489.44
329.744	1687.44
329.972	2079.44
330.201	2885.44
330.43	3593.44
330.658	2882.44
330.887	1901.44
331.115	1563.44
331.344	1346.44
331.572	1239.44
331.801	1215.44
332.03	1220.44
332.258	1185.44
332.486	1200.44
332.715	1209.44
332.943	1239.44
333.172	1326.44
333.4	1446.44
333.629	1556.44
333.857	1830.44
334.085	2333.44
334.314	3156.44
334.542	4348.44
334.771	4651.44
334.999	2901.44
335.227	1898.44
335.455	1486.44
335.684	1363.44
335.912	1247.44
336.14	1159.44
336.369	1079.44
336.597	1086.44
336.825	1047.44
337.053	1005.44
337.281	992.44
337.51	1002.44
337.738	939.44
337.966	920.44
338.194	874.44
338.422	896.44
338.65	865.44
338.878	863.44
339.106	854.44
339.334	840.44
339.562	849.44
339.79	831.44
340.018	815.44
340.246	831.44
340.474	835.44
340.702	806.44
340.93	815.44
341.158	814.44
341.386	814.44
341.614	840.44
341.842	804.44
342.07	762.44
342.298	759.44
342.526	773.44
342.754	759.44
342.981	744.44
343.209	754.44
343.437	782.44
343.665	818.44
343.893	852.44
344.12	858.44
344.348	848.44
344.576	806.44
344.804	822.44
345.031	816.44
345.259	819.44
345.487	792.44
345.714	806.44
345.942	741.44
346.17	763.44
346.397	763.44
346.625	765.44
346.853	787.44
347.08	752.44
347.308	775.44
347.535	785.44
347.763	790.44
347.99	787.44
348.218	766.44
348.445	788.44
348.673	796.44
348.9	769.44
349.128	756.44
349.355	734.44
349.583	725.44
349.81	744.44
350.037	731.44
350.265	734.44
350.492	735.44
350.72	727.44
350.947	747.44
351.174	751.44
351.402	785.44
351.629	796.44
351.856	740.44
352.083	766.44
352.311	820.44
352.538	790.44
352.765	752.44
352.992	790.44
353.22	750.44
353.447	760.44
353.674	727.44
353.901	732.44
354.128	728.44
354.355	712.44
354.583	724.44
354.81	732.44
355.037	766.44
355.264	743.44
355.491	738.44
355.718	724.44
355.945	721.44
356.172	725.44
356.399	704.44
356.626	726.44
356.853	740.44
357.08	724.44
357.307	698.44
357.534	712.44
357.761	710.44
357.988	739.44
358.215	714.44
358.441	724.44
358.668	727.44
358.895	716.44
359.122	726.44
359.349	769.44
359.576	778.44
359.802	798.44
360.029	847.44
360.256	865.44
360.483	815.44
360.709	782.44
360.936	781.44
361.163	768.44
361.39	759.44
361.616	802.44
361.843	763.44
362.07	773.44
362.296	780.44
362.523	784.44
362.749	780.44
362.976	772.44
363.203	767.44
363.429	764.44
363.656	746.44
363.882	749.44
364.109	711.44
364.335	736.44
364.562	751.44
364.788	762.44
365.015	721.44
365.241	748.44
365.468	774.44
365.694	772.44
365.92	765.44
366.147	746.44
366.373	762.44
366.599	761.44
366.826	761.44
367.052	743.44
367.278	748.44
367.505	766.44
367.731	734.44
367.957	769.44
368.184	770.44
368.41	774.44
368.636	804.44
368.862	783.44
369.089	768.44
369.315	744.44
369.541	737.44
369.767	772.44
369.993	766.44
370.219	762.44
370.445	770.44
370.672	803.44
370.898	776.44
371.124	785.44
371.35	799.44
371.576	806.44
371.802	813.44
372.028	787.44
372.254	785.44
372.48	803.44
372.706	799.44
372.932	819.44
373.158	797.44
373.384	807.44
373.61	811.44
373.835	802.44
374.061	808.44
374.287	795.44
374.513	802.44
374.739	832.44
374.965	829.44
375.191	832.44
375.416	850.44
375.642	846.44
375.868	824.44
376.094	820.44
376.319	801.44
376.545	812.44
376.771	814.44
376.997	813.44
377.222	819.44
377.448	786.44
377.674	790.44
377.899	767.44
378.125	771.44
378.35	791.44
378.576	806.44
378.802	781.44
379.027	792.44
379.253	792.44
379.478	751.44
379.704	777.44
379.929	791.44
380.155	791.44
380.38	787.44
380.606	802.44
380.831	797.44
381.057	784.44
381.282	804.44
381.507	778.44
381.733	784.44
381.958	791.44
382.184	800.44
382.409	788.44
382.634	828.44
382.86	814.44
383.085	826.44
383.31	862.44
383.535	859.44
383.761	875.44
383.986	879.44
384.211	875.44
384.436	883.44
384.662	887.44
384.887	912.44
385.112	872.44
385.337	915.44
385.562	924.44
385.787	893.44
386.013	935.44
386.238	940.44
386.463	954.44
386.688	920.44
386.913	888.44
387.138	892.44
387.363	890.44
387.588	897.44
387.813	921.44
388.038	896.44
388.263	905.44
388.488	898.44
388.713	906.44
388.938	933.44
389.163	902.44
389.387	904.44
389.612	912.44
389.837	910.44
390.062	909.44
390.287	912.44
390.512	920.44
390.736	909.44
390.961	913.44
391.186	946.44
391.411	955.44
391.636	962.44
391.86	996.44
392.085	1005.44
392.31	978.44
392.534	971.44
392.759	972.44
392.984	970.44
393.208	967.44
393.433	957.44
393.658	944.44
393.882	943.44
394.107	938.44
394.331	944.44
394.556	968.44
394.78	956.44
395.005	965.44
395.229	1001.44
395.454	1007.44
395.678	996.44
395.903	1002.44
396.127	1054.44
396.352	1009.44
396.576	1028.44
396.801	1007.44
397.025	984.44
397.249	1025.44
397.474	1038.44
397.698	1067.44
397.922	1079.44
398.147	1071.44
398.371	1080.44
398.595	1100.44
398.82	1146.44
399.044	1206.44
399.268	1258.44
399.492	1415.44
399.717	1498.44
399.941	1528.44
400.165	1467.44
400.389	1377.44
400.613	1268.44
400.837	1209.44
401.062	1188.44
401.286	1134.44
401.51	1186.44
401.734	1170.44
401.958	1172.44
402.182	1178.44
402.406	1210.44
402.63	1242.44
402.854	1223.44
403.078	1220.44
403.302	1260.44
403.526	1263.44
403.75	1252.44
403.974	1302.44
404.198	1305.44
404.422	1368.44
404.645	1410.44
404.869	1422.44
405.093	1489.44
405.317	1543.44
405.541	1558.44
405.765	1487.44
405.988	1408.44
406.212	1409.44
406.436	1418.44
406.66	1463.44
406.883	1388.44
407.107	1475.44
407.331	1504.44
407.555	1593.44
407.778	1562.44
408.002	1477.44
408.226	1424.44
408.449	1388.44
408.673	1372.44
408.896	1372.44
409.12	1415.44
409.344	1375.44
409.567	1294.44
409.791	1380.44
410.014	1350.44
410.238	1314.44
410.461	1311.44
410.685	1281.44
410.908	1302.44
411.132	1314.44
411.355	1366.44
411.578	1303.44
411.802	1289.44
412.025	1352.44
412.249	1418.44
412.472	1445.44
412.695	1558.44
412.919	1526.44
413.142	1436.44
413.365	1381.44
413.589	1353.44
413.812	1307.44
414.035	1274.44
414.258	1282.44
414.482	1252.44
414.705	1274.44
414.928	1258.44
415.151	1233.44
415.374	1202.44
415.597	1214.44
415.821	1189.44
416.044	1211.44
416.267	1233.44
416.49	1207.44
416.713	1219.44
416.936	1215.44
417.159	1235.44
417.382	1266.44
417.605	1259.44
417.828	1338.44
418.051	1315.44
418.274	1251.44
418.497	1269.44
418.72	1265.44
418.943	1270.44
419.166	1338.44
419.389	1388.44
419.611	1386.44
419.834	1394.44
420.057	1401.44
420.28	1502.44
420.503	1463.44
420.726	1411.44
420.948	1380.44
421.171	1393.44
421.394	1384.44
421.617	1290.44
421.839	1294.44
422.062	1283.44
422.285	1274.44
422.507	1338.44
422.73	1399.44
422.953	1350.44
423.175	1294.44
423.398	1307.44
423.621	1281.44
423.843	1328.44
424.066	1321.44
424.288	1333.44
424.511	1319.44
424.733	1396.44
424.956	1416.44
425.178	1398.44
425.401	1395.44
425.623	1414.44
425.846	1280.44
426.068	1239.44
426.291	1245.44
426.513	1265.44
426.735	1245.44
426.958	1324.44
427.18	1366.44
427.402	1493.44
427.625	1637.44
427.847	1662.44
428.069	1576.44
428.292	1438.44
428.514	1305.44
428.736	1266.44
428.958	1219.44
429.181	1156.44
429.403	1160.44
429.625	1207.44
429.847	1185.44
430.069	1264.44
430.292	1228.44
430.514	1166.44
430.736	1147.44
430.958	1146.44
431.18	1112.44
431.402	1150.44
431.624	1148.44
431.846	1120.44
432.068	1112.44
432.29	1130.44
432.512	1104.44
432.734	1117.44
432.956	1150.44
433.178	1164.44
433.4	1150.44
433.622	1129.44
433.844	1152.44
434.066	1142.44
434.287	1144.44
434.509	1157.44
434.731	1174.44
434.953	1180.44
435.175	1235.44
435.397	1240.44
435.618	1224.44
435.84	1227.44
436.062	1322.44
436.284	1402.44
436.505	1265.44
436.727	1189.44
436.949	1159.44
437.17	1144.44
437.392	1138.44
437.614	1171.44
437.835	1184.44
438.057	1304.44
438.278	1369.44
438.5	1354.44
438.721	1483.44
438.943	1424.44
439.165	1191.44
439.386	1210.44
439.608	1200.44
439.829	1224.44
440.05	1261.44
440.272	1351.44
440.493	1259.44
440.715	1226.44
440.936	1213.44
441.158	1205.44
441.379	1204.44
441.6	1293.44
441.822	1292.44
442.043	1340.44
442.264	1409.44
442.486	1409.44
442.707	1283.44
442.928	1320.44
443.149	1289.44
443.371	1292.44
443.592	1355.44
443.813	1455.44
444.034	1500.44
444.255	1359.44
444.476	1331.44
444.698	1380.44
444.919	1419.44
445.14	1475.44
445.361	1409.44
445.582	1400.44
445.803	1471.44
446.024	1498.44
446.245	1468.44
446.466	1410.44
446.687	1260.44
446.908	1255.44
447.129	1168.44
447.35	1166.44
447.571	1159.44
447.792	1131.44
448.013	1138.44
448.234	1184.44
448.455	1239.44
448.675	1330.44
448.896	1418.44
449.117	1251.44
449.338	1267.44
449.559	1399.44
449.779	1432.44
450	1241.44
450.221	1154.44
450.442	1111.44
450.662	1098.44
450.883	1171.44
451.104	1178.44
451.324	1156.44
451.545	1130.44
451.766	1102.44
451.986	1079.44
452.207	1055.44
452.428	1050.44
452.648	1028.44
452.869	1053.44
453.089	1033.44
453.31	1041.44
453.53	995.44
453.751	997.44
453.971	970.44
454.192	1041.44
454.412	1018.44
454.633	1016.44
454.853	1008.44
455.073	1023.44
455.294	1048.44
455.514	1115.44
455.734	1047.44
455.955	985.44
456.175	956.44
456.395	942.44
456.616	961.44
456.836	946.44
457.056	953.44
457.276	915.44
457.497	952.44
457.717	966.44
457.937	963.44
458.157	981.44
458.377	1020.44
458.598	1046.44
458.818	1151.44
459.038	1258.44
459.258	1215.44
459.478	1124.44
459.698	1114.44
459.918	1109.44
460.138	1165.44
460.358	1181.44
460.578	1180.44
460.798	1201.44
461.018	1209.44
461.238	1202.44
461.458	1228.44
461.678	1168.44
461.898	1215.44
462.118	1242.44
462.338	1252.44
462.558	1299.44
462.777	1286.44
462.997	1389.44
463.217	1486.44
463.437	1479.44
463.657	1398.44
463.876	1336.44
464.096	1310.44
464.316	1322.44
464.536	1361.44
464.755	1334.44
464.975	1328.44
465.195	1392.44
465.414	1504.44
465.634	1329.44
465.854	1232.44
466.073	1161.44
466.293	1152.44
466.512	1130.44
466.732	1114.44
466.951	1122.44
467.171	1096.44
467.391	1191.44
467.61	1152.44
467.829	1278.44
468.049	1624.44
468.268	2401.44
468.488	1830.44
468.707	1428.44
468.927	1281.44
469.146	1237.44
469.365	1196.44
469.585	1172.44
469.804	1251.44
470.023	1247.44
470.243	1238.44
470.462	1265.44
470.681	1255.44
470.901	1286.44
471.12	1271.44
471.339	1235.44
471.558	1254.44
471.777	1342.44
471.997	1438.44
472.216	2192.44
472.435	4428.44
472.654	3481.44
472.873	2163.44
473.092	1740.44
473.311	1547.44
473.53	1414.44
473.749	1387.44
473.968	1339.44
474.187	1445.44
474.406	1414.44
474.625	1317.44
474.844	1258.44
475.063	1205.44
475.282	1189.44
475.501	1144.44
475.72	1182.44
475.939	1178.44
476.158	1202.44
476.377	1190.44
476.596	1167.44
476.814	1211.44
477.033	1214.44
477.252	1187.44
477.471	1220.44
477.69	1246.44
477.908	1287.44
478.127	1339.44
478.346	1316.44
478.564	1343.44
478.783	1342.44
479.002	1378.44
479.22	1387.44
479.439	1380.44
479.658	1463.44
479.876	1504.44
480.095	1524.44
480.313	1591.44
480.532	1687.44
480.751	1890.44
480.969	2447.44
481.188	5599.44
481.406	7724.44
481.624	3984.44
481.843	2745.44
482.061	2286.44
482.28	2003.44
482.498	1818.44
482.717	1748.44
482.935	1706.44
483.153	1629.44
483.372	1615.44
483.59	1599.44
483.808	1556.44
484.027	1478.44
484.245	1462.44
484.463	1489.44
484.681	1526.44
484.9	1473.44
485.118	1473.44
485.336	1478.44
485.554	1454.44
485.772	1453.44
485.99	1449.44
486.209	1458.44
486.427	1462.44
486.645	1456.44
486.863	1506.44
487.081	1496.44
487.299	1479.44
487.517	1441.44
487.735	1496.44
487.953	1559.44
488.171	1519.44
488.389	1509.44
488.607	1490.44
488.825	1505.44
489.043	1479.44
489.261	1486.44
489.479	1509.44
489.696	1530.44
489.914	1556.44
490.132	1596.44
490.35	1626.44
490.568	1618.44
490.786	1715.44
491.003	1770.44
491.221	1773.44
491.439	1884.44
491.657	1930.44
491.874	1973.44
492.092	2030.44
492.31	2079.44
492.527	2104.44
492.745	2126.44
492.963	2119.44
493.18	2036.44
493.398	2033.44
493.615	2039.44
493.833	1984.44
494.05	1940.44
494.268	1935.44
494.485	1880.44
494.703	1865.44
494.92	1824.44
495.138	1816.44
495.355	1804.44
495.573	1805.44
495.79	1754.44
496.008	1747.44
496.225	1706.44
496.442	1713.44
496.66	1707.44
496.877	1735.44
497.094	1718.44
497.312	1697.44
497.529	1720.44
497.746	1724.44
497.963	1750.44
498.181	1803.44
498.398	1774.44
498.615	1871.44
498.832	1935.44
499.049	2035.44
499.267	2092.44
499.484	2186.44
499.701	2345.44
499.918	2529.44
500.135	2740.44
500.352	3007.44
500.569	3154.44
500.786	3216.44
501.003	2983.44
501.22	2783.44
501.437	2511.44
501.654	2353.44
501.871	2162.44
502.088	2072.44
502.305	1935.44
502.522	1890.44
502.739	1813.44
502.956	1756.44
503.172	1728.44
503.389	1685.44
503.606	1597.44
503.823	1588.44
504.04	1598.44
504.256	1602.44
504.473	1600.44
504.69	1578.44
504.907	1568.44
505.123	1506.44
505.34	1469.44
505.557	1430.44
505.773	1405.44
505.99	1395.44
506.207	1349.44
506.423	1365.44
506.64	1331.44
506.856	1350.44
507.073	1310.44
507.289	1320.44
507.506	1310.44
507.722	1357.44
507.939	1368.44
508.155	1336.44
508.372	1314.44
508.588	1262.44
508.805	1275.44
509.021	1247.44
509.238	1263.44
509.454	1251.44
509.67	1251.44
509.887	1240.44
510.103	1250.44
510.319	1283.44
510.536	1541.44
510.752	2827.44
510.968	2107.44
511.184	1353.44
511.401	1292.44
511.617	1317.44
511.833	1394.44
512.049	1416.44
512.265	1403.44
512.481	1353.44
512.698	1322.44
512.914	1284.44
513.13	1232.44
513.346	1249.44
513.562	1281.44
513.778	1258.44
513.994	1241.44
514.21	1284.44
514.426	1316.44
514.642	1407.44
514.858	1439.44
515.074	1552.44
515.29	1866.44
515.506	2835.44
515.721	2224.44
515.937	1524.44
516.153	1437.44
516.369	1378.44
516.585	1375.44
516.801	1380.44
517.016	1368.44
517.232	1395.44
517.448	1454.44
517.664	1447.44
517.879	1448.44
518.095	1421.44
518.311	1414.44
518.527	1388.44
518.742	1386.44
518.958	1349.44
519.173	1314.44
519.389	1324.44
519.605	1266.44
519.82	1254.44
520.036	1304.44
520.251	1328.44
520.467	1362.44
520.682	1350.44
520.898	1389.44
521.113	1420.44
521.329	1481.44
521.544	1650.44
521.76	2177.44
521.975	3814.44
522.19	3483.44
522.406	1826.44
522.621	1437.44
522.836	1278.44
523.052	1229.44
523.267	1204.44
523.482	1151.44
523.698	1146.44
523.913	1169.44
524.128	1172.44
524.343	1161.44
524.559	1094.44
524.774	1124.44
524.989	1102.44
525.204	1140.44
525.419	1102.44
525.634	1099.44
525.849	1078.44
526.064	1070.44
526.28	1045.44
526.495	1029.44
526.71	1018.44
526.925	980.44
527.14	999.44
527.355	992.44
527.57	978.44
527.785	989.44
527.999	988.44
528.214	1013.44
528.429	1030.44
528.644	1039.44
528.859	1035.44
529.074	1078.44
529.289	1135.44
529.503	1267.44
529.718	1175.44
529.933	1105.44
530.148	1042.44
530.363	1053.44
530.577	993.44
530.792	993.44
531.007	986.44
531.221	989.44
531.436	964.44
531.651	982.44
531.865	958.44
532.08	952.44
532.295	965.44
532.509	966.44
532.724	971.44
532.938	970.44
533.153	958.44
533.367	964.44
533.582	981.44
533.796	976.44
534.011	968.44
534.225	957.44
534.44	938.44
534.654	933.44
534.868	957.44
535.083	940.44
535.297	929.44
535.511	967.44
535.726	984.44
535.94	963.44
536.154	942.44
536.369	918.44
536.583	925.44
536.797	914.44
537.011	894.44
537.225	920.44
537.44	915.44
537.654	923.44
537.868	888.44
538.082	879.44
538.296	885.44
538.51	912.44
538.724	935.44
538.938	907.44
539.153	933.44
539.367	957.44
539.581	947.44
539.795	889.44
540.009	882.44
540.222	883.44
540.436	904.44
540.65	903.44
540.864	914.44
541.078	956.44
541.292	951.44
541.506	1022.44
541.72	976.44
541.934	1024.44
542.147	1048.44
542.361	978.44
542.575	956.44
542.789	944.44
543.002	900.44
543.216	897.44
543.43	915.44
543.644	926.44
543.857	938.44
544.071	967.44
544.285	986.44
544.498	974.44
544.712	966.44
544.925	985.44
545.139	971.44
545.352	965.44
545.566	968.44
545.779	993.44
545.993	985.44
546.206	1022.44
546.42	998.44
546.633	986.44
546.847	992.44
547.06	967.44
547.274	968.44
547.487	986.44
547.7	986.44
547.914	968.44
548.127	951.44
548.34	980.44
548.554	954.44
548.767	975.44
548.98	984.44
549.193	957.44
549.407	979.44
549.62	978.44
549.833	980.44
550.046	973.44
550.259	971.44
550.473	950.44
550.686	962.44
550.899	955.44
551.112	924.44
551.325	922.44
551.538	893.44
551.751	880.44
551.964	880.44
552.177	902.44
552.39	920.44
552.603	938.44
552.816	990.44
553.029	984.44
553.242	1022.44
553.455	1038.44
553.667	1043.44
553.88	1051.44
554.093	1013.44
554.306	960.44
554.519	972.44
554.732	946.44
554.944	932.44
555.157	924.44
555.37	929.44
555.583	867.44
555.795	894.44
556.008	874.44
556.221	822.44
556.433	858.44
556.646	835.44
556.859	810.44
557.071	822.44
557.284	852.44
557.496	835.44
557.709	827.44
557.921	860.44
558.134	826.44
558.346	839.44
558.559	832.44
558.771	835.44
558.984	822.44
559.196	778.44
559.409	792.44
559.621	795.44
559.833	773.44
560.046	772.44
560.258	813.44
560.47	800.44
560.683	810.44
560.895	768.44
561.107	780.44
561.32	770.44
561.532	791.44
561.744	798.44
561.956	759.44
562.168	776.44
562.381	765.44
562.593	767.44
562.805	774.44
563.017	742.44
563.229	770.44
563.441	753.44
563.653	744.44
563.865	772.44
564.077	752.44
564.289	776.44
564.501	768.44
564.713	822.44
564.925	785.44
565.137	814.44
565.349	832.44
565.561	802.44
565.773	833.44
565.985	860.44
566.197	877.44
566.408	917.44
566.62	971.44
566.832	1029.44
567.044	1030.44
567.255	1049.44
567.467	1039.44
567.679	1079.44
567.891	1106.44
568.102	1132.44
568.314	1064.44
568.526	955.44
568.737	924.44
568.949	853.44
569.161	780.44
569.372	768.44
569.584	763.44
569.795	703.44
570.007	738.44
570.218	791.44
570.43	782.44
570.641	707.44
570.853	722.44
571.064	706.44
571.276	715.44
571.487	690.44
571.698	679.44
571.91	644.44
572.121	627.44
572.333	609.44
572.544	614.44
572.755	607.44
572.966	608.44
573.178	582.44
573.389	594.44
573.6	584.44
573.811	572.44
574.023	555.44
574.234	578.44
574.445	573.44
574.656	599.44
574.867	585.44
575.078	559.44
575.289	576.44
575.501	571.44
575.712	570.44
575.923	546.44
576.134	547.44
576.345	571.44
576.556	551.44
576.767	547.44
576.978	557.44
577.188	556.44
577.399	554.44
577.61	545.44
577.821	563.44
578.032	546.44
578.243	636.44
578.454	1065.44
578.665	734.44
578.875	570.44
579.086	531.44
579.297	525.44
579.508	490.44
579.718	513.44
579.929	491.44
580.14	497.44
580.35	509.44
580.561	532.44
580.772	504.44
580.982	493.44
581.193	508.44
581.403	526.44
581.614	489.44
581.825	515.44
582.035	484.44
582.246	493.44
582.456	500.44
582.667	492.44
582.877	483.44
583.087	498.44
583.298	476.44
583.508	494.44
583.719	463.44
583.929	486.44
584.139	481.44
584.35	483.44
584.56	483.44
584.77	487.44
584.981	475.44
585.191	472.44
585.401	480.44
585.611	481.44
585.821	449.44
586.032	454.44
586.242	462.44
586.452	475.44
586.662	466.44
586.872	453.44
587.082	444.44
587.292	466.44
587.502	447.44
587.713	441.44
587.923	475.44
588.133	459.44
588.343	445.44
588.553	443.44
588.762	476.44
588.972	466.44
589.182	468.44
589.392	473.44
589.602	493.44
589.812	494.44
590.022	482.44
590.232	460.44
590.441	450.44
590.651	475.44
590.861	466.44
591.071	463.44
591.281	467.44
591.49	468.44
591.7	485.44
591.91	492.44
592.119	484.44
592.329	485.44
592.539	499.44
592.748	500.44
592.958	555.44
593.167	515.44
593.377	531.44
593.587	537.44
593.796	528.44
594.006	524.44
594.215	531.44
594.424	536.44
594.634	531.44
594.843	507.44
595.053	505.44
595.262	512.44
595.472	496.44
595.681	461.44
595.89	468.44
596.1	454.44
596.309	439.44
596.518	453.44
596.727	454.44
596.937	450.44
597.146	454.44
597.355	439.44
597.564	427.44
597.774	432.44
597.983	431.44
598.192	406.44
598.401	419.44
598.61	419.44
598.819	398.44
599.028	410.44
599.237	407.44
599.446	411.44
599.655	402.44
599.864	410.44
600.073	405.44
600.282	396.44
600.491	410.44
600.7	408.44
600.909	410.44
601.118	432.44
601.327	432.44
601.536	426.44
601.745	427.44
601.953	448.44
602.162	431.44
602.371	439.44
602.58	429.44
602.789	432.44
602.997	426.44
603.206	442.44
603.415	444.44
603.623	429.44
603.832	429.44
604.041	419.44
604.249	407.44
604.458	393.44
604.666	414.44
604.875	412.44
605.084	387.44
605.292	423.44
605.501	428.44
605.709	428.44
605.918	445.44
606.126	446.44
606.334	437.44
606.543	452.44
606.751	406.44
606.96	424.44
607.168	421.44
607.376	429.44
607.585	435.44
607.793	427.44
608.001	447.44
608.21	432.44
608.418	420.44
608.626	411.44
608.834	416.44
609.043	438.44
609.251	435.44
609.459	421.44
609.667	439.44
609.875	445.44
610.083	434.44
610.291	458.44
610.499	426.44
610.707	426.44
610.916	424.44
611.124	418.44
611.332	448.44
611.54	442.44
611.748	433.44
611.955	420.44
612.163	402.44
612.371	424.44
612.579	419.44
612.787	421.44
612.995	427.44
613.203	412.44
613.411	420.44
613.618	406.44
613.826	406.44
614.034	399.44
614.242	416.44
614.449	410.44
614.657	416.44
614.865	422.44
615.072	403.44
615.28	408.44
615.488	406.44
615.695	403.44
615.903	409.44
616.111	432.44
616.318	409.44
616.526	417.44
616.733	403.44
616.941	393.44
617.148	398.44
617.356	400.44
617.563	388.44
617.771	388.44
617.978	381.44
618.185	400.44
618.393	375.44
618.6	409.44
618.807	412.44
619.015	402.44
619.222	376.44
619.429	399.44
619.637	363.44
619.844	359.44
620.051	371.44
620.258	352.44
620.466	382.44
620.673	366.44
620.88	351.44
621.087	360.44
621.294	363.44
621.501	361.44
621.708	340.44
621.915	364.44
622.122	358.44
622.329	359.44
622.536	371.44
622.743	358.44
622.95	364.44
623.157	355.44
623.364	350.44
623.571	360.44
623.778	363.44
623.985	350.44
624.192	350.44
624.399	354.44
624.606	349.44
624.812	340.44
625.019	352.44
625.226	338.44
625.433	338.44
625.639	326.44
625.846	325.44
626.053	293.44
626.259	313.44
626.466	315.44
626.673	289.44
626.879	289.44
627.086	321.44
627.293	332.44
627.499	328.44
627.706	339.44
627.912	327.44
628.119	340.44
628.325	332.44
628.532	323.44
628.738	330.44
628.945	325.44
629.151	328.44
629.357	312.44
629.564	304.44
629.77	314.44
629.976	310.44
630.183	303.44
630.389	312.44
630.595	311.44
630.802	287.44
631.008	326.44
631.214	301.44
631.42	292.44
631.627	303.44
631.833	296.44
632.039	306.44
632.245	310.44
632.451	307.44
632.657	293.44
632.863	316.44
633.069	298.44
633.275	283.44
633.481	278.44
633.688	294.44
633.893	278.44
634.099	290.44
634.305	275.44
634.511	284.44
634.717	276.44
634.923	301.44
635.129	274.44
635.335	310.44
635.541	307.44
635.747	324.44
635.952	355.44
636.158	396.44
636.364	496.44
636.57	618.44
636.775	470.44
636.981	408.44
637.187	391.44
637.392	372.44
637.598	354.44
637.804	335.44
638.009	318.44
638.215	311.44
638.421	326.44
638.626	317.44
638.832	321.44
639.037	299.44
639.243	295.44
639.448	298.44
639.654	302.44
639.859	303.44
640.065	284.44
640.27	278.44
640.475	270.44
640.681	273.44
640.886	275.44
641.091	276.44
641.297	286.44
641.502	276.44
641.707	272.44
641.913	267.44
642.118	271.44
642.323	268.44
642.528	267.44
642.733	251.44
642.939	264.44
643.144	260.44
643.349	266.44
643.554	252.44
643.759	269.44
643.964	243.44
644.169	268.44
644.374	247.44
644.579	262.44
644.784	260.44
644.989	259.44
645.194	272.44
645.399	282.44
645.604	259.44
645.809	265.44
646.014	246.44
646.219	247.44
646.423	230.44
646.628	259.44
646.833	262.44
647.038	276.44
647.243	255.44
647.447	257.44
647.652	254.44
647.857	263.44
648.062	271.44
648.266	248.44
648.471	250.44
648.676	263.44
648.88	256.44
649.085	260.44
649.289	278.44
649.494	268.44
649.698	294.44
649.903	279.44
650.107	242.44
650.312	229.44
650.516	230.44
650.721	230.44
650.925	227.44
651.13	228.44
651.334	213.44
651.539	231.44
651.743	209.44
651.947	220.44
652.152	226.44
652.356	207.44
652.56	228.44
652.764	212.44
652.969	212.44
653.173	204.44
653.377	192.44
653.581	215.44
653.785	198.44
653.99	190.44
654.194	184.44
654.398	190.44
654.602	173.44
654.806	182.44
655.01	197.44
655.214	179.44
655.418	176.44
655.622	171.44
655.826	203.44
656.03	201.44
656.234	190.44
656.438	191.44
656.642	184.44
656.846	196.44
657.049	175.44
657.253	172.44
657.457	157.44
657.661	158.44
657.865	132.44
658.068	150.44
658.272	136.44
658.476	124.44
658.68	131.44
658.883	132.44
659.087	128.44
659.291	124.44
659.494	123.44
659.698	114.44
659.901	111.44
660.105	107.44
660.309	115.44
660.512	119.44
660.716	109.44
660.919	109.44
661.123	103.44
661.326	98.44
661.53	100.44
661.733	95.44
661.936	99.44
662.14	96.44
662.343	86.44
662.546	78.44
662.75	99.44
662.953	95.44
663.156	93.44
663.36	80.44
663.563	87.44
663.766	84.44
663.969	87.44
664.173	82.44
664.376	78.44
664.579	70.44
664.782	86.44
664.985	70.44
665.188	81.44
665.391	83.44
665.594	96.44
665.797	87.44
666	80.44
666.203	80.44
666.406	86.44
666.609	84.44
666.812	95.44
667.015	89.44
667.218	82.44
667.421	77.44
667.624	70.44
667.827	76.44
668.03	77.44
668.232	80.44
668.435	83.44
668.638	88.44
668.841	78.44
669.043	78.44
669.246	93.44
669.449	76.44
669.651	86.44
669.854	90.44
670.057	80.44
670.259	87.44
670.462	65.44
670.665	88.44
670.867	76.44
671.07	88.44
671.272	92.44
671.475	87.44
671.677	82.44
671.88	88.44
672.082	61.44
672.284	104.44
672.487	78.44
672.689	76.44
672.892	80.44
