223.165	-12.44
223.4	-12.44
223.635	-12.44
223.869	-22.44
224.104	-19.44
224.338	-16.44
224.573	-15.44
224.808	-7.44
225.042	-15.44
225.277	-4.44
225.511	1.56
225.746	8.56
225.98	-0.44
226.215	8.56
226.449	1.56
226.683	26.56
226.918	31.56
227.152	35.56
227.387	33.56
227.621	42.56
227.856	60.56
228.09	60.56
228.324	55.56
228.559	49.56
228.793	76.56
229.027	109.56
229.262	132.56
229.496	110.56
229.73	151.56
229.964	171.56
230.199	141.56
230.433	133.56
230.667	133.56
230.901	132.56
231.136	123.56
231.37	120.56
231.604	131.56
231.838	137.56
232.072	131.56
232.306	126.56
232.541	141.56
232.775	150.56
233.009	138.56
233.243	147.56
233.477	129.56
233.711	148.56
233.945	142.56
234.179	143.56
234.413	133.56
234.647	148.56
234.881	144.56
235.115	138.56
235.349	150.56
235.583	150.56
235.817	127.56
236.051	143.56
236.285	155.56
236.519	149.56
236.753	153.56
236.987	161.56
237.221	211.56
237.455	243.56
237.689	201.56
237.922	179.56
238.156	166.56
238.39	167.56
238.624	173.56
238.858	169.56
239.091	159.56
239.325	163.56
239.559	169.56
239.793	154.56
240.027	166.56
240.26	163.56
240.494	184.56
240.728	167.56
240.961	190.56
241.195	190.56
241.429	177.56
241.662	179.56
241.896	176.56
242.13	171.56
242.363	164.56
242.597	180.56
242.83	179.56
243.064	180.56
243.298	178.56
243.531	182.56
243.765	175.56
243.998	202.56
244.232	179.56
244.465	202.56
244.699	198.56
244.932	193.56
245.166	177.56
245.399	185.56
245.633	184.56
245.866	187.56
246.099	192.56
246.333	187.56
246.566	189.56
246.8	210.56
247.033	225.56
247.266	210.56
247.5	205.56
247.733	216.56
247.966	204.56
248.2	223.56
248.433	216.56
248.666	240.56
248.899	251.56
249.133	246.56
249.366	257.56
249.599	265.56
249.832	259.56
250.066	261.56
250.299	302.56
250.532	369.56
250.765	382.56
250.998	362.56
251.231	332.56
251.465	305.56
251.698	296.56
251.931	280.56
252.164	265.56
252.397	286.56
252.63	292.56
252.863	276.56
253.096	275.56
253.329	297.56
253.562	289.56
253.795	263.56
254.028	271.56
254.261	293.56
254.494	301.56
254.727	308.56
254.96	328.56
255.193	334.56
255.426	328.56
255.659	371.56
255.892	455.56
256.124	551.56
256.357	553.56
256.59	486.56
256.823	404.56
257.056	370.56
257.289	362.56
257.521	352.56
257.754	312.56
257.987	295.56
258.22	321.56
258.452	290.56
258.685	290.56
258.918	284.56
259.151	309.56
259.383	294.56
259.616	295.56
259.849	309.56
260.081	305.56
260.314	303.56
260.547	295.56
260.779	294.56
261.012	313.56
261.244	306.56
261.477	306.56
261.71	318.56
261.942	321.56
262.175	307.56
262.407	299.56
262.64	297.56
262.872	284.56
263.105	266.56
263.337	289.56
263.57	277.56
263.802	272.56
264.035	292.56
264.267	304.56
264.499	303.56
264.732	302.56
264.964	292.56
265.197	286.56
265.429	283.56
265.661	288.56
265.894	308.56
266.126	299.56
266.358	298.56
266.591	314.56
266.823	300.56
267.055	288.56
267.287	318.56
267.52	291.56
267.752	312.56
267.984	296.56
268.216	318.56
268.448	316.56
268.681	323.56
268.913	314.56
269.145	350.56
269.377	333.56
269.609	342.56
269.841	321.56
270.073	337.56
270.306	356.56
270.538	365.56
270.77	354.56
271.002	349.56
271.234	352.56
271.466	367.56
271.698	366.56
271.93	361.56
272.162	360.56
272.394	379.56
272.626	373.56
272.858	358.56
273.09	366.56
273.322	349.56
273.553	362.56
273.785	358.56
274.017	349.56
274.249	354.56
274.481	356.56
274.713	374.56
274.945	360.56
275.176	384.56
275.408	365.56
275.64	361.56
275.872	380.56
276.104	359.56
276.335	368.56
276.567	402.56
276.799	428.56
277.031	455.56
277.262	445.56
277.494	439.56
277.726	401.56
277.957	417.56
278.189	393.56
278.421	385.56
278.652	378.56
278.884	382.56
279.115	387.56
279.347	395.56
279.579	388.56
279.81	412.56
280.042	437.56
280.273	459.56
280.505	470.56
280.736	427.56
280.968	401.56
281.199	390.56
281.431	398.56
281.662	386.56
281.894	402.56
282.125	395.56
282.356	434.56
282.588	434.56
282.819	438.56
283.051	409.56
283.282	383.56
283.513	396.56
283.745	392.56
283.976	392.56
284.207	371.56
284.439	396.56
284.67	402.56
284.901	400.56
285.132	393.56
285.364	384.56
285.595	409.56
285.826	406.56
286.057	415.56
286.288	408.56
286.52	394.56
286.751	391.56
286.982	406.56
287.213	386.56
287.444	396.56
287.675	392.56
287.906	414.56
288.138	408.56
288.369	413.56
288.6	423.56
288.831	413.56
289.062	410.56
289.293	398.56
289.524	421.56
289.755	438.56
289.986	412.56
290.217	402.56
290.448	406.56
290.679	419.56
290.91	402.56
291.141	428.56
291.371	424.56
291.602	425.56
291.833	426.56
292.064	410.56
292.295	397.56
292.526	403.56
292.757	416.56
292.987	423.56
293.218	403.56
293.449	388.56
293.68	419.56
293.91	414.56
294.141	394.56
294.372	403.56
294.603	413.56
294.833	413.56
295.064	414.56
295.295	435.56
295.525	436.56
295.756	443.56
295.987	455.56
296.217	492.56
296.448	476.56
296.679	436.56
296.909	427.56
297.14	434.56
297.37	448.56
297.601	452.56
297.831	446.56
298.062	430.56
298.292	455.56
298.523	467.56
298.753	448.56
298.984	451.56
299.214	460.56
299.445	464.56
299.675	456.56
299.905	463.56
300.136	449.56
300.366	458.56
300.597	480.56
300.827	482.56
301.057	480.56
301.288	458.56
301.518	492.56
301.748	491.56
301.979	485.56
302.209	495.56
302.439	483.56
302.669	473.56
302.9	482.56
303.13	480.56
303.36	474.56
303.59	493.56
303.82	513.56
304.051	498.56
304.281	510.56
304.511	477.56
304.741	470.56
304.971	490.56
305.201	459.56
305.431	471.56
305.661	458.56
305.891	481.56
306.121	499.56
306.352	489.56
306.582	496.56
306.812	475.56
307.042	487.56
307.272	528.56
307.502	524.56
307.731	551.56
307.961	537.56
308.191	499.56
308.421	496.56
308.651	498.56
308.881	508.56
309.111	503.56
309.341	492.56
309.571	495.56
309.8	527.56
310.03	534.56
310.26	564.56
310.49	534.56
310.72	519.56
310.949	566.56
311.179	569.56
311.409	542.56
311.639	524.56
311.868	546.56
312.098	539.56
312.328	538.56
312.557	564.56
312.787	574.56
313.017	573.56
313.246	575.56
313.476	548.56
313.706	562.56
313.935	571.56
314.165	588.56
314.394	594.56
314.624	598.56
314.853	586.56
315.083	541.56
315.312	567.56
315.542	548.56
315.771	520.56
316.001	544.56
316.23	562.56
316.46	565.56
316.689	553.56
316.919	588.56
317.148	578.56
317.377	540.56
317.607	562.56
317.836	562.56
318.065	558.56
318.295	553.56
318.524	564.56
318.753	585.56
318.983	574.56
319.212	576.56
319.441	589.56
319.67	591.56
319.9	571.56
320.129	570.56
320.358	579.56
320.587	587.56
320.816	595.56
321.046	611.56
321.275	595.56
321.504	612.56
321.733	620.56
321.962	627.56
322.191	618.56
322.42	663.56
322.649	662.56
322.878	681.56
323.108	686.56
323.337	734.56
323.566	756.56
323.795	811.56
324.024	875.56
324.253	1050.56
324.482	1509.56
324.71	2362.56
324.939	3371.56
325.168	2672.56
325.397	1363.56
325.626	1032.56
325.855	913.56
326.084	853.56
326.313	823.56
326.542	855.56
326.77	922.56
326.999	1066.56
327.228	1475.56
327.457	2314.56
327.686	2684.56
327.914	1816.56
328.143	1427.56
328.372	1559.56
328.6	1360.56
328.829	1108.56
329.058	1067.56
329.287	1074.56
329.515	1072.56
329.744	1148.56
329.972	1410.56
330.201	1820.56
330.43	2285.56
330.658	1927.56
330.887	1397.56
331.115	1166.56
331.344	1022.56
331.572	930.56
331.801	918.56
332.03	936.56
332.258	919.56
332.486	928.56
332.715	907.56
332.943	950.56
333.172	987.56
333.4	1051.56
333.629	1137.56
333.857	1308.56
334.085	1532.56
334.314	2078.56
334.542	2768.56
334.771	3014.56
334.999	1912.56
335.227	1301.56
335.455	1095.56
335.684	991.56
335.912	922.56
336.14	883.56
336.369	904.56
336.597	865.56
336.825	848.56
337.053	833.56
337.281	816.56
337.51	776.56
337.738	789.56
337.966	784.56
338.194	773.56
338.422	758.56
338.65	742.56
338.878	744.56
339.106	722.56
339.334	735.56
339.562	726.56
339.79	706.56
340.018	701.56
340.246	691.56
340.474	716.56
340.702	711.56
340.93	701.56
341.158	714.56
341.386	696.56
341.614	714.56
341.842	698.56
342.07	671.56
342.298	695.56
342.526	678.56
342.754	648.56
342.981	662.56
343.209	685.56
343.437	704.56
343.665	725.56
343.893	759.56
344.12	784.56
344.348	768.56
344.576	708.56
344.804	724.56
345.031	698.56
345.259	737.56
345.487	728.56
345.714	687.56
345.942	686.56
346.17	696.56
346.397	694.56
346.625	679.56
346.853	667.56
347.08	646.56
347.308	690.56
347.535	679.56
347.763	697.56
347.99	689.56
348.218	688.56
348.445	689.56
348.673	703.56
348.9	672.56
349.128	667.56
349.355	648.56
349.583	682.56
349.81	663.56
350.037	663.56
350.265	665.56
350.492	654.56
350.72	670.56
350.947	669.56
351.174	681.56
351.402	702.56
351.629	680.56
351.856	698.56
352.083	711.56
352.311	704.56
352.538	697.56
352.765	721.56
352.992	707.56
353.22	688.56
353.447	694.56
353.674	681.56
353.901	661.56
354.128	654.56
354.355	653.56
354.583	658.56
354.81	680.56
355.037	639.56
355.264	659.56
355.491	659.56
355.718	663.56
355.945	650.56
356.172	664.56
356.399	662.56
356.626	665.56
356.853	628.56
357.08	625.56
357.307	660.56
357.534	642.56
357.761	644.56
357.988	672.56
358.215	661.56
358.441	667.56
358.668	658.56
358.895	664.56
359.122	661.56
359.349	670.56
359.576	686.56
359.802	764.56
360.029	750.56
360.256	771.56
360.483	744.56
360.709	685.56
360.936	695.56
361.163	715.56
361.39	692.56
361.616	693.56
361.843	684.56
362.07	691.56
362.296	709.56
362.523	687.56
362.749	721.56
362.976	707.56
363.203	675.56
363.429	683.56
363.656	679.56
363.882	682.56
364.109	688.56
364.335	682.56
364.562	680.56
364.788	672.56
365.015	690.56
365.241	662.56
365.468	664.56
365.694	685.56
365.92	700.56
366.147	716.56
366.373	696.56
366.599	681.56
366.826	695.56
367.052	676.56
367.278	700.56
367.505	672.56
367.731	701.56
367.957	685.56
368.184	714.56
368.41	672.56
368.636	718.56
368.862	707.56
369.089	702.56
369.315	713.56
369.541	705.56
369.767	699.56
369.993	705.56
370.219	717.56
370.445	706.56
370.672	712.56
370.898	694.56
371.124	733.56
371.35	729.56
371.576	739.56
371.802	717.56
372.028	726.56
372.254	702.56
372.48	728.56
372.706	727.56
372.932	782.56
373.158	723.56
373.384	716.56
373.61	712.56
373.835	727.56
374.061	717.56
374.287	743.56
374.513	736.56
374.739	764.56
374.965	774.56
375.191	805.56
375.416	786.56
375.642	757.56
375.868	768.56
376.094	744.56
376.319	726.56
376.545	732.56
376.771	733.56
376.997	744.56
377.222	718.56
377.448	718.56
377.674	711.56
377.899	713.56
378.125	722.56
378.35	718.56
378.576	705.56
378.802	718.56
379.027	714.56
379.253	737.56
379.478	725.56
379.704	703.56
379.929	727.56
380.155	706.56
380.38	735.56
380.606	732.56
380.831	751.56
381.057	718.56
381.282	727.56
381.507	732.56
381.733	735.56
381.958	729.56
382.184	757.56
382.409	760.56
382.634	763.56
382.86	765.56
383.085	753.56
383.31	779.56
383.535	774.56
383.761	776.56
383.986	772.56
384.211	807.56
384.436	818.56
384.662	836.56
384.887	821.56
385.112	836.56
385.337	845.56
385.562	830.56
385.787	843.56
386.013	853.56
386.238	882.56
386.463	872.56
386.688	870.56
386.913	839.56
387.138	840.56
387.363	827.56
387.588	849.56
387.813	822.56
388.038	819.56
388.263	847.56
388.488	832.56
388.713	856.56
388.938	834.56
389.163	837.56
389.387	834.56
389.612	857.56
389.837	839.56
390.062	826.56
390.287	820.56
390.512	843.56
390.736	848.56
390.961	847.56
391.186	876.56
391.411	881.56
391.636	890.56
391.86	905.56
392.085	913.56
392.31	936.56
392.534	927.56
392.759	902.56
392.984	910.56
393.208	893.56
393.433	914.56
393.658	886.56
393.882	904.56
394.107	897.56
394.331	920.56
394.556	914.56
394.78	917.56
395.005	886.56
395.229	883.56
395.454	917.56
395.678	941.56
395.903	947.56
396.127	957.56
396.352	973.56
396.576	915.56
396.801	918.56
397.025	958.56
397.249	948.56
397.474	951.56
397.698	946.56
397.922	968.56
398.147	973.56
398.371	996.56
398.595	1015.56
398.82	1038.56
399.044	1111.56
399.268	1193.56
399.492	1343.56
399.717	1446.56
399.941	1465.56
400.165	1354.56
400.389	1283.56
400.613	1178.56
400.837	1116.56
401.062	1119.56
401.286	1079.56
401.51	1074.56
401.734	1099.56
401.958	1077.56
402.182	1104.56
402.406	1140.56
402.63	1172.56
402.854	1156.56
403.078	1150.56
403.302	1161.56
403.526	1208.56
403.75	1217.56
403.974	1214.56
404.198	1227.56
404.422	1270.56
404.645	1282.56
404.869	1285.56
405.093	1343.56
405.317	1417.56
405.541	1430.56
405.765	1341.56
405.988	1288.56
406.212	1286.56
406.436	1335.56
406.66	1332.56
406.883	1309.56
407.107	1360.56
407.331	1360.56
407.555	1458.56
407.778	1466.56
408.002	1392.56
408.226	1328.56
408.449	1336.56
408.673	1280.56
408.896	1272.56
409.12	1309.56
409.344	1272.56
409.567	1230.56
409.791	1278.56
410.014	1234.56
410.238	1228.56
410.461	1215.56
410.685	1202.56
410.908	1196.56
411.132	1193.56
411.355	1211.56
411.578	1228.56
411.802	1196.56
412.025	1240.56
412.249	1264.56
412.472	1324.56
412.695	1398.56
412.919	1347.56
413.142	1304.56
413.365	1231.56
413.589	1246.56
413.812	1197.56
414.035	1160.56
414.258	1185.56
414.482	1178.56
414.705	1150.56
414.928	1173.56
415.151	1152.56
415.374	1141.56
415.597	1117.56
415.821	1101.56
416.044	1125.56
416.267	1131.56
416.49	1128.56
416.713	1096.56
416.936	1109.56
417.159	1112.56
417.382	1134.56
417.605	1166.56
417.828	1209.56
418.051	1176.56
418.274	1160.56
418.497	1135.56
418.72	1153.56
418.943	1135.56
419.166	1204.56
419.389	1276.56
419.611	1264.56
419.834	1283.56
420.057	1275.56
420.28	1301.56
420.503	1371.56
420.726	1261.56
420.948	1237.56
421.171	1279.56
421.394	1267.56
421.617	1199.56
421.839	1182.56
422.062	1171.56
422.285	1186.56
422.507	1248.56
422.73	1333.56
422.953	1265.56
423.175	1240.56
423.398	1197.56
423.621	1190.56
423.843	1251.56
424.066	1259.56
424.288	1218.56
424.511	1240.56
424.733	1287.56
424.956	1355.56
425.178	1281.56
425.401	1305.56
425.623	1304.56
425.846	1185.56
426.068	1189.56
426.291	1152.56
426.513	1175.56
426.735	1163.56
426.958	1162.56
427.18	1229.56
427.402	1371.56
427.625	1532.56
427.847	1478.56
428.069	1420.56
428.292	1300.56
428.514	1168.56
428.736	1131.56
428.958	1121.56
429.181	1079.56
429.403	1063.56
429.625	1066.56
429.847	1114.56
430.069	1167.56
430.292	1146.56
430.514	1036.56
430.736	1045.56
430.958	1058.56
431.18	1050.56
431.402	1039.56
431.624	1037.56
431.846	1011.56
432.068	1018.56
432.29	1058.56
432.512	1027.56
432.734	1055.56
432.956	1051.56
433.178	1081.56
433.4	1059.56
433.622	1052.56
433.844	1047.56
434.066	1023.56
434.287	1047.56
434.509	1054.56
434.731	1090.56
434.953	1120.56
435.175	1170.56
435.397	1170.56
435.618	1111.56
435.84	1154.56
436.062	1257.56
436.284	1277.56
436.505	1179.56
436.727	1095.56
436.949	1092.56
437.17	1064.56
437.392	1068.56
437.614	1083.56
437.835	1078.56
438.057	1212.56
438.278	1295.56
438.5	1284.56
438.721	1331.56
438.943	1295.56
439.165	1151.56
439.386	1141.56
439.608	1140.56
439.829	1121.56
440.05	1151.56
440.272	1245.56
440.493	1198.56
440.715	1142.56
440.936	1122.56
441.158	1148.56
441.379	1134.56
441.6	1222.56
441.822	1247.56
442.043	1255.56
442.264	1332.56
442.486	1308.56
442.707	1232.56
442.928	1198.56
443.149	1224.56
443.371	1255.56
443.592	1263.56
443.813	1373.56
444.034	1394.56
444.255	1254.56
444.476	1284.56
444.698	1329.56
444.919	1314.56
445.14	1455.56
445.361	1342.56
445.582	1272.56
445.803	1327.56
446.024	1412.56
446.245	1363.56
446.466	1268.56
446.687	1188.56
446.908	1152.56
447.129	1074.56
447.35	1069.56
447.571	1055.56
447.792	1057.56
448.013	1047.56
448.234	1073.56
448.455	1127.56
448.675	1210.56
448.896	1307.56
449.117	1176.56
449.338	1147.56
449.559	1261.56
449.779	1320.56
450	1128.56
450.221	1059.56
450.442	1016.56
450.662	1063.56
450.883	1044.56
451.104	1062.56
451.324	1056.56
451.545	1011.56
451.766	1011.56
451.986	968.56
452.207	976.56
452.428	962.56
452.648	973.56
452.869	977.56
453.089	958.56
453.31	985.56
453.53	949.56
453.751	931.56
453.971	927.56
454.192	996.56
454.412	958.56
454.633	938.56
454.853	958.56
455.073	930.56
455.294	960.56
455.514	1000.56
455.734	990.56
455.955	914.56
456.175	901.56
456.395	862.56
456.616	891.56
456.836	882.56
457.056	882.56
457.276	875.56
457.497	908.56
457.717	859.56
457.937	880.56
458.157	921.56
458.377	929.56
458.598	948.56
458.818	1042.56
459.038	1178.56
459.258	1142.56
459.478	1015.56
459.698	1030.56
459.918	1031.56
460.138	1063.56
460.358	1130.56
460.578	1103.56
460.798	1134.56
461.018	1139.56
461.238	1116.56
461.458	1136.56
461.678	1110.56
461.898	1113.56
462.118	1137.56
462.338	1194.56
462.558	1198.56
462.777	1249.56
462.997	1324.56
463.217	1384.56
463.437	1428.56
463.657	1297.56
463.876	1270.56
464.096	1240.56
464.316	1258.56
464.536	1276.56
464.755	1251.56
464.975	1270.56
465.195	1278.56
465.414	1405.56
465.634	1187.56
465.854	1113.56
466.073	1048.56
466.293	1053.56
466.512	1037.56
466.732	1008.56
466.951	1021.56
467.171	1032.56
467.391	1023.56
467.61	1076.56
467.829	1069.56
468.049	1288.56
468.268	1666.56
468.488	1322.56
468.707	1111.56
468.927	1058.56
469.146	1026.56
469.365	1058.56
469.585	1029.56
469.804	1063.56
470.023	1091.56
470.243	1094.56
470.462	1094.56
470.681	1154.56
470.901	1131.56
471.12	1078.56
471.339	1096.56
471.558	1092.56
471.777	1139.56
471.997	1165.56
472.216	1536.56
472.435	2914.56
472.654	2217.56
472.873	1501.56
473.092	1270.56
473.311	1192.56
473.53	1117.56
473.749	1146.56
473.968	1094.56
474.187	1192.56
474.406	1169.56
474.625	1077.56
474.844	1066.56
475.063	1034.56
475.282	1012.56
475.501	1040.56
475.72	1003.56
475.939	1030.56
476.158	1023.56
476.377	1021.56
476.596	994.56
476.814	1051.56
477.033	1072.56
477.252	1078.56
477.471	1095.56
477.69	1112.56
477.908	1143.56
478.127	1160.56
478.346	1176.56
478.564	1191.56
478.783	1199.56
479.002	1210.56
479.22	1212.56
479.439	1251.56
479.658	1272.56
479.876	1270.56
480.095	1273.56
480.313	1374.56
480.532	1437.56
480.751	1448.56
480.969	1827.56
481.188	3768.56
481.406	4968.56
481.624	2573.56
481.843	1827.56
482.061	1625.56
482.28	1482.56
482.498	1414.56
482.717	1374.56
482.935	1358.56
483.153	1354.56
483.372	1321.56
483.59	1327.56
483.808	1281.56
484.027	1246.56
484.245	1239.56
484.463	1279.56
484.681	1260.56
484.9	1242.56
485.118	1242.56
485.336	1271.56
485.554	1263.56
485.772	1256.56
485.99	1247.56
486.209	1261.56
486.427	1254.56
486.645	1292.56
486.863	1327.56
487.081	1342.56
487.299	1269.56
487.517	1257.56
487.735	1302.56
487.953	1362.56
488.171	1378.56
488.389	1328.56
488.607	1308.56
488.825	1274.56
489.043	1225.56
489.261	1275.56
489.479	1302.56
489.696	1318.56
489.914	1339.56
490.132	1366.56
490.35	1386.56
490.568	1431.56
490.786	1444.56
491.003	1430.56
491.221	1528.56
491.439	1544.56
491.657	1610.56
491.874	1668.56
492.092	1678.56
492.31	1708.56
492.527	1715.56
492.745	1718.56
492.963	1758.56
493.18	1710.56
493.398	1645.56
493.615	1639.56
493.833	1608.56
494.05	1602.56
494.268	1603.56
494.485	1582.56
494.703	1560.56
494.92	1546.56
495.138	1552.56
495.355	1541.56
495.573	1542.56
495.79	1533.56
496.008	1521.56
496.225	1486.56
496.442	1526.56
496.66	1510.56
496.877	1492.56
497.094	1492.56
497.312	1511.56
497.529	1523.56
497.746	1513.56
497.963	1542.56
498.181	1593.56
498.398	1623.56
498.615	1699.56
498.832	1739.56
499.049	1832.56
499.267	1883.56
499.484	2018.56
499.701	2224.56
499.918	2391.56
500.135	2650.56
500.352	2908.56
500.569	2993.56
500.786	2991.56
501.003	2842.56
501.22	2618.56
501.437	2343.56
501.654	2194.56
501.871	2046.56
502.088	1929.56
502.305	1851.56
502.522	1710.56
502.739	1645.56
502.956	1591.56
503.172	1544.56
503.389	1503.56
503.606	1470.56
503.823	1454.56
504.04	1444.56
504.256	1435.56
504.473	1455.56
504.69	1455.56
504.907	1428.56
505.123	1368.56
505.34	1334.56
505.557	1262.56
505.773	1279.56
505.99	1306.56
506.207	1239.56
506.423	1216.56
506.64	1199.56
506.856	1202.56
507.073	1219.56
507.289	1196.56
507.506	1207.56
507.722	1208.56
507.939	1245.56
508.155	1186.56
508.372	1136.56
508.588	1151.56
508.805	1106.56
509.021	1142.56
509.238	1134.56
509.454	1136.56
509.67	1098.56
509.887	1129.56
510.103	1119.56
510.319	1178.56
510.536	1378.56
510.752	2669.56
510.968	1944.56
511.184	1192.56
511.401	1148.56
511.617	1166.56
511.833	1192.56
512.049	1216.56
512.265	1219.56
512.481	1179.56
512.698	1160.56
512.914	1129.56
513.13	1138.56
513.346	1118.56
513.562	1142.56
513.778	1113.56
513.994	1137.56
514.21	1160.56
514.426	1184.56
514.642	1293.56
514.858	1292.56
515.074	1366.56
515.29	1610.56
515.506	2694.56
515.721	2026.56
515.937	1359.56
516.153	1276.56
516.369	1229.56
516.585	1236.56
516.801	1214.56
517.016	1238.56
517.232	1311.56
517.448	1318.56
517.664	1369.56
517.879	1348.56
518.095	1352.56
518.311	1334.56
518.527	1327.56
518.742	1258.56
518.958	1216.56
519.173	1177.56
519.389	1165.56
519.605	1175.56
519.82	1168.56
520.036	1178.56
520.251	1187.56
520.467	1225.56
520.682	1215.56
520.898	1168.56
521.113	1252.56
521.329	1282.56
521.544	1498.56
521.76	1908.56
521.975	3656.56
522.19	3370.56
522.406	1712.56
522.621	1274.56
522.836	1170.56
523.052	1116.56
523.267	1062.56
523.482	1043.56
523.698	1047.56
523.913	1053.56
524.128	1051.56
524.343	1004.56
524.559	1010.56
524.774	1016.56
524.989	990.56
525.204	990.56
525.419	976.56
525.634	972.56
525.849	986.56
526.064	934.56
526.28	954.56
526.495	894.56
526.71	916.56
526.925	904.56
527.14	919.56
527.355	916.56
527.57	915.56
527.785	913.56
527.999	944.56
528.214	927.56
528.429	913.56
528.644	935.56
528.859	935.56
529.074	977.56
529.289	1034.56
529.503	1160.56
529.718	1089.56
529.933	958.56
530.148	938.56
530.363	887.56
530.577	880.56
530.792	889.56
531.007	881.56
531.221	899.56
531.436	888.56
531.651	897.56
531.865	899.56
532.08	912.56
532.295	890.56
532.509	886.56
532.724	864.56
532.938	863.56
533.153	892.56
533.367	898.56
533.582	873.56
533.796	927.56
534.011	931.56
534.225	895.56
534.44	854.56
534.654	857.56
534.868	854.56
535.083	849.56
535.297	872.56
535.511	887.56
535.726	899.56
535.94	880.56
536.154	858.56
536.369	856.56
536.583	832.56
536.797	840.56
537.011	810.56
537.225	799.56
537.44	814.56
537.654	779.56
537.868	835.56
538.082	846.56
538.296	828.56
538.51	811.56
538.724	837.56
538.938	859.56
539.153	849.56
539.367	871.56
539.581	850.56
539.795	815.56
540.009	829.56
540.222	783.56
540.436	808.56
540.65	825.56
540.864	859.56
541.078	872.56
541.292	852.56
541.506	896.56
541.72	902.56
541.934	940.56
542.147	927.56
542.361	906.56
542.575	877.56
542.789	833.56
543.002	816.56
543.216	818.56
543.43	833.56
543.644	855.56
543.857	841.56
544.071	850.56
544.285	901.56
544.498	886.56
544.712	884.56
544.925	899.56
545.139	906.56
545.352	900.56
545.566	891.56
545.779	920.56
545.993	898.56
546.206	908.56
546.42	903.56
546.633	912.56
546.847	902.56
547.06	896.56
547.274	898.56
547.487	898.56
547.7	904.56
547.914	917.56
548.127	887.56
548.34	902.56
548.554	899.56
548.767	883.56
548.98	890.56
549.193	882.56
549.407	885.56
549.62	905.56
549.833	896.56
550.046	915.56
550.259	873.56
550.473	843.56
550.686	876.56
550.899	879.56
551.112	873.56
551.325	843.56
551.538	851.56
551.751	839.56
551.964	824.56
552.177	817.56
552.39	876.56
552.603	880.56
552.816	913.56
553.029	906.56
553.242	931.56
553.455	951.56
553.667	936.56
553.88	950.56
554.093	918.56
554.306	886.56
554.519	882.56
554.732	867.56
554.944	859.56
555.157	847.56
555.37	850.56
555.583	819.56
555.795	828.56
556.008	781.56
556.221	760.56
556.433	747.56
556.646	799.56
556.859	737.56
557.071	734.56
557.284	753.56
557.496	765.56
557.709	760.56
557.921	751.56
558.134	739.56
558.346	742.56
558.559	728.56
558.771	730.56
558.984	703.56
559.196	703.56
559.409	730.56
559.621	707.56
559.833	704.56
560.046	714.56
560.258	719.56
560.47	758.56
560.683	719.56
560.895	717.56
561.107	729.56
561.32	729.56
561.532	708.56
561.744	703.56
561.956	711.56
562.168	689.56
562.381	703.56
562.593	706.56
562.805	710.56
563.017	732.56
563.229	707.56
563.441	716.56
563.653	721.56
563.865	715.56
564.077	702.56
564.289	714.56
564.501	721.56
564.713	737.56
564.925	698.56
565.137	748.56
565.349	734.56
565.561	770.56
565.773	780.56
565.985	792.56
566.197	831.56
566.408	860.56
566.62	932.56
566.832	993.56
567.044	989.56
567.255	978.56
567.467	1014.56
567.679	1009.56
567.891	1085.56
568.102	1092.56
568.314	1019.56
568.526	923.56
568.737	866.56
568.949	842.56
569.161	764.56
569.372	714.56
569.584	706.56
569.795	690.56
570.007	679.56
570.218	739.56
570.43	707.56
570.641	644.56
570.853	639.56
571.064	675.56
571.276	664.56
571.487	648.56
571.698	643.56
571.91	616.56
572.121	609.56
572.333	580.56
572.544	564.56
572.755	554.56
572.966	554.56
573.178	541.56
573.389	572.56
573.6	541.56
573.811	555.56
574.023	559.56
574.234	543.56
574.445	542.56
574.656	526.56
574.867	529.56
575.078	537.56
575.289	555.56
575.501	556.56
575.712	521.56
575.923	520.56
576.134	530.56
576.345	521.56
576.556	525.56
576.767	520.56
576.978	518.56
577.188	515.56
577.399	506.56
577.61	495.56
577.821	506.56
578.032	517.56
578.243	595.56
578.454	1007.56
578.665	678.56
578.875	500.56
579.086	481.56
579.297	457.56
579.508	467.56
579.718	489.56
579.929	460.56
580.14	463.56
580.35	455.56
580.561	448.56
580.772	476.56
580.982	479.56
581.193	464.56
581.403	451.56
581.614	452.56
581.825	473.56
582.035	449.56
582.246	456.56
582.456	460.56
582.667	448.56
582.877	467.56
583.087	458.56
583.298	435.56
583.508	459.56
583.719	451.56
583.929	439.56
584.139	447.56
584.35	437.56
584.56	446.56
584.77	434.56
584.981	463.56
585.191	440.56
585.401	431.56
585.611	419.56
585.821	470.56
586.032	419.56
586.242	454.56
586.452	426.56
586.662	407.56
586.872	420.56
587.082	413.56
587.292	408.56
587.502	436.56
587.713	442.56
587.923	427.56
588.133	426.56
588.343	415.56
588.553	420.56
588.762	436.56
588.972	431.56
589.182	439.56
589.392	431.56
589.602	432.56
589.812	457.56
590.022	444.56
590.232	447.56
590.441	423.56
590.651	426.56
590.861	423.56
591.071	415.56
591.281	439.56
591.49	444.56
591.7	436.56
591.91	446.56
592.119	451.56
592.329	457.56
592.539	470.56
592.748	491.56
592.958	493.56
593.167	502.56
593.377	496.56
593.587	497.56
593.796	512.56
594.006	489.56
594.215	515.56
594.424	517.56
594.634	510.56
594.843	489.56
595.053	482.56
595.262	458.56
595.472	459.56
595.681	452.56
595.89	443.56
596.1	420.56
596.309	426.56
596.518	440.56
596.727	416.56
596.937	412.56
597.146	411.56
597.355	406.56
597.564	414.56
597.774	393.56
597.983	380.56
598.192	390.56
598.401	383.56
598.61	378.56
598.819	385.56
599.028	371.56
599.237	361.56
599.446	379.56
599.655	371.56
599.864	371.56
600.073	372.56
600.282	371.56
600.491	375.56
600.7	379.56
600.909	380.56
601.118	380.56
601.327	388.56
601.536	380.56
601.745	408.56
601.953	417.56
602.162	405.56
602.371	410.56
602.58	399.56
602.789	403.56
602.997	388.56
603.206	398.56
603.415	416.56
603.623	431.56
603.832	408.56
604.041	386.56
604.249	375.56
604.458	375.56
604.666	374.56
604.875	353.56
605.084	387.56
605.292	376.56
605.501	382.56
605.709	400.56
605.918	402.56
606.126	415.56
606.334	422.56
606.543	388.56
606.751	406.56
606.96	394.56
607.168	391.56
607.376	395.56
607.585	391.56
607.793	426.56
608.001	393.56
608.21	384.56
608.418	389.56
608.626	402.56
608.834	399.56
609.043	398.56
609.251	383.56
609.459	396.56
609.667	402.56
609.875	427.56
610.083	410.56
610.291	395.56
610.499	399.56
610.707	403.56
610.916	402.56
611.124	400.56
611.332	418.56
611.54	406.56
611.748	413.56
611.955	396.56
612.163	378.56
612.371	393.56
612.579	403.56
612.787	376.56
612.995	384.56
613.203	392.56
613.411	388.56
613.618	372.56
613.826	380.56
614.034	397.56
614.242	398.56
614.449	373.56
614.657	388.56
614.865	378.56
615.072	384.56
615.28	388.56
615.488	394.56
615.695	387.56
615.903	404.56
616.111	367.56
616.318	379.56
616.526	373.56
616.733	399.56
616.941	381.56
617.148	396.56
617.356	378.56
617.563	382.56
617.771	359.56
617.978	371.56
618.185	366.56
618.393	387.56
618.6	374.56
618.807	382.56
619.015	398.56
619.222	384.56
619.429	360.56
619.637	365.56
619.844	355.56
620.051	322.56
620.258	331.56
620.466	348.56
620.673	346.56
620.88	353.56
621.087	339.56
621.294	321.56
621.501	351.56
621.708	349.56
621.915	335.56
622.122	346.56
622.329	360.56
622.536	340.56
622.743	360.56
622.95	342.56
623.157	342.56
623.364	350.56
623.571	339.56
623.778	334.56
623.985	330.56
624.192	350.56
624.399	325.56
624.606	356.56
624.812	356.56
625.019	316.56
625.226	307.56
625.433	335.56
625.639	306.56
625.846	302.56
626.053	314.56
626.259	278.56
626.466	282.56
626.673	268.56
626.879	277.56
627.086	289.56
627.293	332.56
627.499	302.56
627.706	324.56
627.912	332.56
628.119	321.56
628.325	312.56
628.532	305.56
628.738	320.56
628.945	307.56
629.151	300.56
629.357	289.56
629.564	303.56
629.77	314.56
629.976	299.56
630.183	303.56
630.389	284.56
630.595	310.56
630.802	301.56
631.008	306.56
631.214	300.56
631.42	269.56
631.627	278.56
631.833	273.56
632.039	278.56
632.245	286.56
632.451	280.56
632.657	281.56
632.863	267.56
633.069	273.56
633.275	301.56
633.481	272.56
633.688	279.56
633.893	286.56
634.099	286.56
634.305	263.56
634.511	264.56
634.717	269.56
634.923	281.56
635.129	257.56
635.335	284.56
635.541	286.56
635.747	265.56
635.952	291.56
636.158	311.56
636.364	380.56
636.57	472.56
636.775	382.56
636.981	337.56
637.187	313.56
637.392	306.56
637.598	314.56
637.804	311.56
638.009	313.56
638.215	280.56
638.421	300.56
638.626	276.56
638.832	266.56
639.037	282.56
639.243	267.56
639.448	253.56
639.654	260.56
639.859	266.56
640.065	263.56
640.27	243.56
640.475	270.56
640.681	245.56
640.886	267.56
641.091	270.56
641.297	289.56
641.502	261.56
641.707	278.56
641.913	253.56
642.118	244.56
642.323	268.56
642.528	263.56
642.733	258.56
642.939	237.56
643.144	244.56
643.349	250.56
643.554	251.56
643.759	249.56
643.964	257.56
644.169	250.56
644.374	239.56
644.579	250.56
644.784	258.56
644.989	255.56
645.194	259.56
645.399	250.56
645.604	244.56
645.809	254.56
646.014	251.56
646.219	261.56
646.423	250.56
646.628	248.56
646.833	259.56
647.038	256.56
647.243	252.56
647.447	258.56
647.652	253.56
647.857	259.56
648.062	246.56
648.266	259.56
648.471	253.56
648.676	282.56
648.88	258.56
649.085	255.56
649.289	245.56
649.494	265.56
649.698	285.56
649.903	268.56
650.107	241.56
650.312	256.56
650.516	234.56
650.721	225.56
650.925	235.56
651.13	208.56
651.334	215.56
651.539	210.56
651.743	201.56
651.947	202.56
652.152	223.56
652.356	211.56
652.56	207.56
652.764	209.56
652.969	204.56
653.173	186.56
653.377	184.56
653.581	192.56
653.785	175.56
653.99	195.56
654.194	180.56
654.398	184.56
654.602	189.56
654.806	186.56
655.01	187.56
655.214	186.56
655.418	176.56
655.622	171.56
655.826	166.56
656.03	160.56
656.234	175.56
656.438	191.56
656.642	187.56
656.846	181.56
657.049	180.56
657.253	150.56
657.457	156.56
657.661	138.56
657.865	139.56
658.068	138.56
658.272	146.56
658.476	123.56
658.68	123.56
658.883	125.56
659.087	112.56
659.291	111.56
659.494	119.56
659.698	124.56
659.901	116.56
660.105	112.56
660.309	122.56
660.512	106.56
660.716	107.56
660.919	108.56
661.123	114.56
661.326	94.56
661.53	88.56
661.733	84.56
661.936	106.56
662.14	95.56
662.343	91.56
662.546	82.56
662.75	97.56
662.953	94.56
663.156	83.56
663.36	85.56
663.563	91.56
663.766	93.56
663.969	93.56
664.173	77.56
664.376	82.56
664.579	83.56
664.782	79.56
664.985	89.56
665.188	92.56
665.391	76.56
665.594	82.56
665.797	90.56
666	84.56
666.203	86.56
666.406	73.56
666.609	78.56
666.812	75.56
667.015	74.56
667.218	75.56
667.421	81.56
667.624	76.56
667.827	90.56
668.03	93.56
668.232	74.56
668.435	94.56
668.638	90.56
668.841	89.56
669.043	72.56
669.246	79.56
669.449	86.56
669.651	82.56
669.854	82.56
670.057	87.56
670.259	86.56
670.462	72.56
670.665	78.56
670.867	94.56
671.07	88.56
671.272	82.56
671.475	71.56
671.677	71.56
671.88	88.56
672.082	74.56
672.284	74.56
672.487	77.56
672.689	85.56
672.892	81.56
