223.165	-11.81
223.4	-11.81
223.635	-11.81
223.869	-6.81
224.104	-21.81
224.338	-16.81
224.573	-13.81
224.808	-15.81
225.042	-2.81
225.277	-7.81
225.511	3.19
225.746	-9.81
225.98	12.19
226.215	-1.81
226.449	18.19
226.683	14.19
226.918	26.19
227.152	35.19
227.387	21.19
227.621	45.19
227.856	27.19
228.09	38.19
228.324	45.19
228.559	50.19
228.793	68.19
229.027	150.19
229.262	132.19
229.496	167.19
229.73	183.19
229.964	225.19
230.199	183.19
230.433	152.19
230.667	151.19
230.901	173.19
231.136	159.19
231.37	174.19
231.604	159.19
231.838	164.19
232.072	148.19
232.306	163.19
232.541	161.19
232.775	187.19
233.009	165.19
233.243	165.19
233.477	152.19
233.711	158.19
233.945	178.19
234.179	160.19
234.413	174.19
234.647	157.19
234.881	178.19
235.115	169.19
235.349	188.19
235.583	198.19
235.817	168.19
236.051	161.19
236.285	184.19
236.519	184.19
236.753	177.19
236.987	210.19
237.221	256.19
237.455	322.19
237.689	244.19
237.922	202.19
238.156	188.19
238.39	184.19
238.624	184.19
238.858	201.19
239.091	179.19
239.325	197.19
239.559	198.19
239.793	207.19
240.027	203.19
240.26	213.19
240.494	231.19
240.728	228.19
240.961	205.19
241.195	225.19
241.429	222.19
241.662	210.19
241.896	206.19
242.13	210.19
242.363	211.19
242.597	224.19
242.83	224.19
243.064	237.19
243.298	230.19
243.531	228.19
243.765	224.19
243.998	224.19
244.232	218.19
244.465	223.19
244.699	237.19
244.932	230.19
245.166	233.19
245.399	253.19
245.633	254.19
245.866	250.19
246.099	239.19
246.333	237.19
246.566	276.19
246.8	270.19
247.033	255.19
247.266	275.19
247.5	266.19
247.733	268.19
247.966	273.19
248.2	290.19
248.433	294.19
248.666	286.19
248.899	292.19
249.133	309.19
249.366	338.19
249.599	333.19
249.832	345.19
250.066	352.19
250.299	393.19
250.532	481.19
250.765	542.19
250.998	492.19
251.231	435.19
251.465	405.19
251.698	370.19
251.931	380.19
252.164	343.19
252.397	372.19
252.63	342.19
252.863	356.19
253.096	355.19
253.329	391.19
253.562	362.19
253.795	369.19
254.028	384.19
254.261	377.19
254.494	387.19
254.727	420.19
254.96	435.19
255.193	439.19
255.426	438.19
255.659	491.19
255.892	613.19
256.124	816.19
256.357	832.19
256.59	694.19
256.823	572.19
257.056	530.19
257.289	463.19
257.521	452.19
257.754	454.19
257.987	430.19
258.22	426.19
258.452	410.19
258.685	408.19
258.918	397.19
259.151	399.19
259.383	404.19
259.616	373.19
259.849	378.19
260.081	390.19
260.314	414.19
260.547	426.19
260.779	427.19
261.012	432.19
261.244	417.19
261.477	408.19
261.71	400.19
261.942	425.19
262.175	420.19
262.407	410.19
262.64	392.19
262.872	389.19
263.105	370.19
263.337	392.19
263.57	373.19
263.802	393.19
264.035	375.19
264.267	392.19
264.499	362.19
264.732	380.19
264.964	402.19
265.197	385.19
265.429	373.19
265.661	397.19
265.894	372.19
266.126	404.19
266.358	379.19
266.591	380.19
266.823	413.19
267.055	424.19
267.287	417.19
267.52	427.19
267.752	407.19
267.984	399.19
268.216	435.19
268.448	415.19
268.681	419.19
268.913	448.19
269.145	448.19
269.377	460.19
269.609	453.19
269.841	460.19
270.073	454.19
270.306	469.19
270.538	478.19
270.77	467.19
271.002	472.19
271.234	496.19
271.466	469.19
271.698	507.19
271.93	498.19
272.162	510.19
272.394	499.19
272.626	520.19
272.858	474.19
273.09	472.19
273.322	478.19
273.553	476.19
273.785	499.19
274.017	498.19
274.249	494.19
274.481	476.19
274.713	482.19
274.945	526.19
275.176	488.19
275.408	512.19
275.64	502.19
275.872	525.19
276.104	544.19
276.335	507.19
276.567	550.19
276.799	562.19
277.031	624.19
277.262	640.19
277.494	638.19
277.726	588.19
277.957	574.19
278.189	549.19
278.421	546.19
278.652	535.19
278.884	535.19
279.115	538.19
279.347	552.19
279.579	567.19
279.81	556.19
280.042	600.19
280.273	662.19
280.505	653.19
280.736	602.19
280.968	591.19
281.199	564.19
281.431	558.19
281.662	557.19
281.894	561.19
282.125	567.19
282.356	582.19
282.588	602.19
282.819	604.19
283.051	550.19
283.282	534.19
283.513	556.19
283.745	562.19
283.976	566.19
284.207	558.19
284.439	566.19
284.67	558.19
284.901	553.19
285.132	565.19
285.364	548.19
285.595	526.19
285.826	547.19
286.057	559.19
286.288	549.19
286.52	573.19
286.751	554.19
286.982	550.19
287.213	556.19
287.444	566.19
287.675	568.19
287.906	584.19
288.138	581.19
288.369	582.19
288.6	610.19
288.831	592.19
289.062	591.19
289.293	581.19
289.524	578.19
289.755	583.19
289.986	584.19
290.217	580.19
290.448	573.19
290.679	583.19
290.91	588.19
291.141	579.19
291.371	558.19
291.602	588.19
291.833	576.19
292.064	594.19
292.295	580.19
292.526	564.19
292.757	592.19
292.987	577.19
293.218	578.19
293.449	570.19
293.68	575.19
293.91	581.19
294.141	576.19
294.372	592.19
294.603	584.19
294.833	584.19
295.064	600.19
295.295	590.19
295.525	596.19
295.756	597.19
295.987	630.19
296.217	648.19
296.448	674.19
296.679	616.19
296.909	629.19
297.14	610.19
297.37	615.19
297.601	630.19
297.831	630.19
298.062	634.19
298.292	620.19
298.523	634.19
298.753	615.19
298.984	652.19
299.214	652.19
299.445	624.19
299.675	632.19
299.905	641.19
300.136	630.19
300.366	643.19
300.597	639.19
300.827	645.19
301.057	660.19
301.288	689.19
301.518	683.19
301.748	660.19
301.979	692.19
302.209	690.19
302.439	672.19
302.669	692.19
302.9	687.19
303.13	674.19
303.36	707.19
303.59	709.19
303.82	711.19
304.051	760.19
304.281	714.19
304.511	697.19
304.741	700.19
304.971	676.19
305.201	653.19
305.431	672.19
305.661	696.19
305.891	689.19
306.121	682.19
306.352	684.19
306.582	706.19
306.812	709.19
307.042	717.19
307.272	741.19
307.502	774.19
307.731	772.19
307.961	761.19
308.191	707.19
308.421	717.19
308.651	735.19
308.881	715.19
309.111	719.19
309.341	747.19
309.571	746.19
309.8	746.19
310.03	767.19
310.26	769.19
310.49	752.19
310.72	808.19
310.949	814.19
311.179	844.19
311.409	792.19
311.639	747.19
311.868	803.19
312.098	785.19
312.328	789.19
312.557	815.19
312.787	853.19
313.017	845.19
313.246	854.19
313.476	803.19
313.706	802.19
313.935	827.19
314.165	834.19
314.394	855.19
314.624	860.19
314.853	815.19
315.083	810.19
315.312	834.19
315.542	819.19
315.771	800.19
316.001	797.19
316.23	816.19
316.46	814.19
316.689	828.19
316.919	829.19
317.148	839.19
317.377	833.19
317.607	818.19
317.836	816.19
318.065	860.19
318.295	838.19
318.524	817.19
318.753	810.19
318.983	839.19
319.212	835.19
319.441	847.19
319.67	847.19
319.9	856.19
320.129	868.19
320.358	862.19
320.587	882.19
320.816	880.19
321.046	912.19
321.275	911.19
321.504	901.19
321.733	891.19
321.962	912.19
322.191	932.19
322.42	960.19
322.649	982.19
322.878	996.19
323.108	1033.19
323.337	1101.19
323.566	1113.19
323.795	1179.19
324.024	1284.19
324.253	1570.19
324.482	2159.19
324.71	3294.19
324.939	4599.19
325.168	3768.19
325.397	2024.19
325.626	1520.19
325.855	1359.19
326.084	1264.19
326.313	1243.19
326.542	1295.19
326.77	1371.19
326.999	1587.19
327.228	2139.19
327.457	3135.19
327.686	3671.19
327.914	2618.19
328.143	2215.19
328.372	2307.19
328.6	2094.19
328.829	1676.19
329.058	1638.19
329.287	1626.19
329.515	1710.19
329.744	1821.19
329.972	2170.19
330.201	2914.19
330.43	3598.19
330.658	2983.19
330.887	2106.19
331.115	1756.19
331.344	1528.19
331.572	1436.19
331.801	1461.19
332.03	1437.19
332.258	1387.19
332.486	1409.19
332.715	1417.19
332.943	1476.19
333.172	1532.19
333.4	1646.19
333.629	1801.19
333.857	2030.19
334.085	2405.19
334.314	3248.19
334.542	4391.19
334.771	4789.19
334.999	3022.19
335.227	2013.19
335.455	1724.19
335.684	1532.19
335.912	1433.19
336.14	1402.19
336.369	1324.19
336.597	1286.19
336.825	1298.19
337.053	1282.19
337.281	1206.19
337.51	1195.19
337.738	1203.19
337.966	1172.19
338.194	1141.19
338.422	1138.19
338.65	1111.19
338.878	1091.19
339.106	1100.19
339.334	1108.19
339.562	1064.19
339.79	1085.19
340.018	1039.19
340.246	1076.19
340.474	1078.19
340.702	1042.19
340.93	1039.19
341.158	1025.19
341.386	1057.19
341.614	1052.19
341.842	1024.19
342.07	1031.19
342.298	1002.19
342.526	1010.19
342.754	999.19
342.981	1008.19
343.209	1027.19
343.437	1034.19
343.665	1082.19
343.893	1125.19
344.12	1116.19
344.348	1110.19
344.576	1086.19
344.804	1083.19
345.031	1060.19
345.259	1062.19
345.487	1009.19
345.714	1037.19
345.942	1029.19
346.17	1020.19
346.397	992.19
346.625	969.19
346.853	988.19
347.08	992.19
347.308	999.19
347.535	1005.19
347.763	995.19
347.99	1016.19
348.218	981.19
348.445	1040.19
348.673	974.19
348.9	1006.19
349.128	957.19
349.355	939.19
349.583	976.19
349.81	963.19
350.037	970.19
350.265	973.19
350.492	987.19
350.72	944.19
350.947	948.19
351.174	1010.19
351.402	1004.19
351.629	983.19
351.856	973.19
352.083	1008.19
352.311	999.19
352.538	1032.19
352.765	995.19
352.992	999.19
353.22	1000.19
353.447	1026.19
353.674	950.19
353.901	940.19
354.128	935.19
354.355	952.19
354.583	953.19
354.81	956.19
355.037	922.19
355.264	926.19
355.491	921.19
355.718	942.19
355.945	946.19
356.172	945.19
356.399	966.19
356.626	956.19
356.853	984.19
357.08	944.19
357.307	931.19
357.534	926.19
357.761	943.19
357.988	970.19
358.215	946.19
358.441	980.19
358.668	978.19
358.895	971.19
359.122	965.19
359.349	977.19
359.576	995.19
359.802	1049.19
360.029	1097.19
360.256	1127.19
360.483	1079.19
360.709	1021.19
360.936	998.19
361.163	1004.19
361.39	994.19
361.616	1048.19
361.843	1042.19
362.07	996.19
362.296	1034.19
362.523	1009.19
362.749	1003.19
362.976	997.19
363.203	979.19
363.429	981.19
363.656	1008.19
363.882	971.19
364.109	991.19
364.335	995.19
364.562	983.19
364.788	983.19
365.015	998.19
365.241	997.19
365.468	994.19
365.694	989.19
365.92	1014.19
366.147	982.19
366.373	989.19
366.599	1003.19
366.826	957.19
367.052	950.19
367.278	979.19
367.505	998.19
367.731	1000.19
367.957	1002.19
368.184	969.19
368.41	1005.19
368.636	1046.19
368.862	1022.19
369.089	1008.19
369.315	1029.19
369.541	1008.19
369.767	1006.19
369.993	1011.19
370.219	1010.19
370.445	1018.19
370.672	1038.19
370.898	1014.19
371.124	1053.19
371.35	1024.19
371.576	1029.19
371.802	1031.19
372.028	1019.19
372.254	1045.19
372.48	1019.19
372.706	1068.19
372.932	1062.19
373.158	1070.19
373.384	1070.19
373.61	1068.19
373.835	1060.19
374.061	1054.19
374.287	1078.19
374.513	1073.19
374.739	1105.19
374.965	1129.19
375.191	1120.19
375.416	1118.19
375.642	1091.19
375.868	1090.19
376.094	1050.19
376.319	1053.19
376.545	1058.19
376.771	1054.19
376.997	1044.19
377.222	1024.19
377.448	1028.19
377.674	1048.19
377.899	1015.19
378.125	1035.19
378.35	1042.19
378.576	1003.19
378.802	1021.19
379.027	1036.19
379.253	1052.19
379.478	1033.19
379.704	1031.19
379.929	1025.19
380.155	1031.19
380.38	1045.19
380.606	1059.19
380.831	1079.19
381.057	1038.19
381.282	1036.19
381.507	1039.19
381.733	1079.19
381.958	1075.19
382.184	1067.19
382.409	1085.19
382.634	1122.19
382.86	1107.19
383.085	1142.19
383.31	1082.19
383.535	1119.19
383.761	1131.19
383.986	1148.19
384.211	1138.19
384.436	1180.19
384.662	1181.19
384.887	1191.19
385.112	1218.19
385.337	1187.19
385.562	1196.19
385.787	1224.19
386.013	1240.19
386.238	1248.19
386.463	1245.19
386.688	1216.19
386.913	1196.19
387.138	1206.19
387.363	1195.19
387.588	1178.19
387.813	1219.19
388.038	1191.19
388.263	1216.19
388.488	1217.19
388.713	1215.19
388.938	1222.19
389.163	1203.19
389.387	1209.19
389.612	1188.19
389.837	1214.19
390.062	1181.19
390.287	1183.19
390.512	1199.19
390.736	1213.19
390.961	1235.19
391.186	1247.19
391.411	1226.19
391.636	1307.19
391.86	1322.19
392.085	1360.19
392.31	1329.19
392.534	1331.19
392.759	1331.19
392.984	1288.19
393.208	1279.19
393.433	1260.19
393.658	1294.19
393.882	1284.19
394.107	1304.19
394.331	1294.19
394.556	1275.19
394.78	1292.19
395.005	1290.19
395.229	1299.19
395.454	1339.19
395.678	1324.19
395.903	1363.19
396.127	1347.19
396.352	1333.19
396.576	1314.19
396.801	1311.19
397.025	1310.19
397.249	1338.19
397.474	1349.19
397.698	1381.19
397.922	1363.19
398.147	1397.19
398.371	1412.19
398.595	1429.19
398.82	1498.19
399.044	1561.19
399.268	1678.19
399.492	1880.19
399.717	2083.19
399.941	2071.19
400.165	1939.19
400.389	1825.19
400.613	1703.19
400.837	1622.19
401.062	1574.19
401.286	1515.19
401.51	1546.19
401.734	1564.19
401.958	1551.19
402.182	1552.19
402.406	1618.19
402.63	1649.19
402.854	1606.19
403.078	1642.19
403.302	1672.19
403.526	1688.19
403.75	1730.19
403.974	1769.19
404.198	1791.19
404.422	1819.19
404.645	1839.19
404.869	1870.19
405.093	1939.19
405.317	2068.19
405.541	2092.19
405.765	1962.19
405.988	1900.19
406.212	1876.19
406.436	1883.19
406.66	1884.19
406.883	1869.19
407.107	1948.19
407.331	2030.19
407.555	2096.19
407.778	2070.19
408.002	1965.19
408.226	1881.19
408.449	1817.19
408.673	1826.19
408.896	1860.19
409.12	1875.19
409.344	1822.19
409.567	1747.19
409.791	1722.19
410.014	1722.19
410.238	1662.19
410.461	1708.19
410.685	1681.19
410.908	1692.19
411.132	1732.19
411.355	1792.19
411.578	1741.19
411.802	1722.19
412.025	1734.19
412.249	1850.19
412.472	2000.19
412.695	2163.19
412.919	2007.19
413.142	1927.19
413.365	1889.19
413.589	1788.19
413.812	1683.19
414.035	1672.19
414.258	1657.19
414.482	1647.19
414.705	1657.19
414.928	1583.19
415.151	1619.19
415.374	1590.19
415.597	1614.19
415.821	1559.19
416.044	1564.19
416.267	1557.19
416.49	1558.19
416.713	1544.19
416.936	1573.19
417.159	1559.19
417.382	1592.19
417.605	1653.19
417.828	1693.19
418.051	1671.19
418.274	1627.19
418.497	1568.19
418.72	1633.19
418.943	1666.19
419.166	1679.19
419.389	1806.19
419.611	1825.19
419.834	1775.19
420.057	1832.19
420.28	1946.19
420.503	1938.19
420.726	1869.19
420.948	1874.19
421.171	1832.19
421.394	1784.19
421.617	1694.19
421.839	1666.19
422.062	1686.19
422.285	1663.19
422.507	1794.19
422.73	1828.19
422.953	1807.19
423.175	1703.19
423.398	1658.19
423.621	1638.19
423.843	1696.19
424.066	1727.19
424.288	1752.19
424.511	1723.19
424.733	1828.19
424.956	1926.19
425.178	1823.19
425.401	1836.19
425.623	1837.19
425.846	1681.19
426.068	1629.19
426.291	1607.19
426.513	1599.19
426.735	1611.19
426.958	1687.19
427.18	1798.19
427.402	2004.19
427.625	2176.19
427.847	2118.19
428.069	2026.19
428.292	1822.19
428.514	1659.19
428.736	1595.19
428.958	1563.19
429.181	1525.19
429.403	1502.19
429.625	1515.19
429.847	1592.19
430.069	1642.19
430.292	1633.19
430.514	1478.19
430.736	1496.19
430.958	1462.19
431.18	1471.19
431.402	1460.19
431.624	1441.19
431.846	1430.19
432.068	1424.19
432.29	1456.19
432.512	1443.19
432.734	1414.19
432.956	1450.19
433.178	1473.19
433.4	1486.19
433.622	1459.19
433.844	1426.19
434.066	1451.19
434.287	1424.19
434.509	1488.19
434.731	1541.19
434.953	1517.19
435.175	1594.19
435.397	1608.19
435.618	1583.19
435.84	1603.19
436.062	1740.19
436.284	1857.19
436.505	1650.19
436.727	1574.19
436.949	1505.19
437.17	1455.19
437.392	1446.19
437.614	1482.19
437.835	1555.19
438.057	1708.19
438.278	1830.19
438.5	1804.19
438.721	1927.19
438.943	1891.19
439.165	1597.19
439.386	1542.19
439.608	1540.19
439.829	1543.19
440.05	1588.19
440.272	1696.19
440.493	1639.19
440.715	1541.19
440.936	1501.19
441.158	1516.19
441.379	1559.19
441.6	1634.19
441.822	1658.19
442.043	1739.19
442.264	1804.19
442.486	1813.19
442.707	1680.19
442.928	1627.19
443.149	1644.19
443.371	1682.19
443.592	1777.19
443.813	1885.19
444.034	1949.19
444.255	1799.19
444.476	1699.19
444.698	1750.19
444.919	1806.19
445.14	1830.19
445.361	1741.19
445.582	1727.19
445.803	1794.19
446.024	1887.19
446.245	1882.19
446.466	1792.19
446.687	1596.19
446.908	1539.19
447.129	1483.19
447.35	1450.19
447.571	1445.19
447.792	1422.19
448.013	1420.19
448.234	1451.19
448.455	1516.19
448.675	1653.19
448.896	1838.19
449.117	1651.19
449.338	1574.19
449.559	1808.19
449.779	1886.19
450	1610.19
450.221	1460.19
450.442	1413.19
450.662	1394.19
450.883	1397.19
451.104	1440.19
451.324	1419.19
451.545	1380.19
451.766	1338.19
451.986	1301.19
452.207	1330.19
452.428	1283.19
452.648	1286.19
452.869	1296.19
453.089	1312.19
453.31	1332.19
453.53	1291.19
453.751	1254.19
453.971	1292.19
454.192	1316.19
454.412	1290.19
454.633	1288.19
454.853	1296.19
455.073	1270.19
455.294	1268.19
455.514	1377.19
455.734	1358.19
455.955	1253.19
456.175	1188.19
456.395	1205.19
456.616	1178.19
456.836	1205.19
457.056	1194.19
457.276	1194.19
457.497	1219.19
457.717	1199.19
457.937	1220.19
458.157	1232.19
458.377	1243.19
458.598	1286.19
458.818	1446.19
459.038	1621.19
459.258	1612.19
459.478	1487.19
459.698	1414.19
459.918	1464.19
460.138	1434.19
460.358	1498.19
460.578	1488.19
460.798	1533.19
461.018	1509.19
461.238	1541.19
461.458	1495.19
461.678	1525.19
461.898	1550.19
462.118	1544.19
462.338	1604.19
462.558	1597.19
462.777	1660.19
462.997	1768.19
463.217	1881.19
463.437	1903.19
463.657	1766.19
463.876	1716.19
464.096	1712.19
464.316	1712.19
464.536	1753.19
464.755	1686.19
464.975	1708.19
465.195	1759.19
465.414	1890.19
465.634	1622.19
465.854	1497.19
466.073	1462.19
466.293	1408.19
466.512	1388.19
466.732	1387.19
466.951	1340.19
467.171	1334.19
467.391	1377.19
467.61	1435.19
467.829	1508.19
468.049	1793.19
468.268	2415.19
468.488	1882.19
468.707	1578.19
468.927	1474.19
469.146	1432.19
469.365	1431.19
469.585	1379.19
469.804	1436.19
470.023	1474.19
470.243	1489.19
470.462	1465.19
470.681	1521.19
470.901	1492.19
471.12	1463.19
471.339	1472.19
471.558	1464.19
471.777	1502.19
471.997	1665.19
472.216	2329.19
472.435	4355.19
472.654	3321.19
472.873	2181.19
473.092	1821.19
473.311	1636.19
473.53	1587.19
473.749	1515.19
473.968	1524.19
474.187	1683.19
474.406	1662.19
474.625	1534.19
474.844	1447.19
475.063	1428.19
475.282	1433.19
475.501	1412.19
475.72	1437.19
475.939	1421.19
476.158	1422.19
476.377	1420.19
476.596	1418.19
476.814	1440.19
477.033	1424.19
477.252	1478.19
477.471	1500.19
477.69	1506.19
477.908	1537.19
478.127	1523.19
478.346	1581.19
478.564	1624.19
478.783	1656.19
479.002	1644.19
479.22	1674.19
479.439	1698.19
479.658	1747.19
479.876	1724.19
480.095	1788.19
480.313	1919.19
480.532	1971.19
480.751	2129.19
480.969	2738.19
481.188	5677.19
481.406	7274.19
481.624	3790.19
481.843	2773.19
482.061	2418.19
482.28	2168.19
482.498	2050.19
482.717	1918.19
482.935	1878.19
483.153	1872.19
483.372	1840.19
483.59	1752.19
483.808	1798.19
484.027	1731.19
484.245	1735.19
484.463	1720.19
484.681	1767.19
484.9	1780.19
485.118	1752.19
485.336	1748.19
485.554	1693.19
485.772	1710.19
485.99	1715.19
486.209	1762.19
486.427	1726.19
486.645	1754.19
486.863	1806.19
487.081	1795.19
487.299	1744.19
487.517	1735.19
487.735	1759.19
487.953	1767.19
488.171	1776.19
488.389	1783.19
488.607	1763.19
488.825	1719.19
489.043	1770.19
489.261	1758.19
489.479	1834.19
489.696	1850.19
489.914	1802.19
490.132	1874.19
490.35	1868.19
490.568	1912.19
490.786	2011.19
491.003	2016.19
491.221	2074.19
491.439	2219.19
491.657	2232.19
491.874	2279.19
492.092	2330.19
492.31	2337.19
492.527	2401.19
492.745	2434.19
492.963	2426.19
493.18	2432.19
493.398	2388.19
493.615	2372.19
493.833	2298.19
494.05	2283.19
494.268	2248.19
494.485	2191.19
494.703	2188.19
494.92	2181.19
495.138	2138.19
495.355	2128.19
495.573	2119.19
495.79	2088.19
496.008	2122.19
496.225	2072.19
496.442	2093.19
496.66	2043.19
496.877	2087.19
497.094	2135.19
497.312	2098.19
497.529	2102.19
497.746	2066.19
497.963	2130.19
498.181	2247.19
498.398	2246.19
498.615	2321.19
498.832	2446.19
499.049	2541.19
499.267	2629.19
499.484	2835.19
499.701	3034.19
499.918	3234.19
500.135	3545.19
500.352	3856.19
500.569	3994.19
500.786	4039.19
501.003	3771.19
501.22	3517.19
501.437	3189.19
501.654	2934.19
501.871	2738.19
502.088	2608.19
502.305	2464.19
502.522	2343.19
502.739	2286.19
502.956	2212.19
503.172	2154.19
503.389	2095.19
503.606	1995.19
503.823	2042.19
504.04	2007.19
504.256	1986.19
504.473	1983.19
504.69	2023.19
504.907	1988.19
505.123	1874.19
505.34	1850.19
505.557	1796.19
505.773	1774.19
505.99	1757.19
506.207	1757.19
506.423	1718.19
506.64	1668.19
506.856	1676.19
507.073	1690.19
507.289	1614.19
507.506	1684.19
507.722	1685.19
507.939	1685.19
508.155	1658.19
508.372	1611.19
508.588	1539.19
508.805	1566.19
509.021	1571.19
509.238	1596.19
509.454	1565.19
509.67	1598.19
509.887	1544.19
510.103	1547.19
510.319	1614.19
510.536	1907.19
510.752	3578.19
510.968	2523.19
511.184	1698.19
511.401	1605.19
511.617	1616.19
511.833	1705.19
512.049	1771.19
512.265	1696.19
512.481	1660.19
512.698	1601.19
512.914	1587.19
513.13	1567.19
513.346	1604.19
513.562	1559.19
513.778	1546.19
513.994	1567.19
514.21	1628.19
514.426	1623.19
514.642	1734.19
514.858	1820.19
515.074	1910.19
515.29	2308.19
515.506	3564.19
515.721	2731.19
515.937	1845.19
516.153	1786.19
516.369	1692.19
516.585	1686.19
516.801	1698.19
517.016	1729.19
517.232	1778.19
517.448	1760.19
517.664	1787.19
517.879	1867.19
518.095	1807.19
518.311	1820.19
518.527	1765.19
518.742	1727.19
518.958	1674.19
519.173	1618.19
519.389	1612.19
519.605	1570.19
519.82	1631.19
520.036	1599.19
520.251	1648.19
520.467	1672.19
520.682	1662.19
520.898	1659.19
521.113	1706.19
521.329	1806.19
521.544	2010.19
521.76	2574.19
521.975	4763.19
522.19	4325.19
522.406	2220.19
522.621	1726.19
522.836	1578.19
523.052	1536.19
523.267	1457.19
523.482	1408.19
523.698	1453.19
523.913	1427.19
524.128	1397.19
524.343	1378.19
524.559	1402.19
524.774	1331.19
524.989	1314.19
525.204	1338.19
525.419	1355.19
525.634	1297.19
525.849	1287.19
526.064	1316.19
526.28	1288.19
526.495	1261.19
526.71	1267.19
526.925	1260.19
527.14	1262.19
527.355	1232.19
527.57	1217.19
527.785	1233.19
527.999	1244.19
528.214	1228.19
528.429	1253.19
528.644	1260.19
528.859	1256.19
529.074	1261.19
529.289	1330.19
529.503	1484.19
529.718	1412.19
529.933	1305.19
530.148	1253.19
530.363	1251.19
530.577	1234.19
530.792	1218.19
531.007	1202.19
531.221	1208.19
531.436	1198.19
531.651	1220.19
531.865	1207.19
532.08	1223.19
532.295	1210.19
532.509	1191.19
532.724	1202.19
532.938	1222.19
533.153	1220.19
533.367	1201.19
533.582	1209.19
533.796	1162.19
534.011	1213.19
534.225	1192.19
534.44	1187.19
534.654	1142.19
534.868	1142.19
535.083	1165.19
535.297	1166.19
535.511	1160.19
535.726	1231.19
535.94	1178.19
536.154	1172.19
536.369	1154.19
536.583	1118.19
536.797	1115.19
537.011	1127.19
537.225	1126.19
537.44	1133.19
537.654	1128.19
537.868	1105.19
538.082	1109.19
538.296	1126.19
538.51	1071.19
538.724	1116.19
538.938	1127.19
539.153	1101.19
539.367	1141.19
539.581	1123.19
539.795	1125.19
540.009	1115.19
540.222	1100.19
540.436	1107.19
540.65	1104.19
540.864	1101.19
541.078	1139.19
541.292	1135.19
541.506	1091.19
541.72	1134.19
541.934	1136.19
542.147	1128.19
542.361	1152.19
542.575	1086.19
542.789	1111.19
543.002	1083.19
543.216	1069.19
543.43	1125.19
543.644	1105.19
543.857	1095.19
544.071	1107.19
544.285	1112.19
544.498	1070.19
544.712	1104.19
544.925	1100.19
545.139	1100.19
545.352	1131.19
545.566	1124.19
545.779	1117.19
545.993	1108.19
546.206	1124.19
546.42	1100.19
546.633	1119.19
546.847	1106.19
547.06	1094.19
547.274	1125.19
547.487	1111.19
547.7	1110.19
547.914	1115.19
548.127	1127.19
548.34	1114.19
548.554	1090.19
548.767	1122.19
548.98	1105.19
549.193	1090.19
549.407	1101.19
549.62	1115.19
549.833	1123.19
550.046	1117.19
550.259	1105.19
550.473	1067.19
550.686	1074.19
550.899	1075.19
551.112	1037.19
551.325	1042.19
551.538	1059.19
551.751	1074.19
551.964	1014.19
552.177	1061.19
552.39	1071.19
552.603	1118.19
552.816	1110.19
553.029	1119.19
553.242	1168.19
553.455	1182.19
553.667	1196.19
553.88	1157.19
554.093	1143.19
554.306	1126.19
554.519	1105.19
554.732	1069.19
554.944	1088.19
555.157	1031.19
555.37	1039.19
555.583	1022.19
555.795	1002.19
556.008	962.19
556.221	967.19
556.433	974.19
556.646	955.19
556.859	984.19
557.071	966.19
557.284	944.19
557.496	954.19
557.709	936.19
557.921	923.19
558.134	963.19
558.346	909.19
558.559	915.19
558.771	941.19
558.984	911.19
559.196	903.19
559.409	910.19
559.621	896.19
559.833	897.19
560.046	923.19
560.258	915.19
560.47	903.19
560.683	924.19
560.895	914.19
561.107	898.19
561.32	894.19
561.532	907.19
561.744	890.19
561.956	891.19
562.168	921.19
562.381	889.19
562.593	848.19
562.805	925.19
563.017	889.19
563.229	868.19
563.441	868.19
563.653	880.19
563.865	878.19
564.077	918.19
564.289	896.19
564.501	887.19
564.713	923.19
564.925	917.19
565.137	948.19
565.349	986.19
565.561	972.19
565.773	988.19
565.985	1040.19
566.197	1099.19
566.408	1125.19
566.62	1182.19
566.832	1241.19
567.044	1316.19
567.255	1276.19
567.467	1250.19
567.679	1361.19
567.891	1415.19
568.102	1434.19
568.314	1370.19
568.526	1240.19
568.737	1148.19
568.949	1093.19
569.161	1006.19
569.372	963.19
569.584	965.19
569.795	917.19
570.007	919.19
570.218	981.19
570.43	935.19
570.641	839.19
570.853	859.19
571.064	852.19
571.276	874.19
571.487	859.19
571.698	796.19
571.91	784.19
572.121	791.19
572.333	787.19
572.544	762.19
572.755	720.19
572.966	728.19
573.178	731.19
573.389	719.19
573.6	738.19
573.811	709.19
574.023	718.19
574.234	700.19
574.445	707.19
574.656	701.19
574.867	721.19
575.078	714.19
575.289	710.19
575.501	708.19
575.712	669.19
575.923	688.19
576.134	655.19
576.345	678.19
576.556	672.19
576.767	711.19
576.978	686.19
577.188	667.19
577.399	652.19
577.61	656.19
577.821	685.19
578.032	675.19
578.243	762.19
578.454	1252.19
578.665	886.19
578.875	690.19
579.086	640.19
579.297	634.19
579.508	604.19
579.718	636.19
579.929	627.19
580.14	624.19
580.35	611.19
580.561	608.19
580.772	601.19
580.982	622.19
581.193	611.19
581.403	604.19
581.614	601.19
581.825	612.19
582.035	613.19
582.246	575.19
582.456	600.19
582.667	607.19
582.877	602.19
583.087	581.19
583.298	614.19
583.508	575.19
583.719	605.19
583.929	599.19
584.139	587.19
584.35	594.19
584.56	588.19
584.77	586.19
584.981	595.19
585.191	566.19
585.401	567.19
585.611	557.19
585.821	560.19
586.032	576.19
586.242	610.19
586.452	566.19
586.662	567.19
586.872	554.19
587.082	541.19
587.292	571.19
587.502	551.19
587.713	567.19
587.923	549.19
588.133	556.19
588.343	558.19
588.553	558.19
588.762	564.19
588.972	558.19
589.182	596.19
589.392	565.19
589.602	591.19
589.812	604.19
590.022	587.19
590.232	561.19
590.441	579.19
590.651	559.19
590.861	562.19
591.071	576.19
591.281	552.19
591.49	580.19
591.7	594.19
591.91	596.19
592.119	606.19
592.329	589.19
592.539	626.19
592.748	630.19
592.958	636.19
593.167	636.19
593.377	662.19
593.587	675.19
593.796	676.19
594.006	653.19
594.215	682.19
594.424	685.19
594.634	657.19
594.843	652.19
595.053	630.19
595.262	627.19
595.472	596.19
595.681	576.19
595.89	551.19
596.1	548.19
596.309	548.19
596.518	535.19
596.727	534.19
596.937	539.19
597.146	524.19
597.355	519.19
597.564	511.19
597.774	524.19
597.983	514.19
598.192	508.19
598.401	493.19
598.61	494.19
598.819	475.19
599.028	492.19
599.237	494.19
599.446	475.19
599.655	489.19
599.864	483.19
600.073	480.19
600.282	497.19
600.491	483.19
600.7	495.19
600.909	479.19
601.118	487.19
601.327	491.19
601.536	491.19
601.745	492.19
601.953	479.19
602.162	486.19
602.371	519.19
602.58	489.19
602.789	473.19
602.997	481.19
603.206	496.19
603.415	484.19
603.623	494.19
603.832	475.19
604.041	446.19
604.249	469.19
604.458	476.19
604.666	473.19
604.875	459.19
605.084	466.19
605.292	475.19
605.501	466.19
605.709	470.19
605.918	474.19
606.126	471.19
606.334	466.19
606.543	466.19
606.751	470.19
606.96	470.19
607.168	459.19
607.376	454.19
607.585	456.19
607.793	447.19
608.001	468.19
608.21	460.19
608.418	447.19
608.626	469.19
608.834	449.19
609.043	447.19
609.251	485.19
609.459	475.19
609.667	451.19
609.875	477.19
610.083	464.19
610.291	447.19
610.499	446.19
610.707	454.19
610.916	437.19
611.124	467.19
611.332	464.19
611.54	433.19
611.748	444.19
611.955	462.19
612.163	442.19
612.371	449.19
612.579	432.19
612.787	446.19
612.995	451.19
613.203	433.19
613.411	443.19
613.618	424.19
613.826	444.19
614.034	441.19
614.242	432.19
614.449	440.19
614.657	430.19
614.865	423.19
615.072	424.19
615.28	429.19
615.488	435.19
615.695	427.19
615.903	423.19
616.111	452.19
616.318	453.19
616.526	439.19
616.733	442.19
616.941	414.19
617.148	425.19
617.356	418.19
617.563	436.19
617.771	432.19
617.978	391.19
618.185	414.19
618.393	421.19
618.6	441.19
618.807	432.19
619.015	421.19
619.222	414.19
619.429	395.19
619.637	415.19
619.844	393.19
620.051	407.19
620.258	401.19
620.466	387.19
620.673	388.19
620.88	384.19
621.087	387.19
621.294	383.19
621.501	408.19
621.708	392.19
621.915	388.19
622.122	389.19
622.329	372.19
622.536	393.19
622.743	396.19
622.95	379.19
623.157	387.19
623.364	384.19
623.571	395.19
623.778	380.19
623.985	372.19
624.192	363.19
624.399	373.19
624.606	362.19
624.812	380.19
625.019	382.19
625.226	371.19
625.433	368.19
625.639	368.19
625.846	352.19
626.053	344.19
626.259	344.19
626.466	352.19
626.673	323.19
626.879	346.19
627.086	342.19
627.293	334.19
627.499	333.19
627.706	342.19
627.912	357.19
628.119	357.19
628.325	340.19
628.532	348.19
628.738	352.19
628.945	367.19
629.151	339.19
629.357	322.19
629.564	328.19
629.77	326.19
629.976	344.19
630.183	329.19
630.389	339.19
630.595	338.19
630.802	327.19
631.008	314.19
631.214	317.19
631.42	318.19
631.627	332.19
631.833	317.19
632.039	324.19
632.245	305.19
632.451	328.19
632.657	312.19
632.863	316.19
633.069	320.19
633.275	332.19
633.481	317.19
633.688	323.19
633.893	327.19
634.099	313.19
634.305	316.19
634.511	319.19
634.717	325.19
634.923	311.19
635.129	326.19
635.335	304.19
635.541	311.19
635.747	341.19
635.952	339.19
636.158	373.19
636.364	510.19
636.57	606.19
636.775	467.19
636.981	384.19
637.187	379.19
637.392	346.19
637.598	341.19
637.804	332.19
638.009	332.19
638.215	332.19
638.421	312.19
638.626	315.19
638.832	318.19
639.037	310.19
639.243	290.19
639.448	306.19
639.654	290.19
639.859	292.19
640.065	273.19
640.27	295.19
640.475	290.19
640.681	269.19
640.886	266.19
641.091	295.19
641.297	285.19
641.502	289.19
641.707	292.19
641.913	284.19
642.118	258.19
642.323	275.19
642.528	274.19
642.733	278.19
642.939	283.19
643.144	278.19
643.349	269.19
643.554	265.19
643.759	264.19
643.964	262.19
644.169	261.19
644.374	256.19
644.579	281.19
644.784	270.19
644.989	269.19
645.194	276.19
645.399	262.19
645.604	264.19
645.809	271.19
646.014	245.19
646.219	263.19
646.423	269.19
646.628	252.19
646.833	270.19
647.038	268.19
647.243	299.19
647.447	274.19
647.652	261.19
647.857	260.19
648.062	277.19
648.266	270.19
648.471	268.19
648.676	265.19
648.88	262.19
649.085	275.19
649.289	277.19
649.494	277.19
649.698	287.19
649.903	299.19
650.107	262.19
650.312	250.19
650.516	255.19
650.721	257.19
650.925	234.19
651.13	222.19
651.334	223.19
651.539	240.19
651.743	227.19
651.947	210.19
652.152	217.19
652.356	226.19
652.56	227.19
652.764	228.19
652.969	201.19
653.173	205.19
653.377	198.19
653.581	206.19
653.785	214.19
653.99	206.19
654.194	205.19
654.398	214.19
654.602	204.19
654.806	208.19
655.01	207.19
655.214	204.19
655.418	194.19
655.622	202.19
655.826	213.19
656.03	198.19
656.234	200.19
656.438	183.19
656.642	188.19
656.846	197.19
657.049	192.19
657.253	186.19
657.457	180.19
657.661	160.19
657.865	158.19
658.068	130.19
658.272	145.19
658.476	133.19
658.68	128.19
658.883	128.19
659.087	117.19
659.291	125.19
659.494	118.19
659.698	114.19
659.901	121.19
660.105	117.19
660.309	111.19
660.512	107.19
660.716	108.19
660.919	107.19
661.123	104.19
661.326	101.19
661.53	100.19
661.733	112.19
661.936	96.19
662.14	87.19
662.343	96.19
662.546	86.19
662.75	114.19
662.953	95.19
663.156	90.19
663.36	98.19
663.563	80.19
663.766	75.19
663.969	66.19
664.173	74.19
664.376	98.19
664.579	70.19
664.782	97.19
664.985	79.19
665.188	86.19
665.391	84.19
665.594	80.19
665.797	80.19
666	76.19
666.203	84.19
666.406	72.19
666.609	89.19
666.812	97.19
667.015	87.19
667.218	87.19
667.421	90.19
667.624	82.19
667.827	75.19
668.03	83.19
668.232	69.19
668.435	94.19
668.638	90.19
668.841	83.19
669.043	84.19
669.246	77.19
669.449	73.19
669.651	73.19
669.854	69.19
670.057	81.19
670.259	71.19
670.462	79.19
670.665	83.19
670.867	79.19
671.07	87.19
671.272	78.19
671.475	85.19
671.677	81.19
671.88	88.19
672.082	75.19
672.284	76.19
672.487	77.19
672.689	80.19
672.892	69.19
