223.165	-22.31
223.4	-22.31
223.635	-22.31
223.869	-13.31
224.104	-17.31
224.338	-3.31
224.573	-14.31
224.808	-13.31
225.042	-13.31
225.277	-0.31
225.511	-12.31
225.746	2.69
225.98	6.69
226.215	9.69
226.449	9.69
226.683	16.69
226.918	18.69
227.152	45.69
227.387	33.69
227.621	33.69
227.856	31.69
228.09	43.69
228.324	50.69
228.559	54.69
228.793	73.69
229.027	127.69
229.262	126.69
229.496	158.69
229.73	170.69
229.964	209.69
230.199	177.69
230.433	155.69
230.667	161.69
230.901	145.69
231.136	147.69
231.37	156.69
231.604	152.69
231.838	154.69
232.072	135.69
232.306	152.69
232.541	156.69
232.775	147.69
233.009	164.69
233.243	162.69
233.477	149.69
233.711	151.69
233.945	158.69
234.179	165.69
234.413	156.69
234.647	153.69
234.881	162.69
235.115	158.69
235.349	148.69
235.583	183.69
235.817	166.69
236.051	162.69
236.285	156.69
236.519	163.69
236.753	170.69
236.987	198.69
237.221	235.69
237.455	289.69
237.689	234.69
237.922	185.69
238.156	182.69
238.39	201.69
238.624	181.69
238.858	182.69
239.091	171.69
239.325	182.69
239.559	194.69
239.793	202.69
240.027	191.69
240.26	204.69
240.494	216.69
240.728	221.69
240.961	182.69
241.195	203.69
241.429	206.69
241.662	209.69
241.896	194.69
242.13	203.69
242.363	208.69
242.597	206.69
242.83	218.69
243.064	220.69
243.298	195.69
243.531	220.69
243.765	223.69
243.998	214.69
244.232	220.69
244.465	228.69
244.699	240.69
244.932	210.69
245.166	232.69
245.399	223.69
245.633	236.69
245.866	219.69
246.099	223.69
246.333	237.69
246.566	237.69
246.8	236.69
247.033	263.69
247.266	249.69
247.5	256.69
247.733	252.69
247.966	254.69
248.2	269.69
248.433	280.69
248.666	279.69
248.899	284.69
249.133	299.69
249.366	325.69
249.599	313.69
249.832	307.69
250.066	324.69
250.299	366.69
250.532	463.69
250.765	506.69
250.998	464.69
251.231	415.69
251.465	367.69
251.698	357.69
251.931	326.69
252.164	325.69
252.397	328.69
252.63	330.69
252.863	332.69
253.096	330.69
253.329	338.69
253.562	347.69
253.795	350.69
254.028	336.69
254.261	371.69
254.494	361.69
254.727	407.69
254.96	404.69
255.193	408.69
255.426	432.69
255.659	461.69
255.892	581.69
256.124	772.69
256.357	825.69
256.59	672.69
256.823	533.69
257.056	484.69
257.289	457.69
257.521	425.69
257.754	418.69
257.987	400.69
258.22	400.69
258.452	375.69
258.685	376.69
258.918	370.69
259.151	383.69
259.383	361.69
259.616	348.69
259.849	372.69
260.081	386.69
260.314	401.69
260.547	390.69
260.779	378.69
261.012	388.69
261.244	395.69
261.477	379.69
261.71	368.69
261.942	381.69
262.175	380.69
262.407	398.69
262.64	371.69
262.872	365.69
263.105	382.69
263.337	364.69
263.57	346.69
263.802	362.69
264.035	356.69
264.267	353.69
264.499	353.69
264.732	342.69
264.964	383.69
265.197	356.69
265.429	398.69
265.661	373.69
265.894	382.69
266.126	377.69
266.358	383.69
266.591	391.69
266.823	396.69
267.055	391.69
267.287	390.69
267.52	376.69
267.752	371.69
267.984	389.69
268.216	374.69
268.448	394.69
268.681	382.69
268.913	404.69
269.145	435.69
269.377	445.69
269.609	440.69
269.841	450.69
270.073	425.69
270.306	444.69
270.538	476.69
270.77	455.69
271.002	439.69
271.234	464.69
271.466	457.69
271.698	473.69
271.93	451.69
272.162	468.69
272.394	456.69
272.626	476.69
272.858	463.69
273.09	453.69
273.322	462.69
273.553	456.69
273.785	479.69
274.017	475.69
274.249	454.69
274.481	467.69
274.713	460.69
274.945	481.69
275.176	480.69
275.408	476.69
275.64	479.69
275.872	485.69
276.104	501.69
276.335	509.69
276.567	497.69
276.799	526.69
277.031	589.69
277.262	598.69
277.494	584.69
277.726	565.69
277.957	537.69
278.189	540.69
278.421	505.69
278.652	513.69
278.884	514.69
279.115	509.69
279.347	508.69
279.579	504.69
279.81	533.69
280.042	560.69
280.273	626.69
280.505	598.69
280.736	570.69
280.968	542.69
281.199	520.69
281.431	520.69
281.662	522.69
281.894	508.69
282.125	510.69
282.356	531.69
282.588	577.69
282.819	586.69
283.051	539.69
283.282	527.69
283.513	514.69
283.745	519.69
283.976	523.69
284.207	518.69
284.439	530.69
284.67	511.69
284.901	516.69
285.132	511.69
285.364	535.69
285.595	506.69
285.826	514.69
286.057	544.69
286.288	537.69
286.52	524.69
286.751	526.69
286.982	535.69
287.213	530.69
287.444	542.69
287.675	544.69
287.906	543.69
288.138	578.69
288.369	553.69
288.6	542.69
288.831	547.69
289.062	540.69
289.293	551.69
289.524	556.69
289.755	564.69
289.986	535.69
290.217	537.69
290.448	544.69
290.679	545.69
290.91	522.69
291.141	542.69
291.371	528.69
291.602	542.69
291.833	542.69
292.064	567.69
292.295	533.69
292.526	557.69
292.757	548.69
292.987	549.69
293.218	559.69
293.449	533.69
293.68	550.69
293.91	552.69
294.141	557.69
294.372	554.69
294.603	535.69
294.833	562.69
295.064	536.69
295.295	556.69
295.525	562.69
295.756	582.69
295.987	579.69
296.217	623.69
296.448	638.69
296.679	587.69
296.909	596.69
297.14	595.69
297.37	570.69
297.601	580.69
297.831	582.69
298.062	586.69
298.292	573.69
298.523	589.69
298.753	591.69
298.984	581.69
299.214	592.69
299.445	605.69
299.675	598.69
299.905	630.69
300.136	620.69
300.366	597.69
300.597	606.69
300.827	618.69
301.057	654.69
301.288	662.69
301.518	632.69
301.748	627.69
301.979	649.69
302.209	673.69
302.439	660.69
302.669	642.69
302.9	627.69
303.13	648.69
303.36	680.69
303.59	690.69
303.82	684.69
304.051	676.69
304.281	680.69
304.511	634.69
304.741	676.69
304.971	657.69
305.201	642.69
305.431	633.69
305.661	643.69
305.891	634.69
306.121	666.69
306.352	681.69
306.582	672.69
306.812	658.69
307.042	694.69
307.272	699.69
307.502	727.69
307.731	736.69
307.961	705.69
308.191	681.69
308.421	671.69
308.651	650.69
308.881	671.69
309.111	682.69
309.341	671.69
309.571	707.69
309.8	717.69
310.03	717.69
310.26	716.69
310.49	708.69
310.72	739.69
310.949	773.69
311.179	740.69
311.409	731.69
311.639	726.69
311.868	729.69
312.098	743.69
312.328	774.69
312.557	795.69
312.787	782.69
313.017	796.69
313.246	783.69
313.476	728.69
313.706	744.69
313.935	789.69
314.165	797.69
314.394	801.69
314.624	767.69
314.853	767.69
315.083	793.69
315.312	745.69
315.542	765.69
315.771	755.69
316.001	755.69
316.23	721.69
316.46	732.69
316.689	771.69
316.919	775.69
317.148	793.69
317.377	796.69
317.607	801.69
317.836	782.69
318.065	775.69
318.295	782.69
318.524	801.69
318.753	774.69
318.983	809.69
319.212	773.69
319.441	797.69
319.67	813.69
319.9	814.69
320.129	795.69
320.358	796.69
320.587	836.69
320.816	839.69
321.046	829.69
321.275	848.69
321.504	834.69
321.733	837.69
321.962	872.69
322.191	876.69
322.42	915.69
322.649	932.69
322.878	932.69
323.108	938.69
323.337	1038.69
323.566	1043.69
323.795	1144.69
324.024	1210.69
324.253	1393.69
324.482	1980.69
324.71	2975.69
324.939	4107.69
325.168	3376.69
325.397	1834.69
325.626	1396.69
325.855	1221.69
326.084	1185.69
326.313	1184.69
326.542	1198.69
326.77	1250.69
326.999	1464.69
327.228	1928.69
327.457	2872.69
327.686	3380.69
327.914	2364.69
328.143	2038.69
328.372	2132.69
328.6	1931.69
328.829	1540.69
329.058	1466.69
329.287	1498.69
329.515	1524.69
329.744	1635.69
329.972	2003.69
330.201	2692.69
330.43	3308.69
330.658	2802.69
330.887	1948.69
331.115	1618.69
331.344	1410.69
331.572	1367.69
331.801	1324.69
332.03	1330.69
332.258	1320.69
332.486	1286.69
332.715	1321.69
332.943	1340.69
333.172	1409.69
333.4	1538.69
333.629	1644.69
333.857	1868.69
334.085	2283.69
334.314	2981.69
334.542	4024.69
334.771	4400.69
334.999	2742.69
335.227	1866.69
335.455	1589.69
335.684	1420.69
335.912	1367.69
336.14	1272.69
336.369	1221.69
336.597	1233.69
336.825	1218.69
337.053	1152.69
337.281	1140.69
337.51	1105.69
337.738	1124.69
337.966	1096.69
338.194	1104.69
338.422	1080.69
338.65	1053.69
338.878	1051.69
339.106	1033.69
339.334	1011.69
339.562	1013.69
339.79	1002.69
340.018	986.69
340.246	1005.69
340.474	992.69
340.702	949.69
340.93	969.69
341.158	957.69
341.386	968.69
341.614	988.69
341.842	988.69
342.07	972.69
342.298	991.69
342.526	923.69
342.754	918.69
342.981	928.69
343.209	958.69
343.437	985.69
343.665	1029.69
343.893	1072.69
344.12	1068.69
344.348	1039.69
344.576	1019.69
344.804	1016.69
345.031	1009.69
345.259	997.69
345.487	953.69
345.714	982.69
345.942	955.69
346.17	931.69
346.397	930.69
346.625	942.69
346.853	925.69
347.08	888.69
347.308	938.69
347.535	946.69
347.763	937.69
347.99	940.69
348.218	961.69
348.445	965.69
348.673	952.69
348.9	917.69
349.128	930.69
349.355	899.69
349.583	902.69
349.81	918.69
350.037	902.69
350.265	903.69
350.492	912.69
350.72	914.69
350.947	920.69
351.174	956.69
351.402	959.69
351.629	962.69
351.856	933.69
352.083	942.69
352.311	934.69
352.538	946.69
352.765	952.69
352.992	930.69
353.22	948.69
353.447	951.69
353.674	900.69
353.901	900.69
354.128	889.69
354.355	872.69
354.583	896.69
354.81	913.69
355.037	879.69
355.264	912.69
355.491	894.69
355.718	890.69
355.945	884.69
356.172	899.69
356.399	865.69
356.626	912.69
356.853	882.69
357.08	889.69
357.307	887.69
357.534	899.69
357.761	887.69
357.988	894.69
358.215	903.69
358.441	906.69
358.668	922.69
358.895	911.69
359.122	939.69
359.349	920.69
359.576	945.69
359.802	1003.69
360.029	1053.69
360.256	1028.69
360.483	990.69
360.709	980.69
360.936	919.69
361.163	938.69
361.39	953.69
361.616	967.69
361.843	962.69
362.07	960.69
362.296	966.69
362.523	932.69
362.749	943.69
362.976	961.69
363.203	961.69
363.429	927.69
363.656	936.69
363.882	952.69
364.109	910.69
364.335	915.69
364.562	920.69
364.788	894.69
365.015	894.69
365.241	926.69
365.468	958.69
365.694	965.69
365.92	957.69
366.147	958.69
366.373	942.69
366.599	921.69
366.826	916.69
367.052	946.69
367.278	950.69
367.505	946.69
367.731	941.69
367.957	930.69
368.184	968.69
368.41	969.69
368.636	979.69
368.862	981.69
369.089	976.69
369.315	955.69
369.541	960.69
369.767	997.69
369.993	977.69
370.219	970.69
370.445	959.69
370.672	965.69
370.898	964.69
371.124	978.69
371.35	978.69
371.576	980.69
371.802	992.69
372.028	995.69
372.254	986.69
372.48	977.69
372.706	1010.69
372.932	1012.69
373.158	1031.69
373.384	1003.69
373.61	989.69
373.835	973.69
374.061	995.69
374.287	995.69
374.513	1029.69
374.739	1039.69
374.965	1036.69
375.191	1080.69
375.416	1077.69
375.642	1017.69
375.868	1016.69
376.094	1034.69
376.319	994.69
376.545	1011.69
376.771	986.69
376.997	981.69
377.222	992.69
377.448	959.69
377.674	985.69
377.899	973.69
378.125	979.69
378.35	966.69
378.576	957.69
378.802	1005.69
379.027	980.69
379.253	967.69
379.478	975.69
379.704	979.69
379.929	966.69
380.155	957.69
380.38	1007.69
380.606	1007.69
380.831	1001.69
381.057	962.69
381.282	974.69
381.507	988.69
381.733	977.69
381.958	1017.69
382.184	1008.69
382.409	990.69
382.634	1021.69
382.86	1045.69
383.085	1024.69
383.31	1041.69
383.535	1065.69
383.761	1037.69
383.986	1073.69
384.211	1090.69
384.436	1085.69
384.662	1089.69
384.887	1144.69
385.112	1106.69
385.337	1131.69
385.562	1131.69
385.787	1140.69
386.013	1153.69
386.238	1153.69
386.463	1177.69
386.688	1158.69
386.913	1145.69
387.138	1139.69
387.363	1156.69
387.588	1146.69
387.813	1143.69
388.038	1115.69
388.263	1141.69
388.488	1124.69
388.713	1129.69
388.938	1131.69
389.163	1166.69
389.387	1134.69
389.612	1113.69
389.837	1109.69
390.062	1120.69
390.287	1139.69
390.512	1132.69
390.736	1110.69
390.961	1163.69
391.186	1170.69
391.411	1211.69
391.636	1224.69
391.86	1247.69
392.085	1259.69
392.31	1275.69
392.534	1246.69
392.759	1239.69
392.984	1211.69
393.208	1220.69
393.433	1189.69
393.658	1224.69
393.882	1208.69
394.107	1200.69
394.331	1200.69
394.556	1205.69
394.78	1181.69
395.005	1246.69
395.229	1248.69
395.454	1255.69
395.678	1245.69
395.903	1284.69
396.127	1310.69
396.352	1247.69
396.576	1227.69
396.801	1226.69
397.025	1218.69
397.249	1258.69
397.474	1290.69
397.698	1306.69
397.922	1313.69
398.147	1338.69
398.371	1330.69
398.595	1363.69
398.82	1425.69
399.044	1520.69
399.268	1598.69
399.492	1788.69
399.717	1966.69
399.941	1953.69
400.165	1840.69
400.389	1731.69
400.613	1601.69
400.837	1534.69
401.062	1476.69
401.286	1477.69
401.51	1446.69
401.734	1458.69
401.958	1454.69
402.182	1489.69
402.406	1496.69
402.63	1555.69
402.854	1510.69
403.078	1563.69
403.302	1594.69
403.526	1634.69
403.75	1605.69
403.974	1651.69
404.198	1686.69
404.422	1675.69
404.645	1737.69
404.869	1746.69
405.093	1883.69
405.317	1997.69
405.541	2007.69
405.765	1862.69
405.988	1789.69
406.212	1760.69
406.436	1765.69
406.66	1817.69
406.883	1704.69
407.107	1820.69
407.331	1893.69
407.555	2011.69
407.778	1972.69
408.002	1854.69
408.226	1781.69
408.449	1723.69
408.673	1726.69
408.896	1734.69
409.12	1741.69
409.344	1713.69
409.567	1642.69
409.791	1617.69
410.014	1616.69
410.238	1616.69
410.461	1617.69
410.685	1610.69
410.908	1624.69
411.132	1645.69
411.355	1641.69
411.578	1692.69
411.802	1626.69
412.025	1648.69
412.249	1734.69
412.472	1843.69
412.695	2020.69
412.919	1952.69
413.142	1751.69
413.365	1716.69
413.589	1710.69
413.812	1617.69
414.035	1573.69
414.258	1578.69
414.482	1559.69
414.705	1552.69
414.928	1550.69
415.151	1527.69
415.374	1498.69
415.597	1530.69
415.821	1484.69
416.044	1493.69
416.267	1488.69
416.49	1512.69
416.713	1492.69
416.936	1512.69
417.159	1507.69
417.382	1509.69
417.605	1550.69
417.828	1600.69
418.051	1588.69
418.274	1532.69
418.497	1516.69
418.72	1526.69
418.943	1536.69
419.166	1569.69
419.389	1716.69
419.611	1727.69
419.834	1684.69
420.057	1750.69
420.28	1823.69
420.503	1811.69
420.726	1742.69
420.948	1700.69
421.171	1717.69
421.394	1692.69
421.617	1564.69
421.839	1588.69
422.062	1593.69
422.285	1603.69
422.507	1640.69
422.73	1741.69
422.953	1709.69
423.175	1588.69
423.398	1562.69
423.621	1584.69
423.843	1608.69
424.066	1617.69
424.288	1628.69
424.511	1649.69
424.733	1689.69
424.956	1787.69
425.178	1742.69
425.401	1735.69
425.623	1732.69
425.846	1582.69
426.068	1551.69
426.291	1538.69
426.513	1519.69
426.735	1550.69
426.958	1564.69
427.18	1691.69
427.402	1918.69
427.625	2072.69
427.847	1949.69
428.069	1870.69
428.292	1755.69
428.514	1586.69
428.736	1475.69
428.958	1488.69
429.181	1424.69
429.403	1411.69
429.625	1409.69
429.847	1453.69
430.069	1534.69
430.292	1495.69
430.514	1424.69
430.736	1415.69
430.958	1383.69
431.18	1342.69
431.402	1348.69
431.624	1332.69
431.846	1340.69
432.068	1352.69
432.29	1361.69
432.512	1363.69
432.734	1386.69
432.956	1353.69
433.178	1406.69
433.4	1420.69
433.622	1373.69
433.844	1374.69
434.066	1384.69
434.287	1376.69
434.509	1398.69
434.731	1420.69
434.953	1441.69
435.175	1462.69
435.397	1477.69
435.618	1452.69
435.84	1538.69
436.062	1664.69
436.284	1746.69
436.505	1523.69
436.727	1476.69
436.949	1410.69
437.17	1394.69
437.392	1401.69
437.614	1374.69
437.835	1443.69
438.057	1572.69
438.278	1699.69
438.5	1745.69
438.721	1857.69
438.943	1734.69
439.165	1496.69
439.386	1451.69
439.608	1434.69
439.829	1457.69
440.05	1501.69
440.272	1566.69
440.493	1527.69
440.715	1484.69
440.936	1499.69
441.158	1422.69
441.379	1440.69
441.6	1532.69
441.822	1546.69
442.043	1631.69
442.264	1700.69
442.486	1727.69
442.707	1601.69
442.928	1566.69
443.149	1577.69
443.371	1602.69
443.592	1663.69
443.813	1786.69
444.034	1820.69
444.255	1650.69
444.476	1601.69
444.698	1660.69
444.919	1652.69
445.14	1778.69
445.361	1654.69
445.582	1674.69
445.803	1669.69
446.024	1806.69
446.245	1768.69
446.466	1659.69
446.687	1494.69
446.908	1428.69
447.129	1399.69
447.35	1362.69
447.571	1336.69
447.792	1324.69
448.013	1340.69
448.234	1340.69
448.455	1441.69
448.675	1594.69
448.896	1722.69
449.117	1504.69
449.338	1470.69
449.559	1670.69
449.779	1792.69
450	1442.69
450.221	1380.69
450.442	1337.69
450.662	1327.69
450.883	1326.69
451.104	1376.69
451.324	1343.69
451.545	1292.69
451.766	1258.69
451.986	1256.69
452.207	1215.69
452.428	1214.69
452.648	1231.69
452.869	1223.69
453.089	1225.69
453.31	1257.69
453.53	1202.69
453.751	1196.69
453.971	1184.69
454.192	1258.69
454.412	1192.69
454.633	1172.69
454.853	1161.69
455.073	1173.69
455.294	1204.69
455.514	1297.69
455.734	1232.69
455.955	1156.69
456.175	1121.69
456.395	1118.69
456.616	1141.69
456.836	1125.69
457.056	1127.69
457.276	1104.69
457.497	1121.69
457.717	1136.69
457.937	1160.69
458.157	1177.69
458.377	1177.69
458.598	1202.69
458.818	1349.69
459.038	1498.69
459.258	1491.69
459.478	1377.69
459.698	1317.69
459.918	1356.69
460.138	1359.69
460.358	1430.69
460.578	1415.69
460.798	1426.69
461.018	1471.69
461.238	1443.69
461.458	1428.69
461.678	1397.69
461.898	1459.69
462.118	1452.69
462.338	1520.69
462.558	1493.69
462.777	1600.69
462.997	1702.69
463.217	1796.69
463.437	1781.69
463.657	1665.69
463.876	1628.69
464.096	1633.69
464.316	1589.69
464.536	1670.69
464.755	1589.69
464.975	1568.69
465.195	1602.69
465.414	1731.69
465.634	1516.69
465.854	1420.69
466.073	1380.69
466.293	1347.69
466.512	1309.69
466.732	1285.69
466.951	1273.69
467.171	1292.69
467.391	1332.69
467.61	1387.69
467.829	1402.69
468.049	1661.69
468.268	2252.69
468.488	1722.69
468.707	1466.69
468.927	1379.69
469.146	1320.69
469.365	1322.69
469.585	1329.69
469.804	1337.69
470.023	1381.69
470.243	1386.69
470.462	1372.69
470.681	1407.69
470.901	1414.69
471.12	1384.69
471.339	1395.69
471.558	1389.69
471.777	1419.69
471.997	1565.69
472.216	2130.69
472.435	4029.69
472.654	3094.69
472.873	1989.69
473.092	1696.69
473.311	1546.69
473.53	1507.69
473.749	1454.69
473.968	1472.69
474.187	1560.69
474.406	1517.69
474.625	1402.69
474.844	1365.69
475.063	1351.69
475.282	1358.69
475.501	1310.69
475.72	1341.69
475.939	1329.69
476.158	1345.69
476.377	1343.69
476.596	1348.69
476.814	1378.69
477.033	1388.69
477.252	1367.69
477.471	1376.69
477.69	1435.69
477.908	1460.69
478.127	1478.69
478.346	1505.69
478.564	1500.69
478.783	1564.69
479.002	1545.69
479.22	1566.69
479.439	1610.69
479.658	1661.69
479.876	1678.69
480.095	1714.69
480.313	1783.69
480.532	1850.69
480.751	2002.69
480.969	2537.69
481.188	5213.69
481.406	6677.69
481.624	3481.69
481.843	2624.69
482.061	2238.69
482.28	2020.69
482.498	1937.69
482.717	1822.69
482.935	1761.69
483.153	1751.69
483.372	1696.69
483.59	1688.69
483.808	1663.69
484.027	1651.69
484.245	1636.69
484.463	1625.69
484.681	1653.69
484.9	1624.69
485.118	1645.69
485.336	1634.69
485.554	1650.69
485.772	1654.69
485.99	1648.69
486.209	1610.69
486.427	1623.69
486.645	1657.69
486.863	1739.69
487.081	1659.69
487.299	1669.69
487.517	1665.69
487.735	1671.69
487.953	1723.69
488.171	1653.69
488.389	1691.69
488.607	1661.69
488.825	1691.69
489.043	1671.69
489.261	1646.69
489.479	1702.69
489.696	1732.69
489.914	1752.69
490.132	1764.69
490.35	1827.69
490.568	1811.69
490.786	1871.69
491.003	1923.69
491.221	1934.69
491.439	2074.69
491.657	2072.69
491.874	2117.69
492.092	2162.69
492.31	2122.69
492.527	2216.69
492.745	2310.69
492.963	2282.69
493.18	2216.69
493.398	2260.69
493.615	2202.69
493.833	2179.69
494.05	2146.69
494.268	2106.69
494.485	2094.69
494.703	2091.69
494.92	2058.69
495.138	2024.69
495.355	1997.69
495.573	2013.69
495.79	1989.69
496.008	1979.69
496.225	1978.69
496.442	1924.69
496.66	1966.69
496.877	1952.69
497.094	1948.69
497.312	1948.69
497.529	1979.69
497.746	2000.69
497.963	2012.69
498.181	2061.69
498.398	2152.69
498.615	2190.69
498.832	2271.69
499.049	2411.69
499.267	2506.69
499.484	2643.69
499.701	2819.69
499.918	2984.69
500.135	3342.69
500.352	3696.69
500.569	3774.69
500.786	3821.69
501.003	3651.69
501.22	3261.69
501.437	2994.69
501.654	2728.69
501.871	2636.69
502.088	2444.69
502.305	2328.69
502.522	2224.69
502.739	2140.69
502.956	2101.69
503.172	1991.69
503.389	1962.69
503.606	1917.69
503.823	1919.69
504.04	1868.69
504.256	1867.69
504.473	1899.69
504.69	1877.69
504.907	1864.69
505.123	1780.69
505.34	1721.69
505.557	1695.69
505.773	1688.69
505.99	1627.69
506.207	1620.69
506.423	1616.69
506.64	1606.69
506.856	1561.69
507.073	1565.69
507.289	1505.69
507.506	1566.69
507.722	1618.69
507.939	1602.69
508.155	1560.69
508.372	1505.69
508.588	1508.69
508.805	1471.69
509.021	1518.69
509.238	1476.69
509.454	1450.69
509.67	1481.69
509.887	1452.69
510.103	1467.69
510.319	1536.69
510.536	1769.69
510.752	3160.69
510.968	2323.69
511.184	1557.69
511.401	1508.69
511.617	1513.69
511.833	1556.69
512.049	1653.69
512.265	1631.69
512.481	1563.69
512.698	1492.69
512.914	1482.69
513.13	1486.69
513.346	1479.69
513.562	1439.69
513.778	1471.69
513.994	1448.69
514.21	1530.69
514.426	1527.69
514.642	1626.69
514.858	1669.69
515.074	1750.69
515.29	2114.69
515.506	3133.69
515.721	2483.69
515.937	1768.69
516.153	1640.69
516.369	1600.69
516.585	1573.69
516.801	1579.69
517.016	1605.69
517.232	1618.69
517.448	1673.69
517.664	1741.69
517.879	1704.69
518.095	1709.69
518.311	1718.69
518.527	1662.69
518.742	1597.69
518.958	1556.69
519.173	1543.69
519.389	1496.69
519.605	1487.69
519.82	1458.69
520.036	1497.69
520.251	1504.69
520.467	1532.69
520.682	1571.69
520.898	1528.69
521.113	1575.69
521.329	1651.69
521.544	1844.69
521.76	2341.69
521.975	4153.69
522.19	3774.69
522.406	2032.69
522.621	1564.69
522.836	1457.69
523.052	1396.69
523.267	1379.69
523.482	1332.69
523.698	1342.69
523.913	1313.69
524.128	1274.69
524.343	1282.69
524.559	1276.69
524.774	1252.69
524.989	1258.69
525.204	1268.69
525.419	1244.69
525.634	1240.69
525.849	1205.69
526.064	1200.69
526.28	1187.69
526.495	1210.69
526.71	1190.69
526.925	1192.69
527.14	1196.69
527.355	1161.69
527.57	1192.69
527.785	1192.69
527.999	1148.69
528.214	1166.69
528.429	1159.69
528.644	1176.69
528.859	1181.69
529.074	1199.69
529.289	1248.69
529.503	1381.69
529.718	1315.69
529.933	1211.69
530.148	1209.69
530.363	1171.69
530.577	1156.69
530.792	1140.69
531.007	1162.69
531.221	1139.69
531.436	1150.69
531.651	1126.69
531.865	1113.69
532.08	1161.69
532.295	1134.69
532.509	1131.69
532.724	1147.69
532.938	1142.69
533.153	1130.69
533.367	1132.69
533.582	1144.69
533.796	1132.69
534.011	1125.69
534.225	1148.69
534.44	1112.69
534.654	1092.69
534.868	1103.69
535.083	1086.69
535.297	1110.69
535.511	1102.69
535.726	1131.69
535.94	1110.69
536.154	1070.69
536.369	1098.69
536.583	1061.69
536.797	1071.69
537.011	1081.69
537.225	1082.69
537.44	1056.69
537.654	1041.69
537.868	1049.69
538.082	1060.69
538.296	1037.69
538.51	1057.69
538.724	1068.69
538.938	1035.69
539.153	1061.69
539.367	1079.69
539.581	1076.69
539.795	1041.69
540.009	1046.69
540.222	1030.69
540.436	1034.69
540.65	1030.69
540.864	1049.69
541.078	1066.69
541.292	1066.69
541.506	1060.69
541.72	1048.69
541.934	1062.69
542.147	1121.69
542.361	1083.69
542.575	1029.69
542.789	1015.69
543.002	1035.69
543.216	1032.69
543.43	1046.69
543.644	1024.69
543.857	1051.69
544.071	1053.69
544.285	1062.69
544.498	1044.69
544.712	1020.69
544.925	1058.69
545.139	1071.69
545.352	1074.69
545.566	1057.69
545.779	1076.69
545.993	1073.69
546.206	1066.69
546.42	1068.69
546.633	1046.69
546.847	1048.69
547.06	1082.69
547.274	1062.69
547.487	1009.69
547.7	1075.69
547.914	1045.69
548.127	1086.69
548.34	1055.69
548.554	1056.69
548.767	1052.69
548.98	1039.69
549.193	1010.69
549.407	1035.69
549.62	1076.69
549.833	1049.69
550.046	1048.69
550.259	1026.69
550.473	1042.69
550.686	995.69
550.899	1024.69
551.112	992.69
551.325	1016.69
551.538	1002.69
551.751	984.69
551.964	1009.69
552.177	1005.69
552.39	1072.69
552.603	1080.69
552.816	1073.69
553.029	1097.69
553.242	1118.69
553.455	1096.69
553.667	1109.69
553.88	1158.69
554.093	1083.69
554.306	1082.69
554.519	1035.69
554.732	1049.69
554.944	993.69
555.157	1009.69
555.37	1018.69
555.583	974.69
555.795	955.69
556.008	945.69
556.221	923.69
556.433	928.69
556.646	942.69
556.859	944.69
557.071	921.69
557.284	918.69
557.496	904.69
557.709	899.69
557.921	902.69
558.134	896.69
558.346	890.69
558.559	870.69
558.771	862.69
558.984	847.69
559.196	893.69
559.409	865.69
559.621	882.69
559.833	858.69
560.046	865.69
560.258	852.69
560.47	885.69
560.683	862.69
560.895	827.69
561.107	851.69
561.32	859.69
561.532	870.69
561.744	843.69
561.956	846.69
562.168	820.69
562.381	837.69
562.593	824.69
562.805	850.69
563.017	821.69
563.229	852.69
563.441	823.69
563.653	845.69
563.865	842.69
564.077	870.69
564.289	854.69
564.501	884.69
564.713	880.69
564.925	909.69
565.137	900.69
565.349	917.69
565.561	950.69
565.773	945.69
565.985	975.69
566.197	1040.69
566.408	1094.69
566.62	1128.69
566.832	1156.69
567.044	1191.69
567.255	1225.69
567.467	1229.69
567.679	1234.69
567.891	1336.69
568.102	1348.69
568.314	1300.69
568.526	1176.69
568.737	1099.69
568.949	1026.69
569.161	952.69
569.372	898.69
569.584	880.69
569.795	859.69
570.007	865.69
570.218	928.69
570.43	888.69
570.641	817.69
570.853	826.69
571.064	827.69
571.276	829.69
571.487	796.69
571.698	772.69
571.91	762.69
572.121	741.69
572.333	748.69
572.544	755.69
572.755	712.69
572.966	703.69
573.178	729.69
573.389	698.69
573.6	686.69
573.811	686.69
574.023	682.69
574.234	691.69
574.445	662.69
574.656	641.69
574.867	678.69
575.078	664.69
575.289	666.69
575.501	655.69
575.712	652.69
575.923	639.69
576.134	634.69
576.345	629.69
576.556	652.69
576.767	632.69
576.978	650.69
577.188	642.69
577.399	643.69
577.61	627.69
577.821	617.69
578.032	642.69
578.243	718.69
578.454	1138.69
578.665	806.69
578.875	639.69
579.086	607.69
579.297	607.69
579.508	591.69
579.718	592.69
579.929	594.69
580.14	580.69
580.35	568.69
580.561	584.69
580.772	582.69
580.982	573.69
581.193	562.69
581.403	569.69
581.614	580.69
581.825	579.69
582.035	557.69
582.246	566.69
582.456	567.69
582.667	564.69
582.877	558.69
583.087	571.69
583.298	578.69
583.508	533.69
583.719	537.69
583.929	565.69
584.139	564.69
584.35	554.69
584.56	554.69
584.77	558.69
584.981	543.69
585.191	554.69
585.401	536.69
585.611	552.69
585.821	554.69
586.032	543.69
586.242	528.69
586.452	504.69
586.662	542.69
586.872	535.69
587.082	536.69
587.292	537.69
587.502	525.69
587.713	507.69
587.923	522.69
588.133	541.69
588.343	536.69
588.553	552.69
588.762	533.69
588.972	532.69
589.182	540.69
589.392	558.69
589.602	568.69
589.812	581.69
590.022	540.69
590.232	557.69
590.441	545.69
590.651	521.69
590.861	518.69
591.071	534.69
591.281	537.69
591.49	535.69
591.7	563.69
591.91	541.69
592.119	556.69
592.329	559.69
592.539	593.69
592.748	580.69
592.958	616.69
593.167	616.69
593.377	651.69
593.587	638.69
593.796	639.69
594.006	621.69
594.215	639.69
594.424	645.69
594.634	642.69
594.843	611.69
595.053	572.69
595.262	574.69
595.472	565.69
595.681	549.69
595.89	521.69
596.1	542.69
596.309	527.69
596.518	498.69
596.727	516.69
596.937	517.69
597.146	500.69
597.355	508.69
597.564	468.69
597.774	490.69
597.983	470.69
598.192	480.69
598.401	477.69
598.61	466.69
598.819	472.69
599.028	496.69
599.237	492.69
599.446	478.69
599.655	473.69
599.864	445.69
600.073	467.69
600.282	464.69
600.491	467.69
600.7	481.69
600.909	466.69
601.118	445.69
601.327	468.69
601.536	444.69
601.745	463.69
601.953	463.69
602.162	479.69
602.371	449.69
602.58	436.69
602.789	472.69
602.997	465.69
603.206	468.69
603.415	486.69
603.623	450.69
603.832	433.69
604.041	430.69
604.249	445.69
604.458	444.69
604.666	431.69
604.875	421.69
605.084	440.69
605.292	444.69
605.501	448.69
605.709	453.69
605.918	452.69
606.126	445.69
606.334	438.69
606.543	451.69
606.751	444.69
606.96	445.69
607.168	423.69
607.376	419.69
607.585	446.69
607.793	433.69
608.001	444.69
608.21	444.69
608.418	440.69
608.626	437.69
608.834	457.69
609.043	436.69
609.251	455.69
609.459	434.69
609.667	438.69
609.875	436.69
610.083	446.69
610.291	433.69
610.499	428.69
610.707	432.69
610.916	457.69
611.124	427.69
611.332	430.69
611.54	445.69
611.748	448.69
611.955	443.69
612.163	431.69
612.371	417.69
612.579	412.69
612.787	432.69
612.995	424.69
613.203	416.69
613.411	418.69
613.618	415.69
613.826	415.69
614.034	429.69
614.242	401.69
614.449	412.69
614.657	427.69
614.865	428.69
615.072	425.69
615.28	430.69
615.488	416.69
615.695	412.69
615.903	406.69
616.111	419.69
616.318	416.69
616.526	411.69
616.733	406.69
616.941	417.69
617.148	402.69
617.356	395.69
617.563	414.69
617.771	422.69
617.978	374.69
618.185	395.69
618.393	388.69
618.6	406.69
618.807	409.69
619.015	398.69
619.222	408.69
619.429	398.69
619.637	386.69
619.844	381.69
620.051	382.69
620.258	401.69
620.466	379.69
620.673	384.69
620.88	373.69
621.087	380.69
621.294	362.69
621.501	373.69
621.708	372.69
621.915	398.69
622.122	383.69
622.329	368.69
622.536	366.69
622.743	368.69
622.95	364.69
623.157	380.69
623.364	354.69
623.571	365.69
623.778	366.69
623.985	376.69
624.192	357.69
624.399	361.69
624.606	350.69
624.812	364.69
625.019	354.69
625.226	346.69
625.433	350.69
625.639	332.69
625.846	329.69
626.053	337.69
626.259	319.69
626.466	325.69
626.673	322.69
626.879	335.69
627.086	325.69
627.293	332.69
627.499	343.69
627.706	334.69
627.912	331.69
628.119	349.69
628.325	337.69
628.532	320.69
628.738	320.69
628.945	326.69
629.151	322.69
629.357	318.69
629.564	321.69
629.77	318.69
629.976	324.69
630.183	320.69
630.389	312.69
630.595	313.69
630.802	318.69
631.008	304.69
631.214	315.69
631.42	322.69
631.627	333.69
631.833	299.69
632.039	306.69
632.245	307.69
632.451	299.69
632.657	319.69
632.863	313.69
633.069	305.69
633.275	320.69
633.481	303.69
633.688	302.69
633.893	312.69
634.099	300.69
634.305	300.69
634.511	316.69
634.717	298.69
634.923	296.69
635.129	289.69
635.335	300.69
635.541	307.69
635.747	314.69
635.952	336.69
636.158	355.69
636.364	458.69
636.57	597.69
636.775	450.69
636.981	376.69
637.187	363.69
637.392	315.69
637.598	327.69
637.804	314.69
638.009	320.69
638.215	296.69
638.421	283.69
638.626	292.69
638.832	287.69
639.037	296.69
639.243	284.69
639.448	297.69
639.654	276.69
639.859	276.69
640.065	273.69
640.27	253.69
640.475	277.69
640.681	264.69
640.886	260.69
641.091	283.69
641.297	276.69
641.502	267.69
641.707	279.69
641.913	276.69
642.118	266.69
642.323	273.69
642.528	252.69
642.733	264.69
642.939	241.69
643.144	280.69
643.349	240.69
643.554	259.69
643.759	242.69
643.964	259.69
644.169	253.69
644.374	246.69
644.579	257.69
644.784	255.69
644.989	257.69
645.194	266.69
645.399	262.69
645.604	246.69
645.809	268.69
646.014	232.69
646.219	243.69
646.423	240.69
646.628	248.69
646.833	249.69
647.038	232.69
647.243	250.69
647.447	283.69
647.652	270.69
647.857	275.69
648.062	276.69
648.266	260.69
648.471	260.69
648.676	246.69
648.88	257.69
649.085	253.69
649.289	250.69
649.494	270.69
649.698	299.69
649.903	270.69
650.107	258.69
650.312	240.69
650.516	237.69
650.721	228.69
650.925	224.69
651.13	227.69
651.334	219.69
651.539	211.69
651.743	203.69
651.947	207.69
652.152	217.69
652.356	198.69
652.56	216.69
652.764	200.69
652.969	203.69
653.173	212.69
653.377	200.69
653.581	201.69
653.785	184.69
653.99	195.69
654.194	198.69
654.398	184.69
654.602	174.69
654.806	195.69
655.01	203.69
655.214	188.69
655.418	178.69
655.622	184.69
655.826	198.69
656.03	174.69
656.234	192.69
656.438	189.69
656.642	185.69
656.846	182.69
657.049	170.69
657.253	168.69
657.457	168.69
657.661	161.69
657.865	144.69
658.068	156.69
658.272	146.69
658.476	132.69
658.68	135.69
658.883	128.69
659.087	139.69
659.291	109.69
659.494	115.69
659.698	121.69
659.901	104.69
660.105	114.69
660.309	111.69
660.512	108.69
660.716	105.69
660.919	99.69
661.123	106.69
661.326	82.69
661.53	91.69
661.733	106.69
661.936	106.69
662.14	81.69
662.343	89.69
662.546	98.69
662.75	74.69
662.953	82.69
663.156	91.69
663.36	80.69
663.563	86.69
663.766	77.69
663.969	81.69
664.173	84.69
664.376	91.69
664.579	54.69
664.782	91.69
664.985	77.69
665.188	84.69
665.391	73.69
665.594	86.69
665.797	83.69
666	72.69
666.203	79.69
666.406	84.69
666.609	76.69
666.812	58.69
667.015	78.69
667.218	75.69
667.421	88.69
667.624	81.69
667.827	76.69
668.03	74.69
668.232	74.69
668.435	75.69
668.638	94.69
668.841	89.69
669.043	67.69
669.246	81.69
669.449	92.69
669.651	84.69
669.854	75.69
670.057	78.69
670.259	80.69
670.462	80.69
670.665	87.69
670.867	82.69
671.07	97.69
671.272	75.69
671.475	84.69
671.677	85.69
671.88	99.69
672.082	83.69
672.284	80.69
672.487	74.69
672.689	77.69
672.892	86.69
