223.165	-10.94
223.4	-10.94
223.635	-10.94
223.869	-28.94
224.104	-40.94
224.338	-5.94
224.573	-1.94
224.808	-3.94
225.042	-3.94
225.277	-1.94
225.511	8.06
225.746	-4.94
225.98	8.06
226.215	0.06
226.449	10.06
226.683	26.06
226.918	20.06
227.152	31.06
227.387	49.06
227.621	38.06
227.856	42.06
228.09	27.06
228.324	42.06
228.559	46.06
228.793	63.06
229.027	127.06
229.262	139.06
229.496	146.06
229.73	171.06
229.964	214.06
230.199	170.06
230.433	156.06
230.667	154.06
230.901	144.06
231.136	142.06
231.37	150.06
231.604	150.06
231.838	139.06
232.072	157.06
232.306	152.06
232.541	162.06
232.775	126.06
233.009	158.06
233.243	150.06
233.477	149.06
233.711	159.06
233.945	145.06
234.179	178.06
234.413	156.06
234.647	148.06
234.881	152.06
235.115	164.06
235.349	152.06
235.583	168.06
235.817	183.06
236.051	162.06
236.285	151.06
236.519	160.06
236.753	172.06
236.987	192.06
237.221	236.06
237.455	293.06
237.689	237.06
237.922	184.06
238.156	191.06
238.39	179.06
238.624	182.06
238.858	187.06
239.091	182.06
239.325	169.06
239.559	168.06
239.793	178.06
240.027	189.06
240.26	190.06
240.494	209.06
240.728	208.06
240.961	216.06
241.195	204.06
241.429	190.06
241.662	202.06
241.896	194.06
242.13	215.06
242.363	219.06
242.597	199.06
242.83	208.06
243.064	218.06
243.298	211.06
243.531	215.06
243.765	225.06
243.998	210.06
244.232	225.06
244.465	226.06
244.699	207.06
244.932	209.06
245.166	239.06
245.399	233.06
245.633	244.06
245.866	223.06
246.099	211.06
246.333	227.06
246.566	207.06
246.8	233.06
247.033	252.06
247.266	271.06
247.5	247.06
247.733	269.06
247.966	259.06
248.2	278.06
248.433	261.06
248.666	278.06
248.899	291.06
249.133	314.06
249.366	314.06
249.599	319.06
249.832	312.06
250.066	329.06
250.299	376.06
250.532	457.06
250.765	486.06
250.998	453.06
251.231	410.06
251.465	369.06
251.698	371.06
251.931	353.06
252.164	324.06
252.397	323.06
252.63	307.06
252.863	318.06
253.096	356.06
253.329	356.06
253.562	349.06
253.795	342.06
254.028	349.06
254.261	363.06
254.494	362.06
254.727	367.06
254.96	394.06
255.193	397.06
255.426	424.06
255.659	425.06
255.892	591.06
256.124	806.06
256.357	851.06
256.59	679.06
256.823	518.06
257.056	479.06
257.289	476.06
257.521	441.06
257.754	410.06
257.987	393.06
258.22	394.06
258.452	387.06
258.685	378.06
258.918	383.06
259.151	371.06
259.383	378.06
259.616	380.06
259.849	386.06
260.081	389.06
260.314	396.06
260.547	415.06
260.779	382.06
261.012	393.06
261.244	387.06
261.477	394.06
261.71	380.06
261.942	384.06
262.175	394.06
262.407	394.06
262.64	369.06
262.872	383.06
263.105	368.06
263.337	380.06
263.57	381.06
263.802	380.06
264.035	372.06
264.267	368.06
264.499	378.06
264.732	353.06
264.964	372.06
265.197	377.06
265.429	382.06
265.661	379.06
265.894	372.06
266.126	398.06
266.358	384.06
266.591	376.06
266.823	394.06
267.055	385.06
267.287	393.06
267.52	377.06
267.752	407.06
267.984	393.06
268.216	380.06
268.448	380.06
268.681	407.06
268.913	407.06
269.145	409.06
269.377	446.06
269.609	443.06
269.841	441.06
270.073	439.06
270.306	452.06
270.538	446.06
270.77	476.06
271.002	442.06
271.234	458.06
271.466	463.06
271.698	458.06
271.93	460.06
272.162	486.06
272.394	461.06
272.626	477.06
272.858	468.06
273.09	465.06
273.322	465.06
273.553	457.06
273.785	458.06
274.017	464.06
274.249	463.06
274.481	471.06
274.713	448.06
274.945	465.06
275.176	496.06
275.408	470.06
275.64	489.06
275.872	503.06
276.104	502.06
276.335	476.06
276.567	510.06
276.799	550.06
277.031	569.06
277.262	623.06
277.494	610.06
277.726	564.06
277.957	534.06
278.189	544.06
278.421	501.06
278.652	515.06
278.884	525.06
279.115	486.06
279.347	528.06
279.579	522.06
279.81	536.06
280.042	571.06
280.273	630.06
280.505	622.06
280.736	559.06
280.968	542.06
281.199	546.06
281.431	514.06
281.662	516.06
281.894	527.06
282.125	528.06
282.356	545.06
282.588	586.06
282.819	579.06
283.051	547.06
283.282	514.06
283.513	521.06
283.745	508.06
283.976	511.06
284.207	528.06
284.439	529.06
284.67	527.06
284.901	540.06
285.132	522.06
285.364	554.06
285.595	547.06
285.826	543.06
286.057	523.06
286.288	542.06
286.52	554.06
286.751	518.06
286.982	547.06
287.213	539.06
287.444	537.06
287.675	554.06
287.906	572.06
288.138	570.06
288.369	567.06
288.6	562.06
288.831	576.06
289.062	550.06
289.293	556.06
289.524	567.06
289.755	558.06
289.986	552.06
290.217	557.06
290.448	559.06
290.679	543.06
290.91	558.06
291.141	558.06
291.371	546.06
291.602	547.06
291.833	550.06
292.064	552.06
292.295	568.06
292.526	549.06
292.757	569.06
292.987	550.06
293.218	541.06
293.449	564.06
293.68	547.06
293.91	529.06
294.141	562.06
294.372	539.06
294.603	552.06
294.833	532.06
295.064	566.06
295.295	567.06
295.525	556.06
295.756	570.06
295.987	596.06
296.217	623.06
296.448	632.06
296.679	607.06
296.909	591.06
297.14	559.06
297.37	570.06
297.601	588.06
297.831	580.06
298.062	582.06
298.292	603.06
298.523	608.06
298.753	624.06
298.984	580.06
299.214	588.06
299.445	586.06
299.675	601.06
299.905	620.06
300.136	608.06
300.366	602.06
300.597	607.06
300.827	634.06
301.057	634.06
301.288	665.06
301.518	673.06
301.748	625.06
301.979	675.06
302.209	651.06
302.439	654.06
302.669	651.06
302.9	651.06
303.13	641.06
303.36	683.06
303.59	676.06
303.82	701.06
304.051	697.06
304.281	680.06
304.511	654.06
304.741	652.06
304.971	649.06
305.201	684.06
305.431	659.06
305.661	651.06
305.891	673.06
306.121	674.06
306.352	647.06
306.582	673.06
306.812	666.06
307.042	692.06
307.272	704.06
307.502	754.06
307.731	754.06
307.961	723.06
308.191	688.06
308.421	678.06
308.651	694.06
308.881	665.06
309.111	666.06
309.341	672.06
309.571	690.06
309.8	702.06
310.03	708.06
310.26	758.06
310.49	717.06
310.72	733.06
310.949	740.06
311.179	768.06
311.409	760.06
311.639	745.06
311.868	722.06
312.098	767.06
312.328	768.06
312.557	808.06
312.787	835.06
313.017	800.06
313.246	787.06
313.476	750.06
313.706	764.06
313.935	783.06
314.165	753.06
314.394	812.06
314.624	797.06
314.853	772.06
315.083	791.06
315.312	758.06
315.542	742.06
315.771	777.06
316.001	760.06
316.23	769.06
316.46	780.06
316.689	787.06
316.919	778.06
317.148	797.06
317.377	807.06
317.607	804.06
317.836	798.06
318.065	776.06
318.295	778.06
318.524	830.06
318.753	782.06
318.983	772.06
319.212	807.06
319.441	792.06
319.67	816.06
319.9	810.06
320.129	803.06
320.358	812.06
320.587	830.06
320.816	825.06
321.046	849.06
321.275	847.06
321.504	838.06
321.733	874.06
321.962	878.06
322.191	859.06
322.42	925.06
322.649	942.06
322.878	974.06
323.108	966.06
323.337	1032.06
323.566	1048.06
323.795	1101.06
324.024	1186.06
324.253	1427.06
324.482	1960.06
324.71	2858.06
324.939	4141.06
325.168	3344.06
325.397	1855.06
325.626	1393.06
325.855	1233.06
326.084	1185.06
326.313	1151.06
326.542	1220.06
326.77	1280.06
326.999	1450.06
327.228	1974.06
327.457	2859.06
327.686	3331.06
327.914	2381.06
328.143	2081.06
328.372	2198.06
328.6	1986.06
328.829	1580.06
329.058	1495.06
329.287	1510.06
329.515	1582.06
329.744	1690.06
329.972	2071.06
330.201	2792.06
330.43	3463.06
330.658	2846.06
330.887	1984.06
331.115	1682.06
331.344	1483.06
331.572	1374.06
331.801	1352.06
332.03	1322.06
332.258	1335.06
332.486	1327.06
332.715	1351.06
332.943	1394.06
333.172	1456.06
333.4	1561.06
333.629	1674.06
333.857	1904.06
334.085	2321.06
334.314	3013.06
334.542	4172.06
334.771	4586.06
334.999	2804.06
335.227	1947.06
335.455	1618.06
335.684	1459.06
335.912	1390.06
336.14	1309.06
336.369	1276.06
336.597	1262.06
336.825	1214.06
337.053	1185.06
337.281	1165.06
337.51	1123.06
337.738	1128.06
337.966	1110.06
338.194	1104.06
338.422	1047.06
338.65	1052.06
338.878	1049.06
339.106	1032.06
339.334	1046.06
339.562	1010.06
339.79	960.06
340.018	1018.06
340.246	983.06
340.474	1002.06
340.702	967.06
340.93	988.06
341.158	969.06
341.386	958.06
341.614	962.06
341.842	975.06
342.07	988.06
342.298	961.06
342.526	935.06
342.754	956.06
342.981	925.06
343.209	954.06
343.437	990.06
343.665	1003.06
343.893	1076.06
344.12	1087.06
344.348	1064.06
344.576	1050.06
344.804	1022.06
345.031	1001.06
345.259	1018.06
345.487	988.06
345.714	988.06
345.942	968.06
346.17	938.06
346.397	922.06
346.625	942.06
346.853	920.06
347.08	922.06
347.308	951.06
347.535	983.06
347.763	963.06
347.99	988.06
348.218	946.06
348.445	955.06
348.673	937.06
348.9	927.06
349.128	910.06
349.355	929.06
349.583	941.06
349.81	910.06
350.037	890.06
350.265	923.06
350.492	918.06
350.72	923.06
350.947	930.06
351.174	943.06
351.402	956.06
351.629	936.06
351.856	963.06
352.083	951.06
352.311	961.06
352.538	968.06
352.765	983.06
352.992	950.06
353.22	915.06
353.447	901.06
353.674	921.06
353.901	906.06
354.128	890.06
354.355	897.06
354.583	898.06
354.81	907.06
355.037	899.06
355.264	886.06
355.491	900.06
355.718	881.06
355.945	912.06
356.172	884.06
356.399	884.06
356.626	886.06
356.853	894.06
357.08	892.06
357.307	927.06
357.534	902.06
357.761	904.06
357.988	914.06
358.215	897.06
358.441	929.06
358.668	900.06
358.895	912.06
359.122	915.06
359.349	950.06
359.576	945.06
359.802	979.06
360.029	1011.06
360.256	1042.06
360.483	1007.06
360.709	966.06
360.936	939.06
361.163	982.06
361.39	966.06
361.616	955.06
361.843	920.06
362.07	954.06
362.296	938.06
362.523	951.06
362.749	927.06
362.976	946.06
363.203	924.06
363.429	924.06
363.656	952.06
363.882	926.06
364.109	939.06
364.335	915.06
364.562	944.06
364.788	943.06
365.015	927.06
365.241	930.06
365.468	951.06
365.694	955.06
365.92	958.06
366.147	950.06
366.373	942.06
366.599	938.06
366.826	938.06
367.052	946.06
367.278	908.06
367.505	938.06
367.731	930.06
367.957	973.06
368.184	955.06
368.41	966.06
368.636	984.06
368.862	988.06
369.089	972.06
369.315	966.06
369.541	961.06
369.767	973.06
369.993	944.06
370.219	947.06
370.445	968.06
370.672	990.06
370.898	967.06
371.124	990.06
371.35	977.06
371.576	960.06
371.802	981.06
372.028	985.06
372.254	999.06
372.48	998.06
372.706	1002.06
372.932	1017.06
373.158	990.06
373.384	1004.06
373.61	979.06
373.835	1014.06
374.061	1014.06
374.287	1025.06
374.513	1006.06
374.739	1048.06
374.965	1056.06
375.191	1087.06
375.416	1080.06
375.642	1057.06
375.868	1023.06
376.094	1025.06
376.319	1025.06
376.545	992.06
376.771	1015.06
376.997	1006.06
377.222	996.06
377.448	1010.06
377.674	972.06
377.899	960.06
378.125	976.06
378.35	968.06
378.576	975.06
378.802	995.06
379.027	965.06
379.253	958.06
379.478	962.06
379.704	1024.06
379.929	1001.06
380.155	988.06
380.38	992.06
380.606	1011.06
380.831	965.06
381.057	995.06
381.282	1020.06
381.507	1020.06
381.733	998.06
381.958	994.06
382.184	1033.06
382.409	1014.06
382.634	1046.06
382.86	1003.06
383.085	1031.06
383.31	1040.06
383.535	1092.06
383.761	1048.06
383.986	1119.06
384.211	1129.06
384.436	1114.06
384.662	1126.06
384.887	1144.06
385.112	1139.06
385.337	1159.06
385.562	1148.06
385.787	1161.06
386.013	1165.06
386.238	1168.06
386.463	1196.06
386.688	1172.06
386.913	1153.06
387.138	1136.06
387.363	1133.06
387.588	1144.06
387.813	1127.06
388.038	1161.06
388.263	1150.06
388.488	1162.06
388.713	1161.06
388.938	1163.06
389.163	1153.06
389.387	1142.06
389.612	1119.06
389.837	1132.06
390.062	1109.06
390.287	1142.06
390.512	1147.06
390.736	1167.06
390.961	1185.06
391.186	1196.06
391.411	1195.06
391.636	1214.06
391.86	1227.06
392.085	1271.06
392.31	1260.06
392.534	1272.06
392.759	1246.06
392.984	1238.06
393.208	1203.06
393.433	1244.06
393.658	1219.06
393.882	1244.06
394.107	1204.06
394.331	1221.06
394.556	1207.06
394.78	1244.06
395.005	1224.06
395.229	1225.06
395.454	1238.06
395.678	1282.06
395.903	1294.06
396.127	1303.06
396.352	1289.06
396.576	1227.06
396.801	1238.06
397.025	1245.06
397.249	1260.06
397.474	1303.06
397.698	1326.06
397.922	1358.06
398.147	1334.06
398.371	1323.06
398.595	1366.06
398.82	1427.06
399.044	1486.06
399.268	1591.06
399.492	1808.06
399.717	1970.06
399.941	1970.06
400.165	1843.06
400.389	1746.06
400.613	1627.06
400.837	1526.06
401.062	1495.06
401.286	1471.06
401.51	1470.06
401.734	1413.06
401.958	1455.06
402.182	1487.06
402.406	1524.06
402.63	1575.06
402.854	1569.06
403.078	1565.06
403.302	1598.06
403.526	1590.06
403.75	1623.06
403.974	1678.06
404.198	1702.06
404.422	1689.06
404.645	1747.06
404.869	1795.06
405.093	1878.06
405.317	1954.06
405.541	2010.06
405.765	1895.06
405.988	1778.06
406.212	1724.06
406.436	1789.06
406.66	1800.06
406.883	1757.06
407.107	1808.06
407.331	1910.06
407.555	2006.06
407.778	1972.06
408.002	1890.06
408.226	1786.06
408.449	1792.06
408.673	1739.06
408.896	1763.06
409.12	1780.06
409.344	1766.06
409.567	1691.06
409.791	1658.06
410.014	1659.06
410.238	1636.06
410.461	1652.06
410.685	1627.06
410.908	1626.06
411.132	1651.06
411.355	1693.06
411.578	1651.06
411.802	1656.06
412.025	1662.06
412.249	1777.06
412.472	1897.06
412.695	1988.06
412.919	1995.06
413.142	1855.06
413.365	1752.06
413.589	1715.06
413.812	1633.06
414.035	1560.06
414.258	1539.06
414.482	1558.06
414.705	1606.06
414.928	1539.06
415.151	1504.06
415.374	1530.06
415.597	1502.06
415.821	1490.06
416.044	1514.06
416.267	1527.06
416.49	1495.06
416.713	1481.06
416.936	1491.06
417.159	1492.06
417.382	1526.06
417.605	1579.06
417.828	1566.06
418.051	1565.06
418.274	1582.06
418.497	1506.06
418.72	1563.06
418.943	1536.06
419.166	1611.06
419.389	1710.06
419.611	1708.06
419.834	1713.06
420.057	1731.06
420.28	1845.06
420.503	1840.06
420.726	1766.06
420.948	1732.06
421.171	1720.06
421.394	1706.06
421.617	1626.06
421.839	1590.06
422.062	1577.06
422.285	1556.06
422.507	1662.06
422.73	1708.06
422.953	1698.06
423.175	1644.06
423.398	1630.06
423.621	1586.06
423.843	1633.06
424.066	1640.06
424.288	1600.06
424.511	1627.06
424.733	1741.06
424.956	1775.06
425.178	1730.06
425.401	1731.06
425.623	1749.06
425.846	1543.06
426.068	1543.06
426.291	1559.06
426.513	1521.06
426.735	1547.06
426.958	1622.06
427.18	1648.06
427.402	1875.06
427.625	2086.06
427.847	1968.06
428.069	1871.06
428.292	1747.06
428.514	1568.06
428.736	1536.06
428.958	1463.06
429.181	1415.06
429.403	1438.06
429.625	1437.06
429.847	1453.06
430.069	1534.06
430.292	1526.06
430.514	1424.06
430.736	1390.06
430.958	1398.06
431.18	1351.06
431.402	1375.06
431.624	1374.06
431.846	1349.06
432.068	1352.06
432.29	1387.06
432.512	1342.06
432.734	1376.06
432.956	1347.06
433.178	1393.06
433.4	1395.06
433.622	1372.06
433.844	1367.06
434.066	1371.06
434.287	1351.06
434.509	1391.06
434.731	1432.06
434.953	1462.06
435.175	1472.06
435.397	1538.06
435.618	1505.06
435.84	1524.06
436.062	1631.06
436.284	1761.06
436.505	1539.06
436.727	1483.06
436.949	1423.06
437.17	1393.06
437.392	1392.06
437.614	1416.06
437.835	1429.06
438.057	1557.06
438.278	1686.06
438.5	1679.06
438.721	1847.06
438.943	1777.06
439.165	1514.06
439.386	1462.06
439.608	1473.06
439.829	1466.06
440.05	1479.06
440.272	1576.06
440.493	1499.06
440.715	1459.06
440.936	1416.06
441.158	1432.06
441.379	1466.06
441.6	1504.06
441.822	1571.06
442.043	1628.06
442.264	1715.06
442.486	1716.06
442.707	1561.06
442.928	1536.06
443.149	1566.06
443.371	1611.06
443.592	1646.06
443.813	1791.06
444.034	1842.06
444.255	1643.06
444.476	1624.06
444.698	1666.06
444.919	1678.06
445.14	1797.06
445.361	1682.06
445.582	1624.06
445.803	1692.06
446.024	1760.06
446.245	1725.06
446.466	1665.06
446.687	1481.06
446.908	1410.06
447.129	1379.06
447.35	1352.06
447.571	1351.06
447.792	1345.06
448.013	1362.06
448.234	1357.06
448.455	1481.06
448.675	1594.06
448.896	1700.06
449.117	1482.06
449.338	1498.06
449.559	1671.06
449.779	1771.06
450	1538.06
450.221	1380.06
450.442	1325.06
450.662	1308.06
450.883	1338.06
451.104	1345.06
451.324	1322.06
451.545	1300.06
451.766	1300.06
451.986	1212.06
452.207	1202.06
452.428	1235.06
452.648	1251.06
452.869	1247.06
453.089	1232.06
453.31	1258.06
453.53	1231.06
453.751	1225.06
453.971	1199.06
454.192	1244.06
454.412	1219.06
454.633	1192.06
454.853	1187.06
455.073	1191.06
455.294	1217.06
455.514	1278.06
455.734	1254.06
455.955	1150.06
456.175	1170.06
456.395	1130.06
456.616	1148.06
456.836	1150.06
457.056	1145.06
457.276	1146.06
457.497	1123.06
457.717	1133.06
457.937	1160.06
458.157	1171.06
458.377	1206.06
458.598	1222.06
458.818	1349.06
459.038	1467.06
459.258	1452.06
459.478	1357.06
459.698	1321.06
459.918	1363.06
460.138	1402.06
460.358	1418.06
460.578	1465.06
460.798	1453.06
461.018	1467.06
461.238	1431.06
461.458	1442.06
461.678	1418.06
461.898	1439.06
462.118	1476.06
462.338	1533.06
462.558	1550.06
462.777	1578.06
462.997	1672.06
463.217	1790.06
463.437	1808.06
463.657	1688.06
463.876	1617.06
464.096	1631.06
464.316	1630.06
464.536	1644.06
464.755	1624.06
464.975	1641.06
465.195	1615.06
465.414	1740.06
465.634	1536.06
465.854	1449.06
466.073	1374.06
466.293	1367.06
466.512	1315.06
466.732	1307.06
466.951	1300.06
467.171	1306.06
467.391	1319.06
467.61	1356.06
467.829	1435.06
468.049	1698.06
468.268	2279.06
468.488	1761.06
468.707	1488.06
468.927	1367.06
469.146	1361.06
469.365	1349.06
469.585	1318.06
469.804	1393.06
470.023	1400.06
470.243	1434.06
470.462	1399.06
470.681	1423.06
470.901	1453.06
471.12	1403.06
471.339	1407.06
471.558	1426.06
471.777	1446.06
471.997	1570.06
472.216	2182.06
472.435	4250.06
472.654	3193.06
472.873	2056.06
473.092	1754.06
473.311	1554.06
473.53	1482.06
473.749	1470.06
473.968	1495.06
474.187	1578.06
474.406	1559.06
474.625	1447.06
474.844	1372.06
475.063	1336.06
475.282	1311.06
475.501	1342.06
475.72	1344.06
475.939	1343.06
476.158	1384.06
476.377	1363.06
476.596	1338.06
476.814	1389.06
477.033	1422.06
477.252	1416.06
477.471	1417.06
477.69	1427.06
477.908	1432.06
478.127	1523.06
478.346	1520.06
478.564	1514.06
478.783	1548.06
479.002	1635.06
479.22	1646.06
479.439	1660.06
479.658	1622.06
479.876	1660.06
480.095	1702.06
480.313	1785.06
480.532	1898.06
480.751	2027.06
480.969	2622.06
481.188	5470.06
481.406	7020.06
481.624	3563.06
481.843	2649.06
482.061	2222.06
482.28	2071.06
482.498	1972.06
482.717	1886.06
482.935	1814.06
483.153	1805.06
483.372	1713.06
483.59	1734.06
483.808	1702.06
484.027	1674.06
484.245	1680.06
484.463	1686.06
484.681	1665.06
484.9	1681.06
485.118	1670.06
485.336	1655.06
485.554	1669.06
485.772	1644.06
485.99	1644.06
486.209	1668.06
486.427	1687.06
486.645	1673.06
486.863	1710.06
487.081	1686.06
487.299	1695.06
487.517	1680.06
487.735	1676.06
487.953	1658.06
488.171	1691.06
488.389	1733.06
488.607	1694.06
488.825	1672.06
489.043	1692.06
489.261	1681.06
489.479	1729.06
489.696	1754.06
489.914	1766.06
490.132	1781.06
490.35	1798.06
490.568	1859.06
490.786	1890.06
491.003	1932.06
491.221	1980.06
491.439	2076.06
491.657	2120.06
491.874	2125.06
492.092	2197.06
492.31	2254.06
492.527	2256.06
492.745	2290.06
492.963	2291.06
493.18	2310.06
493.398	2265.06
493.615	2235.06
493.833	2209.06
494.05	2170.06
494.268	2121.06
494.485	2110.06
494.703	2087.06
494.92	2083.06
495.138	2058.06
495.355	2011.06
495.573	2014.06
495.79	1988.06
496.008	2028.06
496.225	2028.06
496.442	1991.06
496.66	1986.06
496.877	1959.06
497.094	1987.06
497.312	1966.06
497.529	1993.06
497.746	2026.06
497.963	2041.06
498.181	2078.06
498.398	2130.06
498.615	2244.06
498.832	2346.06
499.049	2397.06
499.267	2516.06
499.484	2668.06
499.701	2829.06
499.918	3008.06
500.135	3368.06
500.352	3730.06
500.569	3888.06
500.786	3868.06
501.003	3655.06
501.22	3303.06
501.437	3084.06
501.654	2822.06
501.871	2666.06
502.088	2483.06
502.305	2342.06
502.522	2234.06
502.739	2186.06
502.956	2060.06
503.172	1998.06
503.389	1981.06
503.606	1975.06
503.823	1929.06
504.04	1859.06
504.256	1892.06
504.473	1885.06
504.69	1899.06
504.907	1874.06
505.123	1778.06
505.34	1768.06
505.557	1712.06
505.773	1705.06
505.99	1651.06
506.207	1631.06
506.423	1601.06
506.64	1598.06
506.856	1558.06
507.073	1572.06
507.289	1598.06
507.506	1578.06
507.722	1565.06
507.939	1608.06
508.155	1550.06
508.372	1528.06
508.588	1495.06
508.805	1509.06
509.021	1473.06
509.238	1460.06
509.454	1458.06
509.67	1450.06
509.887	1476.06
510.103	1456.06
510.319	1509.06
510.536	1775.06
510.752	3112.06
510.968	2312.06
511.184	1570.06
511.401	1503.06
511.617	1507.06
511.833	1611.06
512.049	1670.06
512.265	1631.06
512.481	1578.06
512.698	1535.06
512.914	1484.06
513.13	1504.06
513.346	1493.06
513.562	1468.06
513.778	1433.06
513.994	1476.06
514.21	1509.06
514.426	1522.06
514.642	1603.06
514.858	1661.06
515.074	1755.06
515.29	2080.06
515.506	3192.06
515.721	2411.06
515.937	1706.06
516.153	1608.06
516.369	1594.06
516.585	1605.06
516.801	1593.06
517.016	1600.06
517.232	1633.06
517.448	1682.06
517.664	1728.06
517.879	1739.06
518.095	1745.06
518.311	1719.06
518.527	1682.06
518.742	1635.06
518.958	1615.06
519.173	1540.06
519.389	1513.06
519.605	1488.06
519.82	1489.06
520.036	1505.06
520.251	1521.06
520.467	1518.06
520.682	1501.06
520.898	1495.06
521.113	1577.06
521.329	1626.06
521.544	1823.06
521.76	2355.06
521.975	4106.06
522.19	3761.06
522.406	1974.06
522.621	1558.06
522.836	1431.06
523.052	1369.06
523.267	1336.06
523.482	1325.06
523.698	1355.06
523.913	1280.06
524.128	1286.06
524.343	1289.06
524.559	1268.06
524.774	1268.06
524.989	1271.06
525.204	1286.06
525.419	1258.06
525.634	1262.06
525.849	1199.06
526.064	1238.06
526.28	1234.06
526.495	1201.06
526.71	1215.06
526.925	1223.06
527.14	1214.06
527.355	1148.06
527.57	1182.06
527.785	1181.06
527.999	1168.06
528.214	1160.06
528.429	1188.06
528.644	1186.06
528.859	1191.06
529.074	1213.06
529.289	1244.06
529.503	1390.06
529.718	1346.06
529.933	1253.06
530.148	1189.06
530.363	1187.06
530.577	1164.06
530.792	1183.06
531.007	1157.06
531.221	1158.06
531.436	1151.06
531.651	1168.06
531.865	1159.06
532.08	1159.06
532.295	1163.06
532.509	1152.06
532.724	1146.06
532.938	1147.06
533.153	1155.06
533.367	1152.06
533.582	1160.06
533.796	1119.06
534.011	1161.06
534.225	1119.06
534.44	1114.06
534.654	1130.06
534.868	1088.06
535.083	1105.06
535.297	1112.06
535.511	1092.06
535.726	1131.06
535.94	1100.06
536.154	1079.06
536.369	1101.06
536.583	1099.06
536.797	1069.06
537.011	1045.06
537.225	1057.06
537.44	1029.06
537.654	1066.06
537.868	1054.06
538.082	1043.06
538.296	1083.06
538.51	1054.06
538.724	1079.06
538.938	1065.06
539.153	1025.06
539.367	1088.06
539.581	1071.06
539.795	1070.06
540.009	1027.06
540.222	1046.06
540.436	1030.06
540.65	1019.06
540.864	1030.06
541.078	1073.06
541.292	1053.06
541.506	1092.06
541.72	1052.06
541.934	1073.06
542.147	1092.06
542.361	1067.06
542.575	1047.06
542.789	1032.06
543.002	1038.06
543.216	1054.06
543.43	1042.06
543.644	1040.06
543.857	1029.06
544.071	1026.06
544.285	1070.06
544.498	1052.06
544.712	1034.06
544.925	1035.06
545.139	1059.06
545.352	1074.06
545.566	1068.06
545.779	1048.06
545.993	1026.06
546.206	1064.06
546.42	1071.06
546.633	1063.06
546.847	1072.06
547.06	1039.06
547.274	1070.06
547.487	1052.06
547.7	1049.06
547.914	1040.06
548.127	1042.06
548.34	1051.06
548.554	1018.06
548.767	1035.06
548.98	1069.06
549.193	1025.06
549.407	1050.06
549.62	1066.06
549.833	1068.06
550.046	1059.06
550.259	1036.06
550.473	1044.06
550.686	1018.06
550.899	1028.06
551.112	1021.06
551.325	1011.06
551.538	1015.06
551.751	994.06
551.964	1013.06
552.177	1009.06
552.39	1020.06
552.603	1032.06
552.816	1057.06
553.029	1090.06
553.242	1124.06
553.455	1117.06
553.667	1127.06
553.88	1130.06
554.093	1121.06
554.306	1058.06
554.519	1062.06
554.732	1032.06
554.944	1020.06
555.157	990.06
555.37	986.06
555.583	968.06
555.795	1008.06
556.008	975.06
556.221	948.06
556.433	962.06
556.646	953.06
556.859	916.06
557.071	919.06
557.284	936.06
557.496	906.06
557.709	875.06
557.921	891.06
558.134	889.06
558.346	872.06
558.559	904.06
558.771	888.06
558.984	870.06
559.196	836.06
559.409	868.06
559.621	858.06
559.833	836.06
560.046	844.06
560.258	886.06
560.47	896.06
560.683	853.06
560.895	854.06
561.107	868.06
561.32	876.06
561.532	840.06
561.744	846.06
561.956	880.06
562.168	831.06
562.381	864.06
562.593	862.06
562.805	836.06
563.017	856.06
563.229	872.06
563.441	849.06
563.653	857.06
563.865	844.06
564.077	857.06
564.289	865.06
564.501	884.06
564.713	871.06
564.925	884.06
565.137	925.06
565.349	914.06
565.561	949.06
565.773	927.06
565.985	1007.06
566.197	1018.06
566.408	1054.06
566.62	1116.06
566.832	1211.06
567.044	1222.06
567.255	1239.06
567.467	1192.06
567.679	1276.06
567.891	1355.06
568.102	1339.06
568.314	1263.06
568.526	1201.06
568.737	1084.06
568.949	1030.06
569.161	968.06
569.372	927.06
569.584	885.06
569.795	880.06
570.007	861.06
570.218	942.06
570.43	906.06
570.641	810.06
570.853	814.06
571.064	837.06
571.276	850.06
571.487	821.06
571.698	794.06
571.91	768.06
572.121	761.06
572.333	750.06
572.544	744.06
572.755	706.06
572.966	679.06
573.178	692.06
573.389	667.06
573.6	673.06
573.811	678.06
574.023	669.06
574.234	693.06
574.445	666.06
574.656	682.06
574.867	682.06
575.078	675.06
575.289	672.06
575.501	668.06
575.712	638.06
575.923	645.06
576.134	655.06
576.345	669.06
576.556	653.06
576.767	646.06
576.978	665.06
577.188	646.06
577.399	625.06
577.61	634.06
577.821	630.06
578.032	635.06
578.243	696.06
578.454	1141.06
578.665	801.06
578.875	638.06
579.086	612.06
579.297	599.06
579.508	588.06
579.718	590.06
579.929	573.06
580.14	581.06
580.35	578.06
580.561	586.06
580.772	572.06
580.982	585.06
581.193	575.06
581.403	582.06
581.614	579.06
581.825	566.06
582.035	558.06
582.246	563.06
582.456	560.06
582.667	574.06
582.877	586.06
583.087	584.06
583.298	571.06
583.508	576.06
583.719	557.06
583.929	551.06
584.139	565.06
584.35	563.06
584.56	557.06
584.77	554.06
584.981	547.06
585.191	551.06
585.401	530.06
585.611	542.06
585.821	541.06
586.032	550.06
586.242	546.06
586.452	543.06
586.662	544.06
586.872	532.06
587.082	534.06
587.292	534.06
587.502	540.06
587.713	526.06
587.923	532.06
588.133	530.06
588.343	554.06
588.553	552.06
588.762	536.06
588.972	530.06
589.182	529.06
589.392	557.06
589.602	575.06
589.812	565.06
590.022	562.06
590.232	531.06
590.441	552.06
590.651	536.06
590.861	526.06
591.071	538.06
591.281	542.06
591.49	537.06
591.7	546.06
591.91	560.06
592.119	546.06
592.329	586.06
592.539	606.06
592.748	612.06
592.958	603.06
593.167	620.06
593.377	624.06
593.587	632.06
593.796	638.06
594.006	635.06
594.215	640.06
594.424	640.06
594.634	610.06
594.843	598.06
595.053	577.06
595.262	558.06
595.472	538.06
595.681	543.06
595.89	520.06
596.1	546.06
596.309	516.06
596.518	544.06
596.727	518.06
596.937	501.06
597.146	497.06
597.355	503.06
597.564	483.06
597.774	463.06
597.983	490.06
598.192	466.06
598.401	481.06
598.61	475.06
598.819	480.06
599.028	488.06
599.237	452.06
599.446	463.06
599.655	459.06
599.864	475.06
600.073	478.06
600.282	458.06
600.491	456.06
600.7	440.06
600.909	485.06
601.118	454.06
601.327	458.06
601.536	439.06
601.745	452.06
601.953	455.06
602.162	462.06
602.371	495.06
602.58	466.06
602.789	481.06
602.997	468.06
603.206	455.06
603.415	462.06
603.623	457.06
603.832	455.06
604.041	446.06
604.249	429.06
604.458	419.06
604.666	428.06
604.875	422.06
605.084	442.06
605.292	464.06
605.501	455.06
605.709	447.06
605.918	432.06
606.126	429.06
606.334	450.06
606.543	437.06
606.751	460.06
606.96	440.06
607.168	440.06
607.376	433.06
607.585	426.06
607.793	455.06
608.001	444.06
608.21	413.06
608.418	424.06
608.626	443.06
608.834	443.06
609.043	444.06
609.251	430.06
609.459	412.06
609.667	451.06
609.875	457.06
610.083	434.06
610.291	442.06
610.499	441.06
610.707	426.06
610.916	445.06
611.124	442.06
611.332	437.06
611.54	460.06
611.748	424.06
611.955	442.06
612.163	448.06
612.371	434.06
612.579	423.06
612.787	410.06
612.995	406.06
613.203	424.06
613.411	417.06
613.618	436.06
613.826	418.06
614.034	432.06
614.242	414.06
614.449	399.06
614.657	406.06
614.865	413.06
615.072	409.06
615.28	409.06
615.488	424.06
615.695	406.06
615.903	416.06
616.111	407.06
616.318	417.06
616.526	414.06
616.733	397.06
616.941	395.06
617.148	400.06
617.356	412.06
617.563	412.06
617.771	416.06
617.978	407.06
618.185	403.06
618.393	378.06
618.6	410.06
618.807	415.06
619.015	402.06
619.222	392.06
619.429	382.06
619.637	384.06
619.844	376.06
620.051	379.06
620.258	380.06
620.466	397.06
620.673	373.06
620.88	366.06
621.087	374.06
621.294	376.06
621.501	379.06
621.708	353.06
621.915	363.06
622.122	350.06
622.329	376.06
622.536	374.06
622.743	363.06
622.95	358.06
623.157	369.06
623.364	367.06
623.571	358.06
623.778	361.06
623.985	367.06
624.192	361.06
624.399	355.06
624.606	365.06
624.812	344.06
625.019	357.06
625.226	361.06
625.433	342.06
625.639	323.06
625.846	328.06
626.053	321.06
626.259	323.06
626.466	319.06
626.673	332.06
626.879	338.06
627.086	328.06
627.293	321.06
627.499	343.06
627.706	333.06
627.912	344.06
628.119	322.06
628.325	322.06
628.532	316.06
628.738	324.06
628.945	306.06
629.151	349.06
629.357	321.06
629.564	304.06
629.77	306.06
629.976	312.06
630.183	309.06
630.389	317.06
630.595	300.06
630.802	314.06
631.008	311.06
631.214	306.06
631.42	305.06
631.627	316.06
631.833	304.06
632.039	295.06
632.245	303.06
632.451	305.06
632.657	307.06
632.863	304.06
633.069	292.06
633.275	305.06
633.481	312.06
633.688	283.06
633.893	314.06
634.099	303.06
634.305	289.06
634.511	306.06
634.717	301.06
634.923	290.06
635.129	300.06
635.335	298.06
635.541	311.06
635.747	307.06
635.952	320.06
636.158	355.06
636.364	481.06
636.57	563.06
636.775	446.06
636.981	373.06
637.187	344.06
637.392	341.06
637.598	330.06
637.804	337.06
638.009	325.06
638.215	304.06
638.421	297.06
638.626	312.06
638.832	302.06
639.037	280.06
639.243	277.06
639.448	271.06
639.654	272.06
639.859	275.06
640.065	278.06
640.27	286.06
640.475	272.06
640.681	282.06
640.886	279.06
641.091	273.06
641.297	259.06
641.502	267.06
641.707	278.06
641.913	254.06
642.118	254.06
642.323	264.06
642.528	283.06
642.733	264.06
642.939	256.06
643.144	251.06
643.349	271.06
643.554	254.06
643.759	260.06
643.964	257.06
644.169	271.06
644.374	264.06
644.579	234.06
644.784	255.06
644.989	235.06
645.194	257.06
645.399	248.06
645.604	254.06
645.809	249.06
646.014	236.06
646.219	252.06
646.423	259.06
646.628	245.06
646.833	239.06
647.038	235.06
647.243	248.06
647.447	254.06
647.652	218.06
647.857	256.06
648.062	257.06
648.266	241.06
648.471	267.06
648.676	254.06
648.88	250.06
649.085	255.06
649.289	246.06
649.494	265.06
649.698	303.06
649.903	275.06
650.107	268.06
650.312	237.06
650.516	240.06
650.721	246.06
650.925	215.06
651.13	223.06
651.334	222.06
651.539	214.06
651.743	217.06
651.947	225.06
652.152	219.06
652.356	214.06
652.56	207.06
652.764	189.06
652.969	214.06
653.173	210.06
653.377	197.06
653.581	202.06
653.785	201.06
653.99	185.06
654.194	185.06
654.398	171.06
654.602	184.06
654.806	189.06
655.01	196.06
655.214	187.06
655.418	190.06
655.622	193.06
655.826	172.06
656.03	178.06
656.234	179.06
656.438	190.06
656.642	181.06
656.846	183.06
657.049	174.06
657.253	162.06
657.457	159.06
657.661	146.06
657.865	130.06
658.068	127.06
658.272	133.06
658.476	118.06
658.68	119.06
658.883	130.06
659.087	124.06
659.291	127.06
659.494	116.06
659.698	99.06
659.901	100.06
660.105	108.06
660.309	102.06
660.512	112.06
660.716	97.06
660.919	102.06
661.123	104.06
661.326	104.06
661.53	91.06
661.733	94.06
661.936	92.06
662.14	87.06
662.343	87.06
662.546	99.06
662.75	82.06
662.953	84.06
663.156	77.06
663.36	74.06
663.563	91.06
663.766	80.06
663.969	89.06
664.173	85.06
664.376	87.06
664.579	90.06
664.782	91.06
664.985	76.06
665.188	80.06
665.391	86.06
665.594	72.06
665.797	92.06
666	84.06
666.203	79.06
666.406	93.06
666.609	80.06
666.812	67.06
667.015	73.06
667.218	75.06
667.421	67.06
667.624	74.06
667.827	85.06
668.03	82.06
668.232	74.06
668.435	72.06
668.638	79.06
668.841	86.06
669.043	78.06
669.246	77.06
669.449	74.06
669.651	81.06
669.854	92.06
670.057	94.06
670.259	76.06
670.462	86.06
670.665	83.06
670.867	72.06
671.07	80.06
671.272	90.06
671.475	89.06
671.677	78.06
671.88	75.06
672.082	79.06
672.284	73.06
672.487	70.06
672.689	72.06
672.892	80.06
