223.165	-27.94
223.4	-27.94
223.635	-27.94
223.869	-16.94
224.104	-23.94
224.338	-15.94
224.573	-18.94
224.808	-16.94
225.042	2.06
225.277	-11.94
225.511	10.06
225.746	-2.94
225.98	-1.94
226.215	21.06
226.449	24.06
226.683	41.06
226.918	20.06
227.152	19.06
227.387	41.06
227.621	41.06
227.856	53.06
228.09	62.06
228.324	52.06
228.559	58.06
228.793	83.06
229.027	139.06
229.262	154.06
229.496	166.06
229.73	198.06
229.964	228.06
230.199	186.06
230.433	158.06
230.667	154.06
230.901	158.06
231.136	159.06
231.37	162.06
231.604	158.06
231.838	148.06
232.072	146.06
232.306	160.06
232.541	157.06
232.775	141.06
233.009	137.06
233.243	160.06
233.477	159.06
233.711	158.06
233.945	161.06
234.179	150.06
234.413	175.06
234.647	175.06
234.881	154.06
235.115	178.06
235.349	176.06
235.583	158.06
235.817	172.06
236.051	160.06
236.285	169.06
236.519	190.06
236.753	190.06
236.987	216.06
237.221	250.06
237.455	309.06
237.689	265.06
237.922	198.06
238.156	188.06
238.39	192.06
238.624	177.06
238.858	198.06
239.091	189.06
239.325	184.06
239.559	193.06
239.793	190.06
240.027	200.06
240.26	213.06
240.494	223.06
240.728	230.06
240.961	218.06
241.195	206.06
241.429	218.06
241.662	214.06
241.896	218.06
242.13	208.06
242.363	216.06
242.597	211.06
242.83	196.06
243.064	220.06
243.298	228.06
243.531	225.06
243.765	227.06
243.998	218.06
244.232	215.06
244.465	237.06
244.699	228.06
244.932	232.06
245.166	225.06
245.399	254.06
245.633	242.06
245.866	240.06
246.099	233.06
246.333	230.06
246.566	248.06
246.8	262.06
247.033	245.06
247.266	253.06
247.5	263.06
247.733	281.06
247.966	284.06
248.2	262.06
248.433	260.06
248.666	277.06
248.899	289.06
249.133	321.06
249.366	321.06
249.599	321.06
249.832	310.06
250.066	322.06
250.299	348.06
250.532	421.06
250.765	447.06
250.998	438.06
251.231	382.06
251.465	365.06
251.698	359.06
251.931	338.06
252.164	350.06
252.397	323.06
252.63	326.06
252.863	338.06
253.096	353.06
253.329	347.06
253.562	364.06
253.795	358.06
254.028	340.06
254.261	352.06
254.494	373.06
254.727	376.06
254.96	401.06
255.193	418.06
255.426	404.06
255.659	412.06
255.892	528.06
256.124	628.06
256.357	689.06
256.59	576.06
256.823	502.06
257.056	432.06
257.289	398.06
257.521	378.06
257.754	386.06
257.987	421.06
258.22	394.06
258.452	374.06
258.685	365.06
258.918	368.06
259.151	368.06
259.383	380.06
259.616	366.06
259.849	366.06
260.081	391.06
260.314	375.06
260.547	385.06
260.779	400.06
261.012	392.06
261.244	382.06
261.477	371.06
261.71	372.06
261.942	382.06
262.175	408.06
262.407	398.06
262.64	380.06
262.872	374.06
263.105	378.06
263.337	384.06
263.57	371.06
263.802	375.06
264.035	354.06
264.267	368.06
264.499	353.06
264.732	364.06
264.964	371.06
265.197	389.06
265.429	388.06
265.661	386.06
265.894	350.06
266.126	377.06
266.358	374.06
266.591	382.06
266.823	385.06
267.055	371.06
267.287	403.06
267.52	401.06
267.752	412.06
267.984	404.06
268.216	398.06
268.448	388.06
268.681	411.06
268.913	412.06
269.145	444.06
269.377	436.06
269.609	417.06
269.841	447.06
270.073	438.06
270.306	455.06
270.538	486.06
270.77	472.06
271.002	474.06
271.234	474.06
271.466	477.06
271.698	485.06
271.93	522.06
272.162	519.06
272.394	492.06
272.626	496.06
272.858	478.06
273.09	476.06
273.322	466.06
273.553	452.06
273.785	464.06
274.017	453.06
274.249	453.06
274.481	470.06
274.713	475.06
274.945	509.06
275.176	441.06
275.408	480.06
275.64	502.06
275.872	512.06
276.104	513.06
276.335	512.06
276.567	509.06
276.799	528.06
277.031	568.06
277.262	576.06
277.494	577.06
277.726	561.06
277.957	562.06
278.189	529.06
278.421	501.06
278.652	513.06
278.884	501.06
279.115	502.06
279.347	513.06
279.579	499.06
279.81	523.06
280.042	540.06
280.273	568.06
280.505	589.06
280.736	550.06
280.968	533.06
281.199	529.06
281.431	525.06
281.662	502.06
281.894	540.06
282.125	524.06
282.356	563.06
282.588	581.06
282.819	562.06
283.051	517.06
283.282	530.06
283.513	521.06
283.745	536.06
283.976	543.06
284.207	521.06
284.439	537.06
284.67	521.06
284.901	521.06
285.132	529.06
285.364	545.06
285.595	529.06
285.826	522.06
286.057	526.06
286.288	533.06
286.52	528.06
286.751	541.06
286.982	547.06
287.213	561.06
287.444	543.06
287.675	560.06
287.906	552.06
288.138	573.06
288.369	570.06
288.6	583.06
288.831	559.06
289.062	565.06
289.293	558.06
289.524	557.06
289.755	552.06
289.986	575.06
290.217	570.06
290.448	531.06
290.679	568.06
290.91	544.06
291.141	575.06
291.371	533.06
291.602	549.06
291.833	545.06
292.064	572.06
292.295	566.06
292.526	561.06
292.757	549.06
292.987	532.06
293.218	533.06
293.449	568.06
293.68	557.06
293.91	558.06
294.141	562.06
294.372	570.06
294.603	588.06
294.833	571.06
295.064	560.06
295.295	577.06
295.525	577.06
295.756	573.06
295.987	594.06
296.217	644.06
296.448	672.06
296.679	596.06
296.909	600.06
297.14	591.06
297.37	610.06
297.601	618.06
297.831	593.06
298.062	600.06
298.292	609.06
298.523	586.06
298.753	618.06
298.984	620.06
299.214	598.06
299.445	629.06
299.675	617.06
299.905	620.06
300.136	630.06
300.366	623.06
300.597	618.06
300.827	624.06
301.057	662.06
301.288	679.06
301.518	678.06
301.748	677.06
301.979	670.06
302.209	694.06
302.439	678.06
302.669	669.06
302.9	637.06
303.13	663.06
303.36	674.06
303.59	682.06
303.82	729.06
304.051	697.06
304.281	672.06
304.511	665.06
304.741	689.06
304.971	672.06
305.201	671.06
305.431	655.06
305.661	647.06
305.891	645.06
306.121	661.06
306.352	659.06
306.582	694.06
306.812	701.06
307.042	703.06
307.272	674.06
307.502	738.06
307.731	736.06
307.961	706.06
308.191	689.06
308.421	675.06
308.651	690.06
308.881	690.06
309.111	691.06
309.341	684.06
309.571	712.06
309.8	740.06
310.03	724.06
310.26	742.06
310.49	717.06
310.72	757.06
310.949	788.06
311.179	796.06
311.409	769.06
311.639	781.06
311.868	766.06
312.098	787.06
312.328	782.06
312.557	782.06
312.787	829.06
313.017	801.06
313.246	796.06
313.476	797.06
313.706	788.06
313.935	801.06
314.165	794.06
314.394	832.06
314.624	818.06
314.853	792.06
315.083	793.06
315.312	784.06
315.542	800.06
315.771	751.06
316.001	783.06
316.23	787.06
316.46	768.06
316.689	789.06
316.919	801.06
317.148	794.06
317.377	791.06
317.607	781.06
317.836	792.06
318.065	809.06
318.295	781.06
318.524	797.06
318.753	802.06
318.983	793.06
319.212	778.06
319.441	805.06
319.67	809.06
319.9	816.06
320.129	786.06
320.358	832.06
320.587	830.06
320.816	860.06
321.046	865.06
321.275	874.06
321.504	858.06
321.733	841.06
321.962	864.06
322.191	891.06
322.42	917.06
322.649	946.06
322.878	981.06
323.108	984.06
323.337	1050.06
323.566	1072.06
323.795	1146.06
324.024	1237.06
324.253	1511.06
324.482	2092.06
324.71	3176.06
324.939	4517.06
325.168	3594.06
325.397	1971.06
325.626	1456.06
325.855	1273.06
326.084	1219.06
326.313	1144.06
326.542	1191.06
326.77	1304.06
326.999	1469.06
327.228	2012.06
327.457	3073.06
327.686	3538.06
327.914	2404.06
328.143	1906.06
328.372	1883.06
328.6	1717.06
328.829	1424.06
329.058	1414.06
329.287	1484.06
329.515	1422.06
329.744	1483.06
329.972	1711.06
330.201	2169.06
330.43	2602.06
330.658	2240.06
330.887	1710.06
331.115	1526.06
331.344	1342.06
331.572	1296.06
331.801	1219.06
332.03	1273.06
332.258	1238.06
332.486	1232.06
332.715	1238.06
332.943	1308.06
333.172	1355.06
333.4	1392.06
333.629	1511.06
333.857	1634.06
334.085	1916.06
334.314	2397.06
334.542	3112.06
334.771	3377.06
334.999	2248.06
335.227	1651.06
335.455	1453.06
335.684	1320.06
335.912	1230.06
336.14	1230.06
336.369	1188.06
336.597	1218.06
336.825	1168.06
337.053	1156.06
337.281	1131.06
337.51	1098.06
337.738	1115.06
337.966	1083.06
338.194	1091.06
338.422	1073.06
338.65	1022.06
338.878	1047.06
339.106	1024.06
339.334	1032.06
339.562	994.06
339.79	1008.06
340.018	990.06
340.246	991.06
340.474	1001.06
340.702	992.06
340.93	1000.06
341.158	990.06
341.386	987.06
341.614	990.06
341.842	966.06
342.07	965.06
342.298	984.06
342.526	950.06
342.754	987.06
342.981	944.06
343.209	995.06
343.437	1029.06
343.665	1015.06
343.893	1071.06
344.12	1109.06
344.348	1074.06
344.576	1056.06
344.804	1040.06
345.031	1025.06
345.259	989.06
345.487	988.06
345.714	1001.06
345.942	980.06
346.17	953.06
346.397	935.06
346.625	971.06
346.853	944.06
347.08	932.06
347.308	936.06
347.535	984.06
347.763	997.06
347.99	992.06
348.218	977.06
348.445	992.06
348.673	998.06
348.9	991.06
349.128	940.06
349.355	908.06
349.583	937.06
349.81	922.06
350.037	920.06
350.265	923.06
350.492	919.06
350.72	935.06
350.947	975.06
351.174	984.06
351.402	965.06
351.629	968.06
351.856	981.06
352.083	998.06
352.311	975.06
352.538	992.06
352.765	980.06
352.992	991.06
353.22	973.06
353.447	965.06
353.674	941.06
353.901	929.06
354.128	946.06
354.355	904.06
354.583	927.06
354.81	919.06
355.037	915.06
355.264	924.06
355.491	924.06
355.718	917.06
355.945	896.06
356.172	936.06
356.399	913.06
356.626	928.06
356.853	905.06
357.08	941.06
357.307	910.06
357.534	916.06
357.761	923.06
357.988	928.06
358.215	915.06
358.441	938.06
358.668	924.06
358.895	952.06
359.122	962.06
359.349	942.06
359.576	965.06
359.802	1058.06
360.029	1078.06
360.256	1094.06
360.483	1060.06
360.709	985.06
360.936	999.06
361.163	970.06
361.39	1016.06
361.616	977.06
361.843	978.06
362.07	996.06
362.296	1025.06
362.523	1001.06
362.749	965.06
362.976	952.06
363.203	970.06
363.429	977.06
363.656	967.06
363.882	965.06
364.109	934.06
364.335	943.06
364.562	944.06
364.788	973.06
365.015	992.06
365.241	934.06
365.468	961.06
365.694	977.06
365.92	976.06
366.147	941.06
366.373	939.06
366.599	975.06
366.826	968.06
367.052	940.06
367.278	954.06
367.505	966.06
367.731	957.06
367.957	954.06
368.184	966.06
368.41	997.06
368.636	1024.06
368.862	985.06
369.089	1016.06
369.315	980.06
369.541	1012.06
369.767	993.06
369.993	992.06
370.219	990.06
370.445	991.06
370.672	973.06
370.898	997.06
371.124	1014.06
371.35	1015.06
371.576	1014.06
371.802	1006.06
372.028	1013.06
372.254	988.06
372.48	997.06
372.706	1036.06
372.932	1052.06
373.158	1022.06
373.384	1015.06
373.61	1020.06
373.835	982.06
374.061	1009.06
374.287	1026.06
374.513	1032.06
374.739	1063.06
374.965	1103.06
375.191	1098.06
375.416	1081.06
375.642	1069.06
375.868	1064.06
376.094	1063.06
376.319	1005.06
376.545	1008.06
376.771	1022.06
376.997	1024.06
377.222	1006.06
377.448	1013.06
377.674	1003.06
377.899	1016.06
378.125	1011.06
378.35	993.06
378.576	1020.06
378.802	972.06
379.027	993.06
379.253	1018.06
379.478	989.06
379.704	992.06
379.929	1012.06
380.155	1019.06
380.38	1020.06
380.606	1016.06
380.831	1021.06
381.057	1000.06
381.282	987.06
381.507	1001.06
381.733	1026.06
381.958	1038.06
382.184	1038.06
382.409	1035.06
382.634	1054.06
382.86	1049.06
383.085	1068.06
383.31	1080.06
383.535	1110.06
383.761	1100.06
383.986	1085.06
384.211	1110.06
384.436	1117.06
384.662	1127.06
384.887	1162.06
385.112	1150.06
385.337	1194.06
385.562	1165.06
385.787	1158.06
386.013	1206.06
386.238	1223.06
386.463	1209.06
386.688	1194.06
386.913	1184.06
387.138	1188.06
387.363	1184.06
387.588	1138.06
387.813	1150.06
388.038	1172.06
388.263	1196.06
388.488	1206.06
388.713	1179.06
388.938	1179.06
389.163	1175.06
389.387	1177.06
389.612	1149.06
389.837	1182.06
390.062	1184.06
390.287	1193.06
390.512	1174.06
390.736	1186.06
390.961	1182.06
391.186	1210.06
391.411	1241.06
391.636	1263.06
391.86	1282.06
392.085	1287.06
392.31	1314.06
392.534	1302.06
392.759	1293.06
392.984	1265.06
393.208	1257.06
393.433	1269.06
393.658	1278.06
393.882	1230.06
394.107	1242.06
394.331	1280.06
394.556	1300.06
394.78	1244.06
395.005	1303.06
395.229	1274.06
395.454	1312.06
395.678	1315.06
395.903	1341.06
396.127	1348.06
396.352	1327.06
396.576	1306.06
396.801	1296.06
397.025	1321.06
397.249	1312.06
397.474	1351.06
397.698	1351.06
397.922	1386.06
398.147	1381.06
398.371	1424.06
398.595	1434.06
398.82	1464.06
399.044	1594.06
399.268	1658.06
399.492	1878.06
399.717	2046.06
399.941	2032.06
400.165	1915.06
400.389	1803.06
400.613	1650.06
400.837	1572.06
401.062	1536.06
401.286	1527.06
401.51	1505.06
401.734	1529.06
401.958	1567.06
402.182	1548.06
402.406	1584.06
402.63	1605.06
402.854	1614.06
403.078	1589.06
403.302	1599.06
403.526	1652.06
403.75	1679.06
403.974	1729.06
404.198	1704.06
404.422	1758.06
404.645	1758.06
404.869	1795.06
405.093	1895.06
405.317	1990.06
405.541	2086.06
405.765	1882.06
405.988	1805.06
406.212	1815.06
406.436	1853.06
406.66	1878.06
406.883	1829.06
407.107	1877.06
407.331	1972.06
407.555	2122.06
407.778	2044.06
408.002	1951.06
408.226	1863.06
408.449	1875.06
408.673	1774.06
408.896	1832.06
409.12	1884.06
409.344	1793.06
409.567	1732.06
409.791	1704.06
410.014	1657.06
410.238	1653.06
410.461	1642.06
410.685	1682.06
410.908	1669.06
411.132	1709.06
411.355	1738.06
411.578	1696.06
411.802	1669.06
412.025	1693.06
412.249	1801.06
412.472	1880.06
412.695	1959.06
412.919	1919.06
413.142	1808.06
413.365	1754.06
413.589	1683.06
413.812	1612.06
414.035	1588.06
414.258	1569.06
414.482	1562.06
414.705	1556.06
414.928	1565.06
415.151	1566.06
415.374	1576.06
415.597	1559.06
415.821	1507.06
416.044	1520.06
416.267	1518.06
416.49	1509.06
416.713	1505.06
416.936	1522.06
417.159	1557.06
417.382	1590.06
417.605	1536.06
417.828	1593.06
418.051	1602.06
418.274	1577.06
418.497	1555.06
418.72	1595.06
418.943	1600.06
419.166	1648.06
419.389	1744.06
419.611	1756.06
419.834	1781.06
420.057	1761.06
420.28	1809.06
420.503	1836.06
420.726	1728.06
420.948	1736.06
421.171	1741.06
421.394	1769.06
421.617	1639.06
421.839	1604.06
422.062	1591.06
422.285	1618.06
422.507	1683.06
422.73	1804.06
422.953	1795.06
423.175	1693.06
423.398	1655.06
423.621	1639.06
423.843	1631.06
424.066	1678.06
424.288	1657.06
424.511	1701.06
424.733	1761.06
424.956	1885.06
425.178	1831.06
425.401	1832.06
425.623	1821.06
425.846	1648.06
426.068	1576.06
426.291	1616.06
426.513	1617.06
426.735	1591.06
426.958	1632.06
427.18	1763.06
427.402	1968.06
427.625	2181.06
427.847	2045.06
428.069	1923.06
428.292	1737.06
428.514	1602.06
428.736	1536.06
428.958	1487.06
429.181	1463.06
429.403	1451.06
429.625	1475.06
429.847	1549.06
430.069	1612.06
430.292	1570.06
430.514	1413.06
430.736	1446.06
430.958	1431.06
431.18	1397.06
431.402	1397.06
431.624	1394.06
431.846	1405.06
432.068	1424.06
432.29	1415.06
432.512	1380.06
432.734	1414.06
432.956	1433.06
433.178	1440.06
433.4	1436.06
433.622	1436.06
433.844	1445.06
434.066	1429.06
434.287	1409.06
434.509	1462.06
434.731	1508.06
434.953	1543.06
435.175	1572.06
435.397	1565.06
435.618	1564.06
435.84	1616.06
436.062	1736.06
436.284	1808.06
436.505	1559.06
436.727	1504.06
436.949	1492.06
437.17	1436.06
437.392	1431.06
437.614	1448.06
437.835	1492.06
438.057	1683.06
438.278	1833.06
438.5	1748.06
438.721	1909.06
438.943	1849.06
439.165	1562.06
439.386	1504.06
439.608	1495.06
439.829	1523.06
440.05	1564.06
440.272	1645.06
440.493	1565.06
440.715	1557.06
440.936	1534.06
441.158	1503.06
441.379	1556.06
441.6	1568.06
441.822	1636.06
442.043	1671.06
442.264	1800.06
442.486	1836.06
442.707	1667.06
442.928	1590.06
443.149	1630.06
443.371	1680.06
443.592	1682.06
443.813	1905.06
444.034	1953.06
444.255	1740.06
444.476	1702.06
444.698	1761.06
444.919	1764.06
445.14	1844.06
445.361	1708.06
445.582	1681.06
445.803	1794.06
446.024	1886.06
446.245	1847.06
446.466	1772.06
446.687	1541.06
446.908	1520.06
447.129	1444.06
447.35	1424.06
447.571	1407.06
447.792	1369.06
448.013	1408.06
448.234	1426.06
448.455	1483.06
448.675	1690.06
448.896	1820.06
449.117	1597.06
449.338	1574.06
449.559	1752.06
449.779	1889.06
450	1591.06
450.221	1403.06
450.442	1413.06
450.662	1389.06
450.883	1371.06
451.104	1444.06
451.324	1412.06
451.545	1389.06
451.766	1350.06
451.986	1303.06
452.207	1313.06
452.428	1254.06
452.648	1287.06
452.869	1262.06
453.089	1284.06
453.31	1333.06
453.53	1247.06
453.751	1278.06
453.971	1248.06
454.192	1284.06
454.412	1220.06
454.633	1225.06
454.853	1217.06
455.073	1224.06
455.294	1281.06
455.514	1358.06
455.734	1309.06
455.955	1209.06
456.175	1189.06
456.395	1186.06
456.616	1162.06
456.836	1170.06
457.056	1157.06
457.276	1126.06
457.497	1158.06
457.717	1193.06
457.937	1208.06
458.157	1184.06
458.377	1238.06
458.598	1271.06
458.818	1449.06
459.038	1575.06
459.258	1595.06
459.478	1446.06
459.698	1408.06
459.918	1399.06
460.138	1404.06
460.358	1483.06
460.578	1502.06
460.798	1505.06
461.018	1526.06
461.238	1536.06
461.458	1452.06
461.678	1471.06
461.898	1521.06
462.118	1486.06
462.338	1600.06
462.558	1606.06
462.777	1645.06
462.997	1745.06
463.217	1871.06
463.437	1897.06
463.657	1716.06
463.876	1684.06
464.096	1670.06
464.316	1669.06
464.536	1703.06
464.755	1719.06
464.975	1674.06
465.195	1718.06
465.414	1866.06
465.634	1590.06
465.854	1507.06
466.073	1459.06
466.293	1385.06
466.512	1361.06
466.732	1342.06
466.951	1346.06
467.171	1324.06
467.391	1355.06
467.61	1373.06
467.829	1435.06
468.049	1587.06
468.268	1928.06
468.488	1626.06
468.707	1409.06
468.927	1366.06
469.146	1339.06
469.365	1340.06
469.585	1313.06
469.804	1356.06
470.023	1408.06
470.243	1394.06
470.462	1430.06
470.681	1459.06
470.901	1460.06
471.12	1421.06
471.339	1432.06
471.558	1372.06
471.777	1460.06
471.997	1480.06
472.216	1906.06
472.435	3232.06
472.654	2480.06
472.873	1744.06
473.092	1564.06
473.311	1431.06
473.53	1430.06
473.749	1419.06
473.968	1445.06
474.187	1598.06
474.406	1558.06
474.625	1430.06
474.844	1369.06
475.063	1324.06
475.282	1336.06
475.501	1308.06
475.72	1339.06
475.939	1332.06
476.158	1357.06
476.377	1378.06
476.596	1342.06
476.814	1357.06
477.033	1377.06
477.252	1392.06
477.471	1396.06
477.69	1459.06
477.908	1465.06
478.127	1544.06
478.346	1495.06
478.564	1528.06
478.783	1528.06
479.002	1607.06
479.22	1587.06
479.439	1602.06
479.658	1692.06
479.876	1660.06
480.095	1638.06
480.313	1768.06
480.532	1807.06
480.751	1917.06
480.969	2248.06
481.188	4148.06
481.406	5148.06
481.624	2832.06
481.843	2213.06
482.061	1982.06
482.28	1849.06
482.498	1777.06
482.717	1704.06
482.935	1686.06
483.153	1680.06
483.372	1664.06
483.59	1672.06
483.808	1608.06
484.027	1568.06
484.245	1602.06
484.463	1648.06
484.681	1650.06
484.9	1644.06
485.118	1624.06
485.336	1618.06
485.554	1610.06
485.772	1610.06
485.99	1668.06
486.209	1649.06
486.427	1661.06
486.645	1708.06
486.863	1715.06
487.081	1666.06
487.299	1660.06
487.517	1655.06
487.735	1655.06
487.953	1708.06
488.171	1676.06
488.389	1662.06
488.607	1696.06
488.825	1669.06
489.043	1688.06
489.261	1674.06
489.479	1686.06
489.696	1684.06
489.914	1758.06
490.132	1767.06
490.35	1736.06
490.568	1798.06
490.786	1792.06
491.003	1877.06
491.221	1920.06
491.439	1950.06
491.657	2012.06
491.874	2063.06
492.092	2086.06
492.31	2098.06
492.527	2129.06
492.745	2152.06
492.963	2158.06
493.18	2094.06
493.398	2111.06
493.615	2106.06
493.833	2066.06
494.05	2056.06
494.268	2068.06
494.485	1985.06
494.703	2003.06
494.92	1984.06
495.138	1980.06
495.355	1965.06
495.573	1953.06
495.79	1980.06
496.008	1930.06
496.225	1939.06
496.442	1977.06
496.66	1957.06
496.877	1936.06
497.094	1948.06
497.312	1966.06
497.529	1980.06
497.746	2029.06
497.963	2085.06
498.181	2100.06
498.398	2170.06
498.615	2231.06
498.832	2313.06
499.049	2423.06
499.267	2542.06
499.484	2702.06
499.701	2946.06
499.918	3158.06
500.135	3461.06
500.352	3863.06
500.569	3990.06
500.786	3964.06
501.003	3748.06
501.22	3427.06
501.437	3167.06
501.654	2850.06
501.871	2728.06
502.088	2498.06
502.305	2428.06
502.522	2334.06
502.739	2226.06
502.956	2145.06
503.172	2065.06
503.389	1990.06
503.606	1982.06
503.823	1981.06
504.04	1936.06
504.256	1899.06
504.473	1950.06
504.69	1942.06
504.907	1943.06
505.123	1820.06
505.34	1807.06
505.557	1733.06
505.773	1674.06
505.99	1650.06
506.207	1686.06
506.423	1705.06
506.64	1647.06
506.856	1590.06
507.073	1613.06
507.289	1604.06
507.506	1594.06
507.722	1652.06
507.939	1673.06
508.155	1615.06
508.372	1524.06
508.588	1565.06
508.805	1495.06
509.021	1516.06
509.238	1556.06
509.454	1553.06
509.67	1501.06
509.887	1508.06
510.103	1535.06
510.319	1560.06
510.536	1926.06
510.752	3722.06
510.968	2590.06
511.184	1643.06
511.401	1522.06
511.617	1584.06
511.833	1618.06
512.049	1609.06
512.265	1617.06
512.481	1563.06
512.698	1477.06
512.914	1510.06
513.13	1493.06
513.346	1517.06
513.562	1474.06
513.778	1453.06
513.994	1514.06
514.21	1531.06
514.426	1611.06
514.642	1694.06
514.858	1745.06
515.074	1895.06
515.29	2333.06
515.506	3777.06
515.721	2826.06
515.937	1864.06
516.153	1710.06
516.369	1705.06
516.585	1679.06
516.801	1625.06
517.016	1690.06
517.232	1713.06
517.448	1752.06
517.664	1809.06
517.879	1770.06
518.095	1812.06
518.311	1805.06
518.527	1738.06
518.742	1658.06
518.958	1646.06
519.173	1602.06
519.389	1591.06
519.605	1540.06
519.82	1554.06
520.036	1585.06
520.251	1612.06
520.467	1642.06
520.682	1618.06
520.898	1638.06
521.113	1722.06
521.329	1800.06
521.544	2069.06
521.76	2667.06
521.975	5012.06
522.19	4617.06
522.406	2311.06
522.621	1685.06
522.836	1546.06
523.052	1488.06
523.267	1404.06
523.482	1408.06
523.698	1385.06
523.913	1361.06
524.128	1398.06
524.343	1335.06
524.559	1340.06
524.774	1301.06
524.989	1292.06
525.204	1297.06
525.419	1342.06
525.634	1267.06
525.849	1276.06
526.064	1224.06
526.28	1262.06
526.495	1241.06
526.71	1217.06
526.925	1201.06
527.14	1236.06
527.355	1204.06
527.57	1212.06
527.785	1203.06
527.999	1217.06
528.214	1183.06
528.429	1218.06
528.644	1230.06
528.859	1232.06
529.074	1240.06
529.289	1308.06
529.503	1503.06
529.718	1428.06
529.933	1305.06
530.148	1224.06
530.363	1234.06
530.577	1206.06
530.792	1209.06
531.007	1192.06
531.221	1190.06
531.436	1188.06
531.651	1199.06
531.865	1210.06
532.08	1198.06
532.295	1192.06
532.509	1152.06
532.724	1197.06
532.938	1198.06
533.153	1165.06
533.367	1156.06
533.582	1154.06
533.796	1164.06
534.011	1153.06
534.225	1140.06
534.44	1148.06
534.654	1134.06
534.868	1133.06
535.083	1154.06
535.297	1140.06
535.511	1137.06
535.726	1160.06
535.94	1155.06
536.154	1161.06
536.369	1120.06
536.583	1123.06
536.797	1096.06
537.011	1110.06
537.225	1089.06
537.44	1082.06
537.654	1105.06
537.868	1074.06
538.082	1086.06
538.296	1066.06
538.51	1108.06
538.724	1101.06
538.938	1079.06
539.153	1070.06
539.367	1136.06
539.581	1090.06
539.795	1102.06
540.009	1100.06
540.222	1077.06
540.436	1077.06
540.65	1071.06
540.864	1083.06
541.078	1115.06
541.292	1097.06
541.506	1064.06
541.72	1077.06
541.934	1116.06
542.147	1126.06
542.361	1109.06
542.575	1096.06
542.789	1053.06
543.002	1063.06
543.216	1043.06
543.43	1075.06
543.644	1068.06
543.857	1049.06
544.071	1085.06
544.285	1082.06
544.498	1097.06
544.712	1069.06
544.925	1084.06
545.139	1095.06
545.352	1072.06
545.566	1126.06
545.779	1088.06
545.993	1108.06
546.206	1106.06
546.42	1094.06
546.633	1085.06
546.847	1074.06
547.06	1087.06
547.274	1081.06
547.487	1085.06
547.7	1080.06
547.914	1051.06
548.127	1108.06
548.34	1094.06
548.554	1055.06
548.767	1077.06
548.98	1103.06
549.193	1076.06
549.407	1090.06
549.62	1120.06
549.833	1096.06
550.046	1092.06
550.259	1041.06
550.473	1051.06
550.686	1049.06
550.899	1058.06
551.112	1039.06
551.325	1018.06
551.538	1031.06
551.751	1020.06
551.964	1006.06
552.177	1035.06
552.39	1041.06
552.603	1070.06
552.816	1089.06
553.029	1128.06
553.242	1156.06
553.455	1126.06
553.667	1198.06
553.88	1181.06
554.093	1162.06
554.306	1106.06
554.519	1090.06
554.732	1057.06
554.944	1031.06
555.157	1043.06
555.37	1034.06
555.583	984.06
555.795	972.06
556.008	975.06
556.221	954.06
556.433	929.06
556.646	947.06
556.859	944.06
557.071	931.06
557.284	898.06
557.496	900.06
557.709	940.06
557.921	937.06
558.134	884.06
558.346	894.06
558.559	925.06
558.771	887.06
558.984	893.06
559.196	889.06
559.409	894.06
559.621	870.06
559.833	868.06
560.046	863.06
560.258	881.06
560.47	879.06
560.683	866.06
560.895	859.06
561.107	841.06
561.32	875.06
561.532	844.06
561.744	873.06
561.956	866.06
562.168	867.06
562.381	842.06
562.593	886.06
562.805	898.06
563.017	870.06
563.229	868.06
563.441	866.06
563.653	873.06
563.865	877.06
564.077	882.06
564.289	877.06
564.501	878.06
564.713	925.06
564.925	928.06
565.137	963.06
565.349	929.06
565.561	945.06
565.773	1005.06
565.985	1032.06
566.197	1048.06
566.408	1119.06
566.62	1172.06
566.832	1267.06
567.044	1263.06
567.255	1263.06
567.467	1288.06
567.679	1342.06
567.891	1428.06
568.102	1413.06
568.314	1333.06
568.526	1276.06
568.737	1139.06
568.949	1064.06
569.161	1012.06
569.372	969.06
569.584	908.06
569.795	924.06
570.007	881.06
570.218	997.06
570.43	958.06
570.641	850.06
570.853	848.06
571.064	816.06
571.276	847.06
571.487	815.06
571.698	789.06
571.91	782.06
572.121	756.06
572.333	751.06
572.544	760.06
572.755	743.06
572.966	727.06
573.178	717.06
573.389	711.06
573.6	696.06
573.811	703.06
574.023	677.06
574.234	676.06
574.445	692.06
574.656	718.06
574.867	683.06
575.078	668.06
575.289	672.06
575.501	689.06
575.712	658.06
575.923	665.06
576.134	666.06
576.345	650.06
576.556	663.06
576.767	658.06
576.978	656.06
577.188	634.06
577.399	657.06
577.61	649.06
577.821	660.06
578.032	658.06
578.243	730.06
578.454	1341.06
578.665	890.06
578.875	672.06
579.086	618.06
579.297	626.06
579.508	608.06
579.718	616.06
579.929	598.06
580.14	598.06
580.35	582.06
580.561	591.06
580.772	586.06
580.982	602.06
581.193	582.06
581.403	598.06
581.614	591.06
581.825	607.06
582.035	564.06
582.246	570.06
582.456	583.06
582.667	574.06
582.877	584.06
583.087	588.06
583.298	599.06
583.508	570.06
583.719	574.06
583.929	576.06
584.139	552.06
584.35	530.06
584.56	559.06
584.77	589.06
584.981	564.06
585.191	567.06
585.401	574.06
585.611	576.06
585.821	562.06
586.032	582.06
586.242	553.06
586.452	569.06
586.662	553.06
586.872	546.06
587.082	557.06
587.292	554.06
587.502	524.06
587.713	561.06
587.923	554.06
588.133	543.06
588.343	561.06
588.553	548.06
588.762	567.06
588.972	558.06
589.182	568.06
589.392	558.06
589.602	581.06
589.812	582.06
590.022	570.06
590.232	545.06
590.441	572.06
590.651	549.06
590.861	551.06
591.071	543.06
591.281	561.06
591.49	568.06
591.7	569.06
591.91	585.06
592.119	582.06
592.329	616.06
592.539	612.06
592.748	639.06
592.958	639.06
593.167	621.06
593.377	661.06
593.587	680.06
593.796	651.06
594.006	635.06
594.215	662.06
594.424	658.06
594.634	651.06
594.843	636.06
595.053	615.06
595.262	590.06
595.472	586.06
595.681	574.06
595.89	547.06
596.1	558.06
596.309	540.06
596.518	547.06
596.727	528.06
596.937	539.06
597.146	549.06
597.355	523.06
597.564	525.06
597.774	498.06
597.983	465.06
598.192	480.06
598.401	481.06
598.61	471.06
598.819	479.06
599.028	481.06
599.237	456.06
599.446	478.06
599.655	483.06
599.864	481.06
600.073	454.06
600.282	476.06
600.491	483.06
600.7	474.06
600.909	457.06
601.118	472.06
601.327	476.06
601.536	466.06
601.745	484.06
601.953	468.06
602.162	476.06
602.371	474.06
602.58	476.06
602.789	478.06
602.997	481.06
603.206	479.06
603.415	487.06
603.623	460.06
603.832	465.06
604.041	462.06
604.249	459.06
604.458	465.06
604.666	439.06
604.875	468.06
605.084	457.06
605.292	440.06
605.501	444.06
605.709	457.06
605.918	464.06
606.126	456.06
606.334	462.06
606.543	457.06
606.751	468.06
606.96	444.06
607.168	444.06
607.376	463.06
607.585	440.06
607.793	448.06
608.001	429.06
608.21	427.06
608.418	448.06
608.626	455.06
608.834	472.06
609.043	481.06
609.251	452.06
609.459	440.06
609.667	448.06
609.875	436.06
610.083	452.06
610.291	444.06
610.499	448.06
610.707	436.06
610.916	432.06
611.124	435.06
611.332	438.06
611.54	431.06
611.748	436.06
611.955	479.06
612.163	443.06
612.371	451.06
612.579	432.06
612.787	425.06
612.995	436.06
613.203	436.06
613.411	451.06
613.618	430.06
613.826	420.06
614.034	444.06
614.242	417.06
614.449	411.06
614.657	437.06
614.865	410.06
615.072	425.06
615.28	434.06
615.488	440.06
615.695	421.06
615.903	416.06
616.111	430.06
616.318	438.06
616.526	428.06
616.733	426.06
616.941	424.06
617.148	427.06
617.356	426.06
617.563	418.06
617.771	403.06
617.978	409.06
618.185	415.06
618.393	418.06
618.6	423.06
618.807	421.06
619.015	422.06
619.222	383.06
619.429	409.06
619.637	382.06
619.844	405.06
620.051	373.06
620.258	389.06
620.466	391.06
620.673	397.06
620.88	376.06
621.087	380.06
621.294	391.06
621.501	375.06
621.708	376.06
621.915	376.06
622.122	383.06
622.329	397.06
622.536	380.06
622.743	364.06
622.95	389.06
623.157	382.06
623.364	372.06
623.571	383.06
623.778	377.06
623.985	360.06
624.192	356.06
624.399	378.06
624.606	371.06
624.812	384.06
625.019	361.06
625.226	370.06
625.433	334.06
625.639	368.06
625.846	344.06
626.053	345.06
626.259	336.06
626.466	352.06
626.673	328.06
626.879	324.06
627.086	335.06
627.293	341.06
627.499	333.06
627.706	331.06
627.912	348.06
628.119	351.06
628.325	341.06
628.532	354.06
628.738	324.06
628.945	335.06
629.151	334.06
629.357	336.06
629.564	336.06
629.77	317.06
629.976	324.06
630.183	322.06
630.389	318.06
630.595	325.06
630.802	326.06
631.008	305.06
631.214	340.06
631.42	336.06
631.627	312.06
631.833	326.06
632.039	315.06
632.245	310.06
632.451	290.06
632.657	310.06
632.863	307.06
633.069	314.06
633.275	310.06
633.481	300.06
633.688	317.06
633.893	308.06
634.099	316.06
634.305	309.06
634.511	321.06
634.717	308.06
634.923	302.06
635.129	302.06
635.335	302.06
635.541	312.06
635.747	331.06
635.952	325.06
636.158	334.06
636.364	430.06
636.57	478.06
636.775	400.06
636.981	352.06
637.187	342.06
637.392	320.06
637.598	329.06
637.804	321.06
638.009	318.06
638.215	299.06
638.421	297.06
638.626	270.06
638.832	279.06
639.037	279.06
639.243	291.06
639.448	284.06
639.654	292.06
639.859	269.06
640.065	273.06
640.27	285.06
640.475	266.06
640.681	289.06
640.886	279.06
641.091	271.06
641.297	297.06
641.502	291.06
641.707	281.06
641.913	282.06
642.118	269.06
642.323	275.06
642.528	277.06
642.733	271.06
642.939	272.06
643.144	259.06
643.349	270.06
643.554	264.06
643.759	281.06
643.964	256.06
644.169	268.06
644.374	255.06
644.579	274.06
644.784	249.06
644.989	272.06
645.194	260.06
645.399	228.06
645.604	260.06
645.809	260.06
646.014	262.06
646.219	273.06
646.423	252.06
646.628	259.06
646.833	261.06
647.038	264.06
647.243	265.06
647.447	262.06
647.652	257.06
647.857	271.06
648.062	271.06
648.266	274.06
648.471	277.06
648.676	284.06
648.88	263.06
649.085	261.06
649.289	271.06
649.494	278.06
649.698	307.06
649.903	292.06
650.107	281.06
650.312	255.06
650.516	256.06
650.721	240.06
650.925	250.06
651.13	235.06
651.334	224.06
651.539	226.06
651.743	260.06
651.947	227.06
652.152	197.06
652.356	204.06
652.56	215.06
652.764	213.06
652.969	221.06
653.173	229.06
653.377	199.06
653.581	226.06
653.785	204.06
653.99	207.06
654.194	192.06
654.398	197.06
654.602	186.06
654.806	219.06
655.01	201.06
655.214	204.06
655.418	208.06
655.622	196.06
655.826	192.06
656.03	181.06
656.234	192.06
656.438	211.06
656.642	182.06
656.846	202.06
657.049	185.06
657.253	178.06
657.457	172.06
657.661	174.06
657.865	151.06
658.068	152.06
658.272	150.06
658.476	151.06
658.68	141.06
658.883	136.06
659.087	124.06
659.291	134.06
659.494	122.06
659.698	133.06
659.901	111.06
660.105	120.06
660.309	126.06
660.512	112.06
660.716	110.06
660.919	118.06
661.123	114.06
661.326	108.06
661.53	101.06
661.733	103.06
661.936	99.06
662.14	87.06
662.343	94.06
662.546	81.06
662.75	92.06
662.953	89.06
663.156	84.06
663.36	95.06
663.563	85.06
663.766	81.06
663.969	85.06
664.173	97.06
664.376	105.06
664.579	84.06
664.782	91.06
664.985	81.06
665.188	94.06
665.391	82.06
665.594	81.06
665.797	84.06
666	94.06
666.203	100.06
666.406	91.06
666.609	88.06
666.812	78.06
667.015	92.06
667.218	88.06
667.421	87.06
667.624	83.06
667.827	83.06
668.03	83.06
668.232	84.06
668.435	81.06
668.638	92.06
668.841	84.06
669.043	101.06
669.246	72.06
669.449	77.06
669.651	78.06
669.854	78.06
670.057	87.06
670.259	86.06
670.462	96.06
670.665	93.06
670.867	95.06
671.07	78.06
671.272	101.06
671.475	94.06
671.677	83.06
671.88	70.06
672.082	86.06
672.284	94.06
672.487	73.06
672.689	76.06
672.892	68.06
