223.165	-15.06
223.4	-15.06
223.635	-15.06
223.869	-16.06
224.104	-20.06
224.338	-16.06
224.573	-5.06
224.808	-26.06
225.042	-5.06
225.277	-6.06
225.511	-8.06
225.746	3.94
225.98	18.94
226.215	5.94
226.449	18.94
226.683	10.94
226.918	29.94
227.152	28.94
227.387	29.94
227.621	31.94
227.856	39.94
228.09	34.94
228.324	45.94
228.559	48.94
228.793	79.94
229.027	135.94
229.262	142.94
229.496	164.94
229.73	179.94
229.964	217.94
230.199	175.94
230.433	147.94
230.667	165.94
230.901	165.94
231.136	152.94
231.37	131.94
231.604	145.94
231.838	148.94
232.072	164.94
232.306	169.94
232.541	153.94
232.775	155.94
233.009	157.94
233.243	151.94
233.477	151.94
233.711	161.94
233.945	162.94
234.179	163.94
234.413	172.94
234.647	156.94
234.881	153.94
235.115	147.94
235.349	168.94
235.583	160.94
235.817	156.94
236.051	143.94
236.285	162.94
236.519	154.94
236.753	167.94
236.987	193.94
237.221	265.94
237.455	309.94
237.689	241.94
237.922	195.94
238.156	191.94
238.39	181.94
238.624	168.94
238.858	172.94
239.091	183.94
239.325	169.94
239.559	185.94
239.793	192.94
240.027	194.94
240.26	196.94
240.494	208.94
240.728	205.94
240.961	209.94
241.195	194.94
241.429	191.94
241.662	189.94
241.896	208.94
242.13	199.94
242.363	197.94
242.597	219.94
242.83	216.94
243.064	209.94
243.298	228.94
243.531	226.94
243.765	232.94
243.998	221.94
244.232	243.94
244.465	224.94
244.699	214.94
244.932	212.94
245.166	215.94
245.399	231.94
245.633	227.94
245.866	223.94
246.099	227.94
246.333	242.94
246.566	217.94
246.8	227.94
247.033	252.94
247.266	242.94
247.5	233.94
247.733	258.94
247.966	260.94
248.2	276.94
248.433	262.94
248.666	275.94
248.899	289.94
249.133	309.94
249.366	323.94
249.599	316.94
249.832	287.94
250.066	318.94
250.299	356.94
250.532	440.94
250.765	507.94
250.998	463.94
251.231	397.94
251.465	363.94
251.698	340.94
251.931	325.94
252.164	329.94
252.397	340.94
252.63	330.94
252.863	329.94
253.096	364.94
253.329	361.94
253.562	340.94
253.795	342.94
254.028	357.94
254.261	357.94
254.494	346.94
254.727	368.94
254.96	393.94
255.193	420.94
255.426	406.94
255.659	464.94
255.892	554.94
256.124	743.94
256.357	783.94
256.59	650.94
256.823	526.94
257.056	471.94
257.289	431.94
257.521	413.94
257.754	402.94
257.987	403.94
258.22	391.94
258.452	382.94
258.685	376.94
258.918	379.94
259.151	387.94
259.383	381.94
259.616	374.94
259.849	367.94
260.081	375.94
260.314	365.94
260.547	404.94
260.779	382.94
261.012	378.94
261.244	385.94
261.477	373.94
261.71	381.94
261.942	387.94
262.175	382.94
262.407	381.94
262.64	350.94
262.872	369.94
263.105	347.94
263.337	371.94
263.57	364.94
263.802	359.94
264.035	357.94
264.267	362.94
264.499	356.94
264.732	383.94
264.964	367.94
265.197	361.94
265.429	365.94
265.661	365.94
265.894	353.94
266.126	363.94
266.358	375.94
266.591	370.94
266.823	388.94
267.055	385.94
267.287	387.94
267.52	379.94
267.752	385.94
267.984	369.94
268.216	381.94
268.448	395.94
268.681	383.94
268.913	406.94
269.145	428.94
269.377	417.94
269.609	416.94
269.841	411.94
270.073	454.94
270.306	439.94
270.538	475.94
270.77	464.94
271.002	454.94
271.234	450.94
271.466	472.94
271.698	473.94
271.93	475.94
272.162	500.94
272.394	489.94
272.626	475.94
272.858	461.94
273.09	471.94
273.322	463.94
273.553	456.94
273.785	444.94
274.017	451.94
274.249	447.94
274.481	460.94
274.713	464.94
274.945	473.94
275.176	458.94
275.408	465.94
275.64	498.94
275.872	479.94
276.104	507.94
276.335	510.94
276.567	509.94
276.799	563.94
277.031	572.94
277.262	601.94
277.494	602.94
277.726	562.94
277.957	513.94
278.189	522.94
278.421	523.94
278.652	507.94
278.884	506.94
279.115	508.94
279.347	521.94
279.579	511.94
279.81	515.94
280.042	553.94
280.273	608.94
280.505	587.94
280.736	542.94
280.968	528.94
281.199	519.94
281.431	514.94
281.662	497.94
281.894	499.94
282.125	513.94
282.356	544.94
282.588	563.94
282.819	569.94
283.051	503.94
283.282	509.94
283.513	516.94
283.745	504.94
283.976	512.94
284.207	522.94
284.439	504.94
284.67	519.94
284.901	519.94
285.132	517.94
285.364	525.94
285.595	492.94
285.826	512.94
286.057	537.94
286.288	530.94
286.52	527.94
286.751	547.94
286.982	546.94
287.213	532.94
287.444	527.94
287.675	533.94
287.906	565.94
288.138	539.94
288.369	568.94
288.6	569.94
288.831	572.94
289.062	559.94
289.293	539.94
289.524	552.94
289.755	545.94
289.986	536.94
290.217	522.94
290.448	556.94
290.679	537.94
290.91	542.94
291.141	544.94
291.371	559.94
291.602	553.94
291.833	541.94
292.064	536.94
292.295	557.94
292.526	549.94
292.757	538.94
292.987	545.94
293.218	529.94
293.449	552.94
293.68	567.94
293.91	556.94
294.141	541.94
294.372	574.94
294.603	561.94
294.833	561.94
295.064	566.94
295.295	563.94
295.525	535.94
295.756	556.94
295.987	589.94
296.217	604.94
296.448	619.94
296.679	583.94
296.909	579.94
297.14	562.94
297.37	590.94
297.601	579.94
297.831	597.94
298.062	579.94
298.292	569.94
298.523	606.94
298.753	596.94
298.984	620.94
299.214	600.94
299.445	583.94
299.675	616.94
299.905	627.94
300.136	608.94
300.366	626.94
300.597	609.94
300.827	611.94
301.057	673.94
301.288	654.94
301.518	644.94
301.748	647.94
301.979	642.94
302.209	658.94
302.439	646.94
302.669	648.94
302.9	645.94
303.13	645.94
303.36	663.94
303.59	665.94
303.82	690.94
304.051	681.94
304.281	647.94
304.511	642.94
304.741	651.94
304.971	662.94
305.201	655.94
305.431	651.94
305.661	631.94
305.891	637.94
306.121	683.94
306.352	663.94
306.582	653.94
306.812	657.94
307.042	667.94
307.272	684.94
307.502	717.94
307.731	719.94
307.961	704.94
308.191	684.94
308.421	680.94
308.651	689.94
308.881	649.94
309.111	682.94
309.341	678.94
309.571	722.94
309.8	706.94
310.03	708.94
310.26	741.94
310.49	700.94
310.72	725.94
310.949	757.94
311.179	769.94
311.409	757.94
311.639	759.94
311.868	760.94
312.098	759.94
312.328	756.94
312.557	788.94
312.787	790.94
313.017	803.94
313.246	781.94
313.476	747.94
313.706	751.94
313.935	755.94
314.165	783.94
314.394	808.94
314.624	793.94
314.853	799.94
315.083	778.94
315.312	788.94
315.542	757.94
315.771	741.94
316.001	752.94
316.23	773.94
316.46	763.94
316.689	766.94
316.919	748.94
317.148	779.94
317.377	804.94
317.607	785.94
317.836	777.94
318.065	792.94
318.295	797.94
318.524	762.94
318.753	789.94
318.983	760.94
319.212	801.94
319.441	811.94
319.67	817.94
319.9	808.94
320.129	797.94
320.358	784.94
320.587	827.94
320.816	807.94
321.046	837.94
321.275	855.94
321.504	823.94
321.733	839.94
321.962	843.94
322.191	892.94
322.42	893.94
322.649	929.94
322.878	943.94
323.108	962.94
323.337	996.94
323.566	1055.94
323.795	1124.94
324.024	1183.94
324.253	1403.94
324.482	1973.94
324.71	2993.94
324.939	4187.94
325.168	3356.94
325.397	1860.94
325.626	1403.94
325.855	1240.94
326.084	1161.94
326.313	1162.94
326.542	1176.94
326.77	1273.94
326.999	1454.94
327.228	1986.94
327.457	2835.94
327.686	3364.94
327.914	2357.94
328.143	1989.94
328.372	2071.94
328.6	1898.94
328.829	1508.94
329.058	1456.94
329.287	1500.94
329.515	1508.94
329.744	1600.94
329.972	1933.94
330.201	2553.94
330.43	3083.94
330.658	2591.94
330.887	1880.94
331.115	1584.94
331.344	1392.94
331.572	1304.94
331.801	1316.94
332.03	1301.94
332.258	1296.94
332.486	1305.94
332.715	1294.94
332.943	1336.94
333.172	1415.94
333.4	1491.94
333.629	1604.94
333.857	1786.94
334.085	2129.94
334.314	2821.94
334.542	3817.94
334.771	4098.94
334.999	2665.94
335.227	1827.94
335.455	1547.94
335.684	1396.94
335.912	1323.94
336.14	1295.94
336.369	1244.94
336.597	1208.94
336.825	1202.94
337.053	1176.94
337.281	1137.94
337.51	1119.94
337.738	1093.94
337.966	1088.94
338.194	1083.94
338.422	1058.94
338.65	1037.94
338.878	1038.94
339.106	1017.94
339.334	1029.94
339.562	1029.94
339.79	1000.94
340.018	978.94
340.246	984.94
340.474	999.94
340.702	965.94
340.93	962.94
341.158	971.94
341.386	961.94
341.614	998.94
341.842	979.94
342.07	969.94
342.298	965.94
342.526	939.94
342.754	928.94
342.981	962.94
343.209	943.94
343.437	1006.94
343.665	1013.94
343.893	1048.94
344.12	1065.94
344.348	1061.94
344.576	1000.94
344.804	1035.94
345.031	988.94
345.259	1002.94
345.487	965.94
345.714	952.94
345.942	957.94
346.17	929.94
346.397	919.94
346.625	938.94
346.853	937.94
347.08	932.94
347.308	954.94
347.535	942.94
347.763	955.94
347.99	919.94
348.218	922.94
348.445	976.94
348.673	941.94
348.9	949.94
349.128	930.94
349.355	908.94
349.583	919.94
349.81	895.94
350.037	899.94
350.265	926.94
350.492	908.94
350.72	887.94
350.947	908.94
351.174	908.94
351.402	959.94
351.629	942.94
351.856	941.94
352.083	946.94
352.311	939.94
352.538	944.94
352.765	933.94
352.992	954.94
353.22	950.94
353.447	936.94
353.674	898.94
353.901	926.94
354.128	890.94
354.355	880.94
354.583	873.94
354.81	874.94
355.037	921.94
355.264	896.94
355.491	896.94
355.718	887.94
355.945	888.94
356.172	878.94
356.399	893.94
356.626	883.94
356.853	891.94
357.08	884.94
357.307	863.94
357.534	882.94
357.761	883.94
357.988	901.94
358.215	877.94
358.441	882.94
358.668	907.94
358.895	940.94
359.122	918.94
359.349	939.94
359.576	936.94
359.802	985.94
360.029	1013.94
360.256	1029.94
360.483	1007.94
360.709	961.94
360.936	947.94
361.163	958.94
361.39	984.94
361.616	976.94
361.843	927.94
362.07	950.94
362.296	957.94
362.523	975.94
362.749	951.94
362.976	959.94
363.203	944.94
363.429	929.94
363.656	945.94
363.882	945.94
364.109	921.94
364.335	931.94
364.562	911.94
364.788	926.94
365.015	955.94
365.241	949.94
365.468	953.94
365.694	939.94
365.92	924.94
366.147	929.94
366.373	936.94
366.599	941.94
366.826	943.94
367.052	917.94
367.278	921.94
367.505	939.94
367.731	944.94
367.957	960.94
368.184	951.94
368.41	959.94
368.636	960.94
368.862	965.94
369.089	986.94
369.315	965.94
369.541	949.94
369.767	957.94
369.993	1004.94
370.219	956.94
370.445	933.94
370.672	994.94
370.898	986.94
371.124	975.94
371.35	1021.94
371.576	975.94
371.802	981.94
372.028	968.94
372.254	994.94
372.48	981.94
372.706	970.94
372.932	1036.94
373.158	1009.94
373.384	992.94
373.61	1011.94
373.835	997.94
374.061	1011.94
374.287	1034.94
374.513	1033.94
374.739	995.94
374.965	1064.94
375.191	1060.94
375.416	1060.94
375.642	1020.94
375.868	1002.94
376.094	1017.94
376.319	1008.94
376.545	1017.94
376.771	993.94
376.997	1011.94
377.222	974.94
377.448	995.94
377.674	1029.94
377.899	954.94
378.125	972.94
378.35	987.94
378.576	994.94
378.802	1008.94
379.027	969.94
379.253	958.94
379.478	987.94
379.704	965.94
379.929	972.94
380.155	983.94
380.38	965.94
380.606	964.94
380.831	985.94
381.057	980.94
381.282	1012.94
381.507	961.94
381.733	996.94
381.958	1003.94
382.184	999.94
382.409	1006.94
382.634	1059.94
382.86	1045.94
383.085	1039.94
383.31	1053.94
383.535	1079.94
383.761	1059.94
383.986	1078.94
384.211	1080.94
384.436	1134.94
384.662	1141.94
384.887	1133.94
385.112	1149.94
385.337	1134.94
385.562	1149.94
385.787	1142.94
386.013	1168.94
386.238	1179.94
386.463	1199.94
386.688	1147.94
386.913	1134.94
387.138	1149.94
387.363	1163.94
387.588	1095.94
387.813	1147.94
388.038	1117.94
388.263	1143.94
388.488	1137.94
388.713	1157.94
388.938	1157.94
389.163	1136.94
389.387	1167.94
389.612	1105.94
389.837	1123.94
390.062	1144.94
390.287	1156.94
390.512	1148.94
390.736	1166.94
390.961	1178.94
391.186	1195.94
391.411	1197.94
391.636	1207.94
391.86	1257.94
392.085	1258.94
392.31	1245.94
392.534	1247.94
392.759	1227.94
392.984	1207.94
393.208	1191.94
393.433	1244.94
393.658	1204.94
393.882	1222.94
394.107	1237.94
394.331	1229.94
394.556	1220.94
394.78	1199.94
395.005	1240.94
395.229	1242.94
395.454	1269.94
395.678	1313.94
395.903	1320.94
396.127	1283.94
396.352	1307.94
396.576	1258.94
396.801	1262.94
397.025	1259.94
397.249	1296.94
397.474	1303.94
397.698	1263.94
397.922	1335.94
398.147	1341.94
398.371	1399.94
398.595	1425.94
398.82	1460.94
399.044	1524.94
399.268	1653.94
399.492	1807.94
399.717	1954.94
399.941	1999.94
400.165	1842.94
400.389	1761.94
400.613	1614.94
400.837	1539.94
401.062	1484.94
401.286	1501.94
401.51	1441.94
401.734	1414.94
401.958	1497.94
402.182	1524.94
402.406	1529.94
402.63	1541.94
402.854	1569.94
403.078	1584.94
403.302	1611.94
403.526	1627.94
403.75	1646.94
403.974	1653.94
404.198	1654.94
404.422	1682.94
404.645	1729.94
404.869	1736.94
405.093	1835.94
405.317	1970.94
405.541	2001.94
405.765	1841.94
405.988	1786.94
406.212	1763.94
406.436	1796.94
406.66	1848.94
406.883	1739.94
407.107	1852.94
407.331	1940.94
407.555	2001.94
407.778	1999.94
408.002	1869.94
408.226	1818.94
408.449	1793.94
408.673	1713.94
408.896	1727.94
409.12	1824.94
409.344	1724.94
409.567	1675.94
409.791	1668.94
410.014	1627.94
410.238	1625.94
410.461	1617.94
410.685	1644.94
410.908	1613.94
411.132	1673.94
411.355	1683.94
411.578	1671.94
411.802	1648.94
412.025	1624.94
412.249	1771.94
412.472	1844.94
412.695	1959.94
412.919	1889.94
413.142	1826.94
413.365	1738.94
413.589	1699.94
413.812	1618.94
414.035	1548.94
414.258	1593.94
414.482	1539.94
414.705	1597.94
414.928	1551.94
415.151	1542.94
415.374	1498.94
415.597	1487.94
415.821	1489.94
416.044	1476.94
416.267	1497.94
416.49	1512.94
416.713	1499.94
416.936	1496.94
417.159	1508.94
417.382	1561.94
417.605	1575.94
417.828	1594.94
418.051	1582.94
418.274	1584.94
418.497	1481.94
418.72	1561.94
418.943	1549.94
419.166	1617.94
419.389	1731.94
419.611	1721.94
419.834	1740.94
420.057	1730.94
420.28	1820.94
420.503	1841.94
420.726	1742.94
420.948	1704.94
421.171	1697.94
421.394	1731.94
421.617	1635.94
421.839	1550.94
422.062	1586.94
422.285	1581.94
422.507	1696.94
422.73	1759.94
422.953	1692.94
423.175	1661.94
423.398	1601.94
423.621	1595.94
423.843	1621.94
424.066	1630.94
424.288	1632.94
424.511	1688.94
424.733	1693.94
424.956	1793.94
425.178	1760.94
425.401	1717.94
425.623	1741.94
425.846	1614.94
426.068	1581.94
426.291	1545.94
426.513	1513.94
426.735	1534.94
426.958	1573.94
427.18	1679.94
427.402	1899.94
427.625	2098.94
427.847	1973.94
428.069	1903.94
428.292	1683.94
428.514	1572.94
428.736	1527.94
428.958	1484.94
429.181	1439.94
429.403	1459.94
429.625	1439.94
429.847	1495.94
430.069	1559.94
430.292	1530.94
430.514	1396.94
430.736	1387.94
430.958	1376.94
431.18	1348.94
431.402	1379.94
431.624	1331.94
431.846	1335.94
432.068	1374.94
432.29	1373.94
432.512	1351.94
432.734	1380.94
432.956	1377.94
433.178	1401.94
433.4	1380.94
433.622	1387.94
433.844	1393.94
434.066	1365.94
434.287	1358.94
434.509	1408.94
434.731	1471.94
434.953	1445.94
435.175	1498.94
435.397	1501.94
435.618	1489.94
435.84	1569.94
436.062	1675.94
436.284	1721.94
436.505	1514.94
436.727	1496.94
436.949	1419.94
437.17	1403.94
437.392	1357.94
437.614	1382.94
437.835	1449.94
438.057	1630.94
438.278	1668.94
438.5	1730.94
438.721	1858.94
438.943	1792.94
439.165	1538.94
439.386	1465.94
439.608	1473.94
439.829	1476.94
440.05	1535.94
440.272	1591.94
440.493	1557.94
440.715	1473.94
440.936	1444.94
441.158	1462.94
441.379	1469.94
441.6	1531.94
441.822	1561.94
442.043	1624.94
442.264	1714.94
442.486	1721.94
442.707	1620.94
442.928	1567.94
443.149	1592.94
443.371	1616.94
443.592	1661.94
443.813	1815.94
444.034	1878.94
444.255	1737.94
444.476	1687.94
444.698	1667.94
444.919	1733.94
445.14	1779.94
445.361	1721.94
445.582	1634.94
445.803	1713.94
446.024	1822.94
446.245	1791.94
446.466	1664.94
446.687	1476.94
446.908	1433.94
447.129	1419.94
447.35	1391.94
447.571	1349.94
447.792	1327.94
448.013	1369.94
448.234	1357.94
448.455	1456.94
448.675	1612.94
448.896	1763.94
449.117	1523.94
449.338	1505.94
449.559	1667.94
449.779	1808.94
450	1535.94
450.221	1383.94
450.442	1327.94
450.662	1339.94
450.883	1391.94
451.104	1393.94
451.324	1330.94
451.545	1327.94
451.766	1277.94
451.986	1229.94
452.207	1236.94
452.428	1233.94
452.648	1260.94
452.869	1205.94
453.089	1228.94
453.31	1237.94
453.53	1243.94
453.751	1215.94
453.971	1232.94
454.192	1270.94
454.412	1217.94
454.633	1184.94
454.853	1163.94
455.073	1187.94
455.294	1228.94
455.514	1301.94
455.734	1279.94
455.955	1155.94
456.175	1185.94
456.395	1136.94
456.616	1116.94
456.836	1152.94
457.056	1114.94
457.276	1111.94
457.497	1132.94
457.717	1149.94
457.937	1124.94
458.157	1155.94
458.377	1159.94
458.598	1258.94
458.818	1392.94
459.038	1520.94
459.258	1498.94
459.478	1365.94
459.698	1374.94
459.918	1378.94
460.138	1414.94
460.358	1447.94
460.578	1419.94
460.798	1461.94
461.018	1475.94
461.238	1427.94
461.458	1438.94
461.678	1450.94
461.898	1435.94
462.118	1487.94
462.338	1512.94
462.558	1532.94
462.777	1604.94
462.997	1669.94
463.217	1815.94
463.437	1826.94
463.657	1694.94
463.876	1616.94
464.096	1607.94
464.316	1656.94
464.536	1669.94
464.755	1626.94
464.975	1580.94
465.195	1641.94
465.414	1759.94
465.634	1558.94
465.854	1432.94
466.073	1397.94
466.293	1326.94
466.512	1292.94
466.732	1298.94
466.951	1314.94
467.171	1287.94
467.391	1332.94
467.61	1360.94
467.829	1406.94
468.049	1648.94
468.268	2170.94
468.488	1743.94
468.707	1451.94
468.927	1336.94
469.146	1319.94
469.365	1315.94
469.585	1314.94
469.804	1372.94
470.023	1367.94
470.243	1414.94
470.462	1395.94
470.681	1419.94
470.901	1424.94
471.12	1397.94
471.339	1358.94
471.558	1393.94
471.777	1405.94
471.997	1519.94
472.216	2058.94
472.435	3761.94
472.654	2899.94
472.873	1908.94
473.092	1665.94
473.311	1546.94
473.53	1458.94
473.749	1446.94
473.968	1442.94
474.187	1547.94
474.406	1535.94
474.625	1407.94
474.844	1361.94
475.063	1338.94
475.282	1301.94
475.501	1336.94
475.72	1276.94
475.939	1340.94
476.158	1340.94
476.377	1383.94
476.596	1368.94
476.814	1359.94
477.033	1366.94
477.252	1407.94
477.471	1435.94
477.69	1426.94
477.908	1477.94
478.127	1490.94
478.346	1502.94
478.564	1545.94
478.783	1555.94
479.002	1570.94
479.22	1593.94
479.439	1636.94
479.658	1616.94
479.876	1664.94
480.095	1690.94
480.313	1782.94
480.532	1857.94
480.751	1966.94
480.969	2436.94
481.188	4938.94
481.406	6314.94
481.624	3297.94
481.843	2468.94
482.061	2158.94
482.28	1959.94
482.498	1863.94
482.717	1783.94
482.935	1737.94
483.153	1726.94
483.372	1710.94
483.59	1646.94
483.808	1656.94
484.027	1649.94
484.245	1608.94
484.463	1607.94
484.681	1650.94
484.9	1623.94
485.118	1641.94
485.336	1636.94
485.554	1628.94
485.772	1669.94
485.99	1591.94
486.209	1669.94
486.427	1652.94
486.645	1652.94
486.863	1722.94
487.081	1676.94
487.299	1655.94
487.517	1659.94
487.735	1672.94
487.953	1667.94
488.171	1677.94
488.389	1673.94
488.607	1674.94
488.825	1691.94
489.043	1653.94
489.261	1668.94
489.479	1675.94
489.696	1687.94
489.914	1733.94
490.132	1737.94
490.35	1768.94
490.568	1827.94
490.786	1871.94
491.003	1866.94
491.221	1977.94
491.439	2043.94
491.657	2008.94
491.874	2066.94
492.092	2113.94
492.31	2193.94
492.527	2195.94
492.745	2205.94
492.963	2248.94
493.18	2240.94
493.398	2194.94
493.615	2181.94
493.833	2160.94
494.05	2141.94
494.268	2104.94
494.485	2099.94
494.703	2077.94
494.92	2017.94
495.138	2015.94
495.355	1975.94
495.573	1984.94
495.79	1981.94
496.008	1979.94
496.225	1962.94
496.442	1923.94
496.66	1955.94
496.877	1959.94
497.094	1988.94
497.312	1953.94
497.529	2000.94
497.746	2036.94
497.963	2052.94
498.181	2052.94
498.398	2139.94
498.615	2212.94
498.832	2263.94
499.049	2401.94
499.267	2524.94
499.484	2697.94
499.701	2875.94
499.918	3077.94
500.135	3373.94
500.352	3745.94
500.569	3828.94
500.786	3853.94
501.003	3614.94
501.22	3343.94
501.437	3013.94
501.654	2817.94
501.871	2704.94
502.088	2467.94
502.305	2343.94
502.522	2261.94
502.739	2201.94
502.956	2089.94
503.172	1979.94
503.389	2001.94
503.606	1934.94
503.823	1945.94
504.04	1887.94
504.256	1892.94
504.473	1883.94
504.69	1889.94
504.907	1884.94
505.123	1755.94
505.34	1712.94
505.557	1715.94
505.773	1689.94
505.99	1662.94
506.207	1631.94
506.423	1621.94
506.64	1595.94
506.856	1565.94
507.073	1570.94
507.289	1563.94
507.506	1542.94
507.722	1618.94
507.939	1618.94
508.155	1562.94
508.372	1554.94
508.588	1488.94
508.805	1502.94
509.021	1480.94
509.238	1499.94
509.454	1480.94
509.67	1478.94
509.887	1473.94
510.103	1475.94
510.319	1537.94
510.536	1767.94
510.752	3255.94
510.968	2377.94
511.184	1601.94
511.401	1479.94
511.617	1511.94
511.833	1593.94
512.049	1624.94
512.265	1591.94
512.481	1562.94
512.698	1504.94
512.914	1495.94
513.13	1475.94
513.346	1485.94
513.562	1472.94
513.778	1473.94
513.994	1459.94
514.21	1501.94
514.426	1561.94
514.642	1666.94
514.858	1668.94
515.074	1738.94
515.29	2124.94
515.506	3304.94
515.721	2478.94
515.937	1723.94
516.153	1633.94
516.369	1638.94
516.585	1605.94
516.801	1608.94
517.016	1631.94
517.232	1675.94
517.448	1715.94
517.664	1760.94
517.879	1718.94
518.095	1736.94
518.311	1730.94
518.527	1681.94
518.742	1618.94
518.958	1559.94
519.173	1557.94
519.389	1513.94
519.605	1527.94
519.82	1498.94
520.036	1532.94
520.251	1552.94
520.467	1636.94
520.682	1553.94
520.898	1535.94
521.113	1594.94
521.329	1695.94
521.544	1883.94
521.76	2391.94
521.975	4386.94
522.19	4045.94
522.406	2043.94
522.621	1581.94
522.836	1475.94
523.052	1425.94
523.267	1383.94
523.482	1363.94
523.698	1320.94
523.913	1303.94
524.128	1302.94
524.343	1313.94
524.559	1269.94
524.774	1271.94
524.989	1250.94
525.204	1264.94
525.419	1288.94
525.634	1285.94
525.849	1230.94
526.064	1212.94
526.28	1205.94
526.495	1205.94
526.71	1191.94
526.925	1173.94
527.14	1156.94
527.355	1162.94
527.57	1180.94
527.785	1208.94
527.999	1189.94
528.214	1158.94
528.429	1190.94
528.644	1199.94
528.859	1206.94
529.074	1197.94
529.289	1255.94
529.503	1447.94
529.718	1314.94
529.933	1276.94
530.148	1188.94
530.363	1177.94
530.577	1133.94
530.792	1156.94
531.007	1151.94
531.221	1184.94
531.436	1141.94
531.651	1119.94
531.865	1159.94
532.08	1138.94
532.295	1163.94
532.509	1155.94
532.724	1125.94
532.938	1163.94
533.153	1136.94
533.367	1144.94
533.582	1146.94
533.796	1136.94
534.011	1146.94
534.225	1116.94
534.44	1099.94
534.654	1090.94
534.868	1105.94
535.083	1104.94
535.297	1127.94
535.511	1103.94
535.726	1119.94
535.94	1140.94
536.154	1109.94
536.369	1092.94
536.583	1093.94
536.797	1061.94
537.011	1087.94
537.225	1037.94
537.44	1047.94
537.654	1053.94
537.868	1034.94
538.082	1022.94
538.296	1040.94
538.51	1055.94
538.724	1052.94
538.938	1050.94
539.153	1072.94
539.367	1083.94
539.581	1079.94
539.795	1056.94
540.009	1044.94
540.222	1042.94
540.436	1067.94
540.65	1044.94
540.864	1075.94
541.078	1087.94
541.292	1086.94
541.506	1020.94
541.72	1069.94
541.934	1075.94
542.147	1093.94
542.361	1074.94
542.575	1045.94
542.789	1051.94
543.002	1023.94
543.216	1050.94
543.43	1067.94
543.644	1024.94
543.857	1043.94
544.071	1051.94
544.285	1049.94
544.498	1044.94
544.712	1055.94
544.925	1088.94
545.139	1064.94
545.352	1103.94
545.566	1086.94
545.779	1045.94
545.993	1082.94
546.206	1084.94
546.42	1073.94
546.633	1084.94
546.847	1057.94
547.06	1064.94
547.274	1067.94
547.487	1048.94
547.7	1035.94
547.914	1012.94
548.127	1072.94
548.34	1079.94
548.554	1038.94
548.767	1051.94
548.98	1033.94
549.193	1077.94
549.407	1051.94
549.62	1097.94
549.833	1079.94
550.046	1055.94
550.259	1042.94
550.473	1045.94
550.686	1031.94
550.899	1034.94
551.112	1019.94
551.325	999.94
551.538	1025.94
551.751	987.94
551.964	1011.94
552.177	992.94
552.39	1031.94
552.603	1079.94
552.816	1090.94
553.029	1088.94
553.242	1099.94
553.455	1133.94
553.667	1121.94
553.88	1140.94
554.093	1108.94
554.306	1085.94
554.519	1083.94
554.732	1032.94
554.944	1027.94
555.157	1001.94
555.37	997.94
555.583	987.94
555.795	976.94
556.008	943.94
556.221	930.94
556.433	903.94
556.646	893.94
556.859	899.94
557.071	914.94
557.284	913.94
557.496	899.94
557.709	909.94
557.921	899.94
558.134	911.94
558.346	894.94
558.559	886.94
558.771	889.94
558.984	876.94
559.196	863.94
559.409	855.94
559.621	890.94
559.833	874.94
560.046	860.94
560.258	871.94
560.47	862.94
560.683	868.94
560.895	851.94
561.107	879.94
561.32	851.94
561.532	857.94
561.744	872.94
561.956	862.94
562.168	842.94
562.381	861.94
562.593	854.94
562.805	840.94
563.017	872.94
563.229	860.94
563.441	856.94
563.653	852.94
563.865	897.94
564.077	882.94
564.289	855.94
564.501	883.94
564.713	860.94
564.925	870.94
565.137	930.94
565.349	927.94
565.561	937.94
565.773	957.94
565.985	947.94
566.197	1016.94
566.408	1073.94
566.62	1142.94
566.832	1209.94
567.044	1202.94
567.255	1206.94
567.467	1248.94
567.679	1317.94
567.891	1375.94
568.102	1364.94
568.314	1302.94
568.526	1217.94
568.737	1085.94
568.949	1034.94
569.161	983.94
569.372	926.94
569.584	893.94
569.795	841.94
570.007	851.94
570.218	933.94
570.43	898.94
570.641	843.94
570.853	804.94
571.064	833.94
571.276	840.94
571.487	796.94
571.698	796.94
571.91	774.94
572.121	746.94
572.333	737.94
572.544	701.94
572.755	718.94
572.966	703.94
573.178	690.94
573.389	704.94
573.6	702.94
573.811	665.94
574.023	661.94
574.234	674.94
574.445	672.94
574.656	675.94
574.867	706.94
575.078	665.94
575.289	693.94
575.501	679.94
575.712	641.94
575.923	636.94
576.134	651.94
576.345	663.94
576.556	660.94
576.767	644.94
576.978	636.94
577.188	628.94
577.399	631.94
577.61	633.94
577.821	625.94
578.032	618.94
578.243	684.94
578.454	1208.94
578.665	835.94
578.875	625.94
579.086	603.94
579.297	610.94
579.508	595.94
579.718	612.94
579.929	574.94
580.14	560.94
580.35	570.94
580.561	589.94
580.772	583.94
580.982	615.94
581.193	569.94
581.403	571.94
581.614	597.94
581.825	585.94
582.035	581.94
582.246	598.94
582.456	541.94
582.667	573.94
582.877	565.94
583.087	559.94
583.298	564.94
583.508	564.94
583.719	523.94
583.929	564.94
584.139	549.94
584.35	545.94
584.56	558.94
584.77	544.94
584.981	538.94
585.191	557.94
585.401	559.94
585.611	572.94
585.821	551.94
586.032	569.94
586.242	560.94
586.452	535.94
586.662	503.94
586.872	534.94
587.082	562.94
587.292	546.94
587.502	552.94
587.713	529.94
587.923	529.94
588.133	537.94
588.343	537.94
588.553	540.94
588.762	537.94
588.972	521.94
589.182	563.94
589.392	541.94
589.602	570.94
589.812	574.94
590.022	555.94
590.232	531.94
590.441	552.94
590.651	539.94
590.861	540.94
591.071	531.94
591.281	552.94
591.49	553.94
591.7	558.94
591.91	560.94
592.119	564.94
592.329	561.94
592.539	602.94
592.748	612.94
592.958	643.94
593.167	607.94
593.377	623.94
593.587	633.94
593.796	646.94
594.006	598.94
594.215	637.94
594.424	653.94
594.634	635.94
594.843	607.94
595.053	601.94
595.262	565.94
595.472	568.94
595.681	567.94
595.89	527.94
596.1	523.94
596.309	530.94
596.518	512.94
596.727	513.94
596.937	528.94
597.146	508.94
597.355	498.94
597.564	478.94
597.774	487.94
597.983	469.94
598.192	468.94
598.401	471.94
598.61	484.94
598.819	476.94
599.028	453.94
599.237	445.94
599.446	479.94
599.655	482.94
599.864	460.94
600.073	458.94
600.282	449.94
600.491	463.94
600.7	472.94
600.909	476.94
601.118	486.94
601.327	476.94
601.536	449.94
601.745	449.94
601.953	483.94
602.162	474.94
602.371	468.94
602.58	458.94
602.789	468.94
602.997	451.94
603.206	460.94
603.415	442.94
603.623	450.94
603.832	441.94
604.041	438.94
604.249	449.94
604.458	436.94
604.666	450.94
604.875	452.94
605.084	440.94
605.292	467.94
605.501	439.94
605.709	426.94
605.918	445.94
606.126	442.94
606.334	434.94
606.543	463.94
606.751	467.94
606.96	439.94
607.168	438.94
607.376	440.94
607.585	468.94
607.793	434.94
608.001	451.94
608.21	446.94
608.418	427.94
608.626	451.94
608.834	426.94
609.043	430.94
609.251	445.94
609.459	451.94
609.667	435.94
609.875	426.94
610.083	445.94
610.291	439.94
610.499	425.94
610.707	427.94
610.916	433.94
611.124	447.94
611.332	439.94
611.54	432.94
611.748	436.94
611.955	427.94
612.163	427.94
612.371	451.94
612.579	414.94
612.787	429.94
612.995	434.94
613.203	419.94
613.411	426.94
613.618	430.94
613.826	417.94
614.034	435.94
614.242	413.94
614.449	410.94
614.657	419.94
614.865	424.94
615.072	408.94
615.28	429.94
615.488	412.94
615.695	427.94
615.903	411.94
616.111	400.94
616.318	428.94
616.526	407.94
616.733	425.94
616.941	402.94
617.148	449.94
617.356	404.94
617.563	413.94
617.771	430.94
617.978	400.94
618.185	407.94
618.393	420.94
618.6	383.94
618.807	407.94
619.015	395.94
619.222	395.94
619.429	379.94
619.637	405.94
619.844	381.94
620.051	386.94
620.258	390.94
620.466	391.94
620.673	361.94
620.88	349.94
621.087	382.94
621.294	367.94
621.501	375.94
621.708	372.94
621.915	377.94
622.122	383.94
622.329	371.94
622.536	371.94
622.743	380.94
622.95	367.94
623.157	375.94
623.364	376.94
623.571	363.94
623.778	362.94
623.985	365.94
624.192	365.94
624.399	364.94
624.606	348.94
624.812	359.94
625.019	361.94
625.226	346.94
625.433	356.94
625.639	341.94
625.846	341.94
626.053	353.94
626.259	323.94
626.466	338.94
626.673	318.94
626.879	309.94
627.086	315.94
627.293	319.94
627.499	332.94
627.706	336.94
627.912	334.94
628.119	335.94
628.325	349.94
628.532	311.94
628.738	316.94
628.945	335.94
629.151	335.94
629.357	316.94
629.564	325.94
629.77	314.94
629.976	326.94
630.183	314.94
630.389	324.94
630.595	316.94
630.802	326.94
631.008	314.94
631.214	321.94
631.42	330.94
631.627	325.94
631.833	327.94
632.039	306.94
632.245	305.94
632.451	291.94
632.657	311.94
632.863	309.94
633.069	316.94
633.275	303.94
633.481	295.94
633.688	292.94
633.893	302.94
634.099	314.94
634.305	305.94
634.511	298.94
634.717	307.94
634.923	302.94
635.129	305.94
635.335	305.94
635.541	311.94
635.747	313.94
635.952	313.94
636.158	363.94
636.364	461.94
636.57	551.94
636.775	449.94
636.981	371.94
637.187	346.94
637.392	336.94
637.598	316.94
637.804	337.94
638.009	317.94
638.215	309.94
638.421	309.94
638.626	306.94
638.832	279.94
639.037	272.94
639.243	279.94
639.448	280.94
639.654	277.94
639.859	293.94
640.065	273.94
640.27	257.94
640.475	285.94
640.681	259.94
640.886	273.94
641.091	277.94
641.297	272.94
641.502	264.94
641.707	283.94
641.913	260.94
642.118	264.94
642.323	255.94
642.528	284.94
642.733	260.94
642.939	252.94
643.144	248.94
643.349	242.94
643.554	244.94
643.759	254.94
643.964	267.94
644.169	264.94
644.374	268.94
644.579	254.94
644.784	254.94
644.989	249.94
645.194	237.94
645.399	253.94
645.604	266.94
645.809	260.94
646.014	254.94
646.219	255.94
646.423	258.94
646.628	267.94
646.833	251.94
647.038	268.94
647.243	237.94
647.447	247.94
647.652	248.94
647.857	246.94
648.062	259.94
648.266	274.94
648.471	258.94
648.676	272.94
648.88	259.94
649.085	264.94
649.289	227.94
649.494	271.94
649.698	282.94
649.903	263.94
650.107	236.94
650.312	239.94
650.516	231.94
650.721	216.94
650.925	203.94
651.13	202.94
651.334	238.94
651.539	222.94
651.743	211.94
651.947	213.94
652.152	218.94
652.356	205.94
652.56	201.94
652.764	211.94
652.969	203.94
653.173	186.94
653.377	178.94
653.581	181.94
653.785	192.94
653.99	197.94
654.194	196.94
654.398	195.94
654.602	170.94
654.806	191.94
655.01	196.94
655.214	187.94
655.418	183.94
655.622	180.94
655.826	200.94
656.03	186.94
656.234	177.94
656.438	199.94
656.642	204.94
656.846	188.94
657.049	173.94
657.253	159.94
657.457	154.94
657.661	154.94
657.865	142.94
658.068	135.94
658.272	136.94
658.476	119.94
658.68	121.94
658.883	129.94
659.087	118.94
659.291	117.94
659.494	113.94
659.698	120.94
659.901	109.94
660.105	95.94
660.309	108.94
660.512	117.94
660.716	97.94
660.919	103.94
661.123	108.94
661.326	94.94
661.53	92.94
661.733	91.94
661.936	96.94
662.14	84.94
662.343	82.94
662.546	82.94
662.75	106.94
662.953	81.94
663.156	83.94
663.36	88.94
663.563	73.94
663.766	77.94
663.969	90.94
664.173	95.94
664.376	89.94
664.579	84.94
664.782	73.94
664.985	72.94
665.188	85.94
665.391	89.94
665.594	81.94
665.797	68.94
666	80.94
666.203	80.94
666.406	83.94
666.609	73.94
666.812	86.94
667.015	82.94
667.218	64.94
667.421	76.94
667.624	60.94
667.827	83.94
668.03	66.94
668.232	70.94
668.435	85.94
668.638	83.94
668.841	89.94
669.043	82.94
669.246	81.94
669.449	78.94
669.651	82.94
669.854	82.94
670.057	82.94
670.259	87.94
670.462	69.94
670.665	89.94
670.867	78.94
671.07	83.94
671.272	88.94
671.475	78.94
671.677	72.94
671.88	74.94
672.082	90.94
672.284	69.94
672.487	76.94
672.689	77.94
672.892	77.94
