223.165	-2.75
223.4	-2.75
223.635	-2.75
223.869	-12.75
224.104	-20.75
224.338	-20.75
224.573	-7.75
224.808	-5.75
225.042	-2.75
225.277	-8.75
225.511	-2.75
225.746	3.25
225.98	-11.75
226.215	2.25
226.449	12.25
226.683	18.25
226.918	35.25
227.152	25.25
227.387	42.25
227.621	34.25
227.856	39.25
228.09	38.25
228.324	52.25
228.559	34.25
228.793	76.25
229.027	123.25
229.262	153.25
229.496	160.25
229.73	176.25
229.964	212.25
230.199	181.25
230.433	157.25
230.667	161.25
230.901	140.25
231.136	156.25
231.37	145.25
231.604	159.25
231.838	148.25
232.072	145.25
232.306	154.25
232.541	157.25
232.775	143.25
233.009	155.25
233.243	174.25
233.477	151.25
233.711	161.25
233.945	164.25
234.179	154.25
234.413	162.25
234.647	160.25
234.881	163.25
235.115	170.25
235.349	156.25
235.583	155.25
235.817	168.25
236.051	187.25
236.285	177.25
236.519	161.25
236.753	179.25
236.987	196.25
237.221	238.25
237.455	299.25
237.689	233.25
237.922	188.25
238.156	180.25
238.39	162.25
238.624	179.25
238.858	169.25
239.091	177.25
239.325	157.25
239.559	197.25
239.793	194.25
240.027	190.25
240.26	208.25
240.494	220.25
240.728	209.25
240.961	209.25
241.195	194.25
241.429	185.25
241.662	204.25
241.896	198.25
242.13	205.25
242.363	227.25
242.597	208.25
242.83	191.25
243.064	215.25
243.298	221.25
243.531	221.25
243.765	221.25
243.998	217.25
244.232	202.25
244.465	224.25
244.699	216.25
244.932	227.25
245.166	236.25
245.399	216.25
245.633	241.25
245.866	236.25
246.099	235.25
246.333	239.25
246.566	247.25
246.8	251.25
247.033	250.25
247.266	239.25
247.5	256.25
247.733	257.25
247.966	278.25
248.2	263.25
248.433	273.25
248.666	303.25
248.899	265.25
249.133	297.25
249.366	332.25
249.599	324.25
249.832	323.25
250.066	321.25
250.299	388.25
250.532	427.25
250.765	488.25
250.998	439.25
251.231	391.25
251.465	368.25
251.698	355.25
251.931	351.25
252.164	349.25
252.397	341.25
252.63	348.25
252.863	335.25
253.096	343.25
253.329	337.25
253.562	334.25
253.795	329.25
254.028	343.25
254.261	354.25
254.494	367.25
254.727	383.25
254.96	395.25
255.193	409.25
255.426	407.25
255.659	449.25
255.892	541.25
256.124	718.25
256.357	736.25
256.59	621.25
256.823	531.25
257.056	466.25
257.289	451.25
257.521	437.25
257.754	397.25
257.987	400.25
258.22	373.25
258.452	403.25
258.685	384.25
258.918	375.25
259.151	361.25
259.383	367.25
259.616	375.25
259.849	381.25
260.081	384.25
260.314	397.25
260.547	403.25
260.779	372.25
261.012	377.25
261.244	350.25
261.477	391.25
261.71	371.25
261.942	394.25
262.175	404.25
262.407	393.25
262.64	365.25
262.872	360.25
263.105	359.25
263.337	352.25
263.57	375.25
263.802	361.25
264.035	352.25
264.267	341.25
264.499	370.25
264.732	372.25
264.964	352.25
265.197	373.25
265.429	375.25
265.661	359.25
265.894	374.25
266.126	375.25
266.358	380.25
266.591	366.25
266.823	376.25
267.055	383.25
267.287	381.25
267.52	385.25
267.752	392.25
267.984	395.25
268.216	387.25
268.448	404.25
268.681	407.25
268.913	398.25
269.145	419.25
269.377	439.25
269.609	439.25
269.841	428.25
270.073	422.25
270.306	445.25
270.538	452.25
270.77	468.25
271.002	455.25
271.234	442.25
271.466	477.25
271.698	502.25
271.93	505.25
272.162	500.25
272.394	480.25
272.626	491.25
272.858	466.25
273.09	472.25
273.322	466.25
273.553	447.25
273.785	458.25
274.017	478.25
274.249	465.25
274.481	446.25
274.713	457.25
274.945	451.25
275.176	477.25
275.408	492.25
275.64	499.25
275.872	499.25
276.104	508.25
276.335	476.25
276.567	509.25
276.799	525.25
277.031	582.25
277.262	580.25
277.494	599.25
277.726	555.25
277.957	521.25
278.189	516.25
278.421	494.25
278.652	492.25
278.884	512.25
279.115	506.25
279.347	543.25
279.579	501.25
279.81	521.25
280.042	546.25
280.273	612.25
280.505	598.25
280.736	567.25
280.968	538.25
281.199	511.25
281.431	513.25
281.662	493.25
281.894	526.25
282.125	512.25
282.356	543.25
282.588	559.25
282.819	591.25
283.051	554.25
283.282	521.25
283.513	533.25
283.745	510.25
283.976	525.25
284.207	522.25
284.439	503.25
284.67	516.25
284.901	542.25
285.132	543.25
285.364	515.25
285.595	514.25
285.826	510.25
286.057	559.25
286.288	537.25
286.52	548.25
286.751	540.25
286.982	551.25
287.213	545.25
287.444	535.25
287.675	545.25
287.906	551.25
288.138	551.25
288.369	518.25
288.6	541.25
288.831	564.25
289.062	562.25
289.293	536.25
289.524	549.25
289.755	559.25
289.986	559.25
290.217	556.25
290.448	555.25
290.679	545.25
290.91	557.25
291.141	546.25
291.371	567.25
291.602	551.25
291.833	545.25
292.064	555.25
292.295	557.25
292.526	555.25
292.757	541.25
292.987	546.25
293.218	568.25
293.449	583.25
293.68	556.25
293.91	568.25
294.141	563.25
294.372	551.25
294.603	530.25
294.833	544.25
295.064	544.25
295.295	564.25
295.525	557.25
295.756	580.25
295.987	580.25
296.217	613.25
296.448	625.25
296.679	621.25
296.909	584.25
297.14	574.25
297.37	575.25
297.601	580.25
297.831	563.25
298.062	609.25
298.292	599.25
298.523	617.25
298.753	613.25
298.984	597.25
299.214	622.25
299.445	599.25
299.675	607.25
299.905	646.25
300.136	617.25
300.366	633.25
300.597	592.25
300.827	631.25
301.057	639.25
301.288	644.25
301.518	663.25
301.748	642.25
301.979	653.25
302.209	663.25
302.439	660.25
302.669	663.25
302.9	664.25
303.13	651.25
303.36	659.25
303.59	675.25
303.82	705.25
304.051	675.25
304.281	676.25
304.511	701.25
304.741	665.25
304.971	676.25
305.201	647.25
305.431	669.25
305.661	653.25
305.891	648.25
306.121	646.25
306.352	656.25
306.582	690.25
306.812	673.25
307.042	695.25
307.272	720.25
307.502	718.25
307.731	731.25
307.961	713.25
308.191	672.25
308.421	670.25
308.651	676.25
308.881	669.25
309.111	688.25
309.341	683.25
309.571	715.25
309.8	720.25
310.03	722.25
310.26	724.25
310.49	738.25
310.72	744.25
310.949	761.25
311.179	785.25
311.409	756.25
311.639	729.25
311.868	755.25
312.098	774.25
312.328	791.25
312.557	767.25
312.787	824.25
313.017	830.25
313.246	789.25
313.476	773.25
313.706	760.25
313.935	781.25
314.165	798.25
314.394	789.25
314.624	808.25
314.853	785.25
315.083	804.25
315.312	749.25
315.542	731.25
315.771	767.25
316.001	757.25
316.23	750.25
316.46	771.25
316.689	779.25
316.919	781.25
317.148	789.25
317.377	799.25
317.607	808.25
317.836	801.25
318.065	779.25
318.295	793.25
318.524	762.25
318.753	770.25
318.983	787.25
319.212	779.25
319.441	823.25
319.67	820.25
319.9	797.25
320.129	803.25
320.358	837.25
320.587	779.25
320.816	843.25
321.046	830.25
321.275	849.25
321.504	865.25
321.733	837.25
321.962	852.25
322.191	888.25
322.42	926.25
322.649	939.25
322.878	954.25
323.108	989.25
323.337	1036.25
323.566	1093.25
323.795	1099.25
324.024	1228.25
324.253	1447.25
324.482	2003.25
324.71	3054.25
324.939	4342.25
325.168	3514.25
325.397	1880.25
325.626	1437.25
325.855	1245.25
326.084	1199.25
326.313	1161.25
326.542	1193.25
326.77	1299.25
326.999	1461.25
327.228	1971.25
327.457	2903.25
327.686	3428.25
327.914	2402.25
328.143	1971.25
328.372	2012.25
328.6	1871.25
328.829	1527.25
329.058	1466.25
329.287	1520.25
329.515	1513.25
329.744	1602.25
329.972	1917.25
330.201	2432.25
330.43	3014.25
330.658	2542.25
330.887	1851.25
331.115	1602.25
331.344	1413.25
331.572	1347.25
331.801	1336.25
332.03	1277.25
332.258	1278.25
332.486	1265.25
332.715	1316.25
332.943	1324.25
333.172	1387.25
333.4	1491.25
333.629	1599.25
333.857	1768.25
334.085	2105.25
334.314	2738.25
334.542	3649.25
334.771	3956.25
334.999	2562.25
335.227	1771.25
335.455	1551.25
335.684	1399.25
335.912	1312.25
336.14	1257.25
336.369	1203.25
336.597	1229.25
336.825	1202.25
337.053	1138.25
337.281	1115.25
337.51	1137.25
337.738	1127.25
337.966	1068.25
338.194	1085.25
338.422	1083.25
338.65	1070.25
338.878	1013.25
339.106	1029.25
339.334	1009.25
339.562	1008.25
339.79	965.25
340.018	978.25
340.246	1002.25
340.474	999.25
340.702	1007.25
340.93	1007.25
341.158	981.25
341.386	982.25
341.614	998.25
341.842	1004.25
342.07	971.25
342.298	945.25
342.526	960.25
342.754	967.25
342.981	969.25
343.209	957.25
343.437	961.25
343.665	1016.25
343.893	1066.25
344.12	1093.25
344.348	1072.25
344.576	1039.25
344.804	1043.25
345.031	1009.25
345.259	1028.25
345.487	985.25
345.714	978.25
345.942	972.25
346.17	952.25
346.397	924.25
346.625	921.25
346.853	944.25
347.08	905.25
347.308	930.25
347.535	935.25
347.763	972.25
347.99	945.25
348.218	929.25
348.445	987.25
348.673	975.25
348.9	947.25
349.128	928.25
349.355	925.25
349.583	931.25
349.81	894.25
350.037	892.25
350.265	927.25
350.492	937.25
350.72	910.25
350.947	955.25
351.174	953.25
351.402	959.25
351.629	966.25
351.856	987.25
352.083	951.25
352.311	939.25
352.538	969.25
352.765	976.25
352.992	979.25
353.22	953.25
353.447	945.25
353.674	933.25
353.901	923.25
354.128	921.25
354.355	929.25
354.583	908.25
354.81	871.25
355.037	911.25
355.264	905.25
355.491	881.25
355.718	916.25
355.945	893.25
356.172	898.25
356.399	873.25
356.626	902.25
356.853	888.25
357.08	920.25
357.307	900.25
357.534	897.25
357.761	904.25
357.988	907.25
358.215	891.25
358.441	913.25
358.668	882.25
358.895	919.25
359.122	941.25
359.349	931.25
359.576	988.25
359.802	1019.25
360.029	1049.25
360.256	1079.25
360.483	1046.25
360.709	954.25
360.936	972.25
361.163	956.25
361.39	970.25
361.616	967.25
361.843	986.25
362.07	944.25
362.296	967.25
362.523	958.25
362.749	947.25
362.976	925.25
363.203	955.25
363.429	958.25
363.656	946.25
363.882	948.25
364.109	946.25
364.335	943.25
364.562	929.25
364.788	920.25
365.015	962.25
365.241	944.25
365.468	953.25
365.694	973.25
365.92	963.25
366.147	947.25
366.373	960.25
366.599	968.25
366.826	940.25
367.052	930.25
367.278	923.25
367.505	937.25
367.731	963.25
367.957	975.25
368.184	939.25
368.41	973.25
368.636	985.25
368.862	1018.25
369.089	958.25
369.315	980.25
369.541	969.25
369.767	981.25
369.993	995.25
370.219	983.25
370.445	983.25
370.672	967.25
370.898	978.25
371.124	987.25
371.35	991.25
371.576	1035.25
371.802	1014.25
372.028	1002.25
372.254	968.25
372.48	996.25
372.706	1007.25
372.932	1035.25
373.158	1016.25
373.384	1014.25
373.61	1035.25
373.835	991.25
374.061	997.25
374.287	1018.25
374.513	1047.25
374.739	1049.25
374.965	1056.25
375.191	1105.25
375.416	1088.25
375.642	1035.25
375.868	1037.25
376.094	1044.25
376.319	1035.25
376.545	985.25
376.771	1021.25
376.997	1029.25
377.222	1010.25
377.448	980.25
377.674	990.25
377.899	1012.25
378.125	979.25
378.35	968.25
378.576	1031.25
378.802	955.25
379.027	992.25
379.253	1015.25
379.478	971.25
379.704	986.25
379.929	983.25
380.155	985.25
380.38	1013.25
380.606	1019.25
380.831	978.25
381.057	1016.25
381.282	954.25
381.507	962.25
381.733	992.25
381.958	1027.25
382.184	1009.25
382.409	1029.25
382.634	1034.25
382.86	1045.25
383.085	1038.25
383.31	1080.25
383.535	1099.25
383.761	1085.25
383.986	1095.25
384.211	1123.25
384.436	1152.25
384.662	1131.25
384.887	1124.25
385.112	1134.25
385.337	1163.25
385.562	1186.25
385.787	1175.25
386.013	1223.25
386.238	1180.25
386.463	1198.25
386.688	1203.25
386.913	1174.25
387.138	1149.25
387.363	1160.25
387.588	1163.25
387.813	1161.25
388.038	1170.25
388.263	1179.25
388.488	1176.25
388.713	1166.25
388.938	1139.25
389.163	1137.25
389.387	1177.25
389.612	1173.25
389.837	1171.25
390.062	1147.25
390.287	1160.25
390.512	1168.25
390.736	1163.25
390.961	1178.25
391.186	1197.25
391.411	1217.25
391.636	1251.25
391.86	1292.25
392.085	1299.25
392.31	1273.25
392.534	1264.25
392.759	1257.25
392.984	1243.25
393.208	1225.25
393.433	1225.25
393.658	1237.25
393.882	1217.25
394.107	1242.25
394.331	1221.25
394.556	1263.25
394.78	1259.25
395.005	1217.25
395.229	1263.25
395.454	1298.25
395.678	1315.25
395.903	1296.25
396.127	1339.25
396.352	1313.25
396.576	1272.25
396.801	1244.25
397.025	1293.25
397.249	1292.25
397.474	1294.25
397.698	1310.25
397.922	1350.25
398.147	1335.25
398.371	1396.25
398.595	1387.25
398.82	1459.25
399.044	1502.25
399.268	1631.25
399.492	1847.25
399.717	1956.25
399.941	1977.25
400.165	1859.25
400.389	1793.25
400.613	1682.25
400.837	1554.25
401.062	1474.25
401.286	1492.25
401.51	1476.25
401.734	1485.25
401.958	1467.25
402.182	1564.25
402.406	1548.25
402.63	1589.25
402.854	1584.25
403.078	1603.25
403.302	1611.25
403.526	1650.25
403.75	1679.25
403.974	1680.25
404.198	1666.25
404.422	1742.25
404.645	1752.25
404.869	1772.25
405.093	1840.25
405.317	1967.25
405.541	2023.25
405.765	1860.25
405.988	1794.25
406.212	1793.25
406.436	1792.25
406.66	1804.25
406.883	1778.25
407.107	1835.25
407.331	1948.25
407.555	2066.25
407.778	2002.25
408.002	1926.25
408.226	1799.25
408.449	1777.25
408.673	1763.25
408.896	1793.25
409.12	1810.25
409.344	1773.25
409.567	1654.25
409.791	1689.25
410.014	1656.25
410.238	1637.25
410.461	1652.25
410.685	1666.25
410.908	1634.25
411.132	1714.25
411.355	1711.25
411.578	1668.25
411.802	1642.25
412.025	1635.25
412.249	1763.25
412.472	1873.25
412.695	1988.25
412.919	1951.25
413.142	1793.25
413.365	1738.25
413.589	1688.25
413.812	1602.25
414.035	1591.25
414.258	1583.25
414.482	1545.25
414.705	1579.25
414.928	1564.25
415.151	1577.25
415.374	1522.25
415.597	1521.25
415.821	1519.25
416.044	1505.25
416.267	1497.25
416.49	1501.25
416.713	1494.25
416.936	1517.25
417.159	1490.25
417.382	1533.25
417.605	1582.25
417.828	1611.25
418.051	1602.25
418.274	1569.25
418.497	1546.25
418.72	1558.25
418.943	1528.25
419.166	1644.25
419.389	1707.25
419.611	1744.25
419.834	1698.25
420.057	1736.25
420.28	1797.25
420.503	1852.25
420.726	1769.25
420.948	1730.25
421.171	1703.25
421.394	1680.25
421.617	1620.25
421.839	1602.25
422.062	1613.25
422.285	1592.25
422.507	1659.25
422.73	1776.25
422.953	1728.25
423.175	1675.25
423.398	1631.25
423.621	1623.25
423.843	1649.25
424.066	1677.25
424.288	1652.25
424.511	1684.25
424.733	1730.25
424.956	1849.25
425.178	1775.25
425.401	1763.25
425.623	1777.25
425.846	1653.25
426.068	1572.25
426.291	1547.25
426.513	1572.25
426.735	1552.25
426.958	1637.25
427.18	1745.25
427.402	1899.25
427.625	2118.25
427.847	1993.25
428.069	1908.25
428.292	1731.25
428.514	1578.25
428.736	1502.25
428.958	1549.25
429.181	1436.25
429.403	1464.25
429.625	1438.25
429.847	1481.25
430.069	1601.25
430.292	1560.25
430.514	1428.25
430.736	1433.25
430.958	1400.25
431.18	1414.25
431.402	1388.25
431.624	1339.25
431.846	1377.25
432.068	1338.25
432.29	1426.25
432.512	1385.25
432.734	1389.25
432.956	1391.25
433.178	1432.25
433.4	1443.25
433.622	1403.25
433.844	1389.25
434.066	1374.25
434.287	1421.25
434.509	1436.25
434.731	1474.25
434.953	1485.25
435.175	1512.25
435.397	1534.25
435.618	1504.25
435.84	1547.25
436.062	1666.25
436.284	1728.25
436.505	1550.25
436.727	1476.25
436.949	1454.25
437.17	1429.25
437.392	1388.25
437.614	1410.25
437.835	1468.25
438.057	1617.25
438.278	1752.25
438.5	1712.25
438.721	1837.25
438.943	1775.25
439.165	1549.25
439.386	1417.25
439.608	1480.25
439.829	1469.25
440.05	1537.25
440.272	1600.25
440.493	1569.25
440.715	1483.25
440.936	1490.25
441.158	1470.25
441.379	1498.25
441.6	1538.25
441.822	1589.25
442.043	1641.25
442.264	1781.25
442.486	1730.25
442.707	1621.25
442.928	1557.25
443.149	1597.25
443.371	1612.25
443.592	1663.25
443.813	1811.25
444.034	1868.25
444.255	1703.25
444.476	1660.25
444.698	1704.25
444.919	1741.25
445.14	1794.25
445.361	1675.25
445.582	1625.25
445.803	1740.25
446.024	1815.25
446.245	1755.25
446.466	1696.25
446.687	1550.25
446.908	1491.25
447.129	1397.25
447.35	1370.25
447.571	1371.25
447.792	1321.25
448.013	1363.25
448.234	1376.25
448.455	1469.25
448.675	1641.25
448.896	1767.25
449.117	1538.25
449.338	1533.25
449.559	1709.25
449.779	1814.25
450	1564.25
450.221	1403.25
450.442	1341.25
450.662	1308.25
450.883	1321.25
451.104	1411.25
451.324	1372.25
451.545	1303.25
451.766	1307.25
451.986	1253.25
452.207	1269.25
452.428	1222.25
452.648	1243.25
452.869	1256.25
453.089	1218.25
453.31	1305.25
453.53	1238.25
453.751	1210.25
453.971	1225.25
454.192	1305.25
454.412	1237.25
454.633	1214.25
454.853	1225.25
455.073	1217.25
455.294	1237.25
455.514	1301.25
455.734	1274.25
455.955	1167.25
456.175	1184.25
456.395	1183.25
456.616	1168.25
456.836	1148.25
457.056	1134.25
457.276	1115.25
457.497	1175.25
457.717	1149.25
457.937	1189.25
458.157	1155.25
458.377	1178.25
458.598	1228.25
458.818	1384.25
459.038	1508.25
459.258	1534.25
459.478	1384.25
459.698	1341.25
459.918	1376.25
460.138	1389.25
460.358	1437.25
460.578	1452.25
460.798	1479.25
461.018	1486.25
461.238	1456.25
461.458	1452.25
461.678	1447.25
461.898	1496.25
462.118	1482.25
462.338	1524.25
462.558	1547.25
462.777	1608.25
462.997	1759.25
463.217	1805.25
463.437	1826.25
463.657	1706.25
463.876	1640.25
464.096	1639.25
464.316	1634.25
464.536	1667.25
464.755	1656.25
464.975	1653.25
465.195	1659.25
465.414	1772.25
465.634	1541.25
465.854	1440.25
466.073	1393.25
466.293	1377.25
466.512	1295.25
466.732	1306.25
466.951	1327.25
467.171	1303.25
467.391	1339.25
467.61	1351.25
467.829	1424.25
468.049	1612.25
468.268	2128.25
468.488	1691.25
468.707	1437.25
468.927	1367.25
469.146	1311.25
469.365	1342.25
469.585	1337.25
469.804	1359.25
470.023	1364.25
470.243	1396.25
470.462	1425.25
470.681	1475.25
470.901	1433.25
471.12	1391.25
471.339	1409.25
471.558	1410.25
471.777	1413.25
471.997	1555.25
472.216	2057.25
472.435	3690.25
472.654	2841.25
472.873	1899.25
473.092	1685.25
473.311	1527.25
473.53	1467.25
473.749	1450.25
473.968	1435.25
474.187	1535.25
474.406	1527.25
474.625	1417.25
474.844	1327.25
475.063	1321.25
475.282	1319.25
475.501	1301.25
475.72	1338.25
475.939	1324.25
476.158	1351.25
476.377	1353.25
476.596	1376.25
476.814	1389.25
477.033	1403.25
477.252	1384.25
477.471	1423.25
477.69	1449.25
477.908	1451.25
478.127	1476.25
478.346	1508.25
478.564	1525.25
478.783	1515.25
479.002	1595.25
479.22	1564.25
479.439	1630.25
479.658	1680.25
479.876	1689.25
480.095	1708.25
480.313	1788.25
480.532	1848.25
480.751	2011.25
480.969	2399.25
481.188	4868.25
481.406	6088.25
481.624	3224.25
481.843	2410.25
482.061	2143.25
482.28	1929.25
482.498	1855.25
482.717	1753.25
482.935	1715.25
483.153	1737.25
483.372	1695.25
483.59	1695.25
483.808	1643.25
484.027	1659.25
484.245	1641.25
484.463	1610.25
484.681	1642.25
484.9	1601.25
485.118	1644.25
485.336	1630.25
485.554	1645.25
485.772	1655.25
485.99	1649.25
486.209	1630.25
486.427	1621.25
486.645	1693.25
486.863	1726.25
487.081	1684.25
487.299	1687.25
487.517	1651.25
487.735	1663.25
487.953	1699.25
488.171	1673.25
488.389	1668.25
488.607	1673.25
488.825	1679.25
489.043	1666.25
489.261	1701.25
489.479	1707.25
489.696	1740.25
489.914	1711.25
490.132	1757.25
490.35	1754.25
490.568	1821.25
490.786	1862.25
491.003	1834.25
491.221	1949.25
491.439	1983.25
491.657	2057.25
491.874	2081.25
492.092	2128.25
492.31	2131.25
492.527	2160.25
492.745	2208.25
492.963	2193.25
493.18	2161.25
493.398	2161.25
493.615	2159.25
493.833	2131.25
494.05	2078.25
494.268	2102.25
494.485	2063.25
494.703	2050.25
494.92	2000.25
495.138	2014.25
495.355	1971.25
495.573	1978.25
495.79	1968.25
496.008	1963.25
496.225	1968.25
496.442	1963.25
496.66	1945.25
496.877	1944.25
497.094	1922.25
497.312	2039.25
497.529	1931.25
497.746	2010.25
497.963	2023.25
498.181	2138.25
498.398	2144.25
498.615	2190.25
498.832	2332.25
499.049	2435.25
499.267	2546.25
499.484	2677.25
499.701	2899.25
499.918	3141.25
500.135	3385.25
500.352	3785.25
500.569	3871.25
500.786	3925.25
501.003	3639.25
501.22	3397.25
501.437	3033.25
501.654	2828.25
501.871	2670.25
502.088	2453.25
502.305	2367.25
502.522	2231.25
502.739	2188.25
502.956	2085.25
503.172	2050.25
503.389	1970.25
503.606	1939.25
503.823	1908.25
504.04	1888.25
504.256	1869.25
504.473	1914.25
504.69	1925.25
504.907	1904.25
505.123	1825.25
505.34	1739.25
505.557	1698.25
505.773	1685.25
505.99	1658.25
506.207	1627.25
506.423	1625.25
506.64	1617.25
506.856	1617.25
507.073	1540.25
507.289	1564.25
507.506	1584.25
507.722	1589.25
507.939	1651.25
508.155	1572.25
508.372	1514.25
508.588	1493.25
508.805	1520.25
509.021	1499.25
509.238	1508.25
509.454	1504.25
509.67	1484.25
509.887	1459.25
510.103	1493.25
510.319	1540.25
510.536	1865.25
510.752	3410.25
510.968	2412.25
511.184	1585.25
511.401	1526.25
511.617	1517.25
511.833	1576.25
512.049	1636.25
512.265	1621.25
512.481	1534.25
512.698	1552.25
512.914	1499.25
513.13	1505.25
513.346	1496.25
513.562	1440.25
513.778	1460.25
513.994	1513.25
514.21	1523.25
514.426	1584.25
514.642	1684.25
514.858	1716.25
515.074	1812.25
515.29	2172.25
515.506	3483.25
515.721	2621.25
515.937	1801.25
516.153	1659.25
516.369	1632.25
516.585	1611.25
516.801	1620.25
517.016	1663.25
517.232	1667.25
517.448	1720.25
517.664	1757.25
517.879	1776.25
518.095	1759.25
518.311	1709.25
518.527	1638.25
518.742	1639.25
518.958	1572.25
519.173	1587.25
519.389	1558.25
519.605	1521.25
519.82	1508.25
520.036	1529.25
520.251	1530.25
520.467	1582.25
520.682	1569.25
520.898	1617.25
521.113	1653.25
521.329	1735.25
521.544	1938.25
521.76	2509.25
521.975	4561.25
522.19	4204.25
522.406	2084.25
522.621	1610.25
522.836	1494.25
523.052	1460.25
523.267	1379.25
523.482	1355.25
523.698	1353.25
523.913	1322.25
524.128	1316.25
524.343	1325.25
524.559	1308.25
524.774	1268.25
524.989	1242.25
525.204	1292.25
525.419	1277.25
525.634	1284.25
525.849	1243.25
526.064	1247.25
526.28	1255.25
526.495	1241.25
526.71	1201.25
526.925	1169.25
527.14	1199.25
527.355	1179.25
527.57	1172.25
527.785	1194.25
527.999	1167.25
528.214	1187.25
528.429	1193.25
528.644	1197.25
528.859	1189.25
529.074	1236.25
529.289	1261.25
529.503	1441.25
529.718	1378.25
529.933	1256.25
530.148	1202.25
530.363	1198.25
530.577	1149.25
530.792	1138.25
531.007	1177.25
531.221	1157.25
531.436	1157.25
531.651	1174.25
531.865	1135.25
532.08	1149.25
532.295	1158.25
532.509	1155.25
532.724	1158.25
532.938	1154.25
533.153	1177.25
533.367	1167.25
533.582	1138.25
533.796	1168.25
534.011	1145.25
534.225	1150.25
534.44	1101.25
534.654	1091.25
534.868	1141.25
535.083	1140.25
535.297	1143.25
535.511	1133.25
535.726	1143.25
535.94	1173.25
536.154	1136.25
536.369	1108.25
536.583	1095.25
536.797	1093.25
537.011	1079.25
537.225	1086.25
537.44	1073.25
537.654	1090.25
537.868	1058.25
538.082	1058.25
538.296	1099.25
538.51	1043.25
538.724	1061.25
538.938	1054.25
539.153	1091.25
539.367	1125.25
539.581	1091.25
539.795	1074.25
540.009	1066.25
540.222	1046.25
540.436	1031.25
540.65	1044.25
540.864	1081.25
541.078	1071.25
541.292	1090.25
541.506	1080.25
541.72	1078.25
541.934	1079.25
542.147	1101.25
542.361	1071.25
542.575	1069.25
542.789	1029.25
543.002	1043.25
543.216	1043.25
543.43	1047.25
543.644	1023.25
543.857	1057.25
544.071	1083.25
544.285	1093.25
544.498	1077.25
544.712	1056.25
544.925	1057.25
545.139	1063.25
545.352	1059.25
545.566	1085.25
545.779	1076.25
545.993	1060.25
546.206	1081.25
546.42	1059.25
546.633	1057.25
546.847	1052.25
547.06	1075.25
547.274	1082.25
547.487	1073.25
547.7	1067.25
547.914	1056.25
548.127	1084.25
548.34	1090.25
548.554	1047.25
548.767	1037.25
548.98	1060.25
549.193	1073.25
549.407	1044.25
549.62	1069.25
549.833	1071.25
550.046	1061.25
550.259	1034.25
550.473	1027.25
550.686	1041.25
550.899	1034.25
551.112	1014.25
551.325	1003.25
551.538	990.25
551.751	992.25
551.964	1009.25
552.177	1048.25
552.39	1024.25
552.603	1063.25
552.816	1072.25
553.029	1088.25
553.242	1074.25
553.455	1139.25
553.667	1142.25
553.88	1179.25
554.093	1101.25
554.306	1077.25
554.519	1085.25
554.732	1058.25
554.944	1024.25
555.157	999.25
555.37	993.25
555.583	996.25
555.795	975.25
556.008	953.25
556.221	925.25
556.433	958.25
556.646	947.25
556.859	905.25
557.071	915.25
557.284	896.25
557.496	944.25
557.709	929.25
557.921	890.25
558.134	901.25
558.346	889.25
558.559	878.25
558.771	883.25
558.984	867.25
559.196	865.25
559.409	843.25
559.621	856.25
559.833	885.25
560.046	875.25
560.258	874.25
560.47	878.25
560.683	876.25
560.895	879.25
561.107	842.25
561.32	849.25
561.532	882.25
561.744	883.25
561.956	866.25
562.168	859.25
562.381	850.25
562.593	852.25
562.805	869.25
563.017	879.25
563.229	844.25
563.441	859.25
563.653	866.25
563.865	866.25
564.077	851.25
564.289	880.25
564.501	877.25
564.713	913.25
564.925	905.25
565.137	925.25
565.349	898.25
565.561	922.25
565.773	963.25
565.985	994.25
566.197	1017.25
566.408	1067.25
566.62	1143.25
566.832	1194.25
567.044	1250.25
567.255	1221.25
567.467	1216.25
567.679	1289.25
567.891	1361.25
568.102	1397.25
568.314	1335.25
568.526	1248.25
568.737	1112.25
568.949	1010.25
569.161	946.25
569.372	937.25
569.584	882.25
569.795	875.25
570.007	874.25
570.218	964.25
570.43	941.25
570.641	817.25
570.853	817.25
571.064	831.25
571.276	812.25
571.487	829.25
571.698	794.25
571.91	772.25
572.121	747.25
572.333	757.25
572.544	713.25
572.755	708.25
572.966	702.25
573.178	688.25
573.389	693.25
573.6	696.25
573.811	695.25
574.023	679.25
574.234	693.25
574.445	683.25
574.656	677.25
574.867	676.25
575.078	679.25
575.289	684.25
575.501	658.25
575.712	672.25
575.923	642.25
576.134	663.25
576.345	654.25
576.556	659.25
576.767	653.25
576.978	641.25
577.188	633.25
577.399	650.25
577.61	640.25
577.821	646.25
578.032	627.25
578.243	707.25
578.454	1249.25
578.665	822.25
578.875	641.25
579.086	602.25
579.297	591.25
579.508	609.25
579.718	586.25
579.929	588.25
580.14	593.25
580.35	572.25
580.561	582.25
580.772	570.25
580.982	589.25
581.193	593.25
581.403	568.25
581.614	597.25
581.825	587.25
582.035	606.25
582.246	562.25
582.456	563.25
582.667	573.25
582.877	573.25
583.087	549.25
583.298	562.25
583.508	553.25
583.719	561.25
583.929	560.25
584.139	557.25
584.35	554.25
584.56	557.25
584.77	548.25
584.981	545.25
585.191	546.25
585.401	565.25
585.611	550.25
585.821	569.25
586.032	560.25
586.242	578.25
586.452	567.25
586.662	545.25
586.872	517.25
587.082	525.25
587.292	539.25
587.502	552.25
587.713	561.25
587.923	523.25
588.133	542.25
588.343	563.25
588.553	533.25
588.762	508.25
588.972	537.25
589.182	557.25
589.392	569.25
589.602	562.25
589.812	536.25
590.022	563.25
590.232	537.25
590.441	524.25
590.651	542.25
590.861	539.25
591.071	556.25
591.281	551.25
591.49	554.25
591.7	554.25
591.91	545.25
592.119	557.25
592.329	578.25
592.539	610.25
592.748	627.25
592.958	617.25
593.167	626.25
593.377	658.25
593.587	649.25
593.796	647.25
594.006	640.25
594.215	639.25
594.424	628.25
594.634	643.25
594.843	625.25
595.053	607.25
595.262	592.25
595.472	536.25
595.681	538.25
595.89	527.25
596.1	541.25
596.309	537.25
596.518	540.25
596.727	528.25
596.937	523.25
597.146	496.25
597.355	502.25
597.564	473.25
597.774	484.25
597.983	485.25
598.192	513.25
598.401	469.25
598.61	452.25
598.819	489.25
599.028	473.25
599.237	480.25
599.446	475.25
599.655	466.25
599.864	472.25
600.073	470.25
600.282	478.25
600.491	454.25
600.7	450.25
600.909	470.25
601.118	467.25
601.327	471.25
601.536	476.25
601.745	482.25
601.953	480.25
602.162	472.25
602.371	486.25
602.58	467.25
602.789	471.25
602.997	467.25
603.206	463.25
603.415	488.25
603.623	445.25
603.832	462.25
604.041	456.25
604.249	431.25
604.458	415.25
604.666	438.25
604.875	445.25
605.084	442.25
605.292	445.25
605.501	453.25
605.709	465.25
605.918	436.25
606.126	439.25
606.334	447.25
606.543	455.25
606.751	448.25
606.96	455.25
607.168	447.25
607.376	437.25
607.585	434.25
607.793	456.25
608.001	450.25
608.21	443.25
608.418	437.25
608.626	432.25
608.834	461.25
609.043	425.25
609.251	446.25
609.459	445.25
609.667	433.25
609.875	444.25
610.083	440.25
610.291	439.25
610.499	434.25
610.707	427.25
610.916	413.25
611.124	426.25
611.332	434.25
611.54	426.25
611.748	427.25
611.955	419.25
612.163	442.25
612.371	433.25
612.579	423.25
612.787	413.25
612.995	428.25
613.203	435.25
613.411	433.25
613.618	413.25
613.826	418.25
614.034	462.25
614.242	411.25
614.449	420.25
614.657	427.25
614.865	415.25
615.072	429.25
615.28	428.25
615.488	419.25
615.695	440.25
615.903	411.25
616.111	395.25
616.318	411.25
616.526	416.25
616.733	409.25
616.941	420.25
617.148	424.25
617.356	409.25
617.563	408.25
617.771	427.25
617.978	403.25
618.185	414.25
618.393	397.25
618.6	421.25
618.807	424.25
619.015	420.25
619.222	411.25
619.429	403.25
619.637	393.25
619.844	389.25
620.051	388.25
620.258	398.25
620.466	383.25
620.673	366.25
620.88	360.25
621.087	367.25
621.294	377.25
621.501	376.25
621.708	368.25
621.915	380.25
622.122	393.25
622.329	345.25
622.536	385.25
622.743	351.25
622.95	348.25
623.157	386.25
623.364	381.25
623.571	363.25
623.778	352.25
623.985	341.25
624.192	369.25
624.399	348.25
624.606	349.25
624.812	359.25
625.019	339.25
625.226	349.25
625.433	333.25
625.639	345.25
625.846	350.25
626.053	327.25
626.259	329.25
626.466	320.25
626.673	349.25
626.879	339.25
627.086	348.25
627.293	345.25
627.499	340.25
627.706	338.25
627.912	350.25
628.119	320.25
628.325	333.25
628.532	327.25
628.738	316.25
628.945	339.25
629.151	321.25
629.357	343.25
629.564	325.25
629.77	324.25
629.976	319.25
630.183	326.25
630.389	302.25
630.595	308.25
630.802	318.25
631.008	324.25
631.214	313.25
631.42	309.25
631.627	327.25
631.833	322.25
632.039	316.25
632.245	292.25
632.451	312.25
632.657	307.25
632.863	310.25
633.069	304.25
633.275	299.25
633.481	300.25
633.688	299.25
633.893	307.25
634.099	302.25
634.305	315.25
634.511	292.25
634.717	297.25
634.923	302.25
635.129	301.25
635.335	305.25
635.541	303.25
635.747	322.25
635.952	316.25
636.158	339.25
636.364	441.25
636.57	521.25
636.775	412.25
636.981	378.25
637.187	349.25
637.392	354.25
637.598	317.25
637.804	313.25
638.009	304.25
638.215	313.25
638.421	301.25
638.626	275.25
638.832	292.25
639.037	291.25
639.243	276.25
639.448	275.25
639.654	268.25
639.859	272.25
640.065	272.25
640.27	299.25
640.475	263.25
640.681	284.25
640.886	268.25
641.091	278.25
641.297	269.25
641.502	269.25
641.707	236.25
641.913	262.25
642.118	259.25
642.323	273.25
642.528	270.25
642.733	282.25
642.939	273.25
643.144	264.25
643.349	257.25
643.554	260.25
643.759	259.25
643.964	271.25
644.169	261.25
644.374	251.25
644.579	263.25
644.784	253.25
644.989	252.25
645.194	265.25
645.399	257.25
645.604	276.25
645.809	250.25
646.014	237.25
646.219	259.25
646.423	251.25
646.628	256.25
646.833	252.25
647.038	252.25
647.243	252.25
647.447	240.25
647.652	253.25
647.857	264.25
648.062	268.25
648.266	277.25
648.471	269.25
648.676	259.25
648.88	263.25
649.085	256.25
649.289	257.25
649.494	273.25
649.698	291.25
649.903	279.25
650.107	264.25
650.312	241.25
650.516	233.25
650.721	229.25
650.925	230.25
651.13	235.25
651.334	228.25
651.539	215.25
651.743	216.25
651.947	216.25
652.152	209.25
652.356	217.25
652.56	208.25
652.764	204.25
652.969	200.25
653.173	197.25
653.377	197.25
653.581	196.25
653.785	192.25
653.99	214.25
654.194	179.25
654.398	181.25
654.602	188.25
654.806	192.25
655.01	215.25
655.214	206.25
655.418	173.25
655.622	193.25
655.826	187.25
656.03	184.25
656.234	197.25
656.438	196.25
656.642	187.25
656.846	194.25
657.049	164.25
657.253	172.25
657.457	176.25
657.661	157.25
657.865	150.25
658.068	136.25
658.272	136.25
658.476	141.25
658.68	126.25
658.883	133.25
659.087	116.25
659.291	132.25
659.494	120.25
659.698	133.25
659.901	115.25
660.105	87.25
660.309	109.25
660.512	119.25
660.716	104.25
660.919	118.25
661.123	105.25
661.326	94.25
661.53	111.25
661.733	89.25
661.936	94.25
662.14	95.25
662.343	81.25
662.546	92.25
662.75	83.25
662.953	95.25
663.156	80.25
663.36	80.25
663.563	95.25
663.766	87.25
663.969	86.25
664.173	67.25
664.376	81.25
664.579	86.25
664.782	85.25
664.985	90.25
665.188	73.25
665.391	83.25
665.594	89.25
665.797	65.25
666	65.25
666.203	80.25
666.406	73.25
666.609	71.25
666.812	82.25
667.015	68.25
667.218	74.25
667.421	83.25
667.624	82.25
667.827	88.25
668.03	89.25
668.232	80.25
668.435	91.25
668.638	85.25
668.841	76.25
669.043	82.25
669.246	88.25
669.449	84.25
669.651	79.25
669.854	67.25
670.057	90.25
670.259	85.25
670.462	84.25
670.665	85.25
670.867	80.25
671.07	78.25
671.272	80.25
671.475	93.25
671.677	85.25
671.88	89.25
672.082	78.25
672.284	83.25
672.487	76.25
672.689	84.25
672.892	83.25
