223.165	-6.19
223.4	-6.19
223.635	-6.19
223.869	-23.19
224.104	-18.19
224.338	-8.19
224.573	-13.19
224.808	-4.19
225.042	-12.19
225.277	-17.19
225.511	2.81
225.746	0.81
225.98	-0.19
226.215	8.81
226.449	20.81
226.683	14.81
226.918	25.81
227.152	28.81
227.387	26.81
227.621	29.81
227.856	39.81
228.09	47.81
228.324	57.81
228.559	60.81
228.793	77.81
229.027	136.81
229.262	138.81
229.496	155.81
229.73	195.81
229.964	216.81
230.199	173.81
230.433	167.81
230.667	152.81
230.901	150.81
231.136	147.81
231.37	150.81
231.604	158.81
231.838	162.81
232.072	155.81
232.306	146.81
232.541	151.81
232.775	154.81
233.009	152.81
233.243	163.81
233.477	156.81
233.711	155.81
233.945	165.81
234.179	158.81
234.413	171.81
234.647	144.81
234.881	164.81
235.115	162.81
235.349	177.81
235.583	164.81
235.817	169.81
236.051	169.81
236.285	180.81
236.519	178.81
236.753	176.81
236.987	206.81
237.221	249.81
237.455	330.81
237.689	259.81
237.922	178.81
238.156	181.81
238.39	180.81
238.624	169.81
238.858	183.81
239.091	188.81
239.325	174.81
239.559	189.81
239.793	193.81
240.027	187.81
240.26	206.81
240.494	217.81
240.728	200.81
240.961	212.81
241.195	218.81
241.429	195.81
241.662	202.81
241.896	220.81
242.13	207.81
242.363	212.81
242.597	201.81
242.83	218.81
243.064	215.81
243.298	205.81
243.531	219.81
243.765	209.81
243.998	217.81
244.232	220.81
244.465	214.81
244.699	211.81
244.932	234.81
245.166	228.81
245.399	213.81
245.633	229.81
245.866	223.81
246.099	237.81
246.333	232.81
246.566	238.81
246.8	236.81
247.033	245.81
247.266	253.81
247.5	239.81
247.733	257.81
247.966	252.81
248.2	261.81
248.433	257.81
248.666	257.81
248.899	292.81
249.133	296.81
249.366	316.81
249.599	323.81
249.832	283.81
250.066	307.81
250.299	350.81
250.532	376.81
250.765	414.81
250.998	415.81
251.231	389.81
251.465	346.81
251.698	343.81
251.931	315.81
252.164	331.81
252.397	328.81
252.63	314.81
252.863	321.81
253.096	336.81
253.329	330.81
253.562	347.81
253.795	317.81
254.028	330.81
254.261	342.81
254.494	357.81
254.727	382.81
254.96	383.81
255.193	410.81
255.426	390.81
255.659	407.81
255.892	456.81
256.124	560.81
256.357	631.81
256.59	528.81
256.823	456.81
257.056	405.81
257.289	392.81
257.521	387.81
257.754	374.81
257.987	365.81
258.22	364.81
258.452	355.81
258.685	340.81
258.918	366.81
259.151	369.81
259.383	367.81
259.616	360.81
259.849	368.81
260.081	375.81
260.314	381.81
260.547	389.81
260.779	381.81
261.012	395.81
261.244	375.81
261.477	372.81
261.71	356.81
261.942	379.81
262.175	403.81
262.407	373.81
262.64	365.81
262.872	353.81
263.105	354.81
263.337	364.81
263.57	355.81
263.802	363.81
264.035	336.81
264.267	341.81
264.499	361.81
264.732	348.81
264.964	365.81
265.197	359.81
265.429	372.81
265.661	344.81
265.894	364.81
266.126	346.81
266.358	361.81
266.591	365.81
266.823	389.81
267.055	405.81
267.287	388.81
267.52	368.81
267.752	382.81
267.984	399.81
268.216	391.81
268.448	397.81
268.681	394.81
268.913	407.81
269.145	420.81
269.377	419.81
269.609	439.81
269.841	432.81
270.073	428.81
270.306	458.81
270.538	476.81
270.77	470.81
271.002	450.81
271.234	438.81
271.466	464.81
271.698	474.81
271.93	468.81
272.162	491.81
272.394	477.81
272.626	472.81
272.858	440.81
273.09	458.81
273.322	460.81
273.553	444.81
273.785	449.81
274.017	455.81
274.249	457.81
274.481	465.81
274.713	459.81
274.945	472.81
275.176	466.81
275.408	453.81
275.64	476.81
275.872	465.81
276.104	491.81
276.335	480.81
276.567	479.81
276.799	523.81
277.031	551.81
277.262	561.81
277.494	547.81
277.726	523.81
277.957	518.81
278.189	492.81
278.421	493.81
278.652	481.81
278.884	466.81
279.115	507.81
279.347	488.81
279.579	496.81
279.81	498.81
280.042	518.81
280.273	521.81
280.505	546.81
280.736	516.81
280.968	510.81
281.199	504.81
281.431	488.81
281.662	484.81
281.894	488.81
282.125	499.81
282.356	533.81
282.588	571.81
282.819	566.81
283.051	521.81
283.282	497.81
283.513	490.81
283.745	488.81
283.976	509.81
284.207	528.81
284.439	521.81
284.67	536.81
284.901	505.81
285.132	509.81
285.364	491.81
285.595	518.81
285.826	502.81
286.057	525.81
286.288	535.81
286.52	538.81
286.751	528.81
286.982	551.81
287.213	534.81
287.444	518.81
287.675	537.81
287.906	535.81
288.138	553.81
288.369	548.81
288.6	560.81
288.831	556.81
289.062	531.81
289.293	528.81
289.524	543.81
289.755	549.81
289.986	547.81
290.217	537.81
290.448	553.81
290.679	545.81
290.91	529.81
291.141	520.81
291.371	547.81
291.602	554.81
291.833	537.81
292.064	540.81
292.295	525.81
292.526	532.81
292.757	533.81
292.987	536.81
293.218	540.81
293.449	588.81
293.68	574.81
293.91	556.81
294.141	544.81
294.372	559.81
294.603	546.81
294.833	553.81
295.064	551.81
295.295	556.81
295.525	568.81
295.756	556.81
295.987	577.81
296.217	635.81
296.448	665.81
296.679	589.81
296.909	596.81
297.14	584.81
297.37	583.81
297.601	584.81
297.831	584.81
298.062	596.81
298.292	615.81
298.523	612.81
298.753	596.81
298.984	608.81
299.214	599.81
299.445	615.81
299.675	620.81
299.905	637.81
300.136	604.81
300.366	605.81
300.597	619.81
300.827	635.81
301.057	645.81
301.288	655.81
301.518	659.81
301.748	651.81
301.979	671.81
302.209	667.81
302.439	667.81
302.669	649.81
302.9	630.81
303.13	647.81
303.36	674.81
303.59	657.81
303.82	689.81
304.051	675.81
304.281	663.81
304.511	653.81
304.741	651.81
304.971	642.81
305.201	648.81
305.431	618.81
305.661	636.81
305.891	645.81
306.121	652.81
306.352	676.81
306.582	664.81
306.812	656.81
307.042	643.81
307.272	668.81
307.502	697.81
307.731	685.81
307.961	684.81
308.191	701.81
308.421	669.81
308.651	689.81
308.881	663.81
309.111	684.81
309.341	690.81
309.571	703.81
309.8	720.81
310.03	722.81
310.26	733.81
310.49	729.81
310.72	725.81
310.949	787.81
311.179	775.81
311.409	740.81
311.639	719.81
311.868	741.81
312.098	756.81
312.328	776.81
312.557	801.81
312.787	792.81
313.017	792.81
313.246	769.81
313.476	763.81
313.706	779.81
313.935	787.81
314.165	815.81
314.394	811.81
314.624	790.81
314.853	764.81
315.083	781.81
315.312	746.81
315.542	749.81
315.771	736.81
316.001	752.81
316.23	758.81
316.46	745.81
316.689	741.81
316.919	782.81
317.148	782.81
317.377	784.81
317.607	781.81
317.836	763.81
318.065	785.81
318.295	762.81
318.524	764.81
318.753	772.81
318.983	791.81
319.212	763.81
319.441	798.81
319.67	831.81
319.9	816.81
320.129	813.81
320.358	793.81
320.587	784.81
320.816	804.81
321.046	831.81
321.275	832.81
321.504	831.81
321.733	814.81
321.962	833.81
322.191	855.81
322.42	898.81
322.649	923.81
322.878	925.81
323.108	961.81
323.337	1022.81
323.566	1047.81
323.795	1111.81
324.024	1264.81
324.253	1471.81
324.482	2029.81
324.71	3172.81
324.939	4479.81
325.168	3568.81
325.397	1938.81
325.626	1436.81
325.855	1274.81
326.084	1187.81
326.313	1138.81
326.542	1182.81
326.77	1269.81
326.999	1461.81
327.228	1993.81
327.457	2999.81
327.686	3432.81
327.914	2352.81
328.143	1837.81
328.372	1781.81
328.6	1649.81
328.829	1379.81
329.058	1371.81
329.287	1410.81
329.515	1360.81
329.744	1392.81
329.972	1576.81
330.201	1978.81
330.43	2362.81
330.658	2092.81
330.887	1635.81
331.115	1477.81
331.344	1312.81
331.572	1201.81
331.801	1240.81
332.03	1155.81
332.258	1193.81
332.486	1169.81
332.715	1202.81
332.943	1211.81
333.172	1277.81
333.4	1325.81
333.629	1443.81
333.857	1549.81
334.085	1765.81
334.314	2192.81
334.542	2808.81
334.771	3092.81
334.999	2083.81
335.227	1564.81
335.455	1343.81
335.684	1295.81
335.912	1237.81
336.14	1131.81
336.369	1147.81
336.597	1157.81
336.825	1145.81
337.053	1122.81
337.281	1082.81
337.51	1068.81
337.738	1076.81
337.966	1060.81
338.194	1073.81
338.422	1024.81
338.65	1000.81
338.878	996.81
339.106	999.81
339.334	999.81
339.562	985.81
339.79	978.81
340.018	963.81
340.246	983.81
340.474	983.81
340.702	967.81
340.93	959.81
341.158	976.81
341.386	970.81
341.614	941.81
341.842	942.81
342.07	971.81
342.298	954.81
342.526	935.81
342.754	937.81
342.981	948.81
343.209	967.81
343.437	981.81
343.665	1016.81
343.893	1049.81
344.12	1076.81
344.348	1048.81
344.576	1017.81
344.804	1001.81
345.031	1017.81
345.259	1007.81
345.487	977.81
345.714	964.81
345.942	951.81
346.17	948.81
346.397	917.81
346.625	941.81
346.853	929.81
347.08	943.81
347.308	944.81
347.535	951.81
347.763	976.81
347.99	988.81
348.218	923.81
348.445	959.81
348.673	985.81
348.9	945.81
349.128	942.81
349.355	918.81
349.583	916.81
349.81	890.81
350.037	935.81
350.265	893.81
350.492	877.81
350.72	937.81
350.947	912.81
351.174	949.81
351.402	968.81
351.629	935.81
351.856	945.81
352.083	973.81
352.311	943.81
352.538	971.81
352.765	970.81
352.992	915.81
353.22	949.81
353.447	951.81
353.674	913.81
353.901	901.81
354.128	909.81
354.355	885.81
354.583	928.81
354.81	910.81
355.037	906.81
355.264	890.81
355.491	893.81
355.718	905.81
355.945	917.81
356.172	896.81
356.399	897.81
356.626	881.81
356.853	882.81
357.08	899.81
357.307	899.81
357.534	901.81
357.761	916.81
357.988	905.81
358.215	908.81
358.441	889.81
358.668	886.81
358.895	931.81
359.122	911.81
359.349	946.81
359.576	1001.81
359.802	1004.81
360.029	1030.81
360.256	1078.81
360.483	1017.81
360.709	965.81
360.936	977.81
361.163	938.81
361.39	963.81
361.616	963.81
361.843	969.81
362.07	983.81
362.296	969.81
362.523	948.81
362.749	942.81
362.976	950.81
363.203	984.81
363.429	940.81
363.656	940.81
363.882	960.81
364.109	928.81
364.335	929.81
364.562	924.81
364.788	951.81
365.015	929.81
365.241	961.81
365.468	957.81
365.694	955.81
365.92	956.81
366.147	958.81
366.373	946.81
366.599	934.81
366.826	939.81
367.052	943.81
367.278	939.81
367.505	953.81
367.731	945.81
367.957	944.81
368.184	964.81
368.41	984.81
368.636	976.81
368.862	1002.81
369.089	987.81
369.315	976.81
369.541	943.81
369.767	976.81
369.993	992.81
370.219	967.81
370.445	1008.81
370.672	968.81
370.898	990.81
371.124	988.81
371.35	981.81
371.576	984.81
371.802	1015.81
372.028	981.81
372.254	975.81
372.48	1005.81
372.706	1021.81
372.932	1036.81
373.158	1012.81
373.384	1024.81
373.61	1008.81
373.835	984.81
374.061	1007.81
374.287	1001.81
374.513	1033.81
374.739	1073.81
374.965	1041.81
375.191	1066.81
375.416	1049.81
375.642	1047.81
375.868	1029.81
376.094	1039.81
376.319	1038.81
376.545	1011.81
376.771	1029.81
376.997	988.81
377.222	976.81
377.448	1011.81
377.674	968.81
377.899	1003.81
378.125	976.81
378.35	1008.81
378.576	984.81
378.802	989.81
379.027	991.81
379.253	983.81
379.478	978.81
379.704	987.81
379.929	1018.81
380.155	1013.81
380.38	1009.81
380.606	982.81
380.831	1016.81
381.057	999.81
381.282	1005.81
381.507	1003.81
381.733	1021.81
381.958	1015.81
382.184	1019.81
382.409	1038.81
382.634	1045.81
382.86	1030.81
383.085	1071.81
383.31	1055.81
383.535	1078.81
383.761	1071.81
383.986	1101.81
384.211	1091.81
384.436	1107.81
384.662	1122.81
384.887	1163.81
385.112	1149.81
385.337	1159.81
385.562	1170.81
385.787	1143.81
386.013	1195.81
386.238	1220.81
386.463	1208.81
386.688	1166.81
386.913	1183.81
387.138	1163.81
387.363	1136.81
387.588	1147.81
387.813	1159.81
388.038	1196.81
388.263	1200.81
388.488	1168.81
388.713	1193.81
388.938	1171.81
389.163	1141.81
389.387	1171.81
389.612	1131.81
389.837	1151.81
390.062	1139.81
390.287	1152.81
390.512	1186.81
390.736	1146.81
390.961	1174.81
391.186	1185.81
391.411	1218.81
391.636	1221.81
391.86	1239.81
392.085	1313.81
392.31	1291.81
392.534	1278.81
392.759	1243.81
392.984	1224.81
393.208	1226.81
393.433	1223.81
393.658	1257.81
393.882	1228.81
394.107	1229.81
394.331	1245.81
394.556	1226.81
394.78	1270.81
395.005	1265.81
395.229	1263.81
395.454	1264.81
395.678	1315.81
395.903	1355.81
396.127	1305.81
396.352	1304.81
396.576	1297.81
396.801	1252.81
397.025	1273.81
397.249	1289.81
397.474	1340.81
397.698	1359.81
397.922	1356.81
398.147	1348.81
398.371	1370.81
398.595	1391.81
398.82	1463.81
399.044	1515.81
399.268	1621.81
399.492	1853.81
399.717	2011.81
399.941	2057.81
400.165	1902.81
400.389	1823.81
400.613	1687.81
400.837	1559.81
401.062	1492.81
401.286	1503.81
401.51	1483.81
401.734	1465.81
401.958	1507.81
402.182	1545.81
402.406	1565.81
402.63	1616.81
402.854	1570.81
403.078	1589.81
403.302	1656.81
403.526	1645.81
403.75	1687.81
403.974	1720.81
404.198	1691.81
404.422	1721.81
404.645	1749.81
404.869	1776.81
405.093	1827.81
405.317	1904.81
405.541	1995.81
405.765	1849.81
405.988	1774.81
406.212	1761.81
406.436	1821.81
406.66	1864.81
406.883	1782.81
407.107	1865.81
407.331	1940.81
407.555	2101.81
407.778	2053.81
408.002	1918.81
408.226	1844.81
408.449	1818.81
408.673	1768.81
408.896	1769.81
409.12	1824.81
409.344	1740.81
409.567	1689.81
409.791	1644.81
410.014	1663.81
410.238	1643.81
410.461	1655.81
410.685	1613.81
410.908	1663.81
411.132	1683.81
411.355	1711.81
411.578	1659.81
411.802	1653.81
412.025	1665.81
412.249	1729.81
412.472	1812.81
412.695	1896.81
412.919	1869.81
413.142	1745.81
413.365	1684.81
413.589	1652.81
413.812	1565.81
414.035	1603.81
414.258	1583.81
414.482	1537.81
414.705	1506.81
414.928	1508.81
415.151	1536.81
415.374	1538.81
415.597	1493.81
415.821	1488.81
416.044	1527.81
416.267	1509.81
416.49	1512.81
416.713	1473.81
416.936	1497.81
417.159	1495.81
417.382	1528.81
417.605	1573.81
417.828	1594.81
418.051	1583.81
418.274	1542.81
418.497	1535.81
418.72	1536.81
418.943	1543.81
419.166	1669.81
419.389	1692.81
419.611	1705.81
419.834	1714.81
420.057	1692.81
420.28	1731.81
420.503	1689.81
420.726	1727.81
420.948	1680.81
421.171	1711.81
421.394	1706.81
421.617	1618.81
421.839	1615.81
422.062	1579.81
422.285	1607.81
422.507	1693.81
422.73	1761.81
422.953	1747.81
423.175	1628.81
423.398	1638.81
423.621	1630.81
423.843	1673.81
424.066	1673.81
424.288	1659.81
424.511	1715.81
424.733	1762.81
424.956	1854.81
425.178	1813.81
425.401	1786.81
425.623	1791.81
425.846	1668.81
426.068	1612.81
426.291	1547.81
426.513	1583.81
426.735	1599.81
426.958	1636.81
427.18	1738.81
427.402	1913.81
427.625	2140.81
427.847	2037.81
428.069	1889.81
428.292	1691.81
428.514	1586.81
428.736	1492.81
428.958	1528.81
429.181	1444.81
429.403	1424.81
429.625	1417.81
429.847	1507.81
430.069	1547.81
430.292	1562.81
430.514	1415.81
430.736	1439.81
430.958	1375.81
431.18	1407.81
431.402	1397.81
431.624	1383.81
431.846	1421.81
432.068	1386.81
432.29	1414.81
432.512	1363.81
432.734	1403.81
432.956	1385.81
433.178	1406.81
433.4	1412.81
433.622	1411.81
433.844	1393.81
434.066	1394.81
434.287	1392.81
434.509	1453.81
434.731	1484.81
434.953	1480.81
435.175	1559.81
435.397	1548.81
435.618	1516.81
435.84	1572.81
436.062	1701.81
436.284	1752.81
436.505	1588.81
436.727	1533.81
436.949	1456.81
437.17	1443.81
437.392	1393.81
437.614	1432.81
437.835	1477.81
438.057	1684.81
438.278	1737.81
438.5	1755.81
438.721	1896.81
438.943	1823.81
439.165	1563.81
439.386	1514.81
439.608	1534.81
439.829	1538.81
440.05	1565.81
440.272	1644.81
440.493	1547.81
440.715	1516.81
440.936	1472.81
441.158	1461.81
441.379	1515.81
441.6	1578.81
441.822	1637.81
442.043	1639.81
442.264	1764.81
442.486	1737.81
442.707	1629.81
442.928	1580.81
443.149	1649.81
443.371	1640.81
443.592	1698.81
443.813	1833.81
444.034	1913.81
444.255	1695.81
444.476	1681.81
444.698	1697.81
444.919	1800.81
445.14	1803.81
445.361	1701.81
445.582	1669.81
445.803	1759.81
446.024	1833.81
446.245	1814.81
446.466	1698.81
446.687	1549.81
446.908	1511.81
447.129	1446.81
447.35	1404.81
447.571	1416.81
447.792	1366.81
448.013	1376.81
448.234	1401.81
448.455	1481.81
448.675	1654.81
448.896	1789.81
449.117	1544.81
449.338	1508.81
449.559	1705.81
449.779	1821.81
450	1586.81
450.221	1413.81
450.442	1347.81
450.662	1350.81
450.883	1376.81
451.104	1421.81
451.324	1378.81
451.545	1340.81
451.766	1312.81
451.986	1259.81
452.207	1271.81
452.428	1282.81
452.648	1258.81
452.869	1239.81
453.089	1270.81
453.31	1312.81
453.53	1282.81
453.751	1231.81
453.971	1249.81
454.192	1309.81
454.412	1224.81
454.633	1235.81
454.853	1183.81
455.073	1215.81
455.294	1231.81
455.514	1332.81
455.734	1269.81
455.955	1186.81
456.175	1181.81
456.395	1136.81
456.616	1135.81
456.836	1144.81
457.056	1141.81
457.276	1103.81
457.497	1137.81
457.717	1157.81
457.937	1173.81
458.157	1217.81
458.377	1207.81
458.598	1251.81
458.818	1418.81
459.038	1572.81
459.258	1521.81
459.478	1436.81
459.698	1377.81
459.918	1392.81
460.138	1405.81
460.358	1465.81
460.578	1484.81
460.798	1468.81
461.018	1514.81
461.238	1453.81
461.458	1485.81
461.678	1440.81
461.898	1451.81
462.118	1467.81
462.338	1572.81
462.558	1572.81
462.777	1639.81
462.997	1713.81
463.217	1836.81
463.437	1861.81
463.657	1710.81
463.876	1646.81
464.096	1622.81
464.316	1676.81
464.536	1710.81
464.755	1640.81
464.975	1599.81
465.195	1706.81
465.414	1844.81
465.634	1571.81
465.854	1432.81
466.073	1389.81
466.293	1334.81
466.512	1347.81
466.732	1295.81
466.951	1293.81
467.171	1268.81
467.391	1332.81
467.61	1360.81
467.829	1403.81
468.049	1559.81
468.268	1876.81
468.488	1529.81
468.707	1348.81
468.927	1327.81
469.146	1293.81
469.365	1325.81
469.585	1299.81
469.804	1315.81
470.023	1378.81
470.243	1357.81
470.462	1381.81
470.681	1458.81
470.901	1424.81
471.12	1335.81
471.339	1352.81
471.558	1344.81
471.777	1394.81
471.997	1440.81
472.216	1811.81
472.435	2997.81
472.654	2265.81
472.873	1651.81
473.092	1498.81
473.311	1433.81
473.53	1375.81
473.749	1381.81
473.968	1404.81
474.187	1513.81
474.406	1504.81
474.625	1382.81
474.844	1340.81
475.063	1339.81
475.282	1297.81
475.501	1292.81
475.72	1274.81
475.939	1305.81
476.158	1354.81
476.377	1328.81
476.596	1289.81
476.814	1383.81
477.033	1337.81
477.252	1391.81
477.471	1380.81
477.69	1391.81
477.908	1447.81
478.127	1468.81
478.346	1466.81
478.564	1498.81
478.783	1531.81
479.002	1552.81
479.22	1543.81
479.439	1588.81
479.658	1654.81
479.876	1623.81
480.095	1655.81
480.313	1722.81
480.532	1775.81
480.751	1880.81
480.969	2144.81
481.188	3900.81
481.406	4713.81
481.624	2679.81
481.843	2076.81
482.061	1851.81
482.28	1748.81
482.498	1691.81
482.717	1614.81
482.935	1627.81
483.153	1580.81
483.372	1602.81
483.59	1583.81
483.808	1589.81
484.027	1561.81
484.245	1573.81
484.463	1566.81
484.681	1602.81
484.9	1613.81
485.118	1565.81
485.336	1582.81
485.554	1580.81
485.772	1591.81
485.99	1568.81
486.209	1571.81
486.427	1600.81
486.645	1611.81
486.863	1651.81
487.081	1683.81
487.299	1627.81
487.517	1596.81
487.735	1607.81
487.953	1642.81
488.171	1657.81
488.389	1636.81
488.607	1628.81
488.825	1626.81
489.043	1642.81
489.261	1660.81
489.479	1673.81
489.696	1648.81
489.914	1696.81
490.132	1722.81
490.35	1734.81
490.568	1762.81
490.786	1755.81
491.003	1795.81
491.221	1836.81
491.439	1887.81
491.657	1921.81
491.874	1920.81
492.092	1980.81
492.31	2001.81
492.527	2059.81
492.745	2041.81
492.963	2039.81
493.18	2027.81
493.398	1995.81
493.615	2042.81
493.833	1997.81
494.05	1972.81
494.268	1972.81
494.485	1968.81
494.703	1952.81
494.92	1932.81
495.138	1962.81
495.355	1886.81
495.573	1906.81
495.79	1888.81
496.008	1890.81
496.225	1876.81
496.442	1883.81
496.66	1885.81
496.877	1887.81
497.094	1899.81
497.312	1937.81
497.529	1942.81
497.746	1935.81
497.963	2005.81
498.181	2051.81
498.398	2080.81
498.615	2208.81
498.832	2285.81
499.049	2420.81
499.267	2551.81
499.484	2670.81
499.701	2871.81
499.918	3099.81
500.135	3412.81
500.352	3739.81
500.569	4012.81
500.786	3954.81
501.003	3765.81
501.22	3380.81
501.437	3087.81
501.654	2839.81
501.871	2673.81
502.088	2537.81
502.305	2373.81
502.522	2245.81
502.739	2195.81
502.956	2103.81
503.172	1992.81
503.389	1919.81
503.606	1975.81
503.823	1912.81
504.04	1884.81
504.256	1891.81
504.473	1926.81
504.69	1909.81
504.907	1867.81
505.123	1817.81
505.34	1770.81
505.557	1697.81
505.773	1655.81
505.99	1647.81
506.207	1644.81
506.423	1613.81
506.64	1583.81
506.856	1576.81
507.073	1595.81
507.289	1591.81
507.506	1562.81
507.722	1565.81
507.939	1623.81
508.155	1561.81
508.372	1506.81
508.588	1523.81
508.805	1494.81
509.021	1488.81
509.238	1477.81
509.454	1493.81
509.67	1493.81
509.887	1504.81
510.103	1547.81
510.319	1547.81
510.536	1863.81
510.752	3609.81
510.968	2543.81
511.184	1597.81
511.401	1499.81
511.617	1489.81
511.833	1566.81
512.049	1556.81
512.265	1552.81
512.481	1526.81
512.698	1503.81
512.914	1498.81
513.13	1423.81
513.346	1444.81
513.562	1472.81
513.778	1487.81
513.994	1499.81
514.21	1541.81
514.426	1565.81
514.642	1688.81
514.858	1727.81
515.074	1833.81
515.29	2307.81
515.506	3792.81
515.721	2770.81
515.937	1855.81
516.153	1670.81
516.369	1605.81
516.585	1647.81
516.801	1619.81
517.016	1656.81
517.232	1714.81
517.448	1791.81
517.664	1744.81
517.879	1784.81
518.095	1783.81
518.311	1720.81
518.527	1689.81
518.742	1624.81
518.958	1581.81
519.173	1547.81
519.389	1556.81
519.605	1527.81
519.82	1483.81
520.036	1544.81
520.251	1541.81
520.467	1610.81
520.682	1580.81
520.898	1609.81
521.113	1650.81
521.329	1799.81
521.544	1995.81
521.76	2610.81
521.975	5042.81
522.19	4553.81
522.406	2192.81
522.621	1670.81
522.836	1520.81
523.052	1439.81
523.267	1390.81
523.482	1367.81
523.698	1341.81
523.913	1356.81
524.128	1325.81
524.343	1335.81
524.559	1258.81
524.774	1263.81
524.989	1263.81
525.204	1298.81
525.419	1274.81
525.634	1265.81
525.849	1233.81
526.064	1194.81
526.28	1227.81
526.495	1218.81
526.71	1205.81
526.925	1208.81
527.14	1175.81
527.355	1171.81
527.57	1163.81
527.785	1172.81
527.999	1156.81
528.214	1181.81
528.429	1231.81
528.644	1199.81
528.859	1204.81
529.074	1217.81
529.289	1260.81
529.503	1472.81
529.718	1399.81
529.933	1296.81
530.148	1199.81
530.363	1174.81
530.577	1188.81
530.792	1161.81
531.007	1170.81
531.221	1181.81
531.436	1173.81
531.651	1173.81
531.865	1163.81
532.08	1143.81
532.295	1157.81
532.509	1141.81
532.724	1153.81
532.938	1147.81
533.153	1156.81
533.367	1158.81
533.582	1147.81
533.796	1158.81
534.011	1149.81
534.225	1145.81
534.44	1133.81
534.654	1109.81
534.868	1122.81
535.083	1135.81
535.297	1129.81
535.511	1136.81
535.726	1102.81
535.94	1124.81
536.154	1104.81
536.369	1100.81
536.583	1051.81
536.797	1079.81
537.011	1071.81
537.225	1085.81
537.44	1037.81
537.654	1086.81
537.868	1073.81
538.082	1050.81
538.296	1079.81
538.51	1054.81
538.724	1059.81
538.938	1044.81
539.153	1057.81
539.367	1084.81
539.581	1053.81
539.795	1056.81
540.009	1031.81
540.222	1026.81
540.436	1018.81
540.65	1049.81
540.864	1066.81
541.078	1065.81
541.292	1084.81
541.506	1066.81
541.72	1077.81
541.934	1090.81
542.147	1085.81
542.361	1085.81
542.575	1054.81
542.789	1063.81
543.002	1045.81
543.216	1027.81
543.43	1063.81
543.644	1057.81
543.857	1049.81
544.071	1048.81
544.285	1060.81
544.498	1055.81
544.712	1067.81
544.925	1048.81
545.139	1067.81
545.352	1060.81
545.566	1049.81
545.779	1051.81
545.993	1069.81
546.206	1075.81
546.42	1074.81
546.633	1055.81
546.847	1059.81
547.06	1048.81
547.274	1049.81
547.487	1050.81
547.7	1050.81
547.914	1093.81
548.127	1108.81
548.34	1077.81
548.554	1045.81
548.767	1044.81
548.98	1044.81
549.193	1050.81
549.407	1054.81
549.62	1052.81
549.833	1064.81
550.046	1063.81
550.259	1052.81
550.473	1034.81
550.686	1063.81
550.899	1007.81
551.112	1017.81
551.325	991.81
551.538	1022.81
551.751	1005.81
551.964	986.81
552.177	1009.81
552.39	1051.81
552.603	1052.81
552.816	1075.81
553.029	1095.81
553.242	1123.81
553.455	1155.81
553.667	1129.81
553.88	1139.81
554.093	1107.81
554.306	1092.81
554.519	1045.81
554.732	1042.81
554.944	1035.81
555.157	1007.81
555.37	979.81
555.583	975.81
555.795	979.81
556.008	963.81
556.221	963.81
556.433	940.81
556.646	924.81
556.859	927.81
557.071	930.81
557.284	925.81
557.496	900.81
557.709	898.81
557.921	876.81
558.134	884.81
558.346	876.81
558.559	885.81
558.771	871.81
558.984	884.81
559.196	860.81
559.409	864.81
559.621	846.81
559.833	866.81
560.046	852.81
560.258	842.81
560.47	849.81
560.683	871.81
560.895	877.81
561.107	867.81
561.32	831.81
561.532	837.81
561.744	849.81
561.956	841.81
562.168	851.81
562.381	875.81
562.593	846.81
562.805	858.81
563.017	869.81
563.229	845.81
563.441	868.81
563.653	840.81
563.865	853.81
564.077	858.81
564.289	848.81
564.501	879.81
564.713	873.81
564.925	890.81
565.137	903.81
565.349	933.81
565.561	946.81
565.773	970.81
565.985	985.81
566.197	1030.81
566.408	1095.81
566.62	1156.81
566.832	1215.81
567.044	1276.81
567.255	1239.81
567.467	1234.81
567.679	1320.81
567.891	1368.81
568.102	1429.81
568.314	1292.81
568.526	1243.81
568.737	1119.81
568.949	1029.81
569.161	1007.81
569.372	949.81
569.584	879.81
569.795	867.81
570.007	887.81
570.218	983.81
570.43	904.81
570.641	853.81
570.853	828.81
571.064	838.81
571.276	798.81
571.487	803.81
571.698	781.81
571.91	786.81
572.121	740.81
572.333	745.81
572.544	734.81
572.755	722.81
572.966	706.81
573.178	690.81
573.389	691.81
573.6	688.81
573.811	696.81
574.023	697.81
574.234	673.81
574.445	664.81
574.656	672.81
574.867	669.81
575.078	672.81
575.289	690.81
575.501	659.81
575.712	675.81
575.923	663.81
576.134	632.81
576.345	636.81
576.556	664.81
576.767	646.81
576.978	643.81
577.188	635.81
577.399	628.81
577.61	627.81
577.821	611.81
578.032	624.81
578.243	736.81
578.454	1327.81
578.665	864.81
578.875	649.81
579.086	617.81
579.297	590.81
579.508	617.81
579.718	621.81
579.929	591.81
580.14	561.81
580.35	601.81
580.561	591.81
580.772	594.81
580.982	570.81
581.193	578.81
581.403	597.81
581.614	576.81
581.825	578.81
582.035	571.81
582.246	563.81
582.456	592.81
582.667	587.81
582.877	560.81
583.087	581.81
583.298	563.81
583.508	548.81
583.719	572.81
583.929	529.81
584.139	559.81
584.35	573.81
584.56	557.81
584.77	552.81
584.981	518.81
585.191	555.81
585.401	571.81
585.611	548.81
585.821	554.81
586.032	546.81
586.242	555.81
586.452	561.81
586.662	537.81
586.872	547.81
587.082	536.81
587.292	544.81
587.502	534.81
587.713	528.81
587.923	532.81
588.133	539.81
588.343	539.81
588.553	543.81
588.762	548.81
588.972	544.81
589.182	537.81
589.392	571.81
589.602	560.81
589.812	550.81
590.022	558.81
590.232	546.81
590.441	559.81
590.651	537.81
590.861	514.81
591.071	565.81
591.281	555.81
591.49	539.81
591.7	564.81
591.91	578.81
592.119	579.81
592.329	581.81
592.539	588.81
592.748	601.81
592.958	616.81
593.167	600.81
593.377	647.81
593.587	620.81
593.796	609.81
594.006	637.81
594.215	651.81
594.424	632.81
594.634	641.81
594.843	606.81
595.053	593.81
595.262	575.81
595.472	545.81
595.681	585.81
595.89	563.81
596.1	540.81
596.309	532.81
596.518	513.81
596.727	531.81
596.937	509.81
597.146	504.81
597.355	482.81
597.564	507.81
597.774	477.81
597.983	490.81
598.192	462.81
598.401	464.81
598.61	446.81
598.819	476.81
599.028	463.81
599.237	458.81
599.446	460.81
599.655	487.81
599.864	492.81
600.073	483.81
600.282	457.81
600.491	448.81
600.7	437.81
600.909	441.81
601.118	444.81
601.327	461.81
601.536	444.81
601.745	465.81
601.953	440.81
602.162	470.81
602.371	448.81
602.58	466.81
602.789	444.81
602.997	467.81
603.206	445.81
603.415	442.81
603.623	453.81
603.832	442.81
604.041	446.81
604.249	442.81
604.458	416.81
604.666	425.81
604.875	440.81
605.084	449.81
605.292	444.81
605.501	443.81
605.709	437.81
605.918	443.81
606.126	437.81
606.334	447.81
606.543	451.81
606.751	453.81
606.96	437.81
607.168	452.81
607.376	439.81
607.585	421.81
607.793	448.81
608.001	438.81
608.21	443.81
608.418	438.81
608.626	427.81
608.834	423.81
609.043	428.81
609.251	447.81
609.459	434.81
609.667	435.81
609.875	443.81
610.083	439.81
610.291	436.81
610.499	427.81
610.707	427.81
610.916	440.81
611.124	439.81
611.332	437.81
611.54	423.81
611.748	423.81
611.955	434.81
612.163	432.81
612.371	427.81
612.579	410.81
612.787	436.81
612.995	415.81
613.203	423.81
613.411	425.81
613.618	407.81
613.826	409.81
614.034	400.81
614.242	393.81
614.449	398.81
614.657	401.81
614.865	379.81
615.072	412.81
615.28	407.81
615.488	404.81
615.695	404.81
615.903	407.81
616.111	421.81
616.318	410.81
616.526	407.81
616.733	431.81
616.941	395.81
617.148	406.81
617.356	418.81
617.563	418.81
617.771	397.81
617.978	418.81
618.185	413.81
618.393	402.81
618.6	402.81
618.807	424.81
619.015	389.81
619.222	398.81
619.429	404.81
619.637	387.81
619.844	379.81
620.051	380.81
620.258	380.81
620.466	372.81
620.673	369.81
620.88	342.81
621.087	352.81
621.294	371.81
621.501	379.81
621.708	382.81
621.915	370.81
622.122	375.81
622.329	375.81
622.536	382.81
622.743	373.81
622.95	366.81
623.157	368.81
623.364	368.81
623.571	362.81
623.778	363.81
623.985	370.81
624.192	370.81
624.399	365.81
624.606	388.81
624.812	369.81
625.019	366.81
625.226	339.81
625.433	347.81
625.639	340.81
625.846	323.81
626.053	321.81
626.259	327.81
626.466	311.81
626.673	345.81
626.879	323.81
627.086	334.81
627.293	343.81
627.499	338.81
627.706	328.81
627.912	364.81
628.119	336.81
628.325	331.81
628.532	326.81
628.738	329.81
628.945	328.81
629.151	331.81
629.357	309.81
629.564	316.81
629.77	308.81
629.976	318.81
630.183	315.81
630.389	307.81
630.595	320.81
630.802	303.81
631.008	310.81
631.214	310.81
631.42	300.81
631.627	298.81
631.833	298.81
632.039	311.81
632.245	317.81
632.451	299.81
632.657	290.81
632.863	280.81
633.069	295.81
633.275	325.81
633.481	302.81
633.688	289.81
633.893	300.81
634.099	315.81
634.305	288.81
634.511	287.81
634.717	303.81
634.923	280.81
635.129	286.81
635.335	289.81
635.541	298.81
635.747	303.81
635.952	316.81
636.158	317.81
636.364	384.81
636.57	467.81
636.775	403.81
636.981	352.81
637.187	323.81
637.392	313.81
637.598	318.81
637.804	307.81
638.009	285.81
638.215	284.81
638.421	291.81
638.626	283.81
638.832	287.81
639.037	289.81
639.243	288.81
639.448	279.81
639.654	270.81
639.859	289.81
640.065	273.81
640.27	274.81
640.475	262.81
640.681	247.81
640.886	286.81
641.091	268.81
641.297	276.81
641.502	252.81
641.707	276.81
641.913	276.81
642.118	254.81
642.323	257.81
642.528	269.81
642.733	264.81
642.939	267.81
643.144	263.81
643.349	262.81
643.554	252.81
643.759	244.81
643.964	258.81
644.169	255.81
644.374	269.81
644.579	263.81
644.784	252.81
644.989	259.81
645.194	251.81
645.399	251.81
645.604	264.81
645.809	258.81
646.014	246.81
646.219	248.81
646.423	258.81
646.628	249.81
646.833	266.81
647.038	251.81
647.243	249.81
647.447	260.81
647.652	278.81
647.857	268.81
648.062	255.81
648.266	258.81
648.471	267.81
648.676	273.81
648.88	267.81
649.085	266.81
649.289	273.81
649.494	269.81
649.698	295.81
649.903	283.81
650.107	252.81
650.312	247.81
650.516	213.81
650.721	246.81
650.925	245.81
651.13	209.81
651.334	227.81
651.539	211.81
651.743	221.81
651.947	225.81
652.152	213.81
652.356	227.81
652.56	192.81
652.764	212.81
652.969	207.81
653.173	204.81
653.377	203.81
653.581	201.81
653.785	196.81
653.99	204.81
654.194	194.81
654.398	179.81
654.602	194.81
654.806	179.81
655.01	218.81
655.214	193.81
655.418	187.81
655.622	175.81
655.826	163.81
656.03	182.81
656.234	196.81
656.438	195.81
656.642	188.81
656.846	174.81
657.049	191.81
657.253	162.81
657.457	155.81
657.661	165.81
657.865	153.81
658.068	153.81
658.272	123.81
658.476	134.81
658.68	119.81
658.883	132.81
659.087	125.81
659.291	116.81
659.494	121.81
659.698	112.81
659.901	113.81
660.105	114.81
660.309	119.81
660.512	98.81
660.716	105.81
660.919	113.81
661.123	96.81
661.326	90.81
661.53	97.81
661.733	95.81
661.936	92.81
662.14	85.81
662.343	92.81
662.546	83.81
662.75	96.81
662.953	81.81
663.156	79.81
663.36	92.81
663.563	90.81
663.766	83.81
663.969	85.81
664.173	88.81
664.376	70.81
664.579	89.81
664.782	93.81
664.985	72.81
665.188	93.81
665.391	84.81
665.594	81.81
665.797	82.81
666	87.81
666.203	96.81
666.406	87.81
666.609	82.81
666.812	83.81
667.015	80.81
667.218	73.81
667.421	62.81
667.624	85.81
667.827	78.81
668.03	76.81
668.232	82.81
668.435	78.81
668.638	86.81
668.841	79.81
669.043	87.81
669.246	90.81
669.449	72.81
669.651	92.81
669.854	72.81
670.057	78.81
670.259	79.81
670.462	79.81
670.665	77.81
670.867	79.81
671.07	93.81
671.272	81.81
671.475	86.81
671.677	73.81
671.88	87.81
672.082	88.81
672.284	88.81
672.487	95.81
672.689	76.81
672.892	85.81
