223.165	-15.44
223.4	-15.44
223.635	-15.44
223.869	-24.44
224.104	-9.44
224.338	-17.44
224.573	-16.44
224.808	-9.44
225.042	-0.44
225.277	-6.44
225.511	-16.44
225.746	-8.44
225.98	9.56
226.215	7.56
226.449	5.56
226.683	40.56
226.918	27.56
227.152	33.56
227.387	34.56
227.621	25.56
227.856	35.56
228.09	47.56
228.324	40.56
228.559	54.56
228.793	70.56
229.027	138.56
229.262	141.56
229.496	152.56
229.73	173.56
229.964	204.56
230.199	182.56
230.433	149.56
230.667	148.56
230.901	159.56
231.136	147.56
231.37	147.56
231.604	148.56
231.838	168.56
232.072	152.56
232.306	157.56
232.541	164.56
232.775	149.56
233.009	159.56
233.243	149.56
233.477	161.56
233.711	146.56
233.945	147.56
234.179	151.56
234.413	148.56
234.647	159.56
234.881	151.56
235.115	155.56
235.349	155.56
235.583	162.56
235.817	161.56
236.051	177.56
236.285	170.56
236.519	172.56
236.753	189.56
236.987	213.56
237.221	274.56
237.455	303.56
237.689	245.56
237.922	199.56
238.156	197.56
238.39	191.56
238.624	173.56
238.858	163.56
239.091	176.56
239.325	184.56
239.559	195.56
239.793	184.56
240.027	193.56
240.26	205.56
240.494	216.56
240.728	203.56
240.961	209.56
241.195	208.56
241.429	195.56
241.662	190.56
241.896	189.56
242.13	195.56
242.363	208.56
242.597	193.56
242.83	198.56
243.064	212.56
243.298	205.56
243.531	201.56
243.765	213.56
243.998	212.56
244.232	223.56
244.465	199.56
244.699	224.56
244.932	252.56
245.166	231.56
245.399	215.56
245.633	220.56
245.866	234.56
246.099	258.56
246.333	227.56
246.566	242.56
246.8	239.56
247.033	245.56
247.266	233.56
247.5	252.56
247.733	256.56
247.966	244.56
248.2	256.56
248.433	244.56
248.666	276.56
248.899	297.56
249.133	285.56
249.366	307.56
249.599	321.56
249.832	300.56
250.066	319.56
250.299	348.56
250.532	418.56
250.765	443.56
250.998	424.56
251.231	380.56
251.465	368.56
251.698	355.56
251.931	337.56
252.164	334.56
252.397	319.56
252.63	321.56
252.863	331.56
253.096	361.56
253.329	341.56
253.562	340.56
253.795	332.56
254.028	324.56
254.261	339.56
254.494	356.56
254.727	377.56
254.96	400.56
255.193	415.56
255.426	402.56
255.659	431.56
255.892	499.56
256.124	641.56
256.357	709.56
256.59	588.56
256.823	476.56
257.056	432.56
257.289	423.56
257.521	381.56
257.754	368.56
257.987	388.56
258.22	378.56
258.452	386.56
258.685	370.56
258.918	379.56
259.151	366.56
259.383	377.56
259.616	360.56
259.849	366.56
260.081	371.56
260.314	383.56
260.547	401.56
260.779	384.56
261.012	363.56
261.244	361.56
261.477	365.56
261.71	383.56
261.942	386.56
262.175	377.56
262.407	402.56
262.64	354.56
262.872	363.56
263.105	356.56
263.337	363.56
263.57	356.56
263.802	363.56
264.035	354.56
264.267	374.56
264.499	364.56
264.732	361.56
264.964	367.56
265.197	362.56
265.429	371.56
265.661	363.56
265.894	365.56
266.126	372.56
266.358	364.56
266.591	368.56
266.823	381.56
267.055	395.56
267.287	377.56
267.52	385.56
267.752	374.56
267.984	381.56
268.216	397.56
268.448	411.56
268.681	373.56
268.913	384.56
269.145	428.56
269.377	461.56
269.609	430.56
269.841	423.56
270.073	431.56
270.306	444.56
270.538	476.56
270.77	464.56
271.002	474.56
271.234	452.56
271.466	467.56
271.698	482.56
271.93	482.56
272.162	507.56
272.394	505.56
272.626	488.56
272.858	445.56
273.09	476.56
273.322	460.56
273.553	429.56
273.785	456.56
274.017	449.56
274.249	450.56
274.481	462.56
274.713	446.56
274.945	448.56
275.176	476.56
275.408	466.56
275.64	490.56
275.872	491.56
276.104	479.56
276.335	497.56
276.567	485.56
276.799	554.56
277.031	577.56
277.262	583.56
277.494	594.56
277.726	537.56
277.957	500.56
278.189	513.56
278.421	514.56
278.652	497.56
278.884	488.56
279.115	497.56
279.347	542.56
279.579	517.56
279.81	494.56
280.042	530.56
280.273	564.56
280.505	587.56
280.736	541.56
280.968	524.56
281.199	514.56
281.431	507.56
281.662	512.56
281.894	527.56
282.125	525.56
282.356	565.56
282.588	577.56
282.819	568.56
283.051	507.56
283.282	499.56
283.513	509.56
283.745	523.56
283.976	520.56
284.207	516.56
284.439	523.56
284.67	505.56
284.901	524.56
285.132	518.56
285.364	495.56
285.595	532.56
285.826	531.56
286.057	536.56
286.288	535.56
286.52	535.56
286.751	542.56
286.982	528.56
287.213	532.56
287.444	531.56
287.675	555.56
287.906	545.56
288.138	555.56
288.369	578.56
288.6	571.56
288.831	553.56
289.062	546.56
289.293	537.56
289.524	553.56
289.755	547.56
289.986	553.56
290.217	538.56
290.448	555.56
290.679	555.56
290.91	576.56
291.141	530.56
291.371	531.56
291.602	549.56
291.833	551.56
292.064	543.56
292.295	544.56
292.526	574.56
292.757	550.56
292.987	560.56
293.218	531.56
293.449	565.56
293.68	555.56
293.91	570.56
294.141	572.56
294.372	550.56
294.603	566.56
294.833	569.56
295.064	564.56
295.295	564.56
295.525	541.56
295.756	577.56
295.987	591.56
296.217	612.56
296.448	640.56
296.679	575.56
296.909	587.56
297.14	582.56
297.37	587.56
297.601	586.56
297.831	572.56
298.062	578.56
298.292	594.56
298.523	608.56
298.753	599.56
298.984	600.56
299.214	585.56
299.445	610.56
299.675	606.56
299.905	604.56
300.136	621.56
300.366	624.56
300.597	619.56
300.827	621.56
301.057	647.56
301.288	651.56
301.518	629.56
301.748	628.56
301.979	646.56
302.209	659.56
302.439	668.56
302.669	644.56
302.9	649.56
303.13	659.56
303.36	668.56
303.59	668.56
303.82	666.56
304.051	683.56
304.281	655.56
304.511	655.56
304.741	642.56
304.971	660.56
305.201	651.56
305.431	640.56
305.661	658.56
305.891	653.56
306.121	654.56
306.352	668.56
306.582	698.56
306.812	675.56
307.042	675.56
307.272	696.56
307.502	707.56
307.731	730.56
307.961	694.56
308.191	671.56
308.421	675.56
308.651	674.56
308.881	677.56
309.111	665.56
309.341	697.56
309.571	713.56
309.8	702.56
310.03	716.56
310.26	763.56
310.49	713.56
310.72	759.56
310.949	767.56
311.179	794.56
311.409	765.56
311.639	748.56
311.868	735.56
312.098	745.56
312.328	769.56
312.557	804.56
312.787	795.56
313.017	814.56
313.246	785.56
313.476	773.56
313.706	768.56
313.935	793.56
314.165	795.56
314.394	804.56
314.624	788.56
314.853	791.56
315.083	781.56
315.312	757.56
315.542	761.56
315.771	778.56
316.001	774.56
316.23	767.56
316.46	757.56
316.689	787.56
316.919	801.56
317.148	783.56
317.377	767.56
317.607	802.56
317.836	781.56
318.065	772.56
318.295	791.56
318.524	791.56
318.753	775.56
318.983	791.56
319.212	768.56
319.441	786.56
319.67	795.56
319.9	798.56
320.129	772.56
320.358	815.56
320.587	828.56
320.816	796.56
321.046	827.56
321.275	852.56
321.504	832.56
321.733	833.56
321.962	878.56
322.191	881.56
322.42	896.56
322.649	950.56
322.878	919.56
323.108	975.56
323.337	999.56
323.566	1071.56
323.795	1104.56
324.024	1189.56
324.253	1452.56
324.482	2042.56
324.71	3122.56
324.939	4309.56
325.168	3506.56
325.397	1922.56
325.626	1431.56
325.855	1238.56
326.084	1202.56
326.313	1171.56
326.542	1176.56
326.77	1295.56
326.999	1451.56
327.228	2009.56
327.457	2960.56
327.686	3422.56
327.914	2356.56
328.143	1944.56
328.372	1902.56
328.6	1745.56
328.829	1475.56
329.058	1438.56
329.287	1443.56
329.515	1463.56
329.744	1464.56
329.972	1790.56
330.201	2297.56
330.43	2816.56
330.658	2373.56
330.887	1773.56
331.115	1567.56
331.344	1345.56
331.572	1287.56
331.801	1267.56
332.03	1240.56
332.258	1253.56
332.486	1251.56
332.715	1271.56
332.943	1313.56
333.172	1343.56
333.4	1417.56
333.629	1537.56
333.857	1695.56
334.085	1991.56
334.314	2527.56
334.542	3329.56
334.771	3610.56
334.999	2349.56
335.227	1670.56
335.455	1436.56
335.684	1315.56
335.912	1243.56
336.14	1192.56
336.369	1209.56
336.597	1219.56
336.825	1131.56
337.053	1131.56
337.281	1103.56
337.51	1102.56
337.738	1117.56
337.966	1060.56
338.194	1048.56
338.422	1058.56
338.65	1025.56
338.878	1038.56
339.106	1025.56
339.334	1020.56
339.562	1015.56
339.79	986.56
340.018	972.56
340.246	981.56
340.474	981.56
340.702	955.56
340.93	969.56
341.158	965.56
341.386	968.56
341.614	967.56
341.842	980.56
342.07	936.56
342.298	975.56
342.526	972.56
342.754	953.56
342.981	937.56
343.209	950.56
343.437	968.56
343.665	1007.56
343.893	1059.56
344.12	1060.56
344.348	1028.56
344.576	1019.56
344.804	1019.56
345.031	1004.56
345.259	1048.56
345.487	1007.56
345.714	975.56
345.942	960.56
346.17	953.56
346.397	960.56
346.625	919.56
346.853	947.56
347.08	909.56
347.308	956.56
347.535	969.56
347.763	973.56
347.99	952.56
348.218	977.56
348.445	983.56
348.673	940.56
348.9	935.56
349.128	923.56
349.355	919.56
349.583	940.56
349.81	923.56
350.037	892.56
350.265	926.56
350.492	932.56
350.72	915.56
350.947	925.56
351.174	942.56
351.402	977.56
351.629	947.56
351.856	925.56
352.083	950.56
352.311	963.56
352.538	978.56
352.765	993.56
352.992	953.56
353.22	963.56
353.447	945.56
353.674	943.56
353.901	906.56
354.128	893.56
354.355	918.56
354.583	898.56
354.81	911.56
355.037	909.56
355.264	910.56
355.491	896.56
355.718	901.56
355.945	899.56
356.172	883.56
356.399	904.56
356.626	887.56
356.853	900.56
357.08	893.56
357.307	909.56
357.534	914.56
357.761	941.56
357.988	889.56
358.215	931.56
358.441	908.56
358.668	893.56
358.895	891.56
359.122	935.56
359.349	951.56
359.576	964.56
359.802	992.56
360.029	1064.56
360.256	1072.56
360.483	1021.56
360.709	959.56
360.936	958.56
361.163	947.56
361.39	1009.56
361.616	1000.56
361.843	971.56
362.07	970.56
362.296	981.56
362.523	962.56
362.749	983.56
362.976	984.56
363.203	931.56
363.429	942.56
363.656	951.56
363.882	957.56
364.109	926.56
364.335	938.56
364.562	945.56
364.788	933.56
365.015	937.56
365.241	946.56
365.468	957.56
365.694	985.56
365.92	968.56
366.147	931.56
366.373	968.56
366.599	948.56
366.826	946.56
367.052	920.56
367.278	930.56
367.505	929.56
367.731	939.56
367.957	937.56
368.184	977.56
368.41	963.56
368.636	983.56
368.862	981.56
369.089	991.56
369.315	958.56
369.541	959.56
369.767	988.56
369.993	976.56
370.219	992.56
370.445	982.56
370.672	987.56
370.898	988.56
371.124	997.56
371.35	1003.56
371.576	1000.56
371.802	983.56
372.028	966.56
372.254	971.56
372.48	1004.56
372.706	1002.56
372.932	1034.56
373.158	1044.56
373.384	1027.56
373.61	1006.56
373.835	1017.56
374.061	977.56
374.287	1036.56
374.513	1045.56
374.739	1050.56
374.965	1086.56
375.191	1075.56
375.416	1057.56
375.642	1036.56
375.868	1043.56
376.094	1023.56
376.319	1020.56
376.545	1029.56
376.771	1044.56
376.997	1028.56
377.222	982.56
377.448	985.56
377.674	1000.56
377.899	1019.56
378.125	984.56
378.35	983.56
378.576	986.56
378.802	1003.56
379.027	972.56
379.253	994.56
379.478	966.56
379.704	982.56
379.929	1017.56
380.155	1017.56
380.38	996.56
380.606	981.56
380.831	994.56
381.057	1004.56
381.282	982.56
381.507	1006.56
381.733	996.56
381.958	1001.56
382.184	1023.56
382.409	1042.56
382.634	1046.56
382.86	1024.56
383.085	1052.56
383.31	1063.56
383.535	1075.56
383.761	1099.56
383.986	1093.56
384.211	1127.56
384.436	1140.56
384.662	1131.56
384.887	1156.56
385.112	1125.56
385.337	1155.56
385.562	1154.56
385.787	1170.56
386.013	1200.56
386.238	1205.56
386.463	1209.56
386.688	1207.56
386.913	1176.56
387.138	1176.56
387.363	1169.56
387.588	1149.56
387.813	1194.56
388.038	1163.56
388.263	1163.56
388.488	1186.56
388.713	1175.56
388.938	1135.56
389.163	1151.56
389.387	1167.56
389.612	1133.56
389.837	1165.56
390.062	1137.56
390.287	1143.56
390.512	1141.56
390.736	1166.56
390.961	1182.56
391.186	1178.56
391.411	1214.56
391.636	1275.56
391.86	1248.56
392.085	1287.56
392.31	1288.56
392.534	1305.56
392.759	1282.56
392.984	1222.56
393.208	1244.56
393.433	1257.56
393.658	1256.56
393.882	1226.56
394.107	1214.56
394.331	1265.56
394.556	1265.56
394.78	1238.56
395.005	1255.56
395.229	1259.56
395.454	1287.56
395.678	1328.56
395.903	1352.56
396.127	1323.56
396.352	1324.56
396.576	1272.56
396.801	1253.56
397.025	1265.56
397.249	1264.56
397.474	1296.56
397.698	1320.56
397.922	1324.56
398.147	1368.56
398.371	1401.56
398.595	1387.56
398.82	1413.56
399.044	1505.56
399.268	1640.56
399.492	1837.56
399.717	2039.56
399.941	2039.56
400.165	1942.56
400.389	1819.56
400.613	1639.56
400.837	1576.56
401.062	1523.56
401.286	1512.56
401.51	1475.56
401.734	1478.56
401.958	1499.56
402.182	1536.56
402.406	1595.56
402.63	1597.56
402.854	1584.56
403.078	1583.56
403.302	1614.56
403.526	1644.56
403.75	1659.56
403.974	1667.56
404.198	1706.56
404.422	1726.56
404.645	1735.56
404.869	1769.56
405.093	1887.56
405.317	1962.56
405.541	1963.56
405.765	1865.56
405.988	1791.56
406.212	1760.56
406.436	1839.56
406.66	1841.56
406.883	1760.56
407.107	1840.56
407.331	1937.56
407.555	2030.56
407.778	2046.56
408.002	1930.56
408.226	1802.56
408.449	1757.56
408.673	1735.56
408.896	1767.56
409.12	1832.56
409.344	1742.56
409.567	1674.56
409.791	1679.56
410.014	1634.56
410.238	1651.56
410.461	1668.56
410.685	1643.56
410.908	1614.56
411.132	1672.56
411.355	1691.56
411.578	1657.56
411.802	1654.56
412.025	1651.56
412.249	1736.56
412.472	1871.56
412.695	1944.56
412.919	1929.56
413.142	1778.56
413.365	1739.56
413.589	1689.56
413.812	1635.56
414.035	1598.56
414.258	1568.56
414.482	1560.56
414.705	1572.56
414.928	1556.56
415.151	1524.56
415.374	1554.56
415.597	1525.56
415.821	1526.56
416.044	1500.56
416.267	1496.56
416.49	1469.56
416.713	1485.56
416.936	1530.56
417.159	1549.56
417.382	1552.56
417.605	1551.56
417.828	1597.56
418.051	1622.56
418.274	1576.56
418.497	1512.56
418.72	1551.56
418.943	1508.56
419.166	1647.56
419.389	1727.56
419.611	1746.56
419.834	1705.56
420.057	1708.56
420.28	1780.56
420.503	1801.56
420.726	1708.56
420.948	1719.56
421.171	1737.56
421.394	1719.56
421.617	1607.56
421.839	1579.56
422.062	1577.56
422.285	1598.56
422.507	1668.56
422.73	1800.56
422.953	1707.56
423.175	1638.56
423.398	1659.56
423.621	1595.56
423.843	1626.56
424.066	1628.56
424.288	1661.56
424.511	1689.56
424.733	1756.56
424.956	1879.56
425.178	1774.56
425.401	1787.56
425.623	1810.56
425.846	1651.56
426.068	1598.56
426.291	1564.56
426.513	1563.56
426.735	1549.56
426.958	1627.56
427.18	1732.56
427.402	1944.56
427.625	2097.56
427.847	1993.56
428.069	1873.56
428.292	1716.56
428.514	1566.56
428.736	1514.56
428.958	1498.56
429.181	1448.56
429.403	1438.56
429.625	1449.56
429.847	1467.56
430.069	1561.56
430.292	1538.56
430.514	1464.56
430.736	1438.56
430.958	1406.56
431.18	1373.56
431.402	1378.56
431.624	1358.56
431.846	1397.56
432.068	1358.56
432.29	1403.56
432.512	1387.56
432.734	1407.56
432.956	1366.56
433.178	1428.56
433.4	1427.56
433.622	1397.56
433.844	1410.56
434.066	1397.56
434.287	1411.56
434.509	1405.56
434.731	1439.56
434.953	1480.56
435.175	1511.56
435.397	1547.56
435.618	1499.56
435.84	1548.56
436.062	1689.56
436.284	1703.56
436.505	1559.56
436.727	1482.56
436.949	1456.56
437.17	1396.56
437.392	1414.56
437.614	1405.56
437.835	1477.56
438.057	1662.56
438.278	1744.56
438.5	1761.56
438.721	1892.56
438.943	1754.56
439.165	1530.56
439.386	1481.56
439.608	1503.56
439.829	1521.56
440.05	1567.56
440.272	1614.56
440.493	1554.56
440.715	1492.56
440.936	1442.56
441.158	1498.56
441.379	1499.56
441.6	1557.56
441.822	1606.56
442.043	1661.56
442.264	1739.56
442.486	1754.56
442.707	1632.56
442.928	1529.56
443.149	1588.56
443.371	1613.56
443.592	1668.56
443.813	1844.56
444.034	1895.56
444.255	1707.56
444.476	1682.56
444.698	1715.56
444.919	1732.56
445.14	1824.56
445.361	1703.56
445.582	1613.56
445.803	1760.56
446.024	1872.56
446.245	1806.56
446.466	1665.56
446.687	1554.56
446.908	1484.56
447.129	1461.56
447.35	1397.56
447.571	1388.56
447.792	1349.56
448.013	1368.56
448.234	1387.56
448.455	1463.56
448.675	1651.56
448.896	1783.56
449.117	1575.56
449.338	1505.56
449.559	1727.56
449.779	1821.56
450	1506.56
450.221	1389.56
450.442	1351.56
450.662	1355.56
450.883	1352.56
451.104	1395.56
451.324	1391.56
451.545	1322.56
451.766	1307.56
451.986	1280.56
452.207	1230.56
452.428	1257.56
452.648	1250.56
452.869	1271.56
453.089	1259.56
453.31	1280.56
453.53	1251.56
453.751	1223.56
453.971	1230.56
454.192	1306.56
454.412	1232.56
454.633	1193.56
454.853	1234.56
455.073	1203.56
455.294	1248.56
455.514	1340.56
455.734	1288.56
455.955	1178.56
456.175	1172.56
456.395	1153.56
456.616	1188.56
456.836	1166.56
457.056	1166.56
457.276	1112.56
457.497	1167.56
457.717	1123.56
457.937	1178.56
458.157	1185.56
458.377	1189.56
458.598	1211.56
458.818	1399.56
459.038	1516.56
459.258	1517.56
459.478	1402.56
459.698	1373.56
459.918	1383.56
460.138	1409.56
460.358	1455.56
460.578	1477.56
460.798	1436.56
461.018	1539.56
461.238	1468.56
461.458	1434.56
461.678	1468.56
461.898	1473.56
462.118	1476.56
462.338	1523.56
462.558	1577.56
462.777	1613.56
462.997	1715.56
463.217	1826.56
463.437	1845.56
463.657	1707.56
463.876	1656.56
464.096	1639.56
464.316	1654.56
464.536	1700.56
464.755	1652.56
464.975	1652.56
465.195	1664.56
465.414	1829.56
465.634	1562.56
465.854	1447.56
466.073	1407.56
466.293	1358.56
466.512	1325.56
466.732	1289.56
466.951	1329.56
467.171	1274.56
467.391	1325.56
467.61	1389.56
467.829	1383.56
468.049	1610.56
468.268	2032.56
468.488	1662.56
468.707	1413.56
468.927	1331.56
469.146	1309.56
469.365	1302.56
469.585	1319.56
469.804	1347.56
470.023	1424.56
470.243	1391.56
470.462	1397.56
470.681	1424.56
470.901	1418.56
471.12	1375.56
471.339	1402.56
471.558	1378.56
471.777	1428.56
471.997	1487.56
472.216	1914.56
472.435	3423.56
472.654	2672.56
472.873	1826.56
473.092	1579.56
473.311	1490.56
473.53	1434.56
473.749	1430.56
473.968	1426.56
474.187	1541.56
474.406	1543.56
474.625	1392.56
474.844	1344.56
475.063	1322.56
475.282	1269.56
475.501	1315.56
475.72	1322.56
475.939	1338.56
476.158	1325.56
476.377	1342.56
476.596	1335.56
476.814	1411.56
477.033	1389.56
477.252	1369.56
477.471	1415.56
477.69	1407.56
477.908	1495.56
478.127	1508.56
478.346	1480.56
478.564	1518.56
478.783	1538.56
479.002	1550.56
479.22	1588.56
479.439	1607.56
479.658	1599.56
479.876	1657.56
480.095	1689.56
480.313	1743.56
480.532	1823.56
480.751	1936.56
480.969	2303.56
481.188	4445.56
481.406	5521.56
481.624	2979.56
481.843	2300.56
482.061	2031.56
482.28	1895.56
482.498	1818.56
482.717	1770.56
482.935	1709.56
483.153	1666.56
483.372	1623.56
483.59	1643.56
483.808	1626.56
484.027	1607.56
484.245	1614.56
484.463	1613.56
484.681	1620.56
484.9	1628.56
485.118	1604.56
485.336	1570.56
485.554	1607.56
485.772	1598.56
485.99	1607.56
486.209	1637.56
486.427	1630.56
486.645	1621.56
486.863	1707.56
487.081	1646.56
487.299	1667.56
487.517	1667.56
487.735	1627.56
487.953	1665.56
488.171	1661.56
488.389	1670.56
488.607	1623.56
488.825	1647.56
489.043	1604.56
489.261	1632.56
489.479	1721.56
489.696	1706.56
489.914	1709.56
490.132	1742.56
490.35	1707.56
490.568	1721.56
490.786	1826.56
491.003	1867.56
491.221	1912.56
491.439	1967.56
491.657	1986.56
491.874	1997.56
492.092	2037.56
492.31	2124.56
492.527	2086.56
492.745	2118.56
492.963	2142.56
493.18	2081.56
493.398	2089.56
493.615	2088.56
493.833	2096.56
494.05	2063.56
494.268	2068.56
494.485	2015.56
494.703	1976.56
494.92	1992.56
495.138	1923.56
495.355	1929.56
495.573	1952.56
495.79	1936.56
496.008	1962.56
496.225	1958.56
496.442	1943.56
496.66	1947.56
496.877	1948.56
497.094	1949.56
497.312	1983.56
497.529	1981.56
497.746	1977.56
497.963	2000.56
498.181	2110.56
498.398	2120.56
498.615	2176.56
498.832	2303.56
499.049	2402.56
499.267	2529.56
499.484	2699.56
499.701	2880.56
499.918	3119.56
500.135	3421.56
500.352	3790.56
500.569	3871.56
500.786	3847.56
501.003	3695.56
501.22	3388.56
501.437	3071.56
501.654	2763.56
501.871	2673.56
502.088	2510.56
502.305	2340.56
502.522	2255.56
502.739	2203.56
502.956	2099.56
503.172	2003.56
503.389	2001.56
503.606	1932.56
503.823	1955.56
504.04	1895.56
504.256	1864.56
504.473	1901.56
504.69	1936.56
504.907	1869.56
505.123	1805.56
505.34	1717.56
505.557	1732.56
505.773	1648.56
505.99	1678.56
506.207	1615.56
506.423	1596.56
506.64	1615.56
506.856	1607.56
507.073	1559.56
507.289	1573.56
507.506	1584.56
507.722	1587.56
507.939	1624.56
508.155	1548.56
508.372	1495.56
508.588	1504.56
508.805	1491.56
509.021	1500.56
509.238	1490.56
509.454	1474.56
509.67	1464.56
509.887	1483.56
510.103	1517.56
510.319	1538.56
510.536	1871.56
510.752	3499.56
510.968	2460.56
511.184	1599.56
511.401	1551.56
511.617	1491.56
511.833	1567.56
512.049	1609.56
512.265	1570.56
512.481	1522.56
512.698	1498.56
512.914	1519.56
513.13	1481.56
513.346	1480.56
513.562	1506.56
513.778	1479.56
513.994	1489.56
514.21	1503.56
514.426	1577.56
514.642	1669.56
514.858	1732.56
515.074	1834.56
515.29	2161.56
515.506	3610.56
515.721	2689.56
515.937	1822.56
516.153	1663.56
516.369	1634.56
516.585	1670.56
516.801	1672.56
517.016	1655.56
517.232	1646.56
517.448	1720.56
517.664	1821.56
517.879	1740.56
518.095	1771.56
518.311	1712.56
518.527	1711.56
518.742	1642.56
518.958	1594.56
519.173	1607.56
519.389	1547.56
519.605	1500.56
519.82	1542.56
520.036	1562.56
520.251	1557.56
520.467	1573.56
520.682	1588.56
520.898	1583.56
521.113	1651.56
521.329	1757.56
521.544	1929.56
521.76	2532.56
521.975	4683.56
522.19	4313.56
522.406	2138.56
522.621	1664.56
522.836	1493.56
523.052	1461.56
523.267	1406.56
523.482	1347.56
523.698	1375.56
523.913	1337.56
524.128	1374.56
524.343	1321.56
524.559	1283.56
524.774	1242.56
524.989	1258.56
525.204	1291.56
525.419	1279.56
525.634	1268.56
525.849	1265.56
526.064	1266.56
526.28	1224.56
526.495	1197.56
526.71	1205.56
526.925	1209.56
527.14	1196.56
527.355	1215.56
527.57	1199.56
527.785	1187.56
527.999	1191.56
528.214	1162.56
528.429	1188.56
528.644	1197.56
528.859	1175.56
529.074	1210.56
529.289	1279.56
529.503	1476.56
529.718	1325.56
529.933	1259.56
530.148	1227.56
530.363	1178.56
530.577	1165.56
530.792	1159.56
531.007	1176.56
531.221	1145.56
531.436	1162.56
531.651	1191.56
531.865	1156.56
532.08	1172.56
532.295	1159.56
532.509	1163.56
532.724	1178.56
532.938	1168.56
533.153	1177.56
533.367	1153.56
533.582	1139.56
533.796	1122.56
534.011	1147.56
534.225	1131.56
534.44	1128.56
534.654	1103.56
534.868	1135.56
535.083	1132.56
535.297	1111.56
535.511	1143.56
535.726	1129.56
535.94	1143.56
536.154	1130.56
536.369	1100.56
536.583	1080.56
536.797	1109.56
537.011	1098.56
537.225	1075.56
537.44	1030.56
537.654	1072.56
537.868	1068.56
538.082	1056.56
538.296	1083.56
538.51	1064.56
538.724	1081.56
538.938	1056.56
539.153	1091.56
539.367	1136.56
539.581	1110.56
539.795	1056.56
540.009	1023.56
540.222	1041.56
540.436	1035.56
540.65	1034.56
540.864	1039.56
541.078	1067.56
541.292	1073.56
541.506	1060.56
541.72	1091.56
541.934	1076.56
542.147	1076.56
542.361	1077.56
542.575	1075.56
542.789	1059.56
543.002	1021.56
543.216	1061.56
543.43	1041.56
543.644	1058.56
543.857	1074.56
544.071	1041.56
544.285	1061.56
544.498	1040.56
544.712	1064.56
544.925	1063.56
545.139	1068.56
545.352	1068.56
545.566	1068.56
545.779	1051.56
545.993	1075.56
546.206	1051.56
546.42	1095.56
546.633	1038.56
546.847	1085.56
547.06	1080.56
547.274	1087.56
547.487	1081.56
547.7	1111.56
547.914	1074.56
548.127	1063.56
548.34	1079.56
548.554	1060.56
548.767	1066.56
548.98	1071.56
549.193	1056.56
549.407	1078.56
549.62	1063.56
549.833	1054.56
550.046	1081.56
550.259	1053.56
550.473	1040.56
550.686	1047.56
550.899	1029.56
551.112	1027.56
551.325	1031.56
551.538	1020.56
551.751	1010.56
551.964	1013.56
552.177	1029.56
552.39	1040.56
552.603	1065.56
552.816	1105.56
553.029	1096.56
553.242	1099.56
553.455	1132.56
553.667	1143.56
553.88	1136.56
554.093	1131.56
554.306	1090.56
554.519	1068.56
554.732	1086.56
554.944	1029.56
555.157	996.56
555.37	1015.56
555.583	992.56
555.795	970.56
556.008	945.56
556.221	960.56
556.433	953.56
556.646	946.56
556.859	905.56
557.071	927.56
557.284	897.56
557.496	909.56
557.709	927.56
557.921	910.56
558.134	902.56
558.346	888.56
558.559	890.56
558.771	888.56
558.984	874.56
559.196	874.56
559.409	899.56
559.621	861.56
559.833	880.56
560.046	882.56
560.258	877.56
560.47	892.56
560.683	865.56
560.895	871.56
561.107	859.56
561.32	842.56
561.532	873.56
561.744	865.56
561.956	852.56
562.168	851.56
562.381	860.56
562.593	840.56
562.805	851.56
563.017	858.56
563.229	859.56
563.441	871.56
563.653	866.56
563.865	862.56
564.077	878.56
564.289	911.56
564.501	870.56
564.713	890.56
564.925	906.56
565.137	904.56
565.349	935.56
565.561	964.56
565.773	967.56
565.985	1008.56
566.197	1019.56
566.408	1086.56
566.62	1170.56
566.832	1224.56
567.044	1243.56
567.255	1236.56
567.467	1272.56
567.679	1299.56
567.891	1371.56
568.102	1431.56
568.314	1352.56
568.526	1191.56
568.737	1120.56
568.949	1049.56
569.161	1009.56
569.372	915.56
569.584	899.56
569.795	888.56
570.007	883.56
570.218	960.56
570.43	932.56
570.641	814.56
570.853	827.56
571.064	842.56
571.276	815.56
571.487	804.56
571.698	781.56
571.91	790.56
572.121	772.56
572.333	739.56
572.544	729.56
572.755	717.56
572.966	718.56
573.178	718.56
573.389	713.56
573.6	672.56
573.811	680.56
574.023	667.56
574.234	657.56
574.445	693.56
574.656	696.56
574.867	667.56
575.078	664.56
575.289	663.56
575.501	662.56
575.712	674.56
575.923	659.56
576.134	655.56
576.345	652.56
576.556	640.56
576.767	657.56
576.978	651.56
577.188	638.56
577.399	636.56
577.61	632.56
577.821	660.56
578.032	631.56
578.243	708.56
578.454	1308.56
578.665	869.56
578.875	650.56
579.086	625.56
579.297	623.56
579.508	613.56
579.718	594.56
579.929	585.56
580.14	599.56
580.35	606.56
580.561	578.56
580.772	585.56
580.982	587.56
581.193	578.56
581.403	590.56
581.614	542.56
581.825	577.56
582.035	576.56
582.246	566.56
582.456	598.56
582.667	575.56
582.877	570.56
583.087	575.56
583.298	564.56
583.508	549.56
583.719	577.56
583.929	547.56
584.139	557.56
584.35	564.56
584.56	567.56
584.77	555.56
584.981	556.56
585.191	555.56
585.401	536.56
585.611	560.56
585.821	561.56
586.032	541.56
586.242	564.56
586.452	570.56
586.662	549.56
586.872	554.56
587.082	569.56
587.292	546.56
587.502	534.56
587.713	553.56
587.923	537.56
588.133	546.56
588.343	528.56
588.553	521.56
588.762	540.56
588.972	557.56
589.182	561.56
589.392	563.56
589.602	556.56
589.812	579.56
590.022	537.56
590.232	555.56
590.441	553.56
590.651	524.56
590.861	546.56
591.071	533.56
591.281	531.56
591.49	537.56
591.7	561.56
591.91	570.56
592.119	564.56
592.329	582.56
592.539	588.56
592.748	596.56
592.958	629.56
593.167	624.56
593.377	649.56
593.587	641.56
593.796	652.56
594.006	654.56
594.215	663.56
594.424	651.56
594.634	619.56
594.843	633.56
595.053	600.56
595.262	585.56
595.472	569.56
595.681	561.56
595.89	541.56
596.1	543.56
596.309	553.56
596.518	514.56
596.727	525.56
596.937	499.56
597.146	515.56
597.355	502.56
597.564	503.56
597.774	496.56
597.983	459.56
598.192	459.56
598.401	512.56
598.61	495.56
598.819	453.56
599.028	488.56
599.237	463.56
599.446	470.56
599.655	453.56
599.864	453.56
600.073	447.56
600.282	468.56
600.491	483.56
600.7	462.56
600.909	447.56
601.118	457.56
601.327	458.56
601.536	464.56
601.745	464.56
601.953	465.56
602.162	471.56
602.371	447.56
602.58	467.56
602.789	463.56
602.997	435.56
603.206	444.56
603.415	452.56
603.623	459.56
603.832	440.56
604.041	458.56
604.249	453.56
604.458	463.56
604.666	432.56
604.875	442.56
605.084	407.56
605.292	453.56
605.501	462.56
605.709	431.56
605.918	441.56
606.126	447.56
606.334	449.56
606.543	447.56
606.751	442.56
606.96	449.56
607.168	439.56
607.376	451.56
607.585	439.56
607.793	444.56
608.001	463.56
608.21	433.56
608.418	437.56
608.626	436.56
608.834	438.56
609.043	429.56
609.251	443.56
609.459	441.56
609.667	427.56
609.875	442.56
610.083	432.56
610.291	437.56
610.499	431.56
610.707	433.56
610.916	448.56
611.124	437.56
611.332	412.56
611.54	441.56
611.748	440.56
611.955	438.56
612.163	413.56
612.371	432.56
612.579	416.56
612.787	423.56
612.995	419.56
613.203	429.56
613.411	412.56
613.618	416.56
613.826	431.56
614.034	431.56
614.242	411.56
614.449	433.56
614.657	413.56
614.865	417.56
615.072	414.56
615.28	415.56
615.488	412.56
615.695	442.56
615.903	420.56
616.111	425.56
616.318	431.56
616.526	419.56
616.733	427.56
616.941	416.56
617.148	409.56
617.356	401.56
617.563	405.56
617.771	395.56
617.978	412.56
618.185	390.56
618.393	386.56
618.6	376.56
618.807	412.56
619.015	393.56
619.222	409.56
619.429	400.56
619.637	385.56
619.844	389.56
620.051	381.56
620.258	375.56
620.466	395.56
620.673	376.56
620.88	366.56
621.087	380.56
621.294	346.56
621.501	381.56
621.708	375.56
621.915	393.56
622.122	379.56
622.329	375.56
622.536	366.56
622.743	362.56
622.95	355.56
623.157	363.56
623.364	352.56
623.571	369.56
623.778	350.56
623.985	361.56
624.192	370.56
624.399	373.56
624.606	367.56
624.812	351.56
625.019	342.56
625.226	350.56
625.433	336.56
625.639	333.56
625.846	339.56
626.053	331.56
626.259	340.56
626.466	332.56
626.673	351.56
626.879	327.56
627.086	333.56
627.293	323.56
627.499	323.56
627.706	344.56
627.912	354.56
628.119	347.56
628.325	320.56
628.532	329.56
628.738	322.56
628.945	333.56
629.151	337.56
629.357	331.56
629.564	319.56
629.77	319.56
629.976	319.56
630.183	313.56
630.389	319.56
630.595	330.56
630.802	315.56
631.008	305.56
631.214	305.56
631.42	296.56
631.627	317.56
631.833	298.56
632.039	306.56
632.245	301.56
632.451	315.56
632.657	303.56
632.863	293.56
633.069	302.56
633.275	295.56
633.481	303.56
633.688	304.56
633.893	304.56
634.099	299.56
634.305	298.56
634.511	309.56
634.717	303.56
634.923	281.56
635.129	292.56
635.335	305.56
635.541	315.56
635.747	301.56
635.952	309.56
636.158	324.56
636.364	413.56
636.57	509.56
636.775	397.56
636.981	353.56
637.187	355.56
637.392	314.56
637.598	306.56
637.804	312.56
638.009	283.56
638.215	305.56
638.421	290.56
638.626	315.56
638.832	298.56
639.037	283.56
639.243	273.56
639.448	266.56
639.654	292.56
639.859	256.56
640.065	270.56
640.27	287.56
640.475	280.56
640.681	268.56
640.886	277.56
641.091	267.56
641.297	275.56
641.502	260.56
641.707	271.56
641.913	269.56
642.118	273.56
642.323	274.56
642.528	266.56
642.733	271.56
642.939	251.56
643.144	261.56
643.349	266.56
643.554	272.56
643.759	252.56
643.964	249.56
644.169	265.56
644.374	251.56
644.579	249.56
644.784	272.56
644.989	238.56
645.194	261.56
645.399	268.56
645.604	237.56
645.809	259.56
646.014	267.56
646.219	257.56
646.423	244.56
646.628	252.56
646.833	250.56
647.038	251.56
647.243	259.56
647.447	262.56
647.652	283.56
647.857	259.56
648.062	262.56
648.266	257.56
648.471	274.56
648.676	268.56
648.88	288.56
649.085	272.56
649.289	277.56
649.494	260.56
649.698	296.56
649.903	265.56
650.107	241.56
650.312	254.56
650.516	231.56
650.721	228.56
650.925	212.56
651.13	236.56
651.334	230.56
651.539	221.56
651.743	213.56
651.947	217.56
652.152	206.56
652.356	215.56
652.56	202.56
652.764	194.56
652.969	197.56
653.173	209.56
653.377	196.56
653.581	205.56
653.785	188.56
653.99	195.56
654.194	201.56
654.398	194.56
654.602	192.56
654.806	201.56
655.01	192.56
655.214	197.56
655.418	189.56
655.622	201.56
655.826	184.56
656.03	184.56
656.234	177.56
656.438	197.56
656.642	195.56
656.846	180.56
657.049	152.56
657.253	172.56
657.457	153.56
657.661	152.56
657.865	159.56
658.068	151.56
658.272	138.56
658.476	135.56
658.68	142.56
658.883	132.56
659.087	115.56
659.291	124.56
659.494	128.56
659.698	111.56
659.901	115.56
660.105	117.56
660.309	105.56
660.512	96.56
660.716	111.56
660.919	98.56
661.123	103.56
661.326	94.56
661.53	111.56
661.733	96.56
661.936	87.56
662.14	81.56
662.343	92.56
662.546	109.56
662.75	83.56
662.953	93.56
663.156	103.56
663.36	93.56
663.563	90.56
663.766	100.56
663.969	84.56
664.173	81.56
664.376	89.56
664.579	67.56
664.782	75.56
664.985	76.56
665.188	72.56
665.391	86.56
665.594	80.56
665.797	94.56
666	71.56
666.203	96.56
666.406	86.56
666.609	81.56
666.812	98.56
667.015	83.56
667.218	83.56
667.421	88.56
667.624	89.56
667.827	81.56
668.03	95.56
668.232	85.56
668.435	84.56
668.638	76.56
668.841	74.56
669.043	88.56
669.246	72.56
669.449	77.56
669.651	83.56
669.854	85.56
670.057	73.56
670.259	83.56
670.462	63.56
670.665	67.56
670.867	77.56
671.07	79.56
671.272	86.56
671.475	84.56
671.677	83.56
671.88	87.56
672.082	79.56
672.284	81.56
672.487	75.56
672.689	84.56
672.892	78.56
