223.165	-19.56
223.4	-19.56
223.635	-19.56
223.869	-21.56
224.104	-20.56
224.338	-4.56
224.573	-7.56
224.808	-30.56
225.042	-18.56
225.277	-12.56
225.511	-5.56
225.746	8.44
225.98	10.44
226.215	5.44
226.449	16.44
226.683	25.44
226.918	39.44
227.152	35.44
227.387	31.44
227.621	24.44
227.856	50.44
228.09	48.44
228.324	53.44
228.559	44.44
228.793	61.44
229.027	131.44
229.262	127.44
229.496	155.44
229.73	195.44
229.964	220.44
230.199	158.44
230.433	154.44
230.667	130.44
230.901	143.44
231.136	136.44
231.37	138.44
231.604	143.44
231.838	156.44
232.072	154.44
232.306	143.44
232.541	149.44
232.775	147.44
233.009	152.44
233.243	136.44
233.477	150.44
233.711	152.44
233.945	141.44
234.179	162.44
234.413	156.44
234.647	157.44
234.881	158.44
235.115	154.44
235.349	157.44
235.583	147.44
235.817	143.44
236.051	170.44
236.285	162.44
236.519	151.44
236.753	161.44
236.987	183.44
237.221	245.44
237.455	300.44
237.689	242.44
237.922	197.44
238.156	175.44
238.39	161.44
238.624	176.44
238.858	159.44
239.091	178.44
239.325	172.44
239.559	180.44
239.793	198.44
240.027	190.44
240.26	194.44
240.494	226.44
240.728	215.44
240.961	195.44
241.195	211.44
241.429	215.44
241.662	191.44
241.896	183.44
242.13	202.44
242.363	202.44
242.597	208.44
242.83	213.44
243.064	217.44
243.298	208.44
243.531	199.44
243.765	201.44
243.998	215.44
244.232	226.44
244.465	213.44
244.699	233.44
244.932	231.44
245.166	206.44
245.399	231.44
245.633	220.44
245.866	211.44
246.099	221.44
246.333	230.44
246.566	226.44
246.8	241.44
247.033	238.44
247.266	231.44
247.5	243.44
247.733	259.44
247.966	251.44
248.2	244.44
248.433	248.44
248.666	272.44
248.899	279.44
249.133	299.44
249.366	314.44
249.599	300.44
249.832	301.44
250.066	318.44
250.299	345.44
250.532	400.44
250.765	382.44
250.998	404.44
251.231	374.44
251.465	348.44
251.698	314.44
251.931	324.44
252.164	306.44
252.397	319.44
252.63	324.44
252.863	316.44
253.096	322.44
253.329	344.44
253.562	330.44
253.795	308.44
254.028	329.44
254.261	334.44
254.494	334.44
254.727	372.44
254.96	411.44
255.193	418.44
255.426	413.44
255.659	412.44
255.892	486.44
256.124	589.44
256.357	632.44
256.59	553.44
256.823	464.44
257.056	428.44
257.289	394.44
257.521	381.44
257.754	376.44
257.987	344.44
258.22	362.44
258.452	360.44
258.685	361.44
258.918	356.44
259.151	350.44
259.383	362.44
259.616	359.44
259.849	359.44
260.081	351.44
260.314	392.44
260.547	371.44
260.779	380.44
261.012	372.44
261.244	367.44
261.477	380.44
261.71	362.44
261.942	390.44
262.175	396.44
262.407	374.44
262.64	316.44
262.872	353.44
263.105	346.44
263.337	363.44
263.57	338.44
263.802	361.44
264.035	345.44
264.267	358.44
264.499	358.44
264.732	349.44
264.964	352.44
265.197	357.44
265.429	366.44
265.661	362.44
265.894	365.44
266.126	344.44
266.358	376.44
266.591	358.44
266.823	366.44
267.055	367.44
267.287	405.44
267.52	367.44
267.752	382.44
267.984	377.44
268.216	387.44
268.448	389.44
268.681	401.44
268.913	395.44
269.145	413.44
269.377	430.44
269.609	419.44
269.841	424.44
270.073	437.44
270.306	449.44
270.538	463.44
270.77	467.44
271.002	475.44
271.234	452.44
271.466	459.44
271.698	486.44
271.93	487.44
272.162	484.44
272.394	490.44
272.626	451.44
272.858	458.44
273.09	461.44
273.322	463.44
273.553	446.44
273.785	444.44
274.017	425.44
274.249	424.44
274.481	459.44
274.713	458.44
274.945	458.44
275.176	473.44
275.408	481.44
275.64	452.44
275.872	464.44
276.104	441.44
276.335	463.44
276.567	473.44
276.799	490.44
277.031	532.44
277.262	552.44
277.494	553.44
277.726	515.44
277.957	518.44
278.189	510.44
278.421	486.44
278.652	496.44
278.884	465.44
279.115	471.44
279.347	495.44
279.579	494.44
279.81	505.44
280.042	507.44
280.273	569.44
280.505	543.44
280.736	506.44
280.968	494.44
281.199	489.44
281.431	477.44
281.662	507.44
281.894	518.44
282.125	498.44
282.356	510.44
282.588	559.44
282.819	554.44
283.051	523.44
283.282	496.44
283.513	503.44
283.745	504.44
283.976	522.44
284.207	515.44
284.439	503.44
284.67	472.44
284.901	509.44
285.132	497.44
285.364	501.44
285.595	514.44
285.826	533.44
286.057	514.44
286.288	533.44
286.52	537.44
286.751	512.44
286.982	518.44
287.213	533.44
287.444	504.44
287.675	527.44
287.906	535.44
288.138	557.44
288.369	552.44
288.6	558.44
288.831	539.44
289.062	526.44
289.293	537.44
289.524	558.44
289.755	544.44
289.986	547.44
290.217	533.44
290.448	532.44
290.679	546.44
290.91	530.44
291.141	539.44
291.371	528.44
291.602	539.44
291.833	538.44
292.064	524.44
292.295	545.44
292.526	520.44
292.757	536.44
292.987	533.44
293.218	559.44
293.449	550.44
293.68	533.44
293.91	558.44
294.141	543.44
294.372	554.44
294.603	543.44
294.833	550.44
295.064	546.44
295.295	536.44
295.525	556.44
295.756	552.44
295.987	594.44
296.217	614.44
296.448	635.44
296.679	582.44
296.909	551.44
297.14	560.44
297.37	569.44
297.601	583.44
297.831	593.44
298.062	574.44
298.292	590.44
298.523	611.44
298.753	622.44
298.984	600.44
299.214	582.44
299.445	596.44
299.675	606.44
299.905	616.44
300.136	616.44
300.366	597.44
300.597	618.44
300.827	618.44
301.057	660.44
301.288	646.44
301.518	650.44
301.748	619.44
301.979	661.44
302.209	671.44
302.439	634.44
302.669	638.44
302.9	614.44
303.13	645.44
303.36	673.44
303.59	659.44
303.82	661.44
304.051	654.44
304.281	662.44
304.511	645.44
304.741	639.44
304.971	645.44
305.201	646.44
305.431	647.44
305.661	659.44
305.891	615.44
306.121	643.44
306.352	672.44
306.582	674.44
306.812	643.44
307.042	652.44
307.272	690.44
307.502	714.44
307.731	701.44
307.961	684.44
308.191	664.44
308.421	656.44
308.651	676.44
308.881	672.44
309.111	684.44
309.341	699.44
309.571	717.44
309.8	703.44
310.03	690.44
310.26	724.44
310.49	715.44
310.72	745.44
310.949	738.44
311.179	766.44
311.409	744.44
311.639	737.44
311.868	768.44
312.098	776.44
312.328	762.44
312.557	756.44
312.787	818.44
313.017	788.44
313.246	787.44
313.476	752.44
313.706	734.44
313.935	795.44
314.165	812.44
314.394	798.44
314.624	800.44
314.853	777.44
315.083	773.44
315.312	768.44
315.542	779.44
315.771	742.44
316.001	750.44
316.23	749.44
316.46	742.44
316.689	753.44
316.919	754.44
317.148	798.44
317.377	778.44
317.607	784.44
317.836	766.44
318.065	759.44
318.295	775.44
318.524	768.44
318.753	762.44
318.983	780.44
319.212	753.44
319.441	777.44
319.67	809.44
319.9	766.44
320.129	780.44
320.358	810.44
320.587	800.44
320.816	796.44
321.046	818.44
321.275	816.44
321.504	804.44
321.733	814.44
321.962	859.44
322.191	856.44
322.42	897.44
322.649	927.44
322.878	925.44
323.108	921.44
323.337	1006.44
323.566	1038.44
323.795	1135.44
324.024	1234.44
324.253	1442.44
324.482	1992.44
324.71	3122.44
324.939	4301.44
325.168	3500.44
325.397	1876.44
325.626	1412.44
325.855	1224.44
326.084	1168.44
326.313	1161.44
326.542	1146.44
326.77	1269.44
326.999	1432.44
327.228	1955.44
327.457	2878.44
327.686	3394.44
327.914	2281.44
328.143	1812.44
328.372	1757.44
328.6	1598.44
328.829	1393.44
329.058	1345.44
329.287	1362.44
329.515	1360.44
329.744	1339.44
329.972	1571.44
330.201	1944.44
330.43	2337.44
330.658	2082.44
330.887	1649.44
331.115	1461.44
331.344	1295.44
331.572	1217.44
331.801	1204.44
332.03	1226.44
332.258	1197.44
332.486	1176.44
332.715	1221.44
332.943	1228.44
333.172	1277.44
333.4	1342.44
333.629	1395.44
333.857	1546.44
334.085	1764.44
334.314	2155.44
334.542	2846.44
334.771	3033.44
334.999	2061.44
335.227	1522.44
335.455	1358.44
335.684	1274.44
335.912	1257.44
336.14	1181.44
336.369	1152.44
336.597	1145.44
336.825	1140.44
337.053	1136.44
337.281	1069.44
337.51	1024.44
337.738	1051.44
337.966	1023.44
338.194	1041.44
338.422	1023.44
338.65	995.44
338.878	993.44
339.106	980.44
339.334	983.44
339.562	979.44
339.79	971.44
340.018	970.44
340.246	953.44
340.474	980.44
340.702	981.44
340.93	969.44
341.158	953.44
341.386	964.44
341.614	946.44
341.842	956.44
342.07	939.44
342.298	969.44
342.526	930.44
342.754	926.44
342.981	940.44
343.209	930.44
343.437	991.44
343.665	994.44
343.893	1031.44
344.12	1108.44
344.348	1047.44
344.576	1015.44
344.804	978.44
345.031	991.44
345.259	1015.44
345.487	969.44
345.714	966.44
345.942	954.44
346.17	968.44
346.397	926.44
346.625	928.44
346.853	932.44
347.08	926.44
347.308	931.44
347.535	950.44
347.763	952.44
347.99	942.44
348.218	930.44
348.445	966.44
348.673	938.44
348.9	930.44
349.128	920.44
349.355	910.44
349.583	894.44
349.81	881.44
350.037	890.44
350.265	936.44
350.492	918.44
350.72	910.44
350.947	898.44
351.174	936.44
351.402	971.44
351.629	918.44
351.856	938.44
352.083	933.44
352.311	960.44
352.538	923.44
352.765	958.44
352.992	926.44
353.22	923.44
353.447	921.44
353.674	927.44
353.901	907.44
354.128	887.44
354.355	907.44
354.583	906.44
354.81	906.44
355.037	886.44
355.264	883.44
355.491	888.44
355.718	880.44
355.945	898.44
356.172	895.44
356.399	881.44
356.626	876.44
356.853	873.44
357.08	905.44
357.307	892.44
357.534	876.44
357.761	896.44
357.988	874.44
358.215	864.44
358.441	900.44
358.668	909.44
358.895	923.44
359.122	879.44
359.349	911.44
359.576	902.44
359.802	986.44
360.029	1026.44
360.256	1065.44
360.483	1020.44
360.709	993.44
360.936	945.44
361.163	951.44
361.39	970.44
361.616	978.44
361.843	977.44
362.07	919.44
362.296	941.44
362.523	919.44
362.749	929.44
362.976	973.44
363.203	943.44
363.429	954.44
363.656	931.44
363.882	898.44
364.109	944.44
364.335	921.44
364.562	936.44
364.788	914.44
365.015	940.44
365.241	934.44
365.468	915.44
365.694	957.44
365.92	944.44
366.147	923.44
366.373	920.44
366.599	966.44
366.826	922.44
367.052	936.44
367.278	941.44
367.505	958.44
367.731	955.44
367.957	958.44
368.184	945.44
368.41	954.44
368.636	966.44
368.862	983.44
369.089	992.44
369.315	964.44
369.541	962.44
369.767	967.44
369.993	985.44
370.219	979.44
370.445	969.44
370.672	974.44
370.898	971.44
371.124	976.44
371.35	980.44
371.576	986.44
371.802	1001.44
372.028	963.44
372.254	1001.44
372.48	1001.44
372.706	1001.44
372.932	1019.44
373.158	1017.44
373.384	1001.44
373.61	991.44
373.835	1014.44
374.061	1002.44
374.287	1016.44
374.513	1027.44
374.739	1030.44
374.965	1037.44
375.191	1052.44
375.416	1024.44
375.642	1051.44
375.868	1035.44
376.094	1040.44
376.319	993.44
376.545	1002.44
376.771	998.44
376.997	997.44
377.222	1017.44
377.448	994.44
377.674	1010.44
377.899	967.44
378.125	975.44
378.35	956.44
378.576	962.44
378.802	966.44
379.027	1003.44
379.253	970.44
379.478	943.44
379.704	1002.44
379.929	1004.44
380.155	987.44
380.38	990.44
380.606	991.44
380.831	985.44
381.057	1002.44
381.282	991.44
381.507	996.44
381.733	995.44
381.958	1002.44
382.184	1028.44
382.409	1015.44
382.634	1024.44
382.86	993.44
383.085	1050.44
383.31	1066.44
383.535	1068.44
383.761	1058.44
383.986	1109.44
384.211	1088.44
384.436	1137.44
384.662	1146.44
384.887	1122.44
385.112	1127.44
385.337	1174.44
385.562	1162.44
385.787	1151.44
386.013	1186.44
386.238	1170.44
386.463	1211.44
386.688	1180.44
386.913	1131.44
387.138	1151.44
387.363	1159.44
387.588	1143.44
387.813	1166.44
388.038	1137.44
388.263	1156.44
388.488	1169.44
388.713	1178.44
388.938	1166.44
389.163	1144.44
389.387	1172.44
389.612	1115.44
389.837	1116.44
390.062	1126.44
390.287	1146.44
390.512	1147.44
390.736	1144.44
390.961	1175.44
391.186	1185.44
391.411	1207.44
391.636	1224.44
391.86	1283.44
392.085	1287.44
392.31	1299.44
392.534	1255.44
392.759	1261.44
392.984	1232.44
393.208	1194.44
393.433	1218.44
393.658	1262.44
393.882	1210.44
394.107	1246.44
394.331	1222.44
394.556	1282.44
394.78	1241.44
395.005	1239.44
395.229	1256.44
395.454	1293.44
395.678	1310.44
395.903	1290.44
396.127	1344.44
396.352	1297.44
396.576	1262.44
396.801	1258.44
397.025	1259.44
397.249	1299.44
397.474	1315.44
397.698	1339.44
397.922	1318.44
398.147	1343.44
398.371	1400.44
398.595	1377.44
398.82	1441.44
399.044	1518.44
399.268	1628.44
399.492	1851.44
399.717	2001.44
399.941	2026.44
400.165	1896.44
400.389	1791.44
400.613	1625.44
400.837	1522.44
401.062	1520.44
401.286	1497.44
401.51	1473.44
401.734	1479.44
401.958	1490.44
402.182	1535.44
402.406	1545.44
402.63	1568.44
402.854	1578.44
403.078	1587.44
403.302	1613.44
403.526	1651.44
403.75	1672.44
403.974	1668.44
404.198	1668.44
404.422	1709.44
404.645	1725.44
404.869	1720.44
405.093	1888.44
405.317	1933.44
405.541	1960.44
405.765	1842.44
405.988	1757.44
406.212	1774.44
406.436	1810.44
406.66	1838.44
406.883	1764.44
407.107	1885.44
407.331	1958.44
407.555	2090.44
407.778	2013.44
408.002	1926.44
408.226	1822.44
408.449	1792.44
408.673	1762.44
408.896	1768.44
409.12	1795.44
409.344	1763.44
409.567	1706.44
409.791	1672.44
410.014	1636.44
410.238	1626.44
410.461	1651.44
410.685	1622.44
410.908	1652.44
411.132	1658.44
411.355	1706.44
411.578	1646.44
411.802	1597.44
412.025	1638.44
412.249	1740.44
412.472	1836.44
412.695	1888.44
412.919	1864.44
413.142	1762.44
413.365	1682.44
413.589	1678.44
413.812	1598.44
414.035	1561.44
414.258	1529.44
414.482	1555.44
414.705	1556.44
414.928	1492.44
415.151	1534.44
415.374	1544.44
415.597	1538.44
415.821	1486.44
416.044	1496.44
416.267	1515.44
416.49	1486.44
416.713	1472.44
416.936	1514.44
417.159	1484.44
417.382	1501.44
417.605	1538.44
417.828	1583.44
418.051	1548.44
418.274	1548.44
418.497	1528.44
418.72	1514.44
418.943	1499.44
419.166	1630.44
419.389	1732.44
419.611	1720.44
419.834	1676.44
420.057	1712.44
420.28	1724.44
420.503	1719.44
420.726	1684.44
420.948	1666.44
421.171	1668.44
421.394	1719.44
421.617	1595.44
421.839	1606.44
422.062	1574.44
422.285	1591.44
422.507	1676.44
422.73	1738.44
422.953	1691.44
423.175	1615.44
423.398	1645.44
423.621	1613.44
423.843	1649.44
424.066	1646.44
424.288	1637.44
424.511	1690.44
424.733	1764.44
424.956	1846.44
425.178	1793.44
425.401	1818.44
425.623	1819.44
425.846	1628.44
426.068	1581.44
426.291	1534.44
426.513	1559.44
426.735	1584.44
426.958	1625.44
427.18	1758.44
427.402	1910.44
427.625	2090.44
427.847	1966.44
428.069	1819.44
428.292	1690.44
428.514	1551.44
428.736	1484.44
428.958	1450.44
429.181	1452.44
429.403	1435.44
429.625	1426.44
429.847	1491.44
430.069	1579.44
430.292	1544.44
430.514	1406.44
430.736	1416.44
430.958	1412.44
431.18	1390.44
431.402	1383.44
431.624	1387.44
431.846	1371.44
432.068	1369.44
432.29	1389.44
432.512	1384.44
432.734	1396.44
432.956	1386.44
433.178	1420.44
433.4	1419.44
433.622	1393.44
433.844	1419.44
434.066	1384.44
434.287	1400.44
434.509	1426.44
434.731	1453.44
434.953	1508.44
435.175	1523.44
435.397	1551.44
435.618	1518.44
435.84	1545.44
436.062	1655.44
436.284	1754.44
436.505	1609.44
436.727	1469.44
436.949	1440.44
437.17	1409.44
437.392	1384.44
437.614	1426.44
437.835	1483.44
438.057	1620.44
438.278	1759.44
438.5	1691.44
438.721	1885.44
438.943	1743.44
439.165	1527.44
439.386	1464.44
439.608	1486.44
439.829	1512.44
440.05	1527.44
440.272	1583.44
440.493	1561.44
440.715	1490.44
440.936	1486.44
441.158	1463.44
441.379	1505.44
441.6	1569.44
441.822	1599.44
442.043	1679.44
442.264	1778.44
442.486	1793.44
442.707	1624.44
442.928	1611.44
443.149	1618.44
443.371	1617.44
443.592	1721.44
443.813	1847.44
444.034	1862.44
444.255	1729.44
444.476	1679.44
444.698	1721.44
444.919	1762.44
445.14	1795.44
445.361	1688.44
445.582	1710.44
445.803	1723.44
446.024	1836.44
446.245	1782.44
446.466	1671.44
446.687	1524.44
446.908	1470.44
447.129	1438.44
447.35	1384.44
447.571	1378.44
447.792	1345.44
448.013	1379.44
448.234	1411.44
448.455	1495.44
448.675	1627.44
448.896	1765.44
449.117	1568.44
449.338	1514.44
449.559	1705.44
449.779	1818.44
450	1538.44
450.221	1388.44
450.442	1372.44
450.662	1349.44
450.883	1346.44
451.104	1406.44
451.324	1374.44
451.545	1339.44
451.766	1316.44
451.986	1256.44
452.207	1240.44
452.428	1247.44
452.648	1275.44
452.869	1257.44
453.089	1248.44
453.31	1292.44
453.53	1243.44
453.751	1218.44
453.971	1246.44
454.192	1299.44
454.412	1244.44
454.633	1192.44
454.853	1225.44
455.073	1218.44
455.294	1251.44
455.514	1309.44
455.734	1261.44
455.955	1179.44
456.175	1160.44
456.395	1145.44
456.616	1165.44
456.836	1115.44
457.056	1126.44
457.276	1113.44
457.497	1158.44
457.717	1139.44
457.937	1136.44
458.157	1156.44
458.377	1209.44
458.598	1241.44
458.818	1394.44
459.038	1530.44
459.258	1546.44
459.478	1451.44
459.698	1374.44
459.918	1398.44
460.138	1421.44
460.358	1473.44
460.578	1476.44
460.798	1478.44
461.018	1466.44
461.238	1480.44
461.458	1458.44
461.678	1472.44
461.898	1502.44
462.118	1475.44
462.338	1532.44
462.558	1606.44
462.777	1594.44
462.997	1738.44
463.217	1860.44
463.437	1835.44
463.657	1702.44
463.876	1698.44
464.096	1702.44
464.316	1676.44
464.536	1670.44
464.755	1663.44
464.975	1631.44
465.195	1690.44
465.414	1820.44
465.634	1548.44
465.854	1418.44
466.073	1405.44
466.293	1366.44
466.512	1330.44
466.732	1311.44
466.951	1302.44
467.171	1294.44
467.391	1308.44
467.61	1326.44
467.829	1394.44
468.049	1564.44
468.268	1818.44
468.488	1528.44
468.707	1395.44
468.927	1315.44
469.146	1270.44
469.365	1306.44
469.585	1277.44
469.804	1318.44
470.023	1382.44
470.243	1350.44
470.462	1398.44
470.681	1406.44
470.901	1411.44
471.12	1355.44
471.339	1333.44
471.558	1354.44
471.777	1395.44
471.997	1410.44
472.216	1791.44
472.435	2915.44
472.654	2309.44
472.873	1658.44
473.092	1464.44
473.311	1412.44
473.53	1394.44
473.749	1371.44
473.968	1413.44
474.187	1486.44
474.406	1459.44
474.625	1339.44
474.844	1303.44
475.063	1295.44
475.282	1319.44
475.501	1313.44
475.72	1300.44
475.939	1296.44
476.158	1316.44
476.377	1337.44
476.596	1330.44
476.814	1314.44
477.033	1348.44
477.252	1386.44
477.471	1339.44
477.69	1382.44
477.908	1434.44
478.127	1464.44
478.346	1498.44
478.564	1489.44
478.783	1492.44
479.002	1551.44
479.22	1532.44
479.439	1583.44
479.658	1636.44
479.876	1635.44
480.095	1643.44
480.313	1720.44
480.532	1739.44
480.751	1849.44
480.969	2160.44
481.188	3810.44
481.406	4703.44
481.624	2566.44
481.843	2034.44
482.061	1838.44
482.28	1775.44
482.498	1692.44
482.717	1624.44
482.935	1595.44
483.153	1599.44
483.372	1598.44
483.59	1593.44
483.808	1562.44
484.027	1520.44
484.245	1534.44
484.463	1571.44
484.681	1600.44
484.9	1590.44
485.118	1587.44
485.336	1554.44
485.554	1575.44
485.772	1578.44
485.99	1600.44
486.209	1578.44
486.427	1591.44
486.645	1610.44
486.863	1656.44
487.081	1609.44
487.299	1588.44
487.517	1596.44
487.735	1624.44
487.953	1619.44
488.171	1633.44
488.389	1615.44
488.607	1593.44
488.825	1595.44
489.043	1646.44
489.261	1612.44
489.479	1650.44
489.696	1617.44
489.914	1662.44
490.132	1635.44
490.35	1691.44
490.568	1730.44
490.786	1751.44
491.003	1784.44
491.221	1806.44
491.439	1862.44
491.657	1932.44
491.874	1925.44
492.092	1960.44
492.31	2003.44
492.527	1990.44
492.745	2001.44
492.963	2014.44
493.18	1988.44
493.398	1976.44
493.615	1978.44
493.833	1964.44
494.05	1954.44
494.268	1965.44
494.485	1971.44
494.703	1928.44
494.92	1894.44
495.138	1863.44
495.355	1903.44
495.573	1931.44
495.79	1907.44
496.008	1863.44
496.225	1894.44
496.442	1862.44
496.66	1875.44
496.877	1854.44
497.094	1903.44
497.312	1928.44
497.529	1952.44
497.746	1960.44
497.963	1987.44
498.181	2054.44
498.398	2079.44
498.615	2190.44
498.832	2271.44
499.049	2406.44
499.267	2510.44
499.484	2705.44
499.701	2899.44
499.918	3145.44
500.135	3399.44
500.352	3737.44
500.569	3980.44
500.786	3934.44
501.003	3705.44
501.22	3337.44
501.437	3071.44
501.654	2778.44
501.871	2700.44
502.088	2426.44
502.305	2360.44
502.522	2241.44
502.739	2119.44
502.956	2080.44
503.172	2016.44
503.389	1916.44
503.606	1945.44
503.823	1931.44
504.04	1923.44
504.256	1883.44
504.473	1900.44
504.69	1900.44
504.907	1859.44
505.123	1786.44
505.34	1709.44
505.557	1649.44
505.773	1644.44
505.99	1643.44
506.207	1612.44
506.423	1646.44
506.64	1572.44
506.856	1579.44
507.073	1562.44
507.289	1550.44
507.506	1555.44
507.722	1561.44
507.939	1631.44
508.155	1549.44
508.372	1479.44
508.588	1516.44
508.805	1455.44
509.021	1461.44
509.238	1497.44
509.454	1485.44
509.67	1465.44
509.887	1443.44
510.103	1508.44
510.319	1526.44
510.536	1838.44
510.752	3587.44
510.968	2502.44
511.184	1609.44
511.401	1462.44
511.617	1465.44
511.833	1537.44
512.049	1541.44
512.265	1522.44
512.481	1526.44
512.698	1449.44
512.914	1451.44
513.13	1455.44
513.346	1475.44
513.562	1442.44
513.778	1452.44
513.994	1488.44
514.21	1564.44
514.426	1526.44
514.642	1654.44
514.858	1710.44
515.074	1820.44
515.29	2248.44
515.506	3654.44
515.721	2708.44
515.937	1804.44
516.153	1662.44
516.369	1625.44
516.585	1629.44
516.801	1642.44
517.016	1644.44
517.232	1680.44
517.448	1738.44
517.664	1742.44
517.879	1761.44
518.095	1744.44
518.311	1746.44
518.527	1682.44
518.742	1650.44
518.958	1622.44
519.173	1565.44
519.389	1532.44
519.605	1491.44
519.82	1532.44
520.036	1534.44
520.251	1539.44
520.467	1592.44
520.682	1530.44
520.898	1574.44
521.113	1647.44
521.329	1726.44
521.544	1984.44
521.76	2581.44
521.975	4922.44
522.19	4427.44
522.406	2172.44
522.621	1646.44
522.836	1490.44
523.052	1406.44
523.267	1388.44
523.482	1343.44
523.698	1356.44
523.913	1343.44
524.128	1319.44
524.343	1313.44
524.559	1298.44
524.774	1281.44
524.989	1249.44
525.204	1273.44
525.419	1280.44
525.634	1257.44
525.849	1251.44
526.064	1218.44
526.28	1202.44
526.495	1187.44
526.71	1196.44
526.925	1167.44
527.14	1184.44
527.355	1184.44
527.57	1155.44
527.785	1191.44
527.999	1188.44
528.214	1201.44
528.429	1163.44
528.644	1168.44
528.859	1190.44
529.074	1195.44
529.289	1266.44
529.503	1480.44
529.718	1368.44
529.933	1242.44
530.148	1217.44
530.363	1192.44
530.577	1160.44
530.792	1175.44
531.007	1166.44
531.221	1179.44
531.436	1154.44
531.651	1167.44
531.865	1154.44
532.08	1138.44
532.295	1167.44
532.509	1126.44
532.724	1147.44
532.938	1160.44
533.153	1138.44
533.367	1149.44
533.582	1169.44
533.796	1185.44
534.011	1150.44
534.225	1109.44
534.44	1138.44
534.654	1123.44
534.868	1134.44
535.083	1123.44
535.297	1138.44
535.511	1136.44
535.726	1129.44
535.94	1150.44
536.154	1098.44
536.369	1074.44
536.583	1057.44
536.797	1076.44
537.011	1069.44
537.225	1048.44
537.44	1072.44
537.654	1062.44
537.868	1065.44
538.082	1051.44
538.296	1028.44
538.51	1028.44
538.724	1059.44
538.938	1046.44
539.153	1043.44
539.367	1066.44
539.581	1065.44
539.795	1027.44
540.009	1048.44
540.222	1008.44
540.436	1041.44
540.65	1058.44
540.864	1026.44
541.078	1041.44
541.292	1094.44
541.506	1084.44
541.72	1064.44
541.934	1081.44
542.147	1074.44
542.361	1046.44
542.575	1054.44
542.789	1035.44
543.002	1032.44
543.216	1026.44
543.43	1051.44
543.644	1068.44
543.857	1027.44
544.071	1032.44
544.285	1059.44
544.498	1058.44
544.712	1064.44
544.925	1073.44
545.139	1060.44
545.352	1051.44
545.566	1082.44
545.779	1038.44
545.993	1074.44
546.206	1091.44
546.42	1058.44
546.633	1069.44
546.847	1056.44
547.06	1064.44
547.274	1054.44
547.487	1088.44
547.7	1059.44
547.914	1084.44
548.127	1070.44
548.34	1072.44
548.554	1031.44
548.767	1036.44
548.98	1037.44
549.193	1040.44
549.407	1062.44
549.62	1065.44
549.833	1096.44
550.046	1045.44
550.259	1049.44
550.473	1032.44
550.686	1031.44
550.899	1018.44
551.112	1028.44
551.325	976.44
551.538	1029.44
551.751	1017.44
551.964	980.44
552.177	1018.44
552.39	1022.44
552.603	1068.44
552.816	1078.44
553.029	1085.44
553.242	1097.44
553.455	1115.44
553.667	1128.44
553.88	1152.44
554.093	1110.44
554.306	1064.44
554.519	1078.44
554.732	1021.44
554.944	1008.44
555.157	1001.44
555.37	977.44
555.583	981.44
555.795	962.44
556.008	971.44
556.221	921.44
556.433	921.44
556.646	920.44
556.859	929.44
557.071	883.44
557.284	896.44
557.496	903.44
557.709	895.44
557.921	898.44
558.134	893.44
558.346	884.44
558.559	845.44
558.771	876.44
558.984	870.44
559.196	889.44
559.409	874.44
559.621	873.44
559.833	842.44
560.046	857.44
560.258	851.44
560.47	840.44
560.683	857.44
560.895	854.44
561.107	854.44
561.32	864.44
561.532	844.44
561.744	875.44
561.956	838.44
562.168	875.44
562.381	841.44
562.593	842.44
562.805	855.44
563.017	863.44
563.229	863.44
563.441	859.44
563.653	865.44
563.865	854.44
564.077	876.44
564.289	848.44
564.501	881.44
564.713	913.44
564.925	905.44
565.137	944.44
565.349	949.44
565.561	934.44
565.773	974.44
565.985	977.44
566.197	1001.44
566.408	1062.44
566.62	1134.44
566.832	1247.44
567.044	1259.44
567.255	1244.44
567.467	1267.44
567.679	1320.44
567.891	1386.44
568.102	1432.44
568.314	1338.44
568.526	1260.44
568.737	1156.44
568.949	1053.44
569.161	990.44
569.372	909.44
569.584	881.44
569.795	864.44
570.007	870.44
570.218	988.44
570.43	926.44
570.641	820.44
570.853	818.44
571.064	839.44
571.276	842.44
571.487	798.44
571.698	786.44
571.91	772.44
572.121	769.44
572.333	747.44
572.544	746.44
572.755	711.44
572.966	706.44
573.178	684.44
573.389	675.44
573.6	685.44
573.811	676.44
574.023	687.44
574.234	664.44
574.445	691.44
574.656	677.44
574.867	666.44
575.078	702.44
575.289	657.44
575.501	666.44
575.712	647.44
575.923	644.44
576.134	634.44
576.345	644.44
576.556	660.44
576.767	651.44
576.978	636.44
577.188	619.44
577.399	609.44
577.61	626.44
577.821	628.44
578.032	645.44
578.243	733.44
578.454	1287.44
578.665	870.44
578.875	621.44
579.086	626.44
579.297	610.44
579.508	601.44
579.718	597.44
579.929	616.44
580.14	607.44
580.35	595.44
580.561	570.44
580.772	571.44
580.982	578.44
581.193	567.44
581.403	595.44
581.614	580.44
581.825	586.44
582.035	558.44
582.246	572.44
582.456	561.44
582.667	566.44
582.877	577.44
583.087	573.44
583.298	574.44
583.508	542.44
583.719	558.44
583.929	562.44
584.139	560.44
584.35	553.44
584.56	551.44
584.77	538.44
584.981	561.44
585.191	559.44
585.401	559.44
585.611	560.44
585.821	538.44
586.032	555.44
586.242	520.44
586.452	545.44
586.662	521.44
586.872	518.44
587.082	527.44
587.292	526.44
587.502	548.44
587.713	512.44
587.923	524.44
588.133	510.44
588.343	522.44
588.553	538.44
588.762	530.44
588.972	515.44
589.182	570.44
589.392	538.44
589.602	574.44
589.812	546.44
590.022	564.44
590.232	527.44
590.441	545.44
590.651	542.44
590.861	544.44
591.071	540.44
591.281	535.44
591.49	538.44
591.7	581.44
591.91	544.44
592.119	580.44
592.329	570.44
592.539	604.44
592.748	607.44
592.958	624.44
593.167	646.44
593.377	602.44
593.587	641.44
593.796	646.44
594.006	651.44
594.215	634.44
594.424	650.44
594.634	624.44
594.843	632.44
595.053	602.44
595.262	570.44
595.472	579.44
595.681	554.44
595.89	553.44
596.1	532.44
596.309	528.44
596.518	538.44
596.727	521.44
596.937	502.44
597.146	521.44
597.355	492.44
597.564	493.44
597.774	483.44
597.983	487.44
598.192	481.44
598.401	477.44
598.61	467.44
598.819	471.44
599.028	471.44
599.237	452.44
599.446	468.44
599.655	452.44
599.864	446.44
600.073	453.44
600.282	439.44
600.491	470.44
600.7	448.44
600.909	450.44
601.118	450.44
601.327	451.44
601.536	461.44
601.745	462.44
601.953	471.44
602.162	467.44
602.371	442.44
602.58	445.44
602.789	449.44
602.997	461.44
603.206	461.44
603.415	463.44
603.623	434.44
603.832	452.44
604.041	461.44
604.249	452.44
604.458	440.44
604.666	406.44
604.875	417.44
605.084	434.44
605.292	450.44
605.501	444.44
605.709	434.44
605.918	455.44
606.126	445.44
606.334	420.44
606.543	447.44
606.751	442.44
606.96	439.44
607.168	444.44
607.376	442.44
607.585	431.44
607.793	434.44
608.001	432.44
608.21	442.44
608.418	435.44
608.626	430.44
608.834	423.44
609.043	446.44
609.251	452.44
609.459	425.44
609.667	432.44
609.875	440.44
610.083	417.44
610.291	428.44
610.499	420.44
610.707	426.44
610.916	432.44
611.124	436.44
611.332	410.44
611.54	416.44
611.748	425.44
611.955	417.44
612.163	400.44
612.371	408.44
612.579	424.44
612.787	421.44
612.995	420.44
613.203	422.44
613.411	434.44
613.618	418.44
613.826	417.44
614.034	428.44
614.242	418.44
614.449	398.44
614.657	407.44
614.865	407.44
615.072	410.44
615.28	403.44
615.488	408.44
615.695	410.44
615.903	401.44
616.111	396.44
616.318	420.44
616.526	401.44
616.733	394.44
616.941	412.44
617.148	417.44
617.356	400.44
617.563	406.44
617.771	429.44
617.978	387.44
618.185	429.44
618.393	412.44
618.6	436.44
618.807	416.44
619.015	402.44
619.222	391.44
619.429	418.44
619.637	384.44
619.844	364.44
620.051	369.44
620.258	364.44
620.466	374.44
620.673	354.44
620.88	365.44
621.087	367.44
621.294	365.44
621.501	367.44
621.708	372.44
621.915	400.44
622.122	367.44
622.329	372.44
622.536	382.44
622.743	380.44
622.95	370.44
623.157	354.44
623.364	344.44
623.571	345.44
623.778	366.44
623.985	366.44
624.192	337.44
624.399	347.44
624.606	347.44
624.812	359.44
625.019	342.44
625.226	336.44
625.433	335.44
625.639	350.44
625.846	340.44
626.053	346.44
626.259	321.44
626.466	331.44
626.673	309.44
626.879	314.44
627.086	317.44
627.293	332.44
627.499	344.44
627.706	347.44
627.912	338.44
628.119	331.44
628.325	355.44
628.532	341.44
628.738	324.44
628.945	315.44
629.151	336.44
629.357	329.44
629.564	326.44
629.77	311.44
629.976	312.44
630.183	310.44
630.389	298.44
630.595	314.44
630.802	317.44
631.008	328.44
631.214	312.44
631.42	308.44
631.627	328.44
631.833	316.44
632.039	310.44
632.245	290.44
632.451	297.44
632.657	271.44
632.863	299.44
633.069	304.44
633.275	300.44
633.481	296.44
633.688	293.44
633.893	309.44
634.099	295.44
634.305	297.44
634.511	273.44
634.717	294.44
634.923	305.44
635.129	280.44
635.335	286.44
635.541	290.44
635.747	308.44
635.952	302.44
636.158	323.44
636.364	399.44
636.57	475.44
636.775	371.44
636.981	335.44
637.187	326.44
637.392	317.44
637.598	304.44
637.804	307.44
638.009	284.44
638.215	296.44
638.421	274.44
638.626	288.44
638.832	271.44
639.037	263.44
639.243	283.44
639.448	280.44
639.654	275.44
639.859	261.44
640.065	279.44
640.27	276.44
640.475	281.44
640.681	270.44
640.886	249.44
641.091	240.44
641.297	261.44
641.502	252.44
641.707	288.44
641.913	290.44
642.118	272.44
642.323	254.44
642.528	275.44
642.733	263.44
642.939	249.44
643.144	258.44
643.349	246.44
643.554	247.44
643.759	258.44
643.964	243.44
644.169	266.44
644.374	261.44
644.579	243.44
644.784	248.44
644.989	247.44
645.194	255.44
645.399	251.44
645.604	249.44
645.809	249.44
646.014	246.44
646.219	251.44
646.423	270.44
646.628	240.44
646.833	260.44
647.038	245.44
647.243	250.44
647.447	269.44
647.652	266.44
647.857	252.44
648.062	276.44
648.266	270.44
648.471	275.44
648.676	266.44
648.88	262.44
649.085	267.44
649.289	264.44
649.494	286.44
649.698	296.44
649.903	275.44
650.107	251.44
650.312	250.44
650.516	234.44
650.721	231.44
650.925	230.44
651.13	230.44
651.334	222.44
651.539	205.44
651.743	228.44
651.947	209.44
652.152	221.44
652.356	206.44
652.56	201.44
652.764	210.44
652.969	201.44
653.173	189.44
653.377	200.44
653.581	201.44
653.785	200.44
653.99	198.44
654.194	203.44
654.398	189.44
654.602	203.44
654.806	193.44
655.01	209.44
655.214	178.44
655.418	187.44
655.622	183.44
655.826	196.44
656.03	202.44
656.234	200.44
656.438	195.44
656.642	179.44
656.846	172.44
657.049	163.44
657.253	156.44
657.457	151.44
657.661	148.44
657.865	147.44
658.068	131.44
658.272	135.44
658.476	130.44
658.68	132.44
658.883	131.44
659.087	115.44
659.291	125.44
659.494	107.44
659.698	117.44
659.901	136.44
660.105	114.44
660.309	108.44
660.512	110.44
660.716	77.44
660.919	99.44
661.123	105.44
661.326	86.44
661.53	90.44
661.733	87.44
661.936	99.44
662.14	107.44
662.343	82.44
662.546	80.44
662.75	75.44
662.953	74.44
663.156	83.44
663.36	84.44
663.563	74.44
663.766	79.44
663.969	76.44
664.173	80.44
664.376	89.44
664.579	85.44
664.782	61.44
664.985	74.44
665.188	80.44
665.391	72.44
665.594	73.44
665.797	66.44
666	82.44
666.203	73.44
666.406	66.44
666.609	70.44
666.812	69.44
667.015	83.44
667.218	76.44
667.421	81.44
667.624	75.44
667.827	87.44
668.03	74.44
668.232	76.44
668.435	80.44
668.638	95.44
668.841	70.44
669.043	71.44
669.246	78.44
669.449	75.44
669.651	92.44
669.854	79.44
670.057	94.44
670.259	75.44
670.462	75.44
670.665	88.44
670.867	69.44
671.07	76.44
671.272	88.44
671.475	84.44
671.677	81.44
671.88	81.44
672.082	75.44
672.284	93.44
672.487	79.44
672.689	81.44
672.892	65.44
