223.165	-18.5
223.4	-18.5
223.635	-18.5
223.869	-7.5
224.104	-21.5
224.338	-13.5
224.573	-7.5
224.808	-0.5
225.042	-6.5
225.277	-19.5
225.511	-6.5
225.746	-0.5
225.98	-2.5
226.215	23.5
226.449	21.5
226.683	15.5
226.918	23.5
227.152	20.5
227.387	37.5
227.621	39.5
227.856	44.5
228.09	49.5
228.324	52.5
228.559	63.5
228.793	73.5
229.027	127.5
229.262	152.5
229.496	132.5
229.73	193.5
229.964	212.5
230.199	179.5
230.433	168.5
230.667	147.5
230.901	145.5
231.136	145.5
231.37	163.5
231.604	147.5
231.838	146.5
232.072	158.5
232.306	157.5
232.541	166.5
232.775	153.5
233.009	155.5
233.243	157.5
233.477	149.5
233.711	150.5
233.945	155.5
234.179	154.5
234.413	149.5
234.647	150.5
234.881	155.5
235.115	167.5
235.349	176.5
235.583	160.5
235.817	170.5
236.051	181.5
236.285	173.5
236.519	181.5
236.753	180.5
236.987	205.5
237.221	258.5
237.455	320.5
237.689	256.5
237.922	202.5
238.156	193.5
238.39	209.5
238.624	182.5
238.858	177.5
239.091	174.5
239.325	173.5
239.559	188.5
239.793	189.5
240.027	194.5
240.26	197.5
240.494	219.5
240.728	207.5
240.961	205.5
241.195	202.5
241.429	194.5
241.662	211.5
241.896	205.5
242.13	187.5
242.363	205.5
242.597	211.5
242.83	204.5
243.064	216.5
243.298	209.5
243.531	207.5
243.765	220.5
243.998	224.5
244.232	218.5
244.465	240.5
244.699	228.5
244.932	224.5
245.166	234.5
245.399	243.5
245.633	219.5
245.866	234.5
246.099	214.5
246.333	247.5
246.566	224.5
246.8	234.5
247.033	241.5
247.266	246.5
247.5	253.5
247.733	267.5
247.966	257.5
248.2	269.5
248.433	275.5
248.666	269.5
248.899	267.5
249.133	299.5
249.366	323.5
249.599	313.5
249.832	313.5
250.066	328.5
250.299	347.5
250.532	419.5
250.765	451.5
250.998	430.5
251.231	395.5
251.465	349.5
251.698	346.5
251.931	328.5
252.164	317.5
252.397	324.5
252.63	344.5
252.863	333.5
253.096	339.5
253.329	345.5
253.562	349.5
253.795	349.5
254.028	333.5
254.261	350.5
254.494	349.5
254.727	383.5
254.96	413.5
255.193	419.5
255.426	408.5
255.659	415.5
255.892	518.5
256.124	658.5
256.357	703.5
256.59	586.5
256.823	481.5
257.056	465.5
257.289	422.5
257.521	401.5
257.754	396.5
257.987	388.5
258.22	377.5
258.452	380.5
258.685	361.5
258.918	354.5
259.151	353.5
259.383	377.5
259.616	368.5
259.849	383.5
260.081	358.5
260.314	388.5
260.547	402.5
260.779	388.5
261.012	369.5
261.244	363.5
261.477	369.5
261.71	362.5
261.942	390.5
262.175	386.5
262.407	395.5
262.64	361.5
262.872	369.5
263.105	353.5
263.337	339.5
263.57	341.5
263.802	364.5
264.035	352.5
264.267	345.5
264.499	366.5
264.732	349.5
264.964	368.5
265.197	373.5
265.429	365.5
265.661	379.5
265.894	375.5
266.126	363.5
266.358	375.5
266.591	373.5
266.823	394.5
267.055	397.5
267.287	387.5
267.52	388.5
267.752	372.5
267.984	394.5
268.216	401.5
268.448	392.5
268.681	403.5
268.913	402.5
269.145	414.5
269.377	443.5
269.609	447.5
269.841	426.5
270.073	445.5
270.306	465.5
270.538	493.5
270.77	461.5
271.002	449.5
271.234	458.5
271.466	478.5
271.698	471.5
271.93	485.5
272.162	493.5
272.394	500.5
272.626	483.5
272.858	490.5
273.09	479.5
273.322	446.5
273.553	461.5
273.785	440.5
274.017	445.5
274.249	433.5
274.481	448.5
274.713	458.5
274.945	461.5
275.176	469.5
275.408	476.5
275.64	489.5
275.872	494.5
276.104	485.5
276.335	482.5
276.567	506.5
276.799	517.5
277.031	567.5
277.262	578.5
277.494	582.5
277.726	536.5
277.957	555.5
278.189	534.5
278.421	503.5
278.652	520.5
278.884	489.5
279.115	505.5
279.347	513.5
279.579	494.5
279.81	519.5
280.042	522.5
280.273	557.5
280.505	575.5
280.736	522.5
280.968	529.5
281.199	532.5
281.431	515.5
281.662	518.5
281.894	487.5
282.125	531.5
282.356	538.5
282.588	563.5
282.819	589.5
283.051	547.5
283.282	509.5
283.513	513.5
283.745	529.5
283.976	528.5
284.207	537.5
284.439	523.5
284.67	541.5
284.901	517.5
285.132	519.5
285.364	534.5
285.595	525.5
285.826	522.5
286.057	524.5
286.288	535.5
286.52	534.5
286.751	546.5
286.982	547.5
287.213	524.5
287.444	537.5
287.675	548.5
287.906	572.5
288.138	582.5
288.369	557.5
288.6	544.5
288.831	564.5
289.062	543.5
289.293	538.5
289.524	550.5
289.755	533.5
289.986	548.5
290.217	556.5
290.448	557.5
290.679	578.5
290.91	542.5
291.141	562.5
291.371	560.5
291.602	561.5
291.833	533.5
292.064	529.5
292.295	547.5
292.526	572.5
292.757	559.5
292.987	571.5
293.218	549.5
293.449	554.5
293.68	567.5
293.91	562.5
294.141	564.5
294.372	559.5
294.603	571.5
294.833	562.5
295.064	578.5
295.295	535.5
295.525	552.5
295.756	584.5
295.987	591.5
296.217	638.5
296.448	670.5
296.679	593.5
296.909	597.5
297.14	584.5
297.37	577.5
297.601	600.5
297.831	601.5
298.062	576.5
298.292	618.5
298.523	631.5
298.753	593.5
298.984	605.5
299.214	603.5
299.445	625.5
299.675	602.5
299.905	617.5
300.136	629.5
300.366	639.5
300.597	615.5
300.827	637.5
301.057	644.5
301.288	659.5
301.518	646.5
301.748	651.5
301.979	655.5
302.209	647.5
302.439	639.5
302.669	640.5
302.9	623.5
303.13	651.5
303.36	679.5
303.59	687.5
303.82	696.5
304.051	705.5
304.281	689.5
304.511	657.5
304.741	679.5
304.971	671.5
305.201	681.5
305.431	643.5
305.661	654.5
305.891	650.5
306.121	651.5
306.352	679.5
306.582	695.5
306.812	657.5
307.042	685.5
307.272	710.5
307.502	700.5
307.731	708.5
307.961	697.5
308.191	695.5
308.421	671.5
308.651	686.5
308.881	679.5
309.111	697.5
309.341	696.5
309.571	718.5
309.8	734.5
310.03	739.5
310.26	771.5
310.49	732.5
310.72	752.5
310.949	787.5
311.179	806.5
311.409	740.5
311.639	751.5
311.868	738.5
312.098	783.5
312.328	748.5
312.557	805.5
312.787	782.5
313.017	780.5
313.246	780.5
313.476	753.5
313.706	787.5
313.935	810.5
314.165	813.5
314.394	808.5
314.624	810.5
314.853	792.5
315.083	821.5
315.312	795.5
315.542	749.5
315.771	726.5
316.001	737.5
316.23	761.5
316.46	763.5
316.689	762.5
316.919	780.5
317.148	803.5
317.377	799.5
317.607	788.5
317.836	794.5
318.065	788.5
318.295	787.5
318.524	777.5
318.753	760.5
318.983	787.5
319.212	790.5
319.441	787.5
319.67	832.5
319.9	788.5
320.129	806.5
320.358	811.5
320.587	812.5
320.816	830.5
321.046	861.5
321.275	826.5
321.504	865.5
321.733	844.5
321.962	854.5
322.191	895.5
322.42	939.5
322.649	918.5
322.878	958.5
323.108	961.5
323.337	1011.5
323.566	1082.5
323.795	1147.5
324.024	1210.5
324.253	1485.5
324.482	2050.5
324.71	3122.5
324.939	4324.5
325.168	3526.5
325.397	1937.5
325.626	1464.5
325.855	1246.5
326.084	1229.5
326.313	1197.5
326.542	1182.5
326.77	1278.5
326.999	1514.5
327.228	1983.5
327.457	2910.5
327.686	3452.5
327.914	2365.5
328.143	1864.5
328.372	1935.5
328.6	1749.5
328.829	1468.5
329.058	1417.5
329.287	1483.5
329.515	1453.5
329.744	1509.5
329.972	1731.5
330.201	2209.5
330.43	2702.5
330.658	2331.5
330.887	1750.5
331.115	1570.5
331.344	1363.5
331.572	1294.5
331.801	1262.5
332.03	1266.5
332.258	1269.5
332.486	1235.5
332.715	1251.5
332.943	1298.5
333.172	1379.5
333.4	1467.5
333.629	1509.5
333.857	1683.5
334.085	1901.5
334.314	2468.5
334.542	3228.5
334.771	3447.5
334.999	2313.5
335.227	1651.5
335.455	1431.5
335.684	1359.5
335.912	1273.5
336.14	1231.5
336.369	1206.5
336.597	1186.5
336.825	1180.5
337.053	1144.5
337.281	1099.5
337.51	1113.5
337.738	1104.5
337.966	1075.5
338.194	1055.5
338.422	1054.5
338.65	1061.5
338.878	1037.5
339.106	1027.5
339.334	1047.5
339.562	1007.5
339.79	987.5
340.018	969.5
340.246	977.5
340.474	1025.5
340.702	990.5
340.93	979.5
341.158	1007.5
341.386	970.5
341.614	987.5
341.842	960.5
342.07	974.5
342.298	1004.5
342.526	949.5
342.754	954.5
342.981	948.5
343.209	964.5
343.437	1003.5
343.665	1037.5
343.893	1076.5
344.12	1069.5
344.348	1046.5
344.576	1034.5
344.804	1006.5
345.031	1015.5
345.259	1056.5
345.487	1021.5
345.714	1003.5
345.942	974.5
346.17	964.5
346.397	944.5
346.625	957.5
346.853	946.5
347.08	977.5
347.308	930.5
347.535	986.5
347.763	974.5
347.99	1003.5
348.218	947.5
348.445	950.5
348.673	978.5
348.9	948.5
349.128	941.5
349.355	948.5
349.583	932.5
349.81	901.5
350.037	909.5
350.265	928.5
350.492	916.5
350.72	963.5
350.947	935.5
351.174	940.5
351.402	961.5
351.629	965.5
351.856	948.5
352.083	966.5
352.311	970.5
352.538	977.5
352.765	965.5
352.992	957.5
353.22	955.5
353.447	945.5
353.674	951.5
353.901	913.5
354.128	907.5
354.355	909.5
354.583	921.5
354.81	886.5
355.037	907.5
355.264	945.5
355.491	908.5
355.718	898.5
355.945	888.5
356.172	899.5
356.399	906.5
356.626	918.5
356.853	896.5
357.08	900.5
357.307	895.5
357.534	890.5
357.761	912.5
357.988	895.5
358.215	895.5
358.441	907.5
358.668	910.5
358.895	904.5
359.122	926.5
359.349	940.5
359.576	950.5
359.802	1044.5
360.029	1056.5
360.256	1075.5
360.483	1049.5
360.709	974.5
360.936	966.5
361.163	959.5
361.39	986.5
361.616	991.5
361.843	998.5
362.07	958.5
362.296	955.5
362.523	983.5
362.749	965.5
362.976	971.5
363.203	965.5
363.429	932.5
363.656	953.5
363.882	945.5
364.109	944.5
364.335	962.5
364.562	937.5
364.788	921.5
365.015	960.5
365.241	965.5
365.468	961.5
365.694	979.5
365.92	953.5
366.147	952.5
366.373	955.5
366.599	951.5
366.826	926.5
367.052	933.5
367.278	926.5
367.505	971.5
367.731	945.5
367.957	952.5
368.184	944.5
368.41	1002.5
368.636	995.5
368.862	994.5
369.089	991.5
369.315	930.5
369.541	940.5
369.767	997.5
369.993	999.5
370.219	997.5
370.445	974.5
370.672	995.5
370.898	972.5
371.124	988.5
371.35	987.5
371.576	1005.5
371.802	1006.5
372.028	994.5
372.254	1021.5
372.48	1015.5
372.706	1050.5
372.932	1030.5
373.158	1038.5
373.384	988.5
373.61	1017.5
373.835	1030.5
374.061	992.5
374.287	1004.5
374.513	1060.5
374.739	1058.5
374.965	1076.5
375.191	1067.5
375.416	1067.5
375.642	1061.5
375.868	1021.5
376.094	1025.5
376.319	1039.5
376.545	987.5
376.771	1021.5
376.997	1020.5
377.222	1013.5
377.448	977.5
377.674	971.5
377.899	1003.5
378.125	996.5
378.35	967.5
378.576	992.5
378.802	971.5
379.027	1006.5
379.253	998.5
379.478	968.5
379.704	1001.5
379.929	990.5
380.155	1001.5
380.38	971.5
380.606	1013.5
380.831	1010.5
381.057	1041.5
381.282	1009.5
381.507	1014.5
381.733	1031.5
381.958	1026.5
382.184	1032.5
382.409	1026.5
382.634	1032.5
382.86	1066.5
383.085	1072.5
383.31	1067.5
383.535	1079.5
383.761	1098.5
383.986	1092.5
384.211	1111.5
384.436	1115.5
384.662	1142.5
384.887	1157.5
385.112	1144.5
385.337	1167.5
385.562	1171.5
385.787	1187.5
386.013	1176.5
386.238	1191.5
386.463	1205.5
386.688	1185.5
386.913	1186.5
387.138	1175.5
387.363	1137.5
387.588	1174.5
387.813	1169.5
388.038	1170.5
388.263	1185.5
388.488	1166.5
388.713	1163.5
388.938	1178.5
389.163	1145.5
389.387	1134.5
389.612	1159.5
389.837	1151.5
390.062	1153.5
390.287	1136.5
390.512	1149.5
390.736	1178.5
390.961	1191.5
391.186	1181.5
391.411	1219.5
391.636	1268.5
391.86	1288.5
392.085	1309.5
392.31	1305.5
392.534	1265.5
392.759	1277.5
392.984	1228.5
393.208	1227.5
393.433	1247.5
393.658	1252.5
393.882	1242.5
394.107	1248.5
394.331	1233.5
394.556	1280.5
394.78	1268.5
395.005	1257.5
395.229	1233.5
395.454	1305.5
395.678	1329.5
395.903	1330.5
396.127	1335.5
396.352	1339.5
396.576	1302.5
396.801	1255.5
397.025	1295.5
397.249	1298.5
397.474	1328.5
397.698	1325.5
397.922	1347.5
398.147	1382.5
398.371	1410.5
398.595	1369.5
398.82	1427.5
399.044	1507.5
399.268	1658.5
399.492	1828.5
399.717	1998.5
399.941	1992.5
400.165	1893.5
400.389	1793.5
400.613	1688.5
400.837	1521.5
401.062	1505.5
401.286	1522.5
401.51	1479.5
401.734	1478.5
401.958	1509.5
402.182	1501.5
402.406	1561.5
402.63	1618.5
402.854	1620.5
403.078	1594.5
403.302	1608.5
403.526	1690.5
403.75	1649.5
403.974	1687.5
404.198	1686.5
404.422	1709.5
404.645	1761.5
404.869	1795.5
405.093	1918.5
405.317	1956.5
405.541	2018.5
405.765	1889.5
405.988	1827.5
406.212	1803.5
406.436	1817.5
406.66	1857.5
406.883	1771.5
407.107	1910.5
407.331	1969.5
407.555	2083.5
407.778	2082.5
408.002	1933.5
408.226	1854.5
408.449	1833.5
408.673	1779.5
408.896	1817.5
409.12	1801.5
409.344	1795.5
409.567	1733.5
409.791	1653.5
410.014	1662.5
410.238	1657.5
410.461	1631.5
410.685	1621.5
410.908	1604.5
411.132	1669.5
411.355	1714.5
411.578	1669.5
411.802	1653.5
412.025	1648.5
412.249	1747.5
412.472	1856.5
412.695	1942.5
412.919	1942.5
413.142	1823.5
413.365	1742.5
413.589	1709.5
413.812	1640.5
414.035	1585.5
414.258	1571.5
414.482	1582.5
414.705	1551.5
414.928	1532.5
415.151	1554.5
415.374	1558.5
415.597	1497.5
415.821	1478.5
416.044	1510.5
416.267	1533.5
416.49	1479.5
416.713	1506.5
416.936	1507.5
417.159	1525.5
417.382	1529.5
417.605	1541.5
417.828	1597.5
418.051	1614.5
418.274	1569.5
418.497	1551.5
418.72	1622.5
418.943	1573.5
419.166	1648.5
419.389	1731.5
419.611	1735.5
419.834	1728.5
420.057	1732.5
420.28	1790.5
420.503	1810.5
420.726	1747.5
420.948	1700.5
421.171	1729.5
421.394	1729.5
421.617	1610.5
421.839	1563.5
422.062	1590.5
422.285	1561.5
422.507	1705.5
422.73	1781.5
422.953	1741.5
423.175	1669.5
423.398	1661.5
423.621	1603.5
423.843	1675.5
424.066	1644.5
424.288	1640.5
424.511	1663.5
424.733	1746.5
424.956	1837.5
425.178	1805.5
425.401	1820.5
425.623	1791.5
425.846	1618.5
426.068	1607.5
426.291	1557.5
426.513	1569.5
426.735	1558.5
426.958	1617.5
427.18	1699.5
427.402	1939.5
427.625	2132.5
427.847	1991.5
428.069	1880.5
428.292	1731.5
428.514	1568.5
428.736	1529.5
428.958	1505.5
429.181	1432.5
429.403	1453.5
429.625	1420.5
429.847	1488.5
430.069	1574.5
430.292	1573.5
430.514	1446.5
430.736	1433.5
430.958	1430.5
431.18	1367.5
431.402	1401.5
431.624	1372.5
431.846	1367.5
432.068	1356.5
432.29	1431.5
432.512	1399.5
432.734	1378.5
432.956	1394.5
433.178	1408.5
433.4	1434.5
433.622	1408.5
433.844	1415.5
434.066	1393.5
434.287	1407.5
434.509	1418.5
434.731	1486.5
434.953	1503.5
435.175	1541.5
435.397	1519.5
435.618	1486.5
435.84	1598.5
436.062	1687.5
436.284	1792.5
436.505	1533.5
436.727	1497.5
436.949	1460.5
437.17	1437.5
437.392	1408.5
437.614	1421.5
437.835	1498.5
438.057	1643.5
438.278	1771.5
438.5	1728.5
438.721	1901.5
438.943	1803.5
439.165	1526.5
439.386	1521.5
439.608	1501.5
439.829	1483.5
440.05	1572.5
440.272	1668.5
440.493	1583.5
440.715	1534.5
440.936	1508.5
441.158	1527.5
441.379	1525.5
441.6	1583.5
441.822	1594.5
442.043	1668.5
442.264	1757.5
442.486	1781.5
442.707	1605.5
442.928	1573.5
443.149	1630.5
443.371	1654.5
443.592	1699.5
443.813	1801.5
444.034	1898.5
444.255	1713.5
444.476	1676.5
444.698	1726.5
444.919	1695.5
445.14	1841.5
445.361	1723.5
445.582	1678.5
445.803	1737.5
446.024	1833.5
446.245	1828.5
446.466	1715.5
446.687	1572.5
446.908	1540.5
447.129	1420.5
447.35	1412.5
447.571	1398.5
447.792	1369.5
448.013	1406.5
448.234	1403.5
448.455	1494.5
448.675	1646.5
448.896	1814.5
449.117	1556.5
449.338	1541.5
449.559	1726.5
449.779	1862.5
450	1525.5
450.221	1422.5
450.442	1358.5
450.662	1346.5
450.883	1357.5
451.104	1411.5
451.324	1429.5
451.545	1353.5
451.766	1299.5
451.986	1273.5
452.207	1277.5
452.428	1255.5
452.648	1237.5
452.869	1279.5
453.089	1272.5
453.31	1299.5
453.53	1247.5
453.751	1254.5
453.971	1254.5
454.192	1270.5
454.412	1259.5
454.633	1253.5
454.853	1225.5
455.073	1204.5
455.294	1245.5
455.514	1340.5
455.734	1275.5
455.955	1191.5
456.175	1169.5
456.395	1152.5
456.616	1143.5
456.836	1149.5
457.056	1157.5
457.276	1134.5
457.497	1157.5
457.717	1156.5
457.937	1180.5
458.157	1185.5
458.377	1213.5
458.598	1257.5
458.818	1393.5
459.038	1538.5
459.258	1540.5
459.478	1415.5
459.698	1364.5
459.918	1371.5
460.138	1429.5
460.358	1497.5
460.578	1478.5
460.798	1485.5
461.018	1488.5
461.238	1452.5
461.458	1438.5
461.678	1429.5
461.898	1469.5
462.118	1501.5
462.338	1574.5
462.558	1609.5
462.777	1623.5
462.997	1738.5
463.217	1818.5
463.437	1822.5
463.657	1700.5
463.876	1659.5
464.096	1697.5
464.316	1627.5
464.536	1687.5
464.755	1628.5
464.975	1614.5
465.195	1708.5
465.414	1815.5
465.634	1579.5
465.854	1449.5
466.073	1411.5
466.293	1358.5
466.512	1321.5
466.732	1313.5
466.951	1285.5
467.171	1317.5
467.391	1357.5
467.61	1368.5
467.829	1398.5
468.049	1557.5
468.268	1960.5
468.488	1649.5
468.707	1422.5
468.927	1370.5
469.146	1325.5
469.365	1328.5
469.585	1328.5
469.804	1356.5
470.023	1391.5
470.243	1383.5
470.462	1409.5
470.681	1447.5
470.901	1435.5
471.12	1398.5
471.339	1370.5
471.558	1387.5
471.777	1411.5
471.997	1468.5
472.216	1923.5
472.435	3269.5
472.654	2535.5
472.873	1798.5
473.092	1581.5
473.311	1465.5
473.53	1442.5
473.749	1371.5
473.968	1424.5
474.187	1531.5
474.406	1498.5
474.625	1413.5
474.844	1345.5
475.063	1333.5
475.282	1311.5
475.501	1338.5
475.72	1327.5
475.939	1346.5
476.158	1353.5
476.377	1333.5
476.596	1339.5
476.814	1345.5
477.033	1392.5
477.252	1381.5
477.471	1425.5
477.69	1417.5
477.908	1450.5
478.127	1465.5
478.346	1465.5
478.564	1494.5
478.783	1531.5
479.002	1540.5
479.22	1574.5
479.439	1582.5
479.658	1625.5
479.876	1648.5
480.095	1693.5
480.313	1774.5
480.532	1852.5
480.751	1915.5
480.969	2307.5
481.188	4255.5
481.406	5227.5
481.624	2878.5
481.843	2253.5
482.061	2043.5
482.28	1864.5
482.498	1787.5
482.717	1729.5
482.935	1698.5
483.153	1661.5
483.372	1645.5
483.59	1617.5
483.808	1606.5
484.027	1604.5
484.245	1632.5
484.463	1603.5
484.681	1593.5
484.9	1603.5
485.118	1617.5
485.336	1629.5
485.554	1602.5
485.772	1607.5
485.99	1597.5
486.209	1606.5
486.427	1649.5
486.645	1667.5
486.863	1701.5
487.081	1664.5
487.299	1669.5
487.517	1637.5
487.735	1657.5
487.953	1715.5
488.171	1661.5
488.389	1619.5
488.607	1672.5
488.825	1676.5
489.043	1659.5
489.261	1674.5
489.479	1718.5
489.696	1721.5
489.914	1700.5
490.132	1717.5
490.35	1775.5
490.568	1790.5
490.786	1838.5
491.003	1858.5
491.221	1915.5
491.439	1946.5
491.657	1961.5
491.874	2077.5
492.092	2072.5
492.31	2102.5
492.527	2147.5
492.745	2164.5
492.963	2160.5
493.18	2167.5
493.398	2158.5
493.615	2089.5
493.833	2104.5
494.05	2042.5
494.268	2052.5
494.485	2038.5
494.703	1982.5
494.92	1991.5
495.138	1980.5
495.355	1944.5
495.573	1972.5
495.79	1955.5
496.008	1977.5
496.225	1932.5
496.442	1919.5
496.66	1908.5
496.877	1930.5
497.094	1926.5
497.312	1947.5
497.529	1945.5
497.746	1987.5
497.963	2033.5
498.181	2107.5
498.398	2119.5
498.615	2232.5
498.832	2329.5
499.049	2411.5
499.267	2571.5
499.484	2757.5
499.701	2916.5
499.918	3083.5
500.135	3397.5
500.352	3796.5
500.569	3936.5
500.786	3922.5
501.003	3735.5
501.22	3414.5
501.437	3077.5
501.654	2827.5
501.871	2737.5
502.088	2523.5
502.305	2397.5
502.522	2237.5
502.739	2179.5
502.956	2107.5
503.172	2023.5
503.389	1973.5
503.606	1969.5
503.823	1929.5
504.04	1929.5
504.256	1929.5
504.473	1877.5
504.69	1931.5
504.907	1919.5
505.123	1832.5
505.34	1734.5
505.557	1723.5
505.773	1659.5
505.99	1681.5
506.207	1681.5
506.423	1628.5
506.64	1596.5
506.856	1593.5
507.073	1609.5
507.289	1573.5
507.506	1588.5
507.722	1587.5
507.939	1611.5
508.155	1611.5
508.372	1514.5
508.588	1533.5
508.805	1493.5
509.021	1467.5
509.238	1485.5
509.454	1507.5
509.67	1507.5
509.887	1509.5
510.103	1533.5
510.319	1574.5
510.536	1883.5
510.752	3545.5
510.968	2523.5
511.184	1610.5
511.401	1535.5
511.617	1527.5
511.833	1568.5
512.049	1611.5
512.265	1575.5
512.481	1560.5
512.698	1541.5
512.914	1486.5
513.13	1522.5
513.346	1482.5
513.562	1502.5
513.778	1518.5
513.994	1521.5
514.21	1556.5
514.426	1584.5
514.642	1665.5
514.858	1735.5
515.074	1813.5
515.29	2257.5
515.506	3625.5
515.721	2713.5
515.937	1828.5
516.153	1690.5
516.369	1621.5
516.585	1643.5
516.801	1642.5
517.016	1658.5
517.232	1688.5
517.448	1752.5
517.664	1793.5
517.879	1791.5
518.095	1762.5
518.311	1742.5
518.527	1707.5
518.742	1644.5
518.958	1614.5
519.173	1585.5
519.389	1546.5
519.605	1533.5
519.82	1508.5
520.036	1593.5
520.251	1582.5
520.467	1624.5
520.682	1590.5
520.898	1612.5
521.113	1665.5
521.329	1790.5
521.544	1941.5
521.76	2557.5
521.975	4762.5
522.19	4312.5
522.406	2191.5
522.621	1642.5
522.836	1533.5
523.052	1449.5
523.267	1424.5
523.482	1390.5
523.698	1332.5
523.913	1379.5
524.128	1373.5
524.343	1304.5
524.559	1299.5
524.774	1254.5
524.989	1297.5
525.204	1300.5
525.419	1294.5
525.634	1264.5
525.849	1271.5
526.064	1262.5
526.28	1212.5
526.495	1198.5
526.71	1203.5
526.925	1203.5
527.14	1185.5
527.355	1184.5
527.57	1181.5
527.785	1171.5
527.999	1220.5
528.214	1202.5
528.429	1177.5
528.644	1199.5
528.859	1224.5
529.074	1241.5
529.289	1257.5
529.503	1475.5
529.718	1379.5
529.933	1268.5
530.148	1222.5
530.363	1220.5
530.577	1159.5
530.792	1159.5
531.007	1165.5
531.221	1160.5
531.436	1126.5
531.651	1157.5
531.865	1152.5
532.08	1172.5
532.295	1163.5
532.509	1151.5
532.724	1170.5
532.938	1141.5
533.153	1151.5
533.367	1154.5
533.582	1153.5
533.796	1163.5
534.011	1138.5
534.225	1150.5
534.44	1124.5
534.654	1155.5
534.868	1136.5
535.083	1130.5
535.297	1147.5
535.511	1148.5
535.726	1149.5
535.94	1170.5
536.154	1141.5
536.369	1085.5
536.583	1106.5
536.797	1072.5
537.011	1066.5
537.225	1070.5
537.44	1069.5
537.654	1061.5
537.868	1057.5
538.082	1022.5
538.296	1037.5
538.51	1043.5
538.724	1061.5
538.938	1042.5
539.153	1066.5
539.367	1113.5
539.581	1092.5
539.795	1055.5
540.009	1075.5
540.222	1032.5
540.436	1053.5
540.65	1057.5
540.864	1089.5
541.078	1098.5
541.292	1114.5
541.506	1086.5
541.72	1074.5
541.934	1092.5
542.147	1106.5
542.361	1105.5
542.575	1065.5
542.789	1033.5
543.002	1030.5
543.216	1059.5
543.43	1060.5
543.644	1043.5
543.857	1071.5
544.071	1073.5
544.285	1058.5
544.498	1046.5
544.712	1079.5
544.925	1054.5
545.139	1066.5
545.352	1092.5
545.566	1065.5
545.779	1077.5
545.993	1071.5
546.206	1065.5
546.42	1098.5
546.633	1075.5
546.847	1080.5
547.06	1110.5
547.274	1112.5
547.487	1070.5
547.7	1071.5
547.914	1071.5
548.127	1081.5
548.34	1053.5
548.554	1052.5
548.767	1055.5
548.98	1070.5
549.193	1103.5
549.407	1090.5
549.62	1073.5
549.833	1072.5
550.046	1061.5
550.259	1065.5
550.473	1007.5
550.686	1007.5
550.899	1030.5
551.112	1034.5
551.325	1029.5
551.538	1033.5
551.751	968.5
551.964	1021.5
552.177	1019.5
552.39	1046.5
552.603	1067.5
552.816	1068.5
553.029	1110.5
553.242	1125.5
553.455	1135.5
553.667	1137.5
553.88	1121.5
554.093	1102.5
554.306	1111.5
554.519	1053.5
554.732	1053.5
554.944	1055.5
555.157	1023.5
555.37	1034.5
555.583	1023.5
555.795	981.5
556.008	975.5
556.221	941.5
556.433	955.5
556.646	934.5
556.859	920.5
557.071	929.5
557.284	928.5
557.496	912.5
557.709	919.5
557.921	901.5
558.134	903.5
558.346	900.5
558.559	884.5
558.771	871.5
558.984	896.5
559.196	880.5
559.409	868.5
559.621	852.5
559.833	863.5
560.046	842.5
560.258	877.5
560.47	891.5
560.683	880.5
560.895	871.5
561.107	858.5
561.32	880.5
561.532	868.5
561.744	899.5
561.956	860.5
562.168	866.5
562.381	843.5
562.593	859.5
562.805	846.5
563.017	880.5
563.229	857.5
563.441	844.5
563.653	870.5
563.865	873.5
564.077	885.5
564.289	880.5
564.501	882.5
564.713	909.5
564.925	913.5
565.137	914.5
565.349	908.5
565.561	932.5
565.773	955.5
565.985	1005.5
566.197	1028.5
566.408	1081.5
566.62	1172.5
566.832	1231.5
567.044	1241.5
567.255	1245.5
567.467	1247.5
567.679	1326.5
567.891	1369.5
568.102	1389.5
568.314	1331.5
568.526	1218.5
568.737	1152.5
568.949	1055.5
569.161	1011.5
569.372	977.5
569.584	892.5
569.795	883.5
570.007	883.5
570.218	980.5
570.43	905.5
570.641	843.5
570.853	826.5
571.064	867.5
571.276	841.5
571.487	817.5
571.698	794.5
571.91	771.5
572.121	763.5
572.333	757.5
572.544	697.5
572.755	707.5
572.966	719.5
573.178	700.5
573.389	713.5
573.6	691.5
573.811	662.5
574.023	672.5
574.234	681.5
574.445	667.5
574.656	674.5
574.867	679.5
575.078	691.5
575.289	674.5
575.501	654.5
575.712	642.5
575.923	653.5
576.134	653.5
576.345	635.5
576.556	627.5
576.767	650.5
576.978	669.5
577.188	653.5
577.399	661.5
577.61	667.5
577.821	647.5
578.032	651.5
578.243	746.5
578.454	1314.5
578.665	895.5
578.875	653.5
579.086	613.5
579.297	582.5
579.508	607.5
579.718	602.5
579.929	597.5
580.14	586.5
580.35	570.5
580.561	603.5
580.772	589.5
580.982	581.5
581.193	625.5
581.403	605.5
581.614	597.5
581.825	582.5
582.035	580.5
582.246	585.5
582.456	588.5
582.667	587.5
582.877	545.5
583.087	561.5
583.298	577.5
583.508	564.5
583.719	528.5
583.929	559.5
584.139	534.5
584.35	577.5
584.56	554.5
584.77	554.5
584.981	525.5
585.191	527.5
585.401	562.5
585.611	549.5
585.821	550.5
586.032	548.5
586.242	526.5
586.452	549.5
586.662	539.5
586.872	535.5
587.082	547.5
587.292	537.5
587.502	545.5
587.713	530.5
587.923	531.5
588.133	531.5
588.343	540.5
588.553	532.5
588.762	555.5
588.972	549.5
589.182	535.5
589.392	549.5
589.602	587.5
589.812	572.5
590.022	557.5
590.232	541.5
590.441	545.5
590.651	533.5
590.861	543.5
591.071	565.5
591.281	549.5
591.49	543.5
591.7	562.5
591.91	578.5
592.119	588.5
592.329	577.5
592.539	597.5
592.748	605.5
592.958	625.5
593.167	623.5
593.377	637.5
593.587	677.5
593.796	644.5
594.006	667.5
594.215	683.5
594.424	645.5
594.634	650.5
594.843	635.5
595.053	593.5
595.262	587.5
595.472	586.5
595.681	525.5
595.89	537.5
596.1	541.5
596.309	541.5
596.518	529.5
596.727	521.5
596.937	525.5
597.146	501.5
597.355	510.5
597.564	516.5
597.774	495.5
597.983	490.5
598.192	474.5
598.401	479.5
598.61	480.5
598.819	502.5
599.028	458.5
599.237	473.5
599.446	488.5
599.655	460.5
599.864	463.5
600.073	462.5
600.282	476.5
600.491	466.5
600.7	471.5
600.909	486.5
601.118	444.5
601.327	445.5
601.536	467.5
601.745	466.5
601.953	483.5
602.162	467.5
602.371	475.5
602.58	466.5
602.789	460.5
602.997	489.5
603.206	440.5
603.415	465.5
603.623	449.5
603.832	461.5
604.041	458.5
604.249	476.5
604.458	446.5
604.666	410.5
604.875	433.5
605.084	430.5
605.292	436.5
605.501	452.5
605.709	451.5
605.918	431.5
606.126	452.5
606.334	456.5
606.543	447.5
606.751	442.5
606.96	451.5
607.168	445.5
607.376	430.5
607.585	457.5
607.793	468.5
608.001	443.5
608.21	433.5
608.418	447.5
608.626	437.5
608.834	443.5
609.043	422.5
609.251	445.5
609.459	429.5
609.667	434.5
609.875	433.5
610.083	450.5
610.291	445.5
610.499	436.5
610.707	446.5
610.916	445.5
611.124	450.5
611.332	451.5
611.54	431.5
611.748	459.5
611.955	417.5
612.163	425.5
612.371	425.5
612.579	432.5
612.787	438.5
612.995	445.5
613.203	431.5
613.411	426.5
613.618	427.5
613.826	414.5
614.034	420.5
614.242	413.5
614.449	401.5
614.657	429.5
614.865	409.5
615.072	400.5
615.28	410.5
615.488	436.5
615.695	408.5
615.903	409.5
616.111	403.5
616.318	400.5
616.526	436.5
616.733	429.5
616.941	413.5
617.148	440.5
617.356	391.5
617.563	404.5
617.771	395.5
617.978	386.5
618.185	405.5
618.393	412.5
618.6	410.5
618.807	407.5
619.015	397.5
619.222	398.5
619.429	386.5
619.637	416.5
619.844	405.5
620.051	407.5
620.258	408.5
620.466	381.5
620.673	384.5
620.88	381.5
621.087	361.5
621.294	361.5
621.501	375.5
621.708	368.5
621.915	374.5
622.122	390.5
622.329	359.5
622.536	400.5
622.743	380.5
622.95	355.5
623.157	359.5
623.364	374.5
623.571	366.5
623.778	354.5
623.985	358.5
624.192	347.5
624.399	359.5
624.606	368.5
624.812	364.5
625.019	373.5
625.226	362.5
625.433	343.5
625.639	348.5
625.846	336.5
626.053	350.5
626.259	311.5
626.466	338.5
626.673	341.5
626.879	322.5
627.086	323.5
627.293	328.5
627.499	339.5
627.706	350.5
627.912	342.5
628.119	341.5
628.325	345.5
628.532	337.5
628.738	331.5
628.945	331.5
629.151	350.5
629.357	338.5
629.564	333.5
629.77	338.5
629.976	317.5
630.183	325.5
630.389	333.5
630.595	324.5
630.802	334.5
631.008	314.5
631.214	317.5
631.42	309.5
631.627	314.5
631.833	302.5
632.039	326.5
632.245	291.5
632.451	302.5
632.657	287.5
632.863	310.5
633.069	314.5
633.275	308.5
633.481	323.5
633.688	299.5
633.893	311.5
634.099	286.5
634.305	297.5
634.511	307.5
634.717	319.5
634.923	295.5
635.129	286.5
635.335	305.5
635.541	310.5
635.747	322.5
635.952	324.5
636.158	335.5
636.364	398.5
636.57	486.5
636.775	405.5
636.981	361.5
637.187	340.5
637.392	337.5
637.598	305.5
637.804	301.5
638.009	309.5
638.215	310.5
638.421	313.5
638.626	293.5
638.832	287.5
639.037	281.5
639.243	285.5
639.448	267.5
639.654	264.5
639.859	269.5
640.065	295.5
640.27	285.5
640.475	294.5
640.681	259.5
640.886	275.5
641.091	275.5
641.297	267.5
641.502	248.5
641.707	265.5
641.913	265.5
642.118	277.5
642.323	256.5
642.528	271.5
642.733	258.5
642.939	254.5
643.144	274.5
643.349	262.5
643.554	272.5
643.759	256.5
643.964	251.5
644.169	258.5
644.374	249.5
644.579	256.5
644.784	270.5
644.989	255.5
645.194	258.5
645.399	269.5
645.604	253.5
645.809	251.5
646.014	256.5
646.219	239.5
646.423	260.5
646.628	269.5
646.833	281.5
647.038	265.5
647.243	239.5
647.447	263.5
647.652	250.5
647.857	261.5
648.062	264.5
648.266	275.5
648.471	275.5
648.676	280.5
648.88	265.5
649.085	261.5
649.289	273.5
649.494	256.5
649.698	283.5
649.903	281.5
650.107	250.5
650.312	246.5
650.516	239.5
650.721	255.5
650.925	230.5
651.13	223.5
651.334	213.5
651.539	233.5
651.743	231.5
651.947	203.5
652.152	224.5
652.356	215.5
652.56	209.5
652.764	203.5
652.969	201.5
653.173	212.5
653.377	202.5
653.581	200.5
653.785	215.5
653.99	193.5
654.194	198.5
654.398	199.5
654.602	180.5
654.806	203.5
655.01	198.5
655.214	194.5
655.418	177.5
655.622	189.5
655.826	196.5
656.03	183.5
656.234	188.5
656.438	197.5
656.642	189.5
656.846	179.5
657.049	181.5
657.253	165.5
657.457	170.5
657.661	143.5
657.865	149.5
658.068	154.5
658.272	145.5
658.476	135.5
658.68	128.5
658.883	116.5
659.087	127.5
659.291	117.5
659.494	121.5
659.698	113.5
659.901	124.5
660.105	111.5
660.309	112.5
660.512	111.5
660.716	118.5
660.919	109.5
661.123	105.5
661.326	101.5
661.53	101.5
661.733	109.5
661.936	98.5
662.14	96.5
662.343	95.5
662.546	99.5
662.75	84.5
662.953	87.5
663.156	94.5
663.36	98.5
663.563	83.5
663.766	84.5
663.969	91.5
664.173	93.5
664.376	88.5
664.579	73.5
664.782	85.5
664.985	74.5
665.188	77.5
665.391	98.5
665.594	75.5
665.797	70.5
666	70.5
666.203	84.5
666.406	76.5
666.609	85.5
666.812	82.5
667.015	83.5
667.218	84.5
667.421	84.5
667.624	72.5
667.827	81.5
668.03	73.5
668.232	89.5
668.435	81.5
668.638	71.5
668.841	96.5
669.043	91.5
669.246	76.5
669.449	75.5
669.651	74.5
669.854	76.5
670.057	78.5
670.259	91.5
670.462	86.5
670.665	77.5
670.867	91.5
671.07	91.5
671.272	90.5
671.475	73.5
671.677	83.5
671.88	89.5
672.082	88.5
672.284	69.5
672.487	71.5
672.689	78.5
672.892	76.5
