223.165	-14.44
223.4	-14.44
223.635	-14.44
223.869	-18.44
224.104	-17.44
224.338	-12.44
224.573	-9.44
224.808	-16.44
225.042	-1.44
225.277	2.56
225.511	-10.44
225.746	-0.44
225.98	4.56
226.215	4.56
226.449	14.56
226.683	21.56
226.918	19.56
227.152	33.56
227.387	47.56
227.621	35.56
227.856	40.56
228.09	39.56
228.324	55.56
228.559	61.56
228.793	72.56
229.027	123.56
229.262	157.56
229.496	172.56
229.73	186.56
229.964	202.56
230.199	175.56
230.433	167.56
230.667	158.56
230.901	156.56
231.136	163.56
231.37	160.56
231.604	143.56
231.838	160.56
232.072	160.56
232.306	146.56
232.541	176.56
232.775	142.56
233.009	164.56
233.243	164.56
233.477	136.56
233.711	153.56
233.945	153.56
234.179	165.56
234.413	172.56
234.647	145.56
234.881	139.56
235.115	158.56
235.349	163.56
235.583	173.56
235.817	182.56
236.051	162.56
236.285	168.56
236.519	159.56
236.753	170.56
236.987	212.56
237.221	272.56
237.455	321.56
237.689	260.56
237.922	186.56
238.156	185.56
238.39	205.56
238.624	167.56
238.858	187.56
239.091	187.56
239.325	186.56
239.559	180.56
239.793	194.56
240.027	186.56
240.26	206.56
240.494	223.56
240.728	222.56
240.961	210.56
241.195	212.56
241.429	199.56
241.662	205.56
241.896	201.56
242.13	210.56
242.363	223.56
242.597	205.56
242.83	235.56
243.064	215.56
243.298	219.56
243.531	228.56
243.765	227.56
243.998	244.56
244.232	232.56
244.465	225.56
244.699	226.56
244.932	239.56
245.166	218.56
245.399	227.56
245.633	240.56
245.866	250.56
246.099	239.56
246.333	254.56
246.566	239.56
246.8	260.56
247.033	251.56
247.266	243.56
247.5	264.56
247.733	265.56
247.966	266.56
248.2	276.56
248.433	267.56
248.666	282.56
248.899	297.56
249.133	327.56
249.366	333.56
249.599	335.56
249.832	328.56
250.066	329.56
250.299	391.56
250.532	474.56
250.765	512.56
250.998	461.56
251.231	421.56
251.465	374.56
251.698	362.56
251.931	341.56
252.164	369.56
252.397	354.56
252.63	355.56
252.863	360.56
253.096	365.56
253.329	336.56
253.562	338.56
253.795	347.56
254.028	356.56
254.261	374.56
254.494	380.56
254.727	397.56
254.96	414.56
255.193	417.56
255.426	428.56
255.659	481.56
255.892	608.56
256.124	772.56
256.357	824.56
256.59	677.56
256.823	546.56
257.056	502.56
257.289	469.56
257.521	437.56
257.754	420.56
257.987	391.56
258.22	387.56
258.452	401.56
258.685	379.56
258.918	375.56
259.151	380.56
259.383	385.56
259.616	367.56
259.849	389.56
260.081	395.56
260.314	410.56
260.547	426.56
260.779	400.56
261.012	393.56
261.244	401.56
261.477	420.56
261.71	385.56
261.942	417.56
262.175	430.56
262.407	413.56
262.64	383.56
262.872	377.56
263.105	371.56
263.337	368.56
263.57	363.56
263.802	377.56
264.035	377.56
264.267	373.56
264.499	374.56
264.732	389.56
264.964	382.56
265.197	381.56
265.429	390.56
265.661	397.56
265.894	379.56
266.126	389.56
266.358	385.56
266.591	387.56
266.823	393.56
267.055	407.56
267.287	405.56
267.52	375.56
267.752	397.56
267.984	393.56
268.216	412.56
268.448	421.56
268.681	425.56
268.913	413.56
269.145	451.56
269.377	455.56
269.609	464.56
269.841	457.56
270.073	455.56
270.306	456.56
270.538	521.56
270.77	467.56
271.002	486.56
271.234	470.56
271.466	505.56
271.698	493.56
271.93	508.56
272.162	477.56
272.394	488.56
272.626	471.56
272.858	483.56
273.09	446.56
273.322	460.56
273.553	451.56
273.785	481.56
274.017	460.56
274.249	490.56
274.481	490.56
274.713	489.56
274.945	498.56
275.176	477.56
275.408	491.56
275.64	497.56
275.872	516.56
276.104	499.56
276.335	529.56
276.567	526.56
276.799	580.56
277.031	622.56
277.262	614.56
277.494	626.56
277.726	578.56
277.957	535.56
278.189	551.56
278.421	533.56
278.652	526.56
278.884	546.56
279.115	535.56
279.347	528.56
279.579	537.56
279.81	551.56
280.042	602.56
280.273	652.56
280.505	627.56
280.736	600.56
280.968	565.56
281.199	516.56
281.431	551.56
281.662	523.56
281.894	523.56
282.125	527.56
282.356	566.56
282.588	608.56
282.819	600.56
283.051	540.56
283.282	551.56
283.513	543.56
283.745	536.56
283.976	551.56
284.207	541.56
284.439	551.56
284.67	540.56
284.901	538.56
285.132	550.56
285.364	521.56
285.595	546.56
285.826	528.56
286.057	567.56
286.288	557.56
286.52	544.56
286.751	551.56
286.982	544.56
287.213	571.56
287.444	566.56
287.675	555.56
287.906	579.56
288.138	576.56
288.369	579.56
288.6	598.56
288.831	588.56
289.062	574.56
289.293	569.56
289.524	582.56
289.755	582.56
289.986	581.56
290.217	569.56
290.448	559.56
290.679	570.56
290.91	571.56
291.141	571.56
291.371	569.56
291.602	565.56
291.833	569.56
292.064	565.56
292.295	577.56
292.526	583.56
292.757	578.56
292.987	565.56
293.218	561.56
293.449	579.56
293.68	577.56
293.91	545.56
294.141	549.56
294.372	575.56
294.603	592.56
294.833	579.56
295.064	583.56
295.295	590.56
295.525	569.56
295.756	608.56
295.987	592.56
296.217	655.56
296.448	649.56
296.679	607.56
296.909	599.56
297.14	610.56
297.37	608.56
297.601	623.56
297.831	624.56
298.062	616.56
298.292	598.56
298.523	620.56
298.753	627.56
298.984	651.56
299.214	627.56
299.445	625.56
299.675	615.56
299.905	627.56
300.136	618.56
300.366	630.56
300.597	656.56
300.827	649.56
301.057	682.56
301.288	681.56
301.518	684.56
301.748	673.56
301.979	683.56
302.209	690.56
302.439	690.56
302.669	664.56
302.9	662.56
303.13	665.56
303.36	677.56
303.59	689.56
303.82	713.56
304.051	726.56
304.281	681.56
304.511	681.56
304.741	680.56
304.971	689.56
305.201	693.56
305.431	681.56
305.661	676.56
305.891	641.56
306.121	667.56
306.352	661.56
306.582	694.56
306.812	711.56
307.042	715.56
307.272	727.56
307.502	769.56
307.731	765.56
307.961	717.56
308.191	699.56
308.421	695.56
308.651	697.56
308.881	706.56
309.111	699.56
309.341	721.56
309.571	747.56
309.8	723.56
310.03	747.56
310.26	755.56
310.49	758.56
310.72	775.56
310.949	809.56
311.179	813.56
311.409	783.56
311.639	797.56
311.868	744.56
312.098	784.56
312.328	783.56
312.557	823.56
312.787	824.56
313.017	836.56
313.246	784.56
313.476	784.56
313.706	788.56
313.935	789.56
314.165	827.56
314.394	819.56
314.624	839.56
314.853	799.56
315.083	765.56
315.312	803.56
315.542	787.56
315.771	787.56
316.001	790.56
316.23	764.56
316.46	815.56
316.689	817.56
316.919	816.56
317.148	818.56
317.377	827.56
317.607	811.56
317.836	824.56
318.065	827.56
318.295	820.56
318.524	830.56
318.753	833.56
318.983	831.56
319.212	817.56
319.441	864.56
319.67	840.56
319.9	819.56
320.129	837.56
320.358	833.56
320.587	843.56
320.816	849.56
321.046	868.56
321.275	872.56
321.504	863.56
321.733	873.56
321.962	887.56
322.191	923.56
322.42	958.56
322.649	978.56
322.878	973.56
323.108	1017.56
323.337	1057.56
323.566	1100.56
323.795	1161.56
324.024	1299.56
324.253	1509.56
324.482	2055.56
324.71	3123.56
324.939	4423.56
325.168	3637.56
325.397	1987.56
325.626	1453.56
325.855	1304.56
326.084	1228.56
326.313	1250.56
326.542	1247.56
326.77	1338.56
326.999	1511.56
327.228	2075.56
327.457	3063.56
327.686	3598.56
327.914	2503.56
328.143	2067.56
328.372	2223.56
328.6	1971.56
328.829	1600.56
329.058	1530.56
329.287	1582.56
329.515	1625.56
329.744	1714.56
329.972	2071.56
330.201	2688.56
330.43	3358.56
330.658	2787.56
330.887	1977.56
331.115	1680.56
331.344	1481.56
331.572	1419.56
331.801	1389.56
332.03	1379.56
332.258	1325.56
332.486	1355.56
332.715	1378.56
332.943	1397.56
333.172	1485.56
333.4	1581.56
333.629	1658.56
333.857	1919.56
334.085	2296.56
334.314	2989.56
334.542	4076.56
334.771	4430.56
334.999	2782.56
335.227	1897.56
335.455	1645.56
335.684	1470.56
335.912	1367.56
336.14	1328.56
336.369	1316.56
336.597	1256.56
336.825	1242.56
337.053	1218.56
337.281	1169.56
337.51	1157.56
337.738	1147.56
337.966	1129.56
338.194	1114.56
338.422	1107.56
338.65	1091.56
338.878	1092.56
339.106	1081.56
339.334	1075.56
339.562	1042.56
339.79	1037.56
340.018	1025.56
340.246	1036.56
340.474	1047.56
340.702	1026.56
340.93	1011.56
341.158	1013.56
341.386	981.56
341.614	1012.56
341.842	995.56
342.07	1012.56
342.298	991.56
342.526	986.56
342.754	985.56
342.981	981.56
343.209	1000.56
343.437	1050.56
343.665	1048.56
343.893	1125.56
344.12	1127.56
344.348	1087.56
344.576	1028.56
344.804	1069.56
345.031	1018.56
345.259	1035.56
345.487	994.56
345.714	1005.56
345.942	992.56
346.17	1013.56
346.397	980.56
346.625	967.56
346.853	966.56
347.08	991.56
347.308	975.56
347.535	984.56
347.763	992.56
347.99	975.56
348.218	973.56
348.445	983.56
348.673	1000.56
348.9	968.56
349.128	953.56
349.355	932.56
349.583	944.56
349.81	960.56
350.037	959.56
350.265	964.56
350.492	959.56
350.72	917.56
350.947	951.56
351.174	965.56
351.402	996.56
351.629	973.56
351.856	989.56
352.083	1002.56
352.311	977.56
352.538	980.56
352.765	1010.56
352.992	984.56
353.22	969.56
353.447	971.56
353.674	957.56
353.901	955.56
354.128	940.56
354.355	920.56
354.583	924.56
354.81	953.56
355.037	917.56
355.264	924.56
355.491	952.56
355.718	920.56
355.945	958.56
356.172	927.56
356.399	922.56
356.626	939.56
356.853	944.56
357.08	920.56
357.307	949.56
357.534	923.56
357.761	919.56
357.988	924.56
358.215	960.56
358.441	961.56
358.668	951.56
358.895	957.56
359.122	938.56
359.349	976.56
359.576	1009.56
359.802	1042.56
360.029	1081.56
360.256	1109.56
360.483	1049.56
360.709	1006.56
360.936	978.56
361.163	994.56
361.39	980.56
361.616	1005.56
361.843	963.56
362.07	972.56
362.296	1019.56
362.523	975.56
362.749	1009.56
362.976	1011.56
363.203	961.56
363.429	964.56
363.656	968.56
363.882	961.56
364.109	958.56
364.335	973.56
364.562	955.56
364.788	988.56
365.015	972.56
365.241	967.56
365.468	986.56
365.694	1005.56
365.92	1005.56
366.147	957.56
366.373	1015.56
366.599	985.56
366.826	971.56
367.052	941.56
367.278	970.56
367.505	971.56
367.731	975.56
367.957	974.56
368.184	986.56
368.41	991.56
368.636	1034.56
368.862	1036.56
369.089	1029.56
369.315	982.56
369.541	1007.56
369.767	1016.56
369.993	1006.56
370.219	1029.56
370.445	1013.56
370.672	1034.56
370.898	1028.56
371.124	1038.56
371.35	1038.56
371.576	1050.56
371.802	1032.56
372.028	1035.56
372.254	1028.56
372.48	1025.56
372.706	1038.56
372.932	1074.56
373.158	1020.56
373.384	1060.56
373.61	1007.56
373.835	1029.56
374.061	1053.56
374.287	1064.56
374.513	1056.56
374.739	1065.56
374.965	1080.56
375.191	1108.56
375.416	1070.56
375.642	1075.56
375.868	1040.56
376.094	1074.56
376.319	1043.56
376.545	1064.56
376.771	1028.56
376.997	1017.56
377.222	1054.56
377.448	1029.56
377.674	1019.56
377.899	1033.56
378.125	1011.56
378.35	1000.56
378.576	980.56
378.802	985.56
379.027	1015.56
379.253	1037.56
379.478	1036.56
379.704	1020.56
379.929	1003.56
380.155	1016.56
380.38	1027.56
380.606	989.56
380.831	1021.56
381.057	1047.56
381.282	1054.56
381.507	1021.56
381.733	1068.56
381.958	1044.56
382.184	1051.56
382.409	1035.56
382.634	1088.56
382.86	1086.56
383.085	1067.56
383.31	1108.56
383.535	1102.56
383.761	1093.56
383.986	1141.56
384.211	1097.56
384.436	1139.56
384.662	1182.56
384.887	1206.56
385.112	1198.56
385.337	1205.56
385.562	1221.56
385.787	1191.56
386.013	1226.56
386.238	1209.56
386.463	1211.56
386.688	1200.56
386.913	1209.56
387.138	1180.56
387.363	1176.56
387.588	1179.56
387.813	1200.56
388.038	1145.56
388.263	1204.56
388.488	1172.56
388.713	1195.56
388.938	1184.56
389.163	1186.56
389.387	1192.56
389.612	1190.56
389.837	1153.56
390.062	1141.56
390.287	1167.56
390.512	1176.56
390.736	1201.56
390.961	1209.56
391.186	1203.56
391.411	1218.56
391.636	1273.56
391.86	1287.56
392.085	1317.56
392.31	1293.56
392.534	1294.56
392.759	1285.56
392.984	1226.56
393.208	1281.56
393.433	1275.56
393.658	1260.56
393.882	1272.56
394.107	1294.56
394.331	1275.56
394.556	1300.56
394.78	1291.56
395.005	1299.56
395.229	1282.56
395.454	1292.56
395.678	1341.56
395.903	1351.56
396.127	1349.56
396.352	1342.56
396.576	1301.56
396.801	1304.56
397.025	1277.56
397.249	1323.56
397.474	1345.56
397.698	1322.56
397.922	1395.56
398.147	1381.56
398.371	1408.56
398.595	1419.56
398.82	1463.56
399.044	1550.56
399.268	1719.56
399.492	1903.56
399.717	2032.56
399.941	2033.56
400.165	1925.56
400.389	1855.56
400.613	1683.56
400.837	1601.56
401.062	1557.56
401.286	1524.56
401.51	1507.56
401.734	1523.56
401.958	1529.56
402.182	1548.56
402.406	1603.56
402.63	1634.56
402.854	1630.56
403.078	1664.56
403.302	1650.56
403.526	1696.56
403.75	1659.56
403.974	1739.56
404.198	1771.56
404.422	1760.56
404.645	1783.56
404.869	1833.56
405.093	1965.56
405.317	2042.56
405.541	2108.56
405.765	1935.56
405.988	1839.56
406.212	1842.56
406.436	1865.56
406.66	1888.56
406.883	1823.56
407.107	1905.56
407.331	1976.56
407.555	2095.56
407.778	2109.56
408.002	2000.56
408.226	1884.56
408.449	1870.56
408.673	1803.56
408.896	1810.56
409.12	1862.56
409.344	1805.56
409.567	1731.56
409.791	1710.56
410.014	1701.56
410.238	1691.56
410.461	1702.56
410.685	1685.56
410.908	1678.56
411.132	1670.56
411.355	1741.56
411.578	1730.56
411.802	1714.56
412.025	1712.56
412.249	1835.56
412.472	1976.56
412.695	2013.56
412.919	2006.56
413.142	1893.56
413.365	1802.56
413.589	1726.56
413.812	1672.56
414.035	1656.56
414.258	1639.56
414.482	1619.56
414.705	1607.56
414.928	1588.56
415.151	1620.56
415.374	1589.56
415.597	1565.56
415.821	1546.56
416.044	1582.56
416.267	1537.56
416.49	1538.56
416.713	1513.56
416.936	1533.56
417.159	1593.56
417.382	1559.56
417.605	1626.56
417.828	1660.56
418.051	1621.56
418.274	1638.56
418.497	1577.56
418.72	1627.56
418.943	1578.56
419.166	1691.56
419.389	1766.56
419.611	1762.56
419.834	1772.56
420.057	1806.56
420.28	1870.56
420.503	1892.56
420.726	1821.56
420.948	1781.56
421.171	1803.56
421.394	1789.56
421.617	1668.56
421.839	1633.56
422.062	1639.56
422.285	1659.56
422.507	1731.56
422.73	1836.56
422.953	1760.56
423.175	1693.56
423.398	1713.56
423.621	1666.56
423.843	1719.56
424.066	1739.56
424.288	1672.56
424.511	1715.56
424.733	1789.56
424.956	1866.56
425.178	1809.56
425.401	1818.56
425.623	1853.56
425.846	1659.56
426.068	1628.56
426.291	1596.56
426.513	1578.56
426.735	1628.56
426.958	1682.56
427.18	1761.56
427.402	2037.56
427.625	2222.56
427.847	2084.56
428.069	1958.56
428.292	1789.56
428.514	1607.56
428.736	1554.56
428.958	1576.56
429.181	1479.56
429.403	1457.56
429.625	1469.56
429.847	1534.56
430.069	1617.56
430.292	1606.56
430.514	1467.56
430.736	1449.56
430.958	1456.56
431.18	1419.56
431.402	1420.56
431.624	1385.56
431.846	1390.56
432.068	1413.56
432.29	1459.56
432.512	1413.56
432.734	1416.56
432.956	1432.56
433.178	1431.56
433.4	1464.56
433.622	1414.56
433.844	1431.56
434.066	1443.56
434.287	1462.56
434.509	1460.56
434.731	1477.56
434.953	1555.56
435.175	1567.56
435.397	1572.56
435.618	1553.56
435.84	1586.56
436.062	1724.56
436.284	1807.56
436.505	1625.56
436.727	1535.56
436.949	1466.56
437.17	1465.56
437.392	1396.56
437.614	1453.56
437.835	1492.56
438.057	1674.56
438.278	1831.56
438.5	1776.56
438.721	1968.56
438.943	1885.56
439.165	1581.56
439.386	1488.56
439.608	1521.56
439.829	1549.56
440.05	1591.56
440.272	1658.56
440.493	1613.56
440.715	1580.56
440.936	1507.56
441.158	1517.56
441.379	1524.56
441.6	1604.56
441.822	1645.56
442.043	1712.56
442.264	1848.56
442.486	1826.56
442.707	1680.56
442.928	1610.56
443.149	1651.56
443.371	1678.56
443.592	1707.56
443.813	1873.56
444.034	1921.56
444.255	1798.56
444.476	1692.56
444.698	1717.56
444.919	1791.56
445.14	1873.56
445.361	1733.56
445.582	1728.56
445.803	1798.56
446.024	1897.56
446.245	1875.56
446.466	1737.56
446.687	1569.56
446.908	1548.56
447.129	1434.56
447.35	1412.56
447.571	1453.56
447.792	1403.56
448.013	1441.56
448.234	1434.56
448.455	1506.56
448.675	1665.56
448.896	1853.56
449.117	1592.56
449.338	1597.56
449.559	1769.56
449.779	1907.56
450	1596.56
450.221	1427.56
450.442	1375.56
450.662	1348.56
450.883	1379.56
451.104	1435.56
451.324	1383.56
451.545	1346.56
451.766	1351.56
451.986	1291.56
452.207	1260.56
452.428	1286.56
452.648	1290.56
452.869	1277.56
453.089	1271.56
453.31	1319.56
453.53	1263.56
453.751	1257.56
453.971	1276.56
454.192	1307.56
454.412	1250.56
454.633	1221.56
454.853	1255.56
455.073	1237.56
455.294	1279.56
455.514	1379.56
455.734	1330.56
455.955	1187.56
456.175	1173.56
456.395	1164.56
456.616	1179.56
456.836	1186.56
457.056	1197.56
457.276	1157.56
457.497	1160.56
457.717	1213.56
457.937	1167.56
458.157	1226.56
458.377	1247.56
458.598	1299.56
458.818	1392.56
459.038	1588.56
459.258	1558.56
459.478	1440.56
459.698	1414.56
459.918	1441.56
460.138	1452.56
460.358	1470.56
460.578	1496.56
460.798	1513.56
461.018	1537.56
461.238	1472.56
461.458	1510.56
461.678	1487.56
461.898	1517.56
462.118	1505.56
462.338	1548.56
462.558	1599.56
462.777	1647.56
462.997	1762.56
463.217	1881.56
463.437	1871.56
463.657	1759.56
463.876	1692.56
464.096	1657.56
464.316	1713.56
464.536	1747.56
464.755	1679.56
464.975	1685.56
465.195	1738.56
465.414	1826.56
465.634	1594.56
465.854	1471.56
466.073	1458.56
466.293	1401.56
466.512	1367.56
466.732	1316.56
466.951	1348.56
467.171	1340.56
467.391	1388.56
467.61	1390.56
467.829	1484.56
468.049	1764.56
468.268	2239.56
468.488	1802.56
468.707	1530.56
468.927	1416.56
469.146	1422.56
469.365	1371.56
469.585	1351.56
469.804	1407.56
470.023	1463.56
470.243	1423.56
470.462	1451.56
470.681	1477.56
470.901	1433.56
471.12	1403.56
471.339	1414.56
471.558	1416.56
471.777	1505.56
471.997	1567.56
472.216	2155.56
472.435	4106.56
472.654	3106.56
472.873	2056.56
473.092	1752.56
473.311	1627.56
473.53	1528.56
473.749	1528.56
473.968	1542.56
474.187	1618.56
474.406	1591.56
474.625	1475.56
474.844	1387.56
475.063	1350.56
475.282	1380.56
475.501	1362.56
475.72	1389.56
475.939	1407.56
476.158	1413.56
476.377	1406.56
476.596	1401.56
476.814	1434.56
477.033	1437.56
477.252	1455.56
477.471	1444.56
477.69	1470.56
477.908	1516.56
478.127	1596.56
478.346	1559.56
478.564	1599.56
478.783	1576.56
479.002	1621.56
479.22	1655.56
479.439	1682.56
479.658	1696.56
479.876	1745.56
480.095	1742.56
480.313	1851.56
480.532	1934.56
480.751	2087.56
480.969	2579.56
481.188	5337.56
481.406	6799.56
481.624	3513.56
481.843	2617.56
482.061	2280.56
482.28	2084.56
482.498	1972.56
482.717	1895.56
482.935	1832.56
483.153	1748.56
483.372	1778.56
483.59	1729.56
483.808	1728.56
484.027	1724.56
484.245	1731.56
484.463	1710.56
484.681	1688.56
484.9	1679.56
485.118	1680.56
485.336	1705.56
485.554	1691.56
485.772	1699.56
485.99	1696.56
486.209	1692.56
486.427	1692.56
486.645	1727.56
486.863	1776.56
487.081	1793.56
487.299	1740.56
487.517	1705.56
487.735	1708.56
487.953	1782.56
488.171	1755.56
488.389	1725.56
488.607	1716.56
488.825	1756.56
489.043	1742.56
489.261	1752.56
489.479	1793.56
489.696	1797.56
489.914	1816.56
490.132	1847.56
490.35	1863.56
490.568	1901.56
490.786	1951.56
491.003	2000.56
491.221	2064.56
491.439	2107.56
491.657	2168.56
491.874	2247.56
492.092	2231.56
492.31	2313.56
492.527	2345.56
492.745	2340.56
492.963	2374.56
493.18	2332.56
493.398	2325.56
493.615	2321.56
493.833	2284.56
494.05	2226.56
494.268	2173.56
494.485	2169.56
494.703	2131.56
494.92	2110.56
495.138	2094.56
495.355	2108.56
495.573	2035.56
495.79	2033.56
496.008	2108.56
496.225	2023.56
496.442	2001.56
496.66	2081.56
496.877	2041.56
497.094	2040.56
497.312	2044.56
497.529	2110.56
497.746	2106.56
497.963	2105.56
498.181	2181.56
498.398	2222.56
498.615	2259.56
498.832	2410.56
499.049	2432.56
499.267	2637.56
499.484	2788.56
499.701	2997.56
499.918	3183.56
500.135	3527.56
500.352	3883.56
500.569	4026.56
500.786	4017.56
501.003	3780.56
501.22	3472.56
501.437	3167.56
501.654	2911.56
501.871	2752.56
502.088	2586.56
502.305	2483.56
502.522	2372.56
502.739	2287.56
502.956	2160.56
503.172	2078.56
503.389	2059.56
503.606	2028.56
503.823	2025.56
504.04	1980.56
504.256	1943.56
504.473	1986.56
504.69	2010.56
504.907	1964.56
505.123	1888.56
505.34	1804.56
505.557	1757.56
505.773	1758.56
505.99	1723.56
506.207	1693.56
506.423	1674.56
506.64	1650.56
506.856	1664.56
507.073	1636.56
507.289	1617.56
507.506	1647.56
507.722	1668.56
507.939	1707.56
508.155	1617.56
508.372	1572.56
508.588	1584.56
508.805	1567.56
509.021	1562.56
509.238	1537.56
509.454	1562.56
509.67	1527.56
509.887	1513.56
510.103	1498.56
510.319	1581.56
510.536	1896.56
510.752	3428.56
510.968	2462.56
511.184	1649.56
511.401	1571.56
511.617	1598.56
511.833	1629.56
512.049	1700.56
512.265	1665.56
512.481	1643.56
512.698	1597.56
512.914	1560.56
513.13	1542.56
513.346	1519.56
513.562	1551.56
513.778	1552.56
513.994	1547.56
514.21	1549.56
514.426	1603.56
514.642	1684.56
514.858	1753.56
515.074	1859.56
515.29	2281.56
515.506	3522.56
515.721	2697.56
515.937	1833.56
516.153	1714.56
516.369	1659.56
516.585	1638.56
516.801	1667.56
517.016	1710.56
517.232	1726.56
517.448	1795.56
517.664	1810.56
517.879	1831.56
518.095	1763.56
518.311	1791.56
518.527	1728.56
518.742	1695.56
518.958	1627.56
519.173	1644.56
519.389	1612.56
519.605	1560.56
519.82	1534.56
520.036	1593.56
520.251	1609.56
520.467	1625.56
520.682	1625.56
520.898	1687.56
521.113	1726.56
521.329	1795.56
521.544	1970.56
521.76	2573.56
521.975	4665.56
522.19	4236.56
522.406	2185.56
522.621	1663.56
522.836	1521.56
523.052	1438.56
523.267	1407.56
523.482	1422.56
523.698	1410.56
523.913	1349.56
524.128	1387.56
524.343	1339.56
524.559	1343.56
524.774	1326.56
524.989	1301.56
525.204	1352.56
525.419	1332.56
525.634	1265.56
525.849	1269.56
526.064	1299.56
526.28	1263.56
526.495	1225.56
526.71	1286.56
526.925	1232.56
527.14	1199.56
527.355	1239.56
527.57	1204.56
527.785	1242.56
527.999	1211.56
528.214	1219.56
528.429	1221.56
528.644	1255.56
528.859	1289.56
529.074	1259.56
529.289	1315.56
529.503	1513.56
529.718	1376.56
529.933	1260.56
530.148	1251.56
530.363	1243.56
530.577	1224.56
530.792	1199.56
531.007	1198.56
531.221	1204.56
531.436	1210.56
531.651	1182.56
531.865	1207.56
532.08	1195.56
532.295	1189.56
532.509	1186.56
532.724	1165.56
532.938	1192.56
533.153	1202.56
533.367	1215.56
533.582	1203.56
533.796	1189.56
534.011	1177.56
534.225	1180.56
534.44	1171.56
534.654	1171.56
534.868	1144.56
535.083	1161.56
535.297	1174.56
535.511	1170.56
535.726	1163.56
535.94	1195.56
536.154	1173.56
536.369	1154.56
536.583	1128.56
536.797	1124.56
537.011	1133.56
537.225	1101.56
537.44	1121.56
537.654	1130.56
537.868	1103.56
538.082	1109.56
538.296	1119.56
538.51	1101.56
538.724	1088.56
538.938	1111.56
539.153	1113.56
539.367	1150.56
539.581	1101.56
539.795	1087.56
540.009	1089.56
540.222	1067.56
540.436	1091.56
540.65	1069.56
540.864	1120.56
541.078	1119.56
541.292	1116.56
541.506	1099.56
541.72	1099.56
541.934	1120.56
542.147	1149.56
542.361	1095.56
542.575	1087.56
542.789	1091.56
543.002	1067.56
543.216	1064.56
543.43	1089.56
543.644	1096.56
543.857	1079.56
544.071	1096.56
544.285	1139.56
544.498	1089.56
544.712	1089.56
544.925	1080.56
545.139	1116.56
545.352	1113.56
545.566	1078.56
545.779	1127.56
545.993	1119.56
546.206	1097.56
546.42	1116.56
546.633	1095.56
546.847	1100.56
547.06	1134.56
547.274	1115.56
547.487	1106.56
547.7	1104.56
547.914	1120.56
548.127	1121.56
548.34	1126.56
548.554	1102.56
548.767	1072.56
548.98	1108.56
549.193	1088.56
549.407	1110.56
549.62	1080.56
549.833	1118.56
550.046	1098.56
550.259	1071.56
550.473	1085.56
550.686	1056.56
550.899	1066.56
551.112	1052.56
551.325	1059.56
551.538	1034.56
551.751	1008.56
551.964	1059.56
552.177	1080.56
552.39	1069.56
552.603	1064.56
552.816	1114.56
553.029	1120.56
553.242	1164.56
553.455	1170.56
553.667	1189.56
553.88	1184.56
554.093	1156.56
554.306	1107.56
554.519	1103.56
554.732	1068.56
554.944	1059.56
555.157	1065.56
555.37	1046.56
555.583	1020.56
555.795	1039.56
556.008	986.56
556.221	961.56
556.433	951.56
556.646	959.56
556.859	961.56
557.071	952.56
557.284	947.56
557.496	958.56
557.709	923.56
557.921	920.56
558.134	916.56
558.346	884.56
558.559	902.56
558.771	907.56
558.984	907.56
559.196	892.56
559.409	901.56
559.621	884.56
559.833	896.56
560.046	900.56
560.258	920.56
560.47	909.56
560.683	905.56
560.895	892.56
561.107	872.56
561.32	859.56
561.532	891.56
561.744	905.56
561.956	886.56
562.168	917.56
562.381	894.56
562.593	835.56
562.805	881.56
563.017	877.56
563.229	858.56
563.441	895.56
563.653	912.56
563.865	897.56
564.077	908.56
564.289	916.56
564.501	903.56
564.713	898.56
564.925	930.56
565.137	951.56
565.349	928.56
565.561	969.56
565.773	959.56
565.985	1025.56
566.197	1069.56
566.408	1113.56
566.62	1179.56
566.832	1238.56
567.044	1261.56
567.255	1248.56
567.467	1279.56
567.679	1323.56
567.891	1415.56
568.102	1436.56
568.314	1357.56
568.526	1227.56
568.737	1125.56
568.949	1104.56
569.161	995.56
569.372	968.56
569.584	895.56
569.795	907.56
570.007	920.56
570.218	983.56
570.43	939.56
570.641	879.56
570.853	869.56
571.064	843.56
571.276	848.56
571.487	841.56
571.698	797.56
571.91	770.56
572.121	781.56
572.333	768.56
572.544	733.56
572.755	737.56
572.966	747.56
573.178	722.56
573.389	731.56
573.6	707.56
573.811	695.56
574.023	700.56
574.234	675.56
574.445	688.56
574.656	713.56
574.867	714.56
575.078	708.56
575.289	703.56
575.501	673.56
575.712	667.56
575.923	657.56
576.134	667.56
576.345	663.56
576.556	667.56
576.767	683.56
576.978	660.56
577.188	658.56
577.399	660.56
577.61	662.56
577.821	666.56
578.032	655.56
578.243	726.56
578.454	1284.56
578.665	862.56
578.875	669.56
579.086	631.56
579.297	616.56
579.508	621.56
579.718	616.56
579.929	601.56
580.14	604.56
580.35	619.56
580.561	612.56
580.772	623.56
580.982	593.56
581.193	602.56
581.403	606.56
581.614	606.56
581.825	581.56
582.035	602.56
582.246	589.56
582.456	593.56
582.667	594.56
582.877	559.56
583.087	562.56
583.298	575.56
583.508	575.56
583.719	562.56
583.929	557.56
584.139	579.56
584.35	569.56
584.56	571.56
584.77	561.56
584.981	553.56
585.191	599.56
585.401	568.56
585.611	564.56
585.821	575.56
586.032	559.56
586.242	548.56
586.452	551.56
586.662	539.56
586.872	553.56
587.082	567.56
587.292	556.56
587.502	572.56
587.713	543.56
587.923	544.56
588.133	585.56
588.343	544.56
588.553	556.56
588.762	543.56
588.972	541.56
589.182	562.56
589.392	564.56
589.602	592.56
589.812	587.56
590.022	561.56
590.232	564.56
590.441	574.56
590.651	558.56
590.861	568.56
591.071	549.56
591.281	591.56
591.49	573.56
591.7	575.56
591.91	582.56
592.119	565.56
592.329	569.56
592.539	623.56
592.748	611.56
592.958	641.56
593.167	625.56
593.377	646.56
593.587	645.56
593.796	658.56
594.006	657.56
594.215	659.56
594.424	666.56
594.634	633.56
594.843	616.56
595.053	620.56
595.262	602.56
595.472	576.56
595.681	566.56
595.89	558.56
596.1	560.56
596.309	530.56
596.518	528.56
596.727	510.56
596.937	512.56
597.146	530.56
597.355	499.56
597.564	507.56
597.774	493.56
597.983	512.56
598.192	477.56
598.401	511.56
598.61	495.56
598.819	493.56
599.028	491.56
599.237	508.56
599.446	476.56
599.655	478.56
599.864	474.56
600.073	482.56
600.282	486.56
600.491	456.56
600.7	489.56
600.909	462.56
601.118	467.56
601.327	478.56
601.536	501.56
601.745	488.56
601.953	491.56
602.162	501.56
602.371	508.56
602.58	478.56
602.789	482.56
602.997	483.56
603.206	474.56
603.415	495.56
603.623	477.56
603.832	481.56
604.041	466.56
604.249	445.56
604.458	450.56
604.666	456.56
604.875	451.56
605.084	457.56
605.292	453.56
605.501	468.56
605.709	443.56
605.918	465.56
606.126	457.56
606.334	463.56
606.543	480.56
606.751	467.56
606.96	464.56
607.168	444.56
607.376	457.56
607.585	460.56
607.793	464.56
608.001	468.56
608.21	457.56
608.418	461.56
608.626	470.56
608.834	454.56
609.043	451.56
609.251	473.56
609.459	458.56
609.667	465.56
609.875	460.56
610.083	447.56
610.291	462.56
610.499	467.56
610.707	470.56
610.916	445.56
611.124	448.56
611.332	456.56
611.54	443.56
611.748	454.56
611.955	451.56
612.163	428.56
612.371	441.56
612.579	449.56
612.787	431.56
612.995	444.56
613.203	451.56
613.411	438.56
613.618	427.56
613.826	418.56
614.034	441.56
614.242	411.56
614.449	434.56
614.657	417.56
614.865	429.56
615.072	433.56
615.28	425.56
615.488	404.56
615.695	448.56
615.903	414.56
616.111	432.56
616.318	415.56
616.526	429.56
616.733	417.56
616.941	424.56
617.148	417.56
617.356	425.56
617.563	404.56
617.771	411.56
617.978	401.56
618.185	426.56
618.393	427.56
618.6	416.56
618.807	423.56
619.015	425.56
619.222	420.56
619.429	411.56
619.637	404.56
619.844	383.56
620.051	405.56
620.258	391.56
620.466	376.56
620.673	402.56
620.88	387.56
621.087	392.56
621.294	397.56
621.501	393.56
621.708	375.56
621.915	404.56
622.122	384.56
622.329	394.56
622.536	385.56
622.743	371.56
622.95	381.56
623.157	380.56
623.364	389.56
623.571	367.56
623.778	357.56
623.985	366.56
624.192	369.56
624.399	357.56
624.606	380.56
624.812	364.56
625.019	365.56
625.226	355.56
625.433	361.56
625.639	355.56
625.846	350.56
626.053	350.56
626.259	330.56
626.466	341.56
626.673	348.56
626.879	324.56
627.086	340.56
627.293	347.56
627.499	352.56
627.706	343.56
627.912	324.56
628.119	334.56
628.325	347.56
628.532	355.56
628.738	356.56
628.945	331.56
629.151	338.56
629.357	328.56
629.564	332.56
629.77	331.56
629.976	322.56
630.183	325.56
630.389	327.56
630.595	343.56
630.802	323.56
631.008	336.56
631.214	325.56
631.42	320.56
631.627	322.56
631.833	316.56
632.039	320.56
632.245	316.56
632.451	330.56
632.657	336.56
632.863	301.56
633.069	308.56
633.275	324.56
633.481	314.56
633.688	305.56
633.893	321.56
634.099	297.56
634.305	304.56
634.511	299.56
634.717	306.56
634.923	331.56
635.129	309.56
635.335	301.56
635.541	308.56
635.747	322.56
635.952	343.56
636.158	359.56
636.364	471.56
636.57	563.56
636.775	433.56
636.981	367.56
637.187	337.56
637.392	328.56
637.598	329.56
637.804	314.56
638.009	317.56
638.215	318.56
638.421	295.56
638.626	305.56
638.832	290.56
639.037	291.56
639.243	291.56
639.448	301.56
639.654	304.56
639.859	264.56
640.065	282.56
640.27	296.56
640.475	267.56
640.681	278.56
640.886	273.56
641.091	290.56
641.297	290.56
641.502	281.56
641.707	288.56
641.913	281.56
642.118	275.56
642.323	296.56
642.528	263.56
642.733	261.56
642.939	263.56
643.144	271.56
643.349	259.56
643.554	261.56
643.759	277.56
643.964	273.56
644.169	250.56
644.374	253.56
644.579	261.56
644.784	261.56
644.989	250.56
645.194	265.56
645.399	257.56
645.604	244.56
645.809	261.56
646.014	262.56
646.219	240.56
646.423	254.56
646.628	250.56
646.833	251.56
647.038	252.56
647.243	269.56
647.447	262.56
647.652	266.56
647.857	285.56
648.062	286.56
648.266	259.56
648.471	272.56
648.676	267.56
648.88	274.56
649.085	276.56
649.289	276.56
649.494	267.56
649.698	300.56
649.903	265.56
650.107	267.56
650.312	254.56
650.516	231.56
650.721	245.56
650.925	237.56
651.13	238.56
651.334	230.56
651.539	250.56
651.743	233.56
651.947	219.56
652.152	228.56
652.356	210.56
652.56	191.56
652.764	214.56
652.969	207.56
653.173	203.56
653.377	197.56
653.581	214.56
653.785	203.56
653.99	190.56
654.194	188.56
654.398	203.56
654.602	178.56
654.806	194.56
655.01	207.56
655.214	197.56
655.418	193.56
655.622	196.56
655.826	200.56
656.03	183.56
656.234	180.56
656.438	180.56
656.642	176.56
656.846	177.56
657.049	157.56
657.253	175.56
657.457	179.56
657.661	144.56
657.865	136.56
658.068	148.56
658.272	131.56
658.476	131.56
658.68	121.56
658.883	131.56
659.087	131.56
659.291	123.56
659.494	136.56
659.698	117.56
659.901	117.56
660.105	109.56
660.309	97.56
660.512	104.56
660.716	107.56
660.919	98.56
661.123	109.56
661.326	105.56
661.53	91.56
661.733	85.56
661.936	107.56
662.14	85.56
662.343	107.56
662.546	87.56
662.75	87.56
662.953	91.56
663.156	98.56
663.36	87.56
663.563	76.56
663.766	72.56
663.969	81.56
664.173	83.56
664.376	78.56
664.579	80.56
664.782	90.56
664.985	87.56
665.188	83.56
665.391	79.56
665.594	64.56
665.797	67.56
666	79.56
666.203	87.56
666.406	91.56
666.609	89.56
666.812	77.56
667.015	96.56
667.218	75.56
667.421	68.56
667.624	77.56
667.827	69.56
668.03	72.56
668.232	68.56
668.435	88.56
668.638	82.56
668.841	74.56
669.043	72.56
669.246	80.56
669.449	77.56
669.651	85.56
669.854	88.56
670.057	77.56
670.259	63.56
670.462	92.56
670.665	77.56
670.867	74.56
671.07	83.56
671.272	84.56
671.475	83.56
671.677	83.56
671.88	81.56
672.082	84.56
672.284	88.56
672.487	79.56
672.689	79.56
672.892	80.56
