223.165	-23.12
223.4	-23.12
223.635	-23.12
223.869	-19.12
224.104	-19.12
224.338	-7.12
224.573	-9.12
224.808	-22.12
225.042	-2.12
225.277	-2.12
225.511	12.88
225.746	3.88
225.98	-0.12
226.215	8.88
226.449	17.88
226.683	7.88
226.918	19.88
227.152	32.88
227.387	45.88
227.621	29.88
227.856	26.88
228.09	36.88
228.324	55.88
228.559	67.88
228.793	76.88
229.027	117.88
229.262	128.88
229.496	124.88
229.73	166.88
229.964	187.88
230.199	153.88
230.433	135.88
230.667	136.88
230.901	141.88
231.136	153.88
231.37	144.88
231.604	136.88
231.838	124.88
232.072	129.88
232.306	143.88
232.541	148.88
232.775	143.88
233.009	142.88
233.243	136.88
233.477	146.88
233.711	143.88
233.945	146.88
234.179	133.88
234.413	146.88
234.647	137.88
234.881	151.88
235.115	140.88
235.349	136.88
235.583	151.88
235.817	148.88
236.051	148.88
236.285	143.88
236.519	151.88
236.753	161.88
236.987	180.88
237.221	207.88
237.455	242.88
237.689	208.88
237.922	165.88
238.156	164.88
238.39	167.88
238.624	166.88
238.858	160.88
239.091	155.88
239.325	164.88
239.559	158.88
239.793	163.88
240.027	163.88
240.26	175.88
240.494	183.88
240.728	181.88
240.961	195.88
241.195	157.88
241.429	159.88
241.662	181.88
241.896	164.88
242.13	178.88
242.363	186.88
242.597	183.88
242.83	176.88
243.064	183.88
243.298	196.88
243.531	188.88
243.765	186.88
243.998	182.88
244.232	188.88
244.465	196.88
244.699	194.88
244.932	183.88
245.166	186.88
245.399	201.88
245.633	191.88
245.866	192.88
246.099	200.88
246.333	181.88
246.566	208.88
246.8	198.88
247.033	197.88
247.266	210.88
247.5	194.88
247.733	211.88
247.966	207.88
248.2	225.88
248.433	227.88
248.666	226.88
248.899	236.88
249.133	231.88
249.366	272.88
249.599	248.88
249.832	243.88
250.066	245.88
250.299	265.88
250.532	304.88
250.765	288.88
250.998	288.88
251.231	296.88
251.465	276.88
251.698	251.88
251.931	253.88
252.164	246.88
252.397	262.88
252.63	272.88
252.863	252.88
253.096	270.88
253.329	294.88
253.562	264.88
253.795	278.88
254.028	262.88
254.261	271.88
254.494	274.88
254.727	294.88
254.96	306.88
255.193	311.88
255.426	294.88
255.659	315.88
255.892	355.88
256.124	382.88
256.357	426.88
256.59	362.88
256.823	327.88
257.056	322.88
257.289	305.88
257.521	317.88
257.754	299.88
257.987	282.88
258.22	288.88
258.452	292.88
258.685	308.88
258.918	269.88
259.151	290.88
259.383	270.88
259.616	272.88
259.849	290.88
260.081	317.88
260.314	308.88
260.547	301.88
260.779	312.88
261.012	308.88
261.244	289.88
261.477	314.88
261.71	319.88
261.942	324.88
262.175	332.88
262.407	324.88
262.64	316.88
262.872	282.88
263.105	294.88
263.337	302.88
263.57	315.88
263.802	298.88
264.035	308.88
264.267	280.88
264.499	290.88
264.732	310.88
264.964	286.88
265.197	291.88
265.429	315.88
265.661	320.88
265.894	303.88
266.126	301.88
266.358	300.88
266.591	330.88
266.823	314.88
267.055	336.88
267.287	332.88
267.52	311.88
267.752	307.88
267.984	325.88
268.216	330.88
268.448	332.88
268.681	334.88
268.913	355.88
269.145	330.88
269.377	339.88
269.609	357.88
269.841	358.88
270.073	352.88
270.306	369.88
270.538	370.88
270.77	378.88
271.002	372.88
271.234	372.88
271.466	373.88
271.698	398.88
271.93	383.88
272.162	408.88
272.394	400.88
272.626	399.88
272.858	379.88
273.09	381.88
273.322	371.88
273.553	370.88
273.785	364.88
274.017	371.88
274.249	368.88
274.481	368.88
274.713	366.88
274.945	379.88
275.176	379.88
275.408	387.88
275.64	371.88
275.872	382.88
276.104	388.88
276.335	382.88
276.567	384.88
276.799	411.88
277.031	436.88
277.262	430.88
277.494	437.88
277.726	410.88
277.957	414.88
278.189	412.88
278.421	406.88
278.652	414.88
278.884	391.88
279.115	398.88
279.347	420.88
279.579	426.88
279.81	416.88
280.042	416.88
280.273	427.88
280.505	434.88
280.736	406.88
280.968	421.88
281.199	416.88
281.431	415.88
281.662	400.88
281.894	432.88
282.125	436.88
282.356	437.88
282.588	449.88
282.819	449.88
283.051	427.88
283.282	408.88
283.513	414.88
283.745	402.88
283.976	429.88
284.207	418.88
284.439	428.88
284.67	416.88
284.901	439.88
285.132	423.88
285.364	446.88
285.595	428.88
285.826	420.88
286.057	432.88
286.288	434.88
286.52	422.88
286.751	434.88
286.982	445.88
287.213	434.88
287.444	446.88
287.675	437.88
287.906	449.88
288.138	450.88
288.369	439.88
288.6	465.88
288.831	451.88
289.062	447.88
289.293	458.88
289.524	433.88
289.755	464.88
289.986	454.88
290.217	450.88
290.448	452.88
290.679	453.88
290.91	444.88
291.141	464.88
291.371	461.88
291.602	440.88
291.833	456.88
292.064	452.88
292.295	445.88
292.526	460.88
292.757	454.88
292.987	434.88
293.218	468.88
293.449	457.88
293.68	454.88
293.91	448.88
294.141	464.88
294.372	449.88
294.603	452.88
294.833	436.88
295.064	447.88
295.295	469.88
295.525	465.88
295.756	454.88
295.987	502.88
296.217	520.88
296.448	528.88
296.679	497.88
296.909	486.88
297.14	452.88
297.37	484.88
297.601	480.88
297.831	479.88
298.062	477.88
298.292	495.88
298.523	500.88
298.753	508.88
298.984	481.88
299.214	512.88
299.445	498.88
299.675	487.88
299.905	526.88
300.136	530.88
300.366	494.88
300.597	538.88
300.827	514.88
301.057	550.88
301.288	561.88
301.518	520.88
301.748	526.88
301.979	531.88
302.209	556.88
302.439	540.88
302.669	534.88
302.9	547.88
303.13	529.88
303.36	554.88
303.59	558.88
303.82	557.88
304.051	553.88
304.281	554.88
304.511	533.88
304.741	535.88
304.971	526.88
305.201	544.88
305.431	524.88
305.661	553.88
305.891	525.88
306.121	535.88
306.352	538.88
306.582	544.88
306.812	536.88
307.042	551.88
307.272	560.88
307.502	578.88
307.731	561.88
307.961	550.88
308.191	557.88
308.421	548.88
308.651	555.88
308.881	551.88
309.111	574.88
309.341	559.88
309.571	599.88
309.8	595.88
310.03	585.88
310.26	586.88
310.49	594.88
310.72	599.88
310.949	614.88
311.179	628.88
311.409	589.88
311.639	604.88
311.868	595.88
312.098	615.88
312.328	619.88
312.557	619.88
312.787	641.88
313.017	648.88
313.246	648.88
313.476	634.88
313.706	644.88
313.935	632.88
314.165	655.88
314.394	640.88
314.624	642.88
314.853	630.88
315.083	613.88
315.312	607.88
315.542	618.88
315.771	626.88
316.001	599.88
316.23	628.88
316.46	621.88
316.689	635.88
316.919	648.88
317.148	646.88
317.377	631.88
317.607	635.88
317.836	623.88
318.065	615.88
318.295	642.88
318.524	618.88
318.753	639.88
318.983	623.88
319.212	630.88
319.441	638.88
319.67	657.88
319.9	634.88
320.129	660.88
320.358	640.88
320.587	656.88
320.816	682.88
321.046	670.88
321.275	671.88
321.504	652.88
321.733	682.88
321.962	687.88
322.191	686.88
322.42	718.88
322.649	714.88
322.878	761.88
323.108	751.88
323.337	773.88
323.566	824.88
323.795	871.88
324.024	940.88
324.253	1110.88
324.482	1452.88
324.71	2180.88
324.939	3035.88
325.168	2492.88
325.397	1379.88
325.626	1090.88
325.855	942.88
326.084	918.88
326.313	909.88
326.542	901.88
326.77	969.88
326.999	1117.88
327.228	1430.88
327.457	2103.88
327.686	2416.88
327.914	1651.88
328.143	1309.88
328.372	1278.88
328.6	1165.88
328.829	1047.88
329.058	990.88
329.287	1002.88
329.515	1004.88
329.744	1023.88
329.972	1136.88
330.201	1368.88
330.43	1598.88
330.658	1449.88
330.887	1173.88
331.115	1068.88
331.344	966.88
331.572	943.88
331.801	956.88
332.03	924.88
332.258	903.88
332.486	881.88
332.715	895.88
332.943	973.88
333.172	974.88
333.4	1040.88
333.629	1068.88
333.857	1158.88
334.085	1262.88
334.314	1535.88
334.542	1907.88
334.771	2004.88
334.999	1455.88
335.227	1136.88
335.455	1036.88
335.684	971.88
335.912	942.88
336.14	908.88
336.369	912.88
336.597	912.88
336.825	924.88
337.053	881.88
337.281	890.88
337.51	872.88
337.738	859.88
337.966	855.88
338.194	841.88
338.422	814.88
338.65	846.88
338.878	781.88
339.106	780.88
339.334	802.88
339.562	799.88
339.79	778.88
340.018	801.88
340.246	789.88
340.474	822.88
340.702	790.88
340.93	785.88
341.158	766.88
341.386	797.88
341.614	773.88
341.842	782.88
342.07	780.88
342.298	776.88
342.526	766.88
342.754	767.88
342.981	785.88
343.209	766.88
343.437	795.88
343.665	845.88
343.893	877.88
344.12	889.88
344.348	867.88
344.576	855.88
344.804	837.88
345.031	803.88
345.259	821.88
345.487	794.88
345.714	815.88
345.942	778.88
346.17	773.88
346.397	749.88
346.625	773.88
346.853	766.88
347.08	748.88
347.308	770.88
347.535	783.88
347.763	797.88
347.99	789.88
348.218	760.88
348.445	795.88
348.673	784.88
348.9	780.88
349.128	768.88
349.355	745.88
349.583	732.88
349.81	731.88
350.037	738.88
350.265	718.88
350.492	746.88
350.72	766.88
350.947	761.88
351.174	769.88
351.402	754.88
351.629	787.88
351.856	761.88
352.083	765.88
352.311	786.88
352.538	808.88
352.765	802.88
352.992	792.88
353.22	787.88
353.447	740.88
353.674	752.88
353.901	750.88
354.128	729.88
354.355	768.88
354.583	733.88
354.81	730.88
355.037	733.88
355.264	764.88
355.491	731.88
355.718	739.88
355.945	728.88
356.172	749.88
356.399	770.88
356.626	739.88
356.853	738.88
357.08	730.88
357.307	753.88
357.534	756.88
357.761	728.88
357.988	764.88
358.215	757.88
358.441	764.88
358.668	750.88
358.895	762.88
359.122	788.88
359.349	791.88
359.576	789.88
359.802	805.88
360.029	817.88
360.256	848.88
360.483	835.88
360.709	791.88
360.936	781.88
361.163	763.88
361.39	792.88
361.616	782.88
361.843	796.88
362.07	792.88
362.296	783.88
362.523	788.88
362.749	769.88
362.976	782.88
363.203	794.88
363.429	780.88
363.656	797.88
363.882	777.88
364.109	783.88
364.335	776.88
364.562	778.88
364.788	794.88
365.015	773.88
365.241	773.88
365.468	784.88
365.694	760.88
365.92	814.88
366.147	780.88
366.373	798.88
366.599	774.88
366.826	749.88
367.052	774.88
367.278	798.88
367.505	780.88
367.731	802.88
367.957	803.88
368.184	791.88
368.41	809.88
368.636	794.88
368.862	826.88
369.089	820.88
369.315	824.88
369.541	828.88
369.767	799.88
369.993	805.88
370.219	794.88
370.445	814.88
370.672	839.88
370.898	803.88
371.124	836.88
371.35	844.88
371.576	845.88
371.802	832.88
372.028	835.88
372.254	810.88
372.48	822.88
372.706	877.88
372.932	871.88
373.158	851.88
373.384	845.88
373.61	854.88
373.835	845.88
374.061	864.88
374.287	872.88
374.513	893.88
374.739	902.88
374.965	874.88
375.191	885.88
375.416	893.88
375.642	872.88
375.868	859.88
376.094	859.88
376.319	870.88
376.545	847.88
376.771	852.88
376.997	850.88
377.222	830.88
377.448	838.88
377.674	838.88
377.899	850.88
378.125	825.88
378.35	824.88
378.576	821.88
378.802	843.88
379.027	871.88
379.253	832.88
379.478	847.88
379.704	862.88
379.929	858.88
380.155	848.88
380.38	854.88
380.606	842.88
380.831	857.88
381.057	862.88
381.282	888.88
381.507	847.88
381.733	870.88
381.958	867.88
382.184	879.88
382.409	876.88
382.634	901.88
382.86	886.88
383.085	911.88
383.31	900.88
383.535	917.88
383.761	950.88
383.986	922.88
384.211	980.88
384.436	962.88
384.662	973.88
384.887	1007.88
385.112	959.88
385.337	1026.88
385.562	1010.88
385.787	982.88
386.013	1032.88
386.238	1058.88
386.463	1024.88
386.688	1012.88
386.913	985.88
387.138	988.88
387.363	1009.88
387.588	999.88
387.813	1000.88
388.038	988.88
388.263	974.88
388.488	1013.88
388.713	985.88
388.938	1005.88
389.163	1005.88
389.387	1032.88
389.612	987.88
389.837	989.88
390.062	976.88
390.287	997.88
390.512	992.88
390.736	1032.88
390.961	1044.88
391.186	1056.88
391.411	1086.88
391.636	1079.88
391.86	1125.88
392.085	1143.88
392.31	1100.88
392.534	1137.88
392.759	1092.88
392.984	1073.88
393.208	1087.88
393.433	1128.88
393.658	1109.88
393.882	1081.88
394.107	1103.88
394.331	1103.88
394.556	1060.88
394.78	1058.88
395.005	1096.88
395.229	1126.88
395.454	1135.88
395.678	1170.88
395.903	1144.88
396.127	1161.88
396.352	1164.88
396.576	1115.88
396.801	1108.88
397.025	1128.88
397.249	1139.88
397.474	1185.88
397.698	1166.88
397.922	1185.88
398.147	1202.88
398.371	1214.88
398.595	1229.88
398.82	1277.88
399.044	1342.88
399.268	1471.88
399.492	1585.88
399.717	1764.88
399.941	1772.88
400.165	1649.88
400.389	1532.88
400.613	1452.88
400.837	1351.88
401.062	1333.88
401.286	1342.88
401.51	1299.88
401.734	1298.88
401.958	1333.88
402.182	1354.88
402.406	1390.88
402.63	1396.88
402.854	1393.88
403.078	1379.88
403.302	1416.88
403.526	1438.88
403.75	1458.88
403.974	1469.88
404.198	1486.88
404.422	1510.88
404.645	1488.88
404.869	1539.88
405.093	1586.88
405.317	1632.88
405.541	1643.88
405.765	1574.88
405.988	1508.88
406.212	1542.88
406.436	1556.88
406.66	1611.88
406.883	1542.88
407.107	1603.88
407.331	1713.88
407.555	1770.88
407.778	1767.88
408.002	1660.88
408.226	1602.88
408.449	1616.88
408.673	1548.88
408.896	1561.88
409.12	1602.88
409.344	1518.88
409.567	1482.88
409.791	1538.88
410.014	1460.88
410.238	1480.88
410.461	1468.88
410.685	1468.88
410.908	1478.88
411.132	1497.88
411.355	1473.88
411.578	1497.88
411.802	1438.88
412.025	1460.88
412.249	1491.88
412.472	1609.88
412.695	1645.88
412.919	1588.88
413.142	1497.88
413.365	1455.88
413.589	1454.88
413.812	1399.88
414.035	1360.88
414.258	1344.88
414.482	1415.88
414.705	1376.88
414.928	1383.88
415.151	1393.88
415.374	1364.88
415.597	1344.88
415.821	1329.88
416.044	1330.88
416.267	1348.88
416.49	1349.88
416.713	1320.88
416.936	1384.88
417.159	1352.88
417.382	1327.88
417.605	1344.88
417.828	1412.88
418.051	1406.88
418.274	1377.88
418.497	1376.88
418.72	1420.88
418.943	1407.88
419.166	1450.88
419.389	1537.88
419.611	1560.88
419.834	1517.88
420.057	1480.88
420.28	1486.88
420.503	1502.88
420.726	1431.88
420.948	1465.88
421.171	1496.88
421.394	1477.88
421.617	1425.88
421.839	1426.88
422.062	1413.88
422.285	1405.88
422.507	1492.88
422.73	1584.88
422.953	1504.88
423.175	1427.88
423.398	1468.88
423.621	1433.88
423.843	1456.88
424.066	1509.88
424.288	1509.88
424.511	1507.88
424.733	1564.88
424.956	1592.88
425.178	1593.88
425.401	1544.88
425.623	1567.88
425.846	1469.88
426.068	1410.88
426.291	1418.88
426.513	1378.88
426.735	1400.88
426.958	1446.88
427.18	1478.88
427.402	1680.88
427.625	1740.88
427.847	1666.88
428.069	1571.88
428.292	1459.88
428.514	1344.88
428.736	1354.88
428.958	1308.88
429.181	1307.88
429.403	1266.88
429.625	1304.88
429.847	1296.88
430.069	1373.88
430.292	1351.88
430.514	1273.88
430.736	1254.88
430.958	1234.88
431.18	1219.88
431.402	1244.88
431.624	1219.88
431.846	1220.88
432.068	1176.88
432.29	1199.88
432.512	1247.88
432.734	1253.88
432.956	1249.88
433.178	1308.88
433.4	1318.88
433.622	1285.88
433.844	1303.88
434.066	1244.88
434.287	1243.88
434.509	1253.88
434.731	1267.88
434.953	1326.88
435.175	1398.88
435.397	1392.88
435.618	1340.88
435.84	1370.88
436.062	1406.88
436.284	1499.88
436.505	1363.88
436.727	1332.88
436.949	1350.88
437.17	1308.88
437.392	1245.88
437.614	1239.88
437.835	1278.88
438.057	1395.88
438.278	1450.88
438.5	1486.88
438.721	1562.88
438.943	1562.88
439.165	1371.88
439.386	1338.88
439.608	1344.88
439.829	1355.88
440.05	1386.88
440.272	1447.88
440.493	1396.88
440.715	1391.88
440.936	1347.88
441.158	1370.88
441.379	1382.88
441.6	1446.88
441.822	1493.88
442.043	1528.88
442.264	1590.88
442.486	1550.88
442.707	1472.88
442.928	1442.88
443.149	1445.88
443.371	1454.88
443.592	1512.88
443.813	1572.88
444.034	1659.88
444.255	1570.88
444.476	1558.88
444.698	1566.88
444.919	1586.88
445.14	1684.88
445.361	1592.88
445.582	1524.88
445.803	1564.88
446.024	1591.88
446.245	1625.88
446.466	1554.88
446.687	1404.88
446.908	1373.88
447.129	1353.88
447.35	1320.88
447.571	1325.88
447.792	1258.88
448.013	1294.88
448.234	1264.88
448.455	1326.88
448.675	1462.88
448.896	1496.88
449.117	1363.88
449.338	1358.88
449.559	1446.88
449.779	1538.88
450	1372.88
450.221	1276.88
450.442	1231.88
450.662	1236.88
450.883	1250.88
451.104	1284.88
451.324	1241.88
451.545	1240.88
451.766	1183.88
451.986	1164.88
452.207	1164.88
452.428	1144.88
452.648	1134.88
452.869	1104.88
453.089	1123.88
453.31	1138.88
453.53	1125.88
453.751	1078.88
453.971	1088.88
454.192	1120.88
454.412	1082.88
454.633	1087.88
454.853	1111.88
455.073	1067.88
455.294	1160.88
455.514	1150.88
455.734	1141.88
455.955	1087.88
456.175	1071.88
456.395	1033.88
456.616	1024.88
456.836	1021.88
457.056	1019.88
457.276	991.88
457.497	1032.88
457.717	1025.88
457.937	1030.88
458.157	1055.88
458.377	1062.88
458.598	1068.88
458.818	1147.88
459.038	1275.88
459.258	1286.88
459.478	1186.88
459.698	1192.88
459.918	1222.88
460.138	1232.88
460.358	1308.88
460.578	1303.88
460.798	1330.88
461.018	1335.88
461.238	1333.88
461.458	1322.88
461.678	1332.88
461.898	1304.88
462.118	1346.88
462.338	1375.88
462.558	1419.88
462.777	1474.88
462.997	1537.88
463.217	1632.88
463.437	1644.88
463.657	1548.88
463.876	1468.88
464.096	1478.88
464.316	1462.88
464.536	1532.88
464.755	1436.88
464.975	1472.88
465.195	1495.88
465.414	1557.88
465.634	1343.88
465.854	1295.88
466.073	1245.88
466.293	1223.88
466.512	1182.88
466.732	1148.88
466.951	1189.88
467.171	1203.88
467.391	1198.88
467.61	1246.88
467.829	1262.88
468.049	1320.88
468.268	1496.88
468.488	1333.88
468.707	1219.88
468.927	1211.88
469.146	1178.88
469.365	1180.88
469.585	1184.88
469.804	1199.88
470.023	1243.88
470.243	1238.88
470.462	1274.88
470.681	1318.88
470.901	1264.88
471.12	1281.88
471.339	1224.88
471.558	1238.88
471.777	1238.88
471.997	1242.88
472.216	1425.88
472.435	2064.88
472.654	1735.88
472.873	1353.88
473.092	1230.88
473.311	1178.88
473.53	1200.88
473.749	1161.88
473.968	1197.88
474.187	1306.88
474.406	1255.88
474.625	1177.88
474.844	1140.88
475.063	1151.88
475.282	1134.88
475.501	1164.88
475.72	1109.88
475.939	1150.88
476.158	1181.88
476.377	1166.88
476.596	1184.88
476.814	1179.88
477.033	1160.88
477.252	1189.88
477.471	1244.88
477.69	1271.88
477.908	1319.88
478.127	1316.88
478.346	1309.88
478.564	1348.88
478.783	1350.88
479.002	1417.88
479.22	1416.88
479.439	1413.88
479.658	1406.88
479.876	1393.88
480.095	1414.88
480.313	1466.88
480.532	1484.88
480.751	1576.88
480.969	1674.88
481.188	2643.88
481.406	3180.88
481.624	1960.88
481.843	1570.88
482.061	1487.88
482.28	1406.88
482.498	1333.88
482.717	1317.88
482.935	1367.88
483.153	1410.88
483.372	1414.88
483.59	1396.88
483.808	1378.88
484.027	1332.88
484.245	1360.88
484.463	1375.88
484.681	1404.88
484.9	1381.88
485.118	1390.88
485.336	1342.88
485.554	1343.88
485.772	1314.88
485.99	1340.88
486.209	1340.88
486.427	1375.88
486.645	1365.88
486.863	1412.88
487.081	1435.88
487.299	1438.88
487.517	1428.88
487.735	1444.88
487.953	1539.88
488.171	1499.88
488.389	1493.88
488.607	1434.88
488.825	1388.88
489.043	1386.88
489.261	1430.88
489.479	1406.88
489.696	1451.88
489.914	1454.88
490.132	1493.88
490.35	1461.88
490.568	1553.88
490.786	1557.88
491.003	1638.88
491.221	1633.88
491.439	1660.88
491.657	1655.88
491.874	1709.88
492.092	1801.88
492.31	1791.88
492.527	1818.88
492.745	1792.88
492.963	1765.88
493.18	1699.88
493.398	1718.88
493.615	1726.88
493.833	1717.88
494.05	1687.88
494.268	1680.88
494.485	1685.88
494.703	1664.88
494.92	1714.88
495.138	1690.88
495.355	1656.88
495.573	1655.88
495.79	1666.88
496.008	1688.88
496.225	1689.88
496.442	1674.88
496.66	1680.88
496.877	1697.88
497.094	1722.88
497.312	1734.88
497.529	1707.88
497.746	1708.88
497.963	1729.88
498.181	1786.88
498.398	1808.88
498.615	1875.88
498.832	1940.88
499.049	2086.88
499.267	2182.88
499.484	2358.88
499.701	2514.88
499.918	2719.88
500.135	3012.88
500.352	3339.88
500.569	3475.88
500.786	3446.88
501.003	3291.88
501.22	2966.88
501.437	2724.88
501.654	2520.88
501.871	2343.88
502.088	2196.88
502.305	2085.88
502.522	1966.88
502.739	1890.88
502.956	1781.88
503.172	1717.88
503.389	1723.88
503.606	1679.88
503.823	1682.88
504.04	1612.88
504.256	1632.88
504.473	1667.88
504.69	1666.88
504.907	1619.88
505.123	1562.88
505.34	1476.88
505.557	1490.88
505.773	1447.88
505.99	1427.88
506.207	1416.88
506.423	1371.88
506.64	1379.88
506.856	1367.88
507.073	1356.88
507.289	1351.88
507.506	1342.88
507.722	1364.88
507.939	1382.88
508.155	1342.88
508.372	1303.88
508.588	1296.88
508.805	1244.88
509.021	1279.88
509.238	1246.88
509.454	1248.88
509.67	1232.88
509.887	1247.88
510.103	1247.88
510.319	1286.88
510.536	1487.88
510.752	2650.88
510.968	1946.88
511.184	1318.88
511.401	1252.88
511.617	1233.88
511.833	1268.88
512.049	1247.88
512.265	1244.88
512.481	1238.88
512.698	1232.88
512.914	1229.88
513.13	1227.88
513.346	1198.88
513.562	1207.88
513.778	1214.88
513.994	1235.88
514.21	1260.88
514.426	1298.88
514.642	1372.88
514.858	1408.88
515.074	1482.88
515.29	1721.88
515.506	2592.88
515.721	2057.88
515.937	1474.88
516.153	1412.88
516.369	1351.88
516.585	1363.88
516.801	1373.88
517.016	1389.88
517.232	1454.88
517.448	1525.88
517.664	1507.88
517.879	1483.88
518.095	1509.88
518.311	1483.88
518.527	1456.88
518.742	1425.88
518.958	1377.88
519.173	1365.88
519.389	1346.88
519.605	1344.88
519.82	1334.88
520.036	1263.88
520.251	1325.88
520.467	1335.88
520.682	1308.88
520.898	1300.88
521.113	1342.88
521.329	1394.88
521.544	1556.88
521.76	1949.88
521.975	3342.88
522.19	3100.88
522.406	1695.88
522.621	1338.88
522.836	1254.88
523.052	1211.88
523.267	1195.88
523.482	1188.88
523.698	1191.88
523.913	1150.88
524.128	1167.88
524.343	1149.88
524.559	1133.88
524.774	1116.88
524.989	1134.88
525.204	1146.88
525.419	1116.88
525.634	1092.88
525.849	1080.88
526.064	1057.88
526.28	1076.88
526.495	1018.88
526.71	1027.88
526.925	1017.88
527.14	969.88
527.355	1055.88
527.57	999.88
527.785	1012.88
527.999	1036.88
528.214	1083.88
528.429	1056.88
528.644	1088.88
528.859	1092.88
529.074	1118.88
529.289	1182.88
529.503	1303.88
529.718	1169.88
529.933	1075.88
530.148	1036.88
530.363	1001.88
530.577	1002.88
530.792	992.88
531.007	979.88
531.221	991.88
531.436	987.88
531.651	962.88
531.865	976.88
532.08	1002.88
532.295	996.88
532.509	987.88
532.724	978.88
532.938	1004.88
533.153	977.88
533.367	1002.88
533.582	1040.88
533.796	1025.88
534.011	1044.88
534.225	976.88
534.44	970.88
534.654	991.88
534.868	970.88
535.083	972.88
535.297	981.88
535.511	966.88
535.726	984.88
535.94	997.88
536.154	985.88
536.369	940.88
536.583	929.88
536.797	900.88
537.011	889.88
537.225	915.88
537.44	924.88
537.654	925.88
537.868	901.88
538.082	940.88
538.296	908.88
538.51	961.88
538.724	947.88
538.938	961.88
539.153	999.88
539.367	982.88
539.581	951.88
539.795	933.88
540.009	900.88
540.222	895.88
540.436	902.88
540.65	933.88
540.864	968.88
541.078	992.88
541.292	1030.88
541.506	1032.88
541.72	1084.88
541.934	1106.88
542.147	1121.88
542.361	1082.88
542.575	1028.88
542.789	1014.88
543.002	976.88
543.216	932.88
543.43	948.88
543.644	944.88
543.857	970.88
544.071	1017.88
544.285	1048.88
544.498	1036.88
544.712	1031.88
544.925	1040.88
545.139	1055.88
545.352	1029.88
545.566	1036.88
545.779	1070.88
545.993	1066.88
546.206	1096.88
546.42	1084.88
546.633	1038.88
546.847	1049.88
547.06	1068.88
547.274	1101.88
547.487	1118.88
547.7	1095.88
547.914	1063.88
548.127	1095.88
548.34	1078.88
548.554	1078.88
548.767	1038.88
548.98	1035.88
549.193	1038.88
549.407	1042.88
549.62	1072.88
549.833	1070.88
550.046	1038.88
550.259	1047.88
550.473	1032.88
550.686	1006.88
550.899	1012.88
551.112	992.88
551.325	1020.88
551.538	978.88
551.751	928.88
551.964	940.88
552.177	930.88
552.39	981.88
552.603	1035.88
552.816	1095.88
553.029	1077.88
553.242	1117.88
553.455	1128.88
553.667	1122.88
553.88	1117.88
554.093	1062.88
554.306	1062.88
554.519	1070.88
554.732	1031.88
554.944	992.88
555.157	984.88
555.37	979.88
555.583	949.88
555.795	951.88
556.008	907.88
556.221	896.88
556.433	890.88
556.646	893.88
556.859	884.88
557.071	893.88
557.284	886.88
557.496	897.88
557.709	878.88
557.921	889.88
558.134	862.88
558.346	884.88
558.559	838.88
558.771	870.88
558.984	859.88
559.196	818.88
559.409	811.88
559.621	815.88
559.833	821.88
560.046	818.88
560.258	804.88
560.47	832.88
560.683	844.88
560.895	826.88
561.107	826.88
561.32	837.88
561.532	816.88
561.744	836.88
561.956	839.88
562.168	824.88
562.381	785.88
562.593	815.88
562.805	833.88
563.017	819.88
563.229	777.88
563.441	792.88
563.653	808.88
563.865	821.88
564.077	805.88
564.289	834.88
564.501	838.88
564.713	817.88
564.925	846.88
565.137	863.88
565.349	869.88
565.561	881.88
565.773	892.88
565.985	926.88
566.197	949.88
566.408	1013.88
566.62	1072.88
566.832	1152.88
567.044	1186.88
567.255	1143.88
567.467	1165.88
567.679	1186.88
567.891	1263.88
568.102	1234.88
568.314	1190.88
568.526	1077.88
568.737	1022.88
568.949	935.88
569.161	865.88
569.372	822.88
569.584	804.88
569.795	751.88
570.007	748.88
570.218	837.88
570.43	775.88
570.641	747.88
570.853	763.88
571.064	739.88
571.276	759.88
571.487	727.88
571.698	721.88
571.91	699.88
572.121	696.88
572.333	666.88
572.544	644.88
572.755	638.88
572.966	642.88
573.178	639.88
573.389	609.88
573.6	601.88
573.811	570.88
574.023	587.88
574.234	595.88
574.445	588.88
574.656	597.88
574.867	603.88
575.078	618.88
575.289	591.88
575.501	605.88
575.712	567.88
575.923	587.88
576.134	587.88
576.345	599.88
576.556	587.88
576.767	568.88
576.978	582.88
577.188	563.88
577.399	579.88
577.61	570.88
577.821	572.88
578.032	570.88
578.243	597.88
578.454	1016.88
578.665	726.88
578.875	564.88
579.086	518.88
579.297	546.88
579.508	544.88
579.718	543.88
579.929	513.88
580.14	507.88
580.35	530.88
580.561	494.88
580.772	504.88
580.982	532.88
581.193	502.88
581.403	506.88
581.614	514.88
581.825	515.88
582.035	528.88
582.246	509.88
582.456	521.88
582.667	504.88
582.877	502.88
583.087	493.88
583.298	512.88
583.508	491.88
583.719	484.88
583.929	490.88
584.139	488.88
584.35	481.88
584.56	472.88
584.77	512.88
584.981	486.88
585.191	490.88
585.401	474.88
585.611	457.88
585.821	462.88
586.032	485.88
586.242	499.88
586.452	456.88
586.662	468.88
586.872	477.88
587.082	464.88
587.292	479.88
587.502	472.88
587.713	475.88
587.923	471.88
588.133	469.88
588.343	464.88
588.553	469.88
588.762	468.88
588.972	451.88
589.182	497.88
589.392	504.88
589.602	472.88
589.812	487.88
590.022	481.88
590.232	465.88
590.441	458.88
590.651	495.88
590.861	469.88
591.071	483.88
591.281	468.88
591.49	473.88
591.7	485.88
591.91	509.88
592.119	506.88
592.329	502.88
592.539	542.88
592.748	548.88
592.958	542.88
593.167	568.88
593.377	582.88
593.587	552.88
593.796	573.88
594.006	578.88
594.215	590.88
594.424	584.88
594.634	566.88
594.843	567.88
595.053	538.88
595.262	548.88
595.472	507.88
595.681	492.88
595.89	472.88
596.1	471.88
596.309	463.88
596.518	474.88
596.727	460.88
596.937	459.88
597.146	475.88
597.355	448.88
597.564	434.88
597.774	435.88
597.983	417.88
598.192	436.88
598.401	428.88
598.61	421.88
598.819	426.88
599.028	428.88
599.237	436.88
599.446	427.88
599.655	433.88
599.864	401.88
600.073	420.88
600.282	408.88
600.491	420.88
600.7	411.88
600.909	392.88
601.118	434.88
601.327	437.88
601.536	430.88
601.745	440.88
601.953	440.88
602.162	451.88
602.371	454.88
602.58	439.88
602.789	463.88
602.997	447.88
603.206	438.88
603.415	436.88
603.623	440.88
603.832	437.88
604.041	433.88
604.249	428.88
604.458	417.88
604.666	401.88
604.875	398.88
605.084	403.88
605.292	421.88
605.501	439.88
605.709	441.88
605.918	450.88
606.126	456.88
606.334	453.88
606.543	438.88
606.751	434.88
606.96	451.88
607.168	442.88
607.376	448.88
607.585	442.88
607.793	442.88
608.001	445.88
608.21	446.88
608.418	432.88
608.626	402.88
608.834	434.88
609.043	434.88
609.251	437.88
609.459	444.88
609.667	453.88
609.875	421.88
610.083	448.88
610.291	452.88
610.499	438.88
610.707	435.88
610.916	436.88
611.124	441.88
611.332	431.88
611.54	435.88
611.748	421.88
611.955	431.88
612.163	419.88
612.371	433.88
612.579	425.88
612.787	446.88
612.995	430.88
613.203	436.88
613.411	445.88
613.618	416.88
613.826	437.88
614.034	430.88
614.242	423.88
614.449	422.88
614.657	436.88
614.865	423.88
615.072	434.88
615.28	426.88
615.488	432.88
615.695	444.88
615.903	415.88
616.111	454.88
616.318	447.88
616.526	423.88
616.733	440.88
616.941	429.88
617.148	421.88
617.356	416.88
617.563	428.88
617.771	410.88
617.978	396.88
618.185	423.88
618.393	406.88
618.6	414.88
618.807	396.88
619.015	431.88
619.222	414.88
619.429	396.88
619.637	408.88
619.844	388.88
620.051	368.88
620.258	406.88
620.466	401.88
620.673	392.88
620.88	393.88
621.087	368.88
621.294	377.88
621.501	390.88
621.708	349.88
621.915	403.88
622.122	366.88
622.329	367.88
622.536	389.88
622.743	383.88
622.95	375.88
623.157	387.88
623.364	375.88
623.571	381.88
623.778	374.88
623.985	399.88
624.192	386.88
624.399	372.88
624.606	356.88
624.812	343.88
625.019	363.88
625.226	360.88
625.433	354.88
625.639	359.88
625.846	326.88
626.053	321.88
626.259	317.88
626.466	320.88
626.673	310.88
626.879	332.88
627.086	307.88
627.293	328.88
627.499	344.88
627.706	351.88
627.912	357.88
628.119	353.88
628.325	336.88
628.532	344.88
628.738	338.88
628.945	330.88
629.151	327.88
629.357	318.88
629.564	332.88
629.77	339.88
629.976	320.88
630.183	313.88
630.389	313.88
630.595	316.88
630.802	325.88
631.008	322.88
631.214	328.88
631.42	328.88
631.627	316.88
631.833	311.88
632.039	330.88
632.245	305.88
632.451	310.88
632.657	312.88
632.863	318.88
633.069	317.88
633.275	321.88
633.481	306.88
633.688	296.88
633.893	294.88
634.099	304.88
634.305	305.88
634.511	306.88
634.717	285.88
634.923	281.88
635.129	287.88
635.335	294.88
635.541	295.88
635.747	298.88
635.952	313.88
636.158	335.88
636.364	373.88
636.57	378.88
636.775	337.88
636.981	328.88
637.187	321.88
637.392	335.88
637.598	330.88
637.804	319.88
638.009	319.88
638.215	322.88
638.421	309.88
638.626	291.88
638.832	289.88
639.037	285.88
639.243	292.88
639.448	284.88
639.654	295.88
639.859	274.88
640.065	291.88
640.27	265.88
640.475	263.88
640.681	271.88
640.886	279.88
641.091	272.88
641.297	291.88
641.502	300.88
641.707	294.88
641.913	298.88
642.118	278.88
642.323	270.88
642.528	276.88
642.733	294.88
642.939	265.88
643.144	278.88
643.349	270.88
643.554	263.88
643.759	284.88
643.964	265.88
644.169	269.88
644.374	269.88
644.579	279.88
644.784	272.88
644.989	288.88
645.194	272.88
645.399	278.88
645.604	264.88
645.809	250.88
646.014	250.88
646.219	270.88
646.423	262.88
646.628	268.88
646.833	257.88
647.038	278.88
647.243	277.88
647.447	261.88
647.652	268.88
647.857	270.88
648.062	267.88
648.266	285.88
648.471	280.88
648.676	280.88
648.88	269.88
649.085	266.88
649.289	270.88
649.494	281.88
649.698	298.88
649.903	294.88
650.107	271.88
650.312	278.88
650.516	262.88
650.721	263.88
650.925	243.88
651.13	234.88
651.334	239.88
651.539	232.88
651.743	223.88
651.947	218.88
652.152	225.88
652.356	224.88
652.56	220.88
652.764	219.88
652.969	209.88
653.173	217.88
653.377	211.88
653.581	210.88
653.785	219.88
653.99	200.88
654.194	224.88
654.398	223.88
654.602	198.88
654.806	208.88
655.01	215.88
655.214	204.88
655.418	179.88
655.622	199.88
655.826	205.88
656.03	198.88
656.234	188.88
656.438	191.88
656.642	194.88
656.846	184.88
657.049	185.88
657.253	178.88
657.457	161.88
657.661	163.88
657.865	141.88
658.068	159.88
658.272	149.88
658.476	136.88
658.68	128.88
658.883	149.88
659.087	124.88
659.291	136.88
659.494	127.88
659.698	132.88
659.901	126.88
660.105	118.88
660.309	116.88
660.512	126.88
660.716	110.88
660.919	112.88
661.123	108.88
661.326	107.88
661.53	112.88
661.733	103.88
661.936	104.88
662.14	113.88
662.343	92.88
662.546	94.88
662.75	94.88
662.953	91.88
663.156	80.88
663.36	84.88
663.563	79.88
663.766	80.88
663.969	91.88
664.173	80.88
664.376	76.88
664.579	75.88
664.782	90.88
664.985	79.88
665.188	95.88
665.391	96.88
665.594	77.88
665.797	75.88
666	64.88
666.203	78.88
666.406	81.88
666.609	63.88
666.812	83.88
667.015	80.88
667.218	86.88
667.421	82.88
667.624	79.88
667.827	79.88
668.03	84.88
668.232	87.88
668.435	79.88
668.638	86.88
668.841	102.88
669.043	87.88
669.246	85.88
669.449	71.88
669.651	92.88
669.854	75.88
670.057	64.88
670.259	85.88
670.462	75.88
670.665	82.88
670.867	81.88
671.07	82.88
671.272	84.88
671.475	71.88
671.677	89.88
671.88	81.88
672.082	83.88
672.284	90.88
672.487	91.88
672.689	82.88
672.892	90.88
