223.165	-13.56
223.4	-13.56
223.635	-13.56
223.869	-19.56
224.104	-17.56
224.338	-4.56
224.573	-22.56
224.808	-5.56
225.042	-19.56
225.277	-7.56
225.511	3.44
225.746	0.44
225.98	13.44
226.215	8.44
226.449	30.44
226.683	15.44
226.918	11.44
227.152	27.44
227.387	45.44
227.621	34.44
227.856	39.44
228.09	64.44
228.324	45.44
228.559	60.44
228.793	77.44
229.027	108.44
229.262	134.44
229.496	152.44
229.73	169.44
229.964	196.44
230.199	171.44
230.433	140.44
230.667	141.44
230.901	148.44
231.136	136.44
231.37	128.44
231.604	123.44
231.838	146.44
232.072	129.44
232.306	135.44
232.541	139.44
232.775	143.44
233.009	137.44
233.243	135.44
233.477	145.44
233.711	148.44
233.945	151.44
234.179	161.44
234.413	146.44
234.647	163.44
234.881	146.44
235.115	153.44
235.349	141.44
235.583	159.44
235.817	139.44
236.051	158.44
236.285	158.44
236.519	171.44
236.753	166.44
236.987	169.44
237.221	223.44
237.455	253.44
237.689	214.44
237.922	196.44
238.156	186.44
238.39	169.44
238.624	174.44
238.858	170.44
239.091	151.44
239.325	150.44
239.559	165.44
239.793	169.44
240.027	155.44
240.26	171.44
240.494	189.44
240.728	175.44
240.961	192.44
241.195	201.44
241.429	179.44
241.662	177.44
241.896	172.44
242.13	198.44
242.363	182.44
242.597	187.44
242.83	171.44
243.064	196.44
243.298	194.44
243.531	197.44
243.765	195.44
243.998	200.44
244.232	210.44
244.465	194.44
244.699	199.44
244.932	202.44
245.166	205.44
245.399	203.44
245.633	183.44
245.866	210.44
246.099	196.44
246.333	218.44
246.566	199.44
246.8	206.44
247.033	213.44
247.266	216.44
247.5	216.44
247.733	227.44
247.966	223.44
248.2	217.44
248.433	234.44
248.666	245.44
248.899	235.44
249.133	281.44
249.366	281.44
249.599	274.44
249.832	267.44
250.066	281.44
250.299	288.44
250.532	345.44
250.765	364.44
250.998	338.44
251.231	331.44
251.465	294.44
251.698	292.44
251.931	277.44
252.164	285.44
252.397	294.44
252.63	272.44
252.863	306.44
253.096	293.44
253.329	307.44
253.562	298.44
253.795	286.44
254.028	303.44
254.261	297.44
254.494	307.44
254.727	325.44
254.96	341.44
255.193	333.44
255.426	323.44
255.659	361.44
255.892	438.44
256.124	524.44
256.357	525.44
256.59	454.44
256.823	397.44
257.056	363.44
257.289	338.44
257.521	326.44
257.754	342.44
257.987	310.44
258.22	303.44
258.452	314.44
258.685	313.44
258.918	302.44
259.151	321.44
259.383	315.44
259.616	308.44
259.849	327.44
260.081	325.44
260.314	336.44
260.547	330.44
260.779	341.44
261.012	321.44
261.244	314.44
261.477	310.44
261.71	327.44
261.942	341.44
262.175	324.44
262.407	335.44
262.64	303.44
262.872	315.44
263.105	330.44
263.337	318.44
263.57	312.44
263.802	319.44
264.035	307.44
264.267	327.44
264.499	313.44
264.732	311.44
264.964	321.44
265.197	308.44
265.429	332.44
265.661	325.44
265.894	325.44
266.126	323.44
266.358	326.44
266.591	307.44
266.823	346.44
267.055	327.44
267.287	345.44
267.52	334.44
267.752	352.44
267.984	329.44
268.216	351.44
268.448	326.44
268.681	353.44
268.913	347.44
269.145	366.44
269.377	379.44
269.609	377.44
269.841	365.44
270.073	382.44
270.306	385.44
270.538	405.44
270.77	422.44
271.002	392.44
271.234	377.44
271.466	390.44
271.698	417.44
271.93	413.44
272.162	415.44
272.394	396.44
272.626	406.44
272.858	390.44
273.09	399.44
273.322	392.44
273.553	383.44
273.785	393.44
274.017	393.44
274.249	394.44
274.481	401.44
274.713	409.44
274.945	418.44
275.176	408.44
275.408	401.44
275.64	411.44
275.872	420.44
276.104	399.44
276.335	431.44
276.567	432.44
276.799	447.44
277.031	465.44
277.262	519.44
277.494	496.44
277.726	470.44
277.957	437.44
278.189	438.44
278.421	434.44
278.652	429.44
278.884	413.44
279.115	436.44
279.347	423.44
279.579	439.44
279.81	460.44
280.042	465.44
280.273	519.44
280.505	481.44
280.736	446.44
280.968	410.44
281.199	435.44
281.431	427.44
281.662	441.44
281.894	434.44
282.125	429.44
282.356	442.44
282.588	470.44
282.819	497.44
283.051	441.44
283.282	446.44
283.513	455.44
283.745	455.44
283.976	452.44
284.207	437.44
284.439	451.44
284.67	429.44
284.901	430.44
285.132	429.44
285.364	447.44
285.595	423.44
285.826	445.44
286.057	453.44
286.288	433.44
286.52	453.44
286.751	449.44
286.982	468.44
287.213	438.44
287.444	473.44
287.675	429.44
287.906	467.44
288.138	452.44
288.369	477.44
288.6	461.44
288.831	451.44
289.062	473.44
289.293	454.44
289.524	475.44
289.755	453.44
289.986	461.44
290.217	483.44
290.448	475.44
290.679	472.44
290.91	467.44
291.141	454.44
291.371	450.44
291.602	476.44
291.833	464.44
292.064	473.44
292.295	483.44
292.526	475.44
292.757	471.44
292.987	454.44
293.218	465.44
293.449	479.44
293.68	469.44
293.91	489.44
294.141	449.44
294.372	458.44
294.603	486.44
294.833	484.44
295.064	483.44
295.295	475.44
295.525	498.44
295.756	486.44
295.987	508.44
296.217	562.44
296.448	525.44
296.679	506.44
296.909	494.44
297.14	479.44
297.37	523.44
297.601	505.44
297.831	510.44
298.062	494.44
298.292	495.44
298.523	517.44
298.753	525.44
298.984	506.44
299.214	524.44
299.445	527.44
299.675	529.44
299.905	517.44
300.136	517.44
300.366	518.44
300.597	527.44
300.827	520.44
301.057	531.44
301.288	539.44
301.518	569.44
301.748	570.44
301.979	547.44
302.209	550.44
302.439	562.44
302.669	530.44
302.9	547.44
303.13	534.44
303.36	563.44
303.59	610.44
303.82	572.44
304.051	598.44
304.281	582.44
304.511	563.44
304.741	572.44
304.971	554.44
305.201	550.44
305.431	546.44
305.661	545.44
305.891	565.44
306.121	566.44
306.352	544.44
306.582	573.44
306.812	566.44
307.042	593.44
307.272	580.44
307.502	618.44
307.731	629.44
307.961	581.44
308.191	564.44
308.421	563.44
308.651	567.44
308.881	569.44
309.111	550.44
309.341	565.44
309.571	590.44
309.8	613.44
310.03	627.44
310.26	607.44
310.49	623.44
310.72	628.44
310.949	677.44
311.179	656.44
311.409	638.44
311.639	639.44
311.868	620.44
312.098	642.44
312.328	651.44
312.557	656.44
312.787	679.44
313.017	665.44
313.246	669.44
313.476	648.44
313.706	633.44
313.935	653.44
314.165	685.44
314.394	687.44
314.624	697.44
314.853	663.44
315.083	637.44
315.312	639.44
315.542	645.44
315.771	650.44
316.001	641.44
316.23	655.44
316.46	639.44
316.689	675.44
316.919	637.44
317.148	667.44
317.377	664.44
317.607	656.44
317.836	684.44
318.065	646.44
318.295	686.44
318.524	665.44
318.753	657.44
318.983	650.44
319.212	672.44
319.441	685.44
319.67	681.44
319.9	692.44
320.129	662.44
320.358	650.44
320.587	662.44
320.816	662.44
321.046	688.44
321.275	709.44
321.504	706.44
321.733	678.44
321.962	700.44
322.191	740.44
322.42	759.44
322.649	806.44
322.878	814.44
323.108	811.44
323.337	870.44
323.566	889.44
323.795	943.44
324.024	1020.44
324.253	1247.44
324.482	1707.44
324.71	2526.44
324.939	3536.44
325.168	2867.44
325.397	1553.44
325.626	1159.44
325.855	1037.44
326.084	973.44
326.313	997.44
326.542	1026.44
326.77	1065.44
326.999	1223.44
327.228	1617.44
327.457	2417.44
327.686	2820.44
327.914	1971.44
328.143	1618.44
328.372	1666.44
328.6	1484.44
328.829	1251.44
329.058	1202.44
329.287	1242.44
329.515	1230.44
329.744	1292.44
329.972	1545.44
330.201	1926.44
330.43	2375.44
330.658	2007.44
330.887	1505.44
331.115	1321.44
331.344	1136.44
331.572	1087.44
331.801	1059.44
332.03	1055.44
332.258	1031.44
332.486	1057.44
332.715	1076.44
332.943	1078.44
333.172	1143.44
333.4	1199.44
333.629	1265.44
333.857	1445.44
334.085	1705.44
334.314	2155.44
334.542	2884.44
334.771	3094.44
334.999	2021.44
335.227	1426.44
335.455	1220.44
335.684	1133.44
335.912	1084.44
336.14	1029.44
336.369	1019.44
336.597	1039.44
336.825	986.44
337.053	955.44
337.281	946.44
337.51	938.44
337.738	922.44
337.966	904.44
338.194	889.44
338.422	878.44
338.65	868.44
338.878	885.44
339.106	847.44
339.334	833.44
339.562	839.44
339.79	844.44
340.018	825.44
340.246	827.44
340.474	852.44
340.702	830.44
340.93	861.44
341.158	792.44
341.386	818.44
341.614	827.44
341.842	836.44
342.07	810.44
342.298	809.44
342.526	784.44
342.754	794.44
342.981	784.44
343.209	783.44
343.437	836.44
343.665	852.44
343.893	910.44
344.12	914.44
344.348	875.44
344.576	865.44
344.804	865.44
345.031	850.44
345.259	864.44
345.487	844.44
345.714	823.44
345.942	803.44
346.17	783.44
346.397	786.44
346.625	804.44
346.853	818.44
347.08	799.44
347.308	835.44
347.535	820.44
347.763	825.44
347.99	818.44
348.218	812.44
348.445	833.44
348.673	809.44
348.9	796.44
349.128	820.44
349.355	758.44
349.583	789.44
349.81	780.44
350.037	798.44
350.265	784.44
350.492	776.44
350.72	788.44
350.947	772.44
351.174	803.44
351.402	804.44
351.629	793.44
351.856	784.44
352.083	829.44
352.311	831.44
352.538	818.44
352.765	793.44
352.992	784.44
353.22	800.44
353.447	801.44
353.674	779.44
353.901	771.44
354.128	781.44
354.355	767.44
354.583	776.44
354.81	747.44
355.037	729.44
355.264	745.44
355.491	764.44
355.718	743.44
355.945	773.44
356.172	757.44
356.399	765.44
356.626	739.44
356.853	765.44
357.08	746.44
357.307	740.44
357.534	740.44
357.761	756.44
357.988	782.44
358.215	757.44
358.441	774.44
358.668	783.44
358.895	765.44
359.122	764.44
359.349	800.44
359.576	799.44
359.802	857.44
360.029	883.44
360.256	894.44
360.483	881.44
360.709	805.44
360.936	805.44
361.163	822.44
361.39	823.44
361.616	818.44
361.843	792.44
362.07	800.44
362.296	799.44
362.523	821.44
362.749	803.44
362.976	816.44
363.203	791.44
363.429	766.44
363.656	780.44
363.882	788.44
364.109	775.44
364.335	776.44
364.562	773.44
364.788	791.44
365.015	822.44
365.241	784.44
365.468	797.44
365.694	805.44
365.92	823.44
366.147	810.44
366.373	779.44
366.599	806.44
366.826	806.44
367.052	789.44
367.278	779.44
367.505	805.44
367.731	832.44
367.957	809.44
368.184	820.44
368.41	817.44
368.636	824.44
368.862	816.44
369.089	825.44
369.315	834.44
369.541	818.44
369.767	828.44
369.993	816.44
370.219	823.44
370.445	858.44
370.672	857.44
370.898	866.44
371.124	830.44
371.35	850.44
371.576	852.44
371.802	859.44
372.028	862.44
372.254	849.44
372.48	860.44
372.706	848.44
372.932	868.44
373.158	882.44
373.384	875.44
373.61	851.44
373.835	863.44
374.061	847.44
374.287	884.44
374.513	848.44
374.739	897.44
374.965	903.44
375.191	902.44
375.416	905.44
375.642	907.44
375.868	886.44
376.094	865.44
376.319	881.44
376.545	868.44
376.771	862.44
376.997	877.44
377.222	895.44
377.448	866.44
377.674	846.44
377.899	851.44
378.125	825.44
378.35	853.44
378.576	827.44
378.802	828.44
379.027	837.44
379.253	858.44
379.478	826.44
379.704	835.44
379.929	851.44
380.155	846.44
380.38	869.44
380.606	879.44
380.831	846.44
381.057	850.44
381.282	883.44
381.507	858.44
381.733	907.44
381.958	857.44
382.184	877.44
382.409	887.44
382.634	907.44
382.86	891.44
383.085	915.44
383.31	923.44
383.535	939.44
383.761	953.44
383.986	926.44
384.211	943.44
384.436	943.44
384.662	958.44
384.887	1001.44
385.112	954.44
385.337	992.44
385.562	1005.44
385.787	1030.44
386.013	1020.44
386.238	1007.44
386.463	1015.44
386.688	1025.44
386.913	998.44
387.138	1027.44
387.363	995.44
387.588	999.44
387.813	1025.44
388.038	1010.44
388.263	998.44
388.488	1030.44
388.713	1000.44
388.938	1023.44
389.163	996.44
389.387	1003.44
389.612	991.44
389.837	1005.44
390.062	969.44
390.287	1020.44
390.512	986.44
390.736	989.44
390.961	1017.44
391.186	1037.44
391.411	1031.44
391.636	1087.44
391.86	1084.44
392.085	1095.44
392.31	1116.44
392.534	1105.44
392.759	1078.44
392.984	1092.44
393.208	1071.44
393.433	1055.44
393.658	1087.44
393.882	1079.44
394.107	1094.44
394.331	1095.44
394.556	1076.44
394.78	1095.44
395.005	1078.44
395.229	1101.44
395.454	1125.44
395.678	1153.44
395.903	1146.44
396.127	1163.44
396.352	1173.44
396.576	1100.44
396.801	1124.44
397.025	1135.44
397.249	1141.44
397.474	1139.44
397.698	1157.44
397.922	1164.44
398.147	1222.44
398.371	1230.44
398.595	1231.44
398.82	1278.44
399.044	1353.44
399.268	1421.44
399.492	1592.44
399.717	1725.44
399.941	1715.44
400.165	1634.44
400.389	1542.44
400.613	1466.44
400.837	1358.44
401.062	1349.44
401.286	1329.44
401.51	1287.44
401.734	1285.44
401.958	1299.44
402.182	1331.44
402.406	1366.44
402.63	1379.44
402.854	1397.44
403.078	1397.44
403.302	1378.44
403.526	1429.44
403.75	1459.44
403.974	1491.44
404.198	1497.44
404.422	1539.44
404.645	1508.44
404.869	1508.44
405.093	1629.44
405.317	1665.44
405.541	1691.44
405.765	1602.44
405.988	1510.44
406.212	1554.44
406.436	1586.44
406.66	1580.44
406.883	1533.44
407.107	1616.44
407.331	1700.44
407.555	1770.44
407.778	1783.44
408.002	1670.44
408.226	1616.44
408.449	1571.44
408.673	1561.44
408.896	1598.44
409.12	1593.44
409.344	1547.44
409.567	1495.44
409.791	1503.44
410.014	1488.44
410.238	1441.44
410.461	1487.44
410.685	1501.44
410.908	1479.44
411.132	1484.44
411.355	1530.44
411.578	1476.44
411.802	1460.44
412.025	1482.44
412.249	1528.44
412.472	1626.44
412.695	1699.44
412.919	1619.44
413.142	1530.44
413.365	1529.44
413.589	1468.44
413.812	1431.44
414.035	1401.44
414.258	1390.44
414.482	1391.44
414.705	1409.44
414.928	1399.44
415.151	1398.44
415.374	1391.44
415.597	1378.44
415.821	1339.44
416.044	1398.44
416.267	1370.44
416.49	1359.44
416.713	1310.44
416.936	1337.44
417.159	1334.44
417.382	1350.44
417.605	1391.44
417.828	1433.44
418.051	1446.44
418.274	1409.44
418.497	1395.44
418.72	1429.44
418.943	1405.44
419.166	1478.44
419.389	1551.44
419.611	1523.44
419.834	1519.44
420.057	1517.44
420.28	1566.44
420.503	1560.44
420.726	1506.44
420.948	1489.44
421.171	1519.44
421.394	1499.44
421.617	1473.44
421.839	1438.44
422.062	1451.44
422.285	1421.44
422.507	1513.44
422.73	1587.44
422.953	1514.44
423.175	1472.44
423.398	1446.44
423.621	1470.44
423.843	1499.44
424.066	1472.44
424.288	1476.44
424.511	1520.44
424.733	1589.44
424.956	1605.44
425.178	1563.44
425.401	1563.44
425.623	1582.44
425.846	1466.44
426.068	1431.44
426.291	1405.44
426.513	1364.44
426.735	1356.44
426.958	1437.44
427.18	1514.44
427.402	1705.44
427.625	1828.44
427.847	1755.44
428.069	1661.44
428.292	1514.44
428.514	1407.44
428.736	1349.44
428.958	1351.44
429.181	1278.44
429.403	1323.44
429.625	1307.44
429.847	1341.44
430.069	1409.44
430.292	1364.44
430.514	1308.44
430.736	1273.44
430.958	1282.44
431.18	1247.44
431.402	1257.44
431.624	1229.44
431.846	1200.44
432.068	1201.44
432.29	1203.44
432.512	1247.44
432.734	1274.44
432.956	1267.44
433.178	1284.44
433.4	1297.44
433.622	1288.44
433.844	1259.44
434.066	1276.44
434.287	1245.44
434.509	1223.44
434.731	1284.44
434.953	1322.44
435.175	1360.44
435.397	1365.44
435.618	1345.44
435.84	1376.44
436.062	1483.44
436.284	1563.44
436.505	1418.44
436.727	1383.44
436.949	1309.44
437.17	1303.44
437.392	1276.44
437.614	1273.44
437.835	1276.44
438.057	1422.44
438.278	1525.44
438.5	1520.44
438.721	1646.44
438.943	1586.44
439.165	1399.44
439.386	1389.44
439.608	1390.44
439.829	1380.44
440.05	1408.44
440.272	1454.44
440.493	1460.44
440.715	1386.44
440.936	1375.44
441.158	1368.44
441.379	1357.44
441.6	1456.44
441.822	1469.44
442.043	1517.44
442.264	1574.44
442.486	1585.44
442.707	1486.44
442.928	1456.44
443.149	1467.44
443.371	1475.44
443.592	1579.44
443.813	1697.44
444.034	1675.44
444.255	1573.44
444.476	1542.44
444.698	1559.44
444.919	1622.44
445.14	1695.44
445.361	1581.44
445.582	1524.44
445.803	1604.44
446.024	1657.44
446.245	1634.44
446.466	1589.44
446.687	1449.44
446.908	1428.44
447.129	1341.44
447.35	1313.44
447.571	1312.44
447.792	1260.44
448.013	1279.44
448.234	1327.44
448.455	1356.44
448.675	1467.44
448.896	1615.44
449.117	1425.44
449.338	1397.44
449.559	1518.44
449.779	1610.44
450	1406.44
450.221	1279.44
450.442	1271.44
450.662	1229.44
450.883	1261.44
451.104	1277.44
451.324	1260.44
451.545	1231.44
451.766	1209.44
451.986	1177.44
452.207	1179.44
452.428	1173.44
452.648	1164.44
452.869	1125.44
453.089	1141.44
453.31	1151.44
453.53	1121.44
453.751	1109.44
453.971	1102.44
454.192	1163.44
454.412	1114.44
454.633	1086.44
454.853	1101.44
455.073	1107.44
455.294	1145.44
455.514	1177.44
455.734	1174.44
455.955	1046.44
456.175	1030.44
456.395	1036.44
456.616	1008.44
456.836	1020.44
457.056	1027.44
457.276	1007.44
457.497	1054.44
457.717	1030.44
457.937	1020.44
458.157	1064.44
458.377	1072.44
458.598	1084.44
458.818	1181.44
459.038	1320.44
459.258	1321.44
459.478	1229.44
459.698	1171.44
459.918	1196.44
460.138	1249.44
460.358	1302.44
460.578	1286.44
460.798	1288.44
461.018	1307.44
461.238	1341.44
461.458	1303.44
461.678	1309.44
461.898	1347.44
462.118	1337.44
462.338	1367.44
462.558	1421.44
462.777	1444.44
462.997	1509.44
463.217	1607.44
463.437	1623.44
463.657	1518.44
463.876	1453.44
464.096	1486.44
464.316	1429.44
464.536	1495.44
464.755	1466.44
464.975	1452.44
465.195	1503.44
465.414	1621.44
465.634	1446.44
465.854	1314.44
466.073	1281.44
466.293	1228.44
466.512	1217.44
466.732	1215.44
466.951	1219.44
467.171	1223.44
467.391	1229.44
467.61	1233.44
467.829	1297.44
468.049	1446.44
468.268	1845.44
468.488	1556.44
468.707	1314.44
468.927	1271.44
469.146	1239.44
469.365	1233.44
469.585	1223.44
469.804	1251.44
470.023	1286.44
470.243	1286.44
470.462	1299.44
470.681	1353.44
470.901	1315.44
471.12	1324.44
471.339	1301.44
471.558	1280.44
471.777	1293.44
471.997	1383.44
472.216	1729.44
472.435	2975.44
472.654	2423.44
472.873	1639.44
473.092	1429.44
473.311	1358.44
473.53	1307.44
473.749	1281.44
473.968	1303.44
474.187	1349.44
474.406	1318.44
474.625	1255.44
474.844	1217.44
475.063	1221.44
475.282	1189.44
475.501	1200.44
475.72	1190.44
475.939	1204.44
476.158	1217.44
476.377	1212.44
476.596	1202.44
476.814	1244.44
477.033	1227.44
477.252	1210.44
477.471	1242.44
477.69	1321.44
477.908	1325.44
478.127	1390.44
478.346	1357.44
478.564	1375.44
478.783	1381.44
479.002	1469.44
479.22	1454.44
479.439	1451.44
479.658	1466.44
479.876	1425.44
480.095	1484.44
480.313	1525.44
480.532	1626.44
480.751	1699.44
480.969	2007.44
481.188	3809.44
481.406	4790.44
481.624	2703.44
481.843	2019.44
482.061	1769.44
482.28	1686.44
482.498	1565.44
482.717	1488.44
482.935	1529.44
483.153	1518.44
483.372	1523.44
483.59	1527.44
483.808	1475.44
484.027	1434.44
484.245	1439.44
484.463	1435.44
484.681	1442.44
484.9	1450.44
485.118	1450.44
485.336	1447.44
485.554	1416.44
485.772	1419.44
485.99	1442.44
486.209	1421.44
486.427	1420.44
486.645	1439.44
486.863	1528.44
487.081	1549.44
487.299	1470.44
487.517	1459.44
487.735	1560.44
487.953	1588.44
488.171	1549.44
488.389	1583.44
488.607	1530.44
488.825	1456.44
489.043	1458.44
489.261	1497.44
489.479	1496.44
489.696	1537.44
489.914	1523.44
490.132	1554.44
490.35	1604.44
490.568	1601.44
490.786	1659.44
491.003	1681.44
491.221	1749.44
491.439	1817.44
491.657	1792.44
491.874	1876.44
492.092	1916.44
492.31	2000.44
492.527	1963.44
492.745	1985.44
492.963	1948.44
493.18	1922.44
493.398	1885.44
493.615	1877.44
493.833	1833.44
494.05	1836.44
494.268	1843.44
494.485	1856.44
494.703	1841.44
494.92	1821.44
495.138	1813.44
495.355	1803.44
495.573	1742.44
495.79	1766.44
496.008	1740.44
496.225	1754.44
496.442	1737.44
496.66	1754.44
496.877	1767.44
497.094	1769.44
497.312	1765.44
497.529	1791.44
497.746	1803.44
497.963	1742.44
498.181	1819.44
498.398	1865.44
498.615	1898.44
498.832	2027.44
499.049	2083.44
499.267	2181.44
499.484	2349.44
499.701	2555.44
499.918	2683.44
500.135	2986.44
500.352	3300.44
500.569	3370.44
500.786	3371.44
501.003	3183.44
501.22	2985.44
501.437	2700.44
501.654	2453.44
501.871	2382.44
502.088	2227.44
502.305	2101.44
502.522	1949.44
502.739	1910.44
502.956	1863.44
503.172	1769.44
503.389	1750.44
503.606	1697.44
503.823	1729.44
504.04	1635.44
504.256	1664.44
504.473	1664.44
504.69	1699.44
504.907	1654.44
505.123	1601.44
505.34	1553.44
505.557	1509.44
505.773	1456.44
505.99	1454.44
506.207	1407.44
506.423	1433.44
506.64	1437.44
506.856	1431.44
507.073	1415.44
507.289	1371.44
507.506	1362.44
507.722	1374.44
507.939	1405.44
508.155	1351.44
508.372	1340.44
508.588	1329.44
508.805	1299.44
509.021	1302.44
509.238	1295.44
509.454	1315.44
509.67	1277.44
509.887	1248.44
510.103	1285.44
510.319	1342.44
510.536	1542.44
510.752	2827.44
510.968	2036.44
511.184	1339.44
511.401	1296.44
511.617	1292.44
511.833	1318.44
512.049	1347.44
512.265	1314.44
512.481	1277.44
512.698	1302.44
512.914	1299.44
513.13	1251.44
513.346	1276.44
513.562	1264.44
513.778	1256.44
513.994	1272.44
514.21	1315.44
514.426	1359.44
514.642	1406.44
514.858	1489.44
515.074	1563.44
515.29	1875.44
515.506	2788.44
515.721	2206.44
515.937	1541.44
516.153	1438.44
516.369	1377.44
516.585	1357.44
516.801	1379.44
517.016	1389.44
517.232	1461.44
517.448	1484.44
517.664	1525.44
517.879	1502.44
518.095	1510.44
518.311	1463.44
518.527	1478.44
518.742	1406.44
518.958	1437.44
519.173	1374.44
519.389	1348.44
519.605	1360.44
519.82	1344.44
520.036	1350.44
520.251	1400.44
520.467	1393.44
520.682	1388.44
520.898	1389.44
521.113	1373.44
521.329	1457.44
521.544	1693.44
521.76	2127.44
521.975	3759.44
522.19	3393.44
522.406	1823.44
522.621	1456.44
522.836	1336.44
523.052	1267.44
523.267	1206.44
523.482	1193.44
523.698	1173.44
523.913	1206.44
524.128	1210.44
524.343	1146.44
524.559	1158.44
524.774	1151.44
524.989	1154.44
525.204	1152.44
525.419	1157.44
525.634	1141.44
525.849	1084.44
526.064	1101.44
526.28	1057.44
526.495	1025.44
526.71	1021.44
526.925	1020.44
527.14	1033.44
527.355	1015.44
527.57	1019.44
527.785	1036.44
527.999	1041.44
528.214	1038.44
528.429	1060.44
528.644	1090.44
528.859	1110.44
529.074	1127.44
529.289	1194.44
529.503	1296.44
529.718	1244.44
529.933	1136.44
530.148	1058.44
530.363	1051.44
530.577	1008.44
530.792	996.44
531.007	1019.44
531.221	1005.44
531.436	1007.44
531.651	1005.44
531.865	1009.44
532.08	986.44
532.295	991.44
532.509	969.44
532.724	990.44
532.938	1004.44
533.153	989.44
533.367	1014.44
533.582	1046.44
533.796	1051.44
534.011	1036.44
534.225	979.44
534.44	978.44
534.654	980.44
534.868	980.44
535.083	993.44
535.297	988.44
535.511	1009.44
535.726	989.44
535.94	997.44
536.154	980.44
536.369	958.44
536.583	954.44
536.797	915.44
537.011	922.44
537.225	912.44
537.44	913.44
537.654	951.44
537.868	917.44
538.082	924.44
538.296	940.44
538.51	926.44
538.724	992.44
538.938	956.44
539.153	1001.44
539.367	1004.44
539.581	1005.44
539.795	923.44
540.009	909.44
540.222	909.44
540.436	916.44
540.65	967.44
540.864	984.44
541.078	1031.44
541.292	1059.44
541.506	1061.44
541.72	1085.44
541.934	1128.44
542.147	1156.44
542.361	1088.44
542.575	1053.44
542.789	986.44
543.002	961.44
543.216	966.44
543.43	993.44
543.644	950.44
543.857	1014.44
544.071	1069.44
544.285	1055.44
544.498	1052.44
544.712	1066.44
544.925	1051.44
545.139	1054.44
545.352	1062.44
545.566	1067.44
545.779	1045.44
545.993	1085.44
546.206	1073.44
546.42	1085.44
546.633	1086.44
546.847	1061.44
547.06	1115.44
547.274	1094.44
547.487	1099.44
547.7	1094.44
547.914	1103.44
548.127	1090.44
548.34	1098.44
548.554	1080.44
548.767	1081.44
548.98	1046.44
549.193	1037.44
549.407	1058.44
549.62	1067.44
549.833	1049.44
550.046	1050.44
550.259	1056.44
550.473	1041.44
550.686	1041.44
550.899	1045.44
551.112	985.44
551.325	984.44
551.538	989.44
551.751	957.44
551.964	958.44
552.177	951.44
552.39	1017.44
552.603	1061.44
552.816	1050.44
553.029	1081.44
553.242	1109.44
553.455	1098.44
553.667	1144.44
553.88	1134.44
554.093	1086.44
554.306	1058.44
554.519	1067.44
554.732	1058.44
554.944	1023.44
555.157	994.44
555.37	978.44
555.583	973.44
555.795	962.44
556.008	932.44
556.221	893.44
556.433	881.44
556.646	907.44
556.859	877.44
557.071	909.44
557.284	895.44
557.496	910.44
557.709	897.44
557.921	893.44
558.134	887.44
558.346	849.44
558.559	873.44
558.771	874.44
558.984	853.44
559.196	828.44
559.409	833.44
559.621	843.44
559.833	829.44
560.046	820.44
560.258	814.44
560.47	830.44
560.683	851.44
560.895	878.44
561.107	822.44
561.32	834.44
561.532	833.44
561.744	819.44
561.956	819.44
562.168	831.44
562.381	818.44
562.593	813.44
562.805	841.44
563.017	801.44
563.229	801.44
563.441	821.44
563.653	809.44
563.865	833.44
564.077	841.44
564.289	827.44
564.501	821.44
564.713	850.44
564.925	867.44
565.137	861.44
565.349	903.44
565.561	878.44
565.773	918.44
565.985	957.44
566.197	964.44
566.408	1012.44
566.62	1051.44
566.832	1103.44
567.044	1097.44
567.255	1124.44
567.467	1142.44
567.679	1145.44
567.891	1200.44
568.102	1199.44
568.314	1153.44
568.526	1051.44
568.737	926.44
568.949	913.44
569.161	857.44
569.372	802.44
569.584	758.44
569.795	741.44
570.007	740.44
570.218	831.44
570.43	786.44
570.641	739.44
570.853	726.44
571.064	743.44
571.276	732.44
571.487	727.44
571.698	704.44
571.91	704.44
572.121	688.44
572.333	677.44
572.544	649.44
572.755	618.44
572.966	627.44
573.178	633.44
573.389	620.44
573.6	595.44
573.811	589.44
574.023	603.44
574.234	580.44
574.445	582.44
574.656	594.44
574.867	602.44
575.078	598.44
575.289	619.44
575.501	577.44
575.712	581.44
575.923	591.44
576.134	566.44
576.345	574.44
576.556	606.44
576.767	577.44
576.978	582.44
577.188	563.44
577.399	560.44
577.61	550.44
577.821	551.44
578.032	579.44
578.243	637.44
578.454	1025.44
578.665	721.44
578.875	546.44
579.086	553.44
579.297	525.44
579.508	520.44
579.718	519.44
579.929	529.44
580.14	511.44
580.35	518.44
580.561	522.44
580.772	513.44
580.982	519.44
581.193	524.44
581.403	516.44
581.614	520.44
581.825	502.44
582.035	515.44
582.246	513.44
582.456	509.44
582.667	495.44
582.877	514.44
583.087	505.44
583.298	485.44
583.508	480.44
583.719	491.44
583.929	492.44
584.139	491.44
584.35	473.44
584.56	490.44
584.77	494.44
584.981	493.44
585.191	504.44
585.401	492.44
585.611	484.44
585.821	493.44
586.032	475.44
586.242	480.44
586.452	464.44
586.662	462.44
586.872	465.44
587.082	476.44
587.292	464.44
587.502	475.44
587.713	477.44
587.923	472.44
588.133	483.44
588.343	484.44
588.553	469.44
588.762	469.44
588.972	475.44
589.182	468.44
589.392	486.44
589.602	495.44
589.812	491.44
590.022	466.44
590.232	473.44
590.441	465.44
590.651	474.44
590.861	489.44
591.071	467.44
591.281	465.44
591.49	471.44
591.7	486.44
591.91	487.44
592.119	508.44
592.329	518.44
592.539	511.44
592.748	508.44
592.958	543.44
593.167	541.44
593.377	548.44
593.587	567.44
593.796	572.44
594.006	580.44
594.215	572.44
594.424	577.44
594.634	555.44
594.843	526.44
595.053	527.44
595.262	540.44
595.472	511.44
595.681	498.44
595.89	494.44
596.1	474.44
596.309	469.44
596.518	467.44
596.727	473.44
596.937	453.44
597.146	464.44
597.355	446.44
597.564	448.44
597.774	420.44
597.983	431.44
598.192	415.44
598.401	426.44
598.61	425.44
598.819	409.44
599.028	426.44
599.237	430.44
599.446	417.44
599.655	420.44
599.864	420.44
600.073	390.44
600.282	418.44
600.491	406.44
600.7	415.44
600.909	421.44
601.118	422.44
601.327	444.44
601.536	442.44
601.745	437.44
601.953	441.44
602.162	456.44
602.371	457.44
602.58	448.44
602.789	437.44
602.997	458.44
603.206	461.44
603.415	460.44
603.623	447.44
603.832	429.44
604.041	444.44
604.249	439.44
604.458	401.44
604.666	382.44
604.875	403.44
605.084	406.44
605.292	433.44
605.501	431.44
605.709	438.44
605.918	441.44
606.126	468.44
606.334	443.44
606.543	457.44
606.751	453.44
606.96	435.44
607.168	449.44
607.376	440.44
607.585	446.44
607.793	444.44
608.001	442.44
608.21	461.44
608.418	447.44
608.626	438.44
608.834	441.44
609.043	442.44
609.251	448.44
609.459	457.44
609.667	421.44
609.875	448.44
610.083	457.44
610.291	446.44
610.499	445.44
610.707	431.44
610.916	461.44
611.124	446.44
611.332	446.44
611.54	434.44
611.748	429.44
611.955	429.44
612.163	453.44
612.371	427.44
612.579	441.44
612.787	434.44
612.995	433.44
613.203	439.44
613.411	415.44
613.618	429.44
613.826	429.44
614.034	431.44
614.242	425.44
614.449	414.44
614.657	432.44
614.865	431.44
615.072	435.44
615.28	431.44
615.488	432.44
615.695	431.44
615.903	417.44
616.111	443.44
616.318	428.44
616.526	420.44
616.733	415.44
616.941	422.44
617.148	422.44
617.356	438.44
617.563	420.44
617.771	415.44
617.978	409.44
618.185	405.44
618.393	435.44
618.6	407.44
618.807	413.44
619.015	417.44
619.222	411.44
619.429	390.44
619.637	387.44
619.844	370.44
620.051	382.44
620.258	386.44
620.466	405.44
620.673	370.44
620.88	400.44
621.087	379.44
621.294	381.44
621.501	362.44
621.708	370.44
621.915	374.44
622.122	374.44
622.329	403.44
622.536	386.44
622.743	385.44
622.95	383.44
623.157	348.44
623.364	382.44
623.571	385.44
623.778	386.44
623.985	383.44
624.192	369.44
624.399	375.44
624.606	364.44
624.812	389.44
625.019	365.44
625.226	336.44
625.433	371.44
625.639	352.44
625.846	330.44
626.053	333.44
626.259	323.44
626.466	317.44
626.673	327.44
626.879	324.44
627.086	319.44
627.293	314.44
627.499	349.44
627.706	357.44
627.912	365.44
628.119	356.44
628.325	365.44
628.532	361.44
628.738	363.44
628.945	325.44
629.151	323.44
629.357	327.44
629.564	336.44
629.77	323.44
629.976	329.44
630.183	306.44
630.389	333.44
630.595	324.44
630.802	333.44
631.008	337.44
631.214	337.44
631.42	317.44
631.627	323.44
631.833	313.44
632.039	315.44
632.245	321.44
632.451	322.44
632.657	327.44
632.863	324.44
633.069	291.44
633.275	301.44
633.481	301.44
633.688	302.44
633.893	305.44
634.099	304.44
634.305	301.44
634.511	313.44
634.717	304.44
634.923	300.44
635.129	293.44
635.335	292.44
635.541	299.44
635.747	310.44
635.952	323.44
636.158	324.44
636.364	391.44
636.57	472.44
636.775	396.44
636.981	370.44
637.187	361.44
637.392	348.44
637.598	325.44
637.804	322.44
638.009	313.44
638.215	322.44
638.421	314.44
638.626	307.44
638.832	306.44
639.037	304.44
639.243	284.44
639.448	282.44
639.654	299.44
639.859	293.44
640.065	279.44
640.27	287.44
640.475	298.44
640.681	279.44
640.886	285.44
641.091	303.44
641.297	281.44
641.502	268.44
641.707	274.44
641.913	291.44
642.118	286.44
642.323	301.44
642.528	289.44
642.733	270.44
642.939	273.44
643.144	285.44
643.349	273.44
643.554	271.44
643.759	266.44
643.964	266.44
644.169	283.44
644.374	266.44
644.579	270.44
644.784	256.44
644.989	260.44
645.194	262.44
645.399	275.44
645.604	268.44
645.809	270.44
646.014	267.44
646.219	265.44
646.423	271.44
646.628	251.44
646.833	266.44
647.038	275.44
647.243	267.44
647.447	266.44
647.652	284.44
647.857	263.44
648.062	279.44
648.266	260.44
648.471	287.44
648.676	285.44
648.88	278.44
649.085	279.44
649.289	262.44
649.494	274.44
649.698	295.44
649.903	282.44
650.107	249.44
650.312	261.44
650.516	243.44
650.721	241.44
650.925	245.44
651.13	231.44
651.334	234.44
651.539	235.44
651.743	230.44
651.947	230.44
652.152	232.44
652.356	233.44
652.56	209.44
652.764	222.44
652.969	199.44
653.173	199.44
653.377	213.44
653.581	211.44
653.785	199.44
653.99	215.44
654.194	211.44
654.398	186.44
654.602	192.44
654.806	200.44
655.01	203.44
655.214	207.44
655.418	199.44
655.622	182.44
655.826	190.44
656.03	188.44
656.234	199.44
656.438	195.44
656.642	209.44
656.846	199.44
657.049	197.44
657.253	176.44
657.457	167.44
657.661	146.44
657.865	153.44
658.068	140.44
658.272	158.44
658.476	133.44
658.68	131.44
658.883	105.44
659.087	143.44
659.291	134.44
659.494	117.44
659.698	119.44
659.901	129.44
660.105	117.44
660.309	121.44
660.512	105.44
660.716	110.44
660.919	101.44
661.123	110.44
661.326	109.44
661.53	105.44
661.733	102.44
661.936	100.44
662.14	95.44
662.343	102.44
662.546	91.44
662.75	99.44
662.953	93.44
663.156	78.44
663.36	84.44
663.563	97.44
663.766	89.44
663.969	96.44
664.173	82.44
664.376	90.44
664.579	80.44
664.782	85.44
664.985	93.44
665.188	90.44
665.391	85.44
665.594	107.44
665.797	75.44
666	90.44
666.203	88.44
666.406	78.44
666.609	91.44
666.812	87.44
667.015	86.44
667.218	79.44
667.421	89.44
667.624	84.44
667.827	79.44
668.03	65.44
668.232	85.44
668.435	81.44
668.638	77.44
668.841	86.44
669.043	75.44
669.246	89.44
669.449	84.44
669.651	98.44
669.854	83.44
670.057	81.44
670.259	89.44
670.462	80.44
670.665	86.44
670.867	82.44
671.07	93.44
671.272	88.44
671.475	91.44
671.677	79.44
671.88	78.44
672.082	82.44
672.284	100.44
672.487	83.44
672.689	76.44
672.892	77.44
