223.165	-20.12
223.4	-20.12
223.635	-20.12
223.869	-17.12
224.104	-6.12
224.338	-14.12
224.573	-16.12
224.808	-14.12
225.042	-8.12
225.277	-15.12
225.511	2.88
225.746	7.88
225.98	7.88
226.215	14.88
226.449	16.88
226.683	6.88
226.918	22.88
227.152	30.88
227.387	46.88
227.621	37.88
227.856	47.88
228.09	52.88
228.324	48.88
228.559	67.88
228.793	71.88
229.027	134.88
229.262	128.88
229.496	141.88
229.73	181.88
229.964	206.88
230.199	158.88
230.433	163.88
230.667	135.88
230.901	147.88
231.136	136.88
231.37	140.88
231.604	148.88
231.838	162.88
232.072	155.88
232.306	151.88
232.541	139.88
232.775	140.88
233.009	130.88
233.243	154.88
233.477	139.88
233.711	155.88
233.945	154.88
234.179	159.88
234.413	146.88
234.647	176.88
234.881	142.88
235.115	149.88
235.349	135.88
235.583	162.88
235.817	160.88
236.051	175.88
236.285	162.88
236.519	150.88
236.753	158.88
236.987	191.88
237.221	224.88
237.455	269.88
237.689	223.88
237.922	169.88
238.156	173.88
238.39	167.88
238.624	165.88
238.858	164.88
239.091	163.88
239.325	168.88
239.559	167.88
239.793	167.88
240.027	181.88
240.26	193.88
240.494	209.88
240.728	202.88
240.961	198.88
241.195	208.88
241.429	185.88
241.662	178.88
241.896	197.88
242.13	179.88
242.363	186.88
242.597	166.88
242.83	188.88
243.064	199.88
243.298	179.88
243.531	178.88
243.765	219.88
243.998	192.88
244.232	197.88
244.465	212.88
244.699	203.88
244.932	192.88
245.166	210.88
245.399	198.88
245.633	202.88
245.866	196.88
246.099	200.88
246.333	199.88
246.566	210.88
246.8	206.88
247.033	223.88
247.266	225.88
247.5	225.88
247.733	230.88
247.966	228.88
248.2	241.88
248.433	239.88
248.666	237.88
248.899	251.88
249.133	267.88
249.366	276.88
249.599	269.88
249.832	272.88
250.066	271.88
250.299	294.88
250.532	327.88
250.765	344.88
250.998	350.88
251.231	309.88
251.465	302.88
251.698	272.88
251.931	272.88
252.164	283.88
252.397	290.88
252.63	283.88
252.863	291.88
253.096	288.88
253.329	299.88
253.562	319.88
253.795	295.88
254.028	309.88
254.261	301.88
254.494	324.88
254.727	330.88
254.96	368.88
255.193	333.88
255.426	332.88
255.659	334.88
255.892	402.88
256.124	468.88
256.357	508.88
256.59	438.88
256.823	384.88
257.056	369.88
257.289	355.88
257.521	328.88
257.754	321.88
257.987	310.88
258.22	310.88
258.452	316.88
258.685	319.88
258.918	325.88
259.151	321.88
259.383	307.88
259.616	330.88
259.849	328.88
260.081	314.88
260.314	324.88
260.547	316.88
260.779	342.88
261.012	332.88
261.244	332.88
261.477	327.88
261.71	343.88
261.942	351.88
262.175	339.88
262.407	332.88
262.64	329.88
262.872	306.88
263.105	330.88
263.337	330.88
263.57	322.88
263.802	334.88
264.035	321.88
264.267	316.88
264.499	316.88
264.732	331.88
264.964	330.88
265.197	324.88
265.429	336.88
265.661	318.88
265.894	328.88
266.126	344.88
266.358	318.88
266.591	328.88
266.823	340.88
267.055	341.88
267.287	341.88
267.52	346.88
267.752	343.88
267.984	347.88
268.216	349.88
268.448	321.88
268.681	359.88
268.913	381.88
269.145	382.88
269.377	380.88
269.609	388.88
269.841	370.88
270.073	371.88
270.306	402.88
270.538	411.88
270.77	415.88
271.002	386.88
271.234	404.88
271.466	399.88
271.698	416.88
271.93	414.88
272.162	435.88
272.394	414.88
272.626	422.88
272.858	413.88
273.09	401.88
273.322	376.88
273.553	399.88
273.785	399.88
274.017	393.88
274.249	403.88
274.481	398.88
274.713	394.88
274.945	422.88
275.176	405.88
275.408	402.88
275.64	405.88
275.872	402.88
276.104	436.88
276.335	429.88
276.567	446.88
276.799	460.88
277.031	475.88
277.262	496.88
277.494	505.88
277.726	466.88
277.957	438.88
278.189	445.88
278.421	421.88
278.652	451.88
278.884	433.88
279.115	406.88
279.347	438.88
279.579	452.88
279.81	460.88
280.042	455.88
280.273	487.88
280.505	474.88
280.736	453.88
280.968	435.88
281.199	438.88
281.431	440.88
281.662	446.88
281.894	425.88
282.125	447.88
282.356	470.88
282.588	498.88
282.819	501.88
283.051	462.88
283.282	442.88
283.513	442.88
283.745	452.88
283.976	432.88
284.207	446.88
284.439	443.88
284.67	452.88
284.901	467.88
285.132	449.88
285.364	447.88
285.595	450.88
285.826	460.88
286.057	447.88
286.288	434.88
286.52	467.88
286.751	444.88
286.982	456.88
287.213	442.88
287.444	470.88
287.675	467.88
287.906	462.88
288.138	457.88
288.369	481.88
288.6	473.88
288.831	473.88
289.062	482.88
289.293	471.88
289.524	480.88
289.755	469.88
289.986	459.88
290.217	466.88
290.448	467.88
290.679	484.88
290.91	472.88
291.141	474.88
291.371	464.88
291.602	455.88
291.833	454.88
292.064	464.88
292.295	452.88
292.526	456.88
292.757	471.88
292.987	459.88
293.218	474.88
293.449	479.88
293.68	472.88
293.91	476.88
294.141	500.88
294.372	496.88
294.603	478.88
294.833	486.88
295.064	485.88
295.295	473.88
295.525	500.88
295.756	494.88
295.987	498.88
296.217	562.88
296.448	556.88
296.679	526.88
296.909	497.88
297.14	498.88
297.37	516.88
297.601	506.88
297.831	509.88
298.062	516.88
298.292	519.88
298.523	518.88
298.753	536.88
298.984	520.88
299.214	532.88
299.445	550.88
299.675	543.88
299.905	516.88
300.136	518.88
300.366	539.88
300.597	535.88
300.827	561.88
301.057	551.88
301.288	599.88
301.518	567.88
301.748	581.88
301.979	562.88
302.209	564.88
302.439	576.88
302.669	561.88
302.9	574.88
303.13	571.88
303.36	555.88
303.59	573.88
303.82	593.88
304.051	622.88
304.281	595.88
304.511	574.88
304.741	560.88
304.971	552.88
305.201	564.88
305.431	558.88
305.661	571.88
305.891	559.88
306.121	558.88
306.352	583.88
306.582	587.88
306.812	571.88
307.042	577.88
307.272	599.88
307.502	605.88
307.731	609.88
307.961	598.88
308.191	588.88
308.421	591.88
308.651	572.88
308.881	596.88
309.111	576.88
309.341	594.88
309.571	613.88
309.8	627.88
310.03	631.88
310.26	626.88
310.49	629.88
310.72	633.88
310.949	676.88
311.179	692.88
311.409	646.88
311.639	655.88
311.868	651.88
312.098	640.88
312.328	660.88
312.557	665.88
312.787	721.88
313.017	674.88
313.246	654.88
313.476	644.88
313.706	671.88
313.935	693.88
314.165	689.88
314.394	687.88
314.624	702.88
314.853	690.88
315.083	665.88
315.312	680.88
315.542	657.88
315.771	655.88
316.001	677.88
316.23	658.88
316.46	660.88
316.689	652.88
316.919	667.88
317.148	690.88
317.377	702.88
317.607	681.88
317.836	663.88
318.065	673.88
318.295	679.88
318.524	656.88
318.753	648.88
318.983	668.88
319.212	678.88
319.441	701.88
319.67	702.88
319.9	673.88
320.129	697.88
320.358	693.88
320.587	678.88
320.816	706.88
321.046	715.88
321.275	730.88
321.504	735.88
321.733	730.88
321.962	750.88
322.191	758.88
322.42	783.88
322.649	779.88
322.878	807.88
323.108	846.88
323.337	869.88
323.566	906.88
323.795	970.88
324.024	1043.88
324.253	1238.88
324.482	1733.88
324.71	2648.88
324.939	3691.88
325.168	2967.88
325.397	1651.88
325.626	1236.88
325.855	1090.88
326.084	1038.88
326.313	993.88
326.542	991.88
326.77	1076.88
326.999	1241.88
327.228	1706.88
327.457	2458.88
327.686	2919.88
327.914	2004.88
328.143	1569.88
328.372	1550.88
328.6	1406.88
328.829	1181.88
329.058	1169.88
329.287	1160.88
329.515	1173.88
329.744	1200.88
329.972	1381.88
330.201	1748.88
330.43	2046.88
330.658	1784.88
330.887	1429.88
331.115	1264.88
331.344	1084.88
331.572	1039.88
331.801	1072.88
332.03	1038.88
332.258	1019.88
332.486	983.88
332.715	1041.88
332.943	1061.88
333.172	1127.88
333.4	1130.88
333.629	1194.88
333.857	1332.88
334.085	1508.88
334.314	1891.88
334.542	2446.88
334.771	2595.88
334.999	1765.88
335.227	1332.88
335.455	1164.88
335.684	1104.88
335.912	1053.88
336.14	1002.88
336.369	988.88
336.597	995.88
336.825	1004.88
337.053	979.88
337.281	925.88
337.51	914.88
337.738	938.88
337.966	901.88
338.194	898.88
338.422	911.88
338.65	896.88
338.878	879.88
339.106	866.88
339.334	843.88
339.562	838.88
339.79	833.88
340.018	836.88
340.246	851.88
340.474	832.88
340.702	851.88
340.93	847.88
341.158	815.88
341.386	824.88
341.614	820.88
341.842	833.88
342.07	834.88
342.298	807.88
342.526	820.88
342.754	800.88
342.981	804.88
343.209	822.88
343.437	864.88
343.665	890.88
343.893	905.88
344.12	949.88
344.348	917.88
344.576	881.88
344.804	871.88
345.031	853.88
345.259	871.88
345.487	866.88
345.714	846.88
345.942	839.88
346.17	804.88
346.397	797.88
346.625	792.88
346.853	824.88
347.08	831.88
347.308	817.88
347.535	818.88
347.763	846.88
347.99	828.88
348.218	831.88
348.445	829.88
348.673	847.88
348.9	813.88
349.128	798.88
349.355	808.88
349.583	808.88
349.81	788.88
350.037	838.88
350.265	805.88
350.492	797.88
350.72	760.88
350.947	798.88
351.174	792.88
351.402	814.88
351.629	813.88
351.856	820.88
352.083	826.88
352.311	835.88
352.538	863.88
352.765	837.88
352.992	837.88
353.22	814.88
353.447	825.88
353.674	811.88
353.901	791.88
354.128	770.88
354.355	762.88
354.583	784.88
354.81	790.88
355.037	780.88
355.264	797.88
355.491	772.88
355.718	752.88
355.945	766.88
356.172	791.88
356.399	768.88
356.626	783.88
356.853	764.88
357.08	777.88
357.307	797.88
357.534	774.88
357.761	784.88
357.988	789.88
358.215	782.88
358.441	791.88
358.668	790.88
358.895	801.88
359.122	805.88
359.349	830.88
359.576	821.88
359.802	882.88
360.029	905.88
360.256	908.88
360.483	899.88
360.709	861.88
360.936	826.88
361.163	861.88
361.39	851.88
361.616	837.88
361.843	854.88
362.07	846.88
362.296	854.88
362.523	838.88
362.749	827.88
362.976	839.88
363.203	850.88
363.429	816.88
363.656	853.88
363.882	825.88
364.109	830.88
364.335	806.88
364.562	822.88
364.788	814.88
365.015	799.88
365.241	812.88
365.468	855.88
365.694	853.88
365.92	848.88
366.147	855.88
366.373	815.88
366.599	836.88
366.826	808.88
367.052	817.88
367.278	805.88
367.505	831.88
367.731	808.88
367.957	831.88
368.184	822.88
368.41	852.88
368.636	861.88
368.862	853.88
369.089	832.88
369.315	847.88
369.541	835.88
369.767	853.88
369.993	862.88
370.219	859.88
370.445	885.88
370.672	880.88
370.898	853.88
371.124	879.88
371.35	876.88
371.576	868.88
371.802	881.88
372.028	887.88
372.254	859.88
372.48	830.88
372.706	890.88
372.932	916.88
373.158	877.88
373.384	845.88
373.61	891.88
373.835	890.88
374.061	868.88
374.287	924.88
374.513	939.88
374.739	905.88
374.965	931.88
375.191	947.88
375.416	939.88
375.642	912.88
375.868	927.88
376.094	915.88
376.319	904.88
376.545	871.88
376.771	874.88
376.997	886.88
377.222	868.88
377.448	878.88
377.674	854.88
377.899	877.88
378.125	863.88
378.35	879.88
378.576	862.88
378.802	877.88
379.027	887.88
379.253	855.88
379.478	871.88
379.704	880.88
379.929	868.88
380.155	890.88
380.38	882.88
380.606	882.88
380.831	877.88
381.057	895.88
381.282	885.88
381.507	898.88
381.733	923.88
381.958	910.88
382.184	916.88
382.409	892.88
382.634	907.88
382.86	908.88
383.085	943.88
383.31	943.88
383.535	962.88
383.761	963.88
383.986	968.88
384.211	978.88
384.436	990.88
384.662	1012.88
384.887	1026.88
385.112	1029.88
385.337	1032.88
385.562	1038.88
385.787	1048.88
386.013	1044.88
386.238	1048.88
386.463	1080.88
386.688	1043.88
386.913	1036.88
387.138	1015.88
387.363	1030.88
387.588	1045.88
387.813	1054.88
388.038	1020.88
388.263	1059.88
388.488	1035.88
388.713	1045.88
388.938	1018.88
389.163	1034.88
389.387	1044.88
389.612	1011.88
389.837	1045.88
390.062	1042.88
390.287	1008.88
390.512	1045.88
390.736	1020.88
390.961	1069.88
391.186	1060.88
391.411	1124.88
391.636	1121.88
391.86	1138.88
392.085	1126.88
392.31	1132.88
392.534	1137.88
392.759	1148.88
392.984	1116.88
393.208	1118.88
393.433	1140.88
393.658	1123.88
393.882	1090.88
394.107	1144.88
394.331	1124.88
394.556	1133.88
394.78	1134.88
395.005	1135.88
395.229	1140.88
395.454	1164.88
395.678	1169.88
395.903	1263.88
396.127	1190.88
396.352	1216.88
396.576	1144.88
396.801	1155.88
397.025	1154.88
397.249	1162.88
397.474	1219.88
397.698	1159.88
397.922	1249.88
398.147	1229.88
398.371	1228.88
398.595	1292.88
398.82	1313.88
399.044	1362.88
399.268	1443.88
399.492	1655.88
399.717	1767.88
399.941	1805.88
400.165	1700.88
400.389	1624.88
400.613	1493.88
400.837	1423.88
401.062	1378.88
401.286	1330.88
401.51	1334.88
401.734	1332.88
401.958	1344.88
402.182	1378.88
402.406	1399.88
402.63	1410.88
402.854	1419.88
403.078	1450.88
403.302	1483.88
403.526	1471.88
403.75	1498.88
403.974	1497.88
404.198	1531.88
404.422	1535.88
404.645	1535.88
404.869	1558.88
405.093	1608.88
405.317	1700.88
405.541	1777.88
405.765	1674.88
405.988	1557.88
406.212	1571.88
406.436	1637.88
406.66	1639.88
406.883	1591.88
407.107	1689.88
407.331	1739.88
407.555	1812.88
407.778	1827.88
408.002	1740.88
408.226	1671.88
408.449	1650.88
408.673	1602.88
408.896	1593.88
409.12	1652.88
409.344	1638.88
409.567	1542.88
409.791	1572.88
410.014	1555.88
410.238	1531.88
410.461	1517.88
410.685	1528.88
410.908	1511.88
411.132	1526.88
411.355	1561.88
411.578	1541.88
411.802	1523.88
412.025	1504.88
412.249	1550.88
412.472	1643.88
412.695	1716.88
412.919	1668.88
413.142	1543.88
413.365	1533.88
413.589	1477.88
413.812	1431.88
414.035	1421.88
414.258	1441.88
414.482	1456.88
414.705	1466.88
414.928	1399.88
415.151	1423.88
415.374	1424.88
415.597	1412.88
415.821	1374.88
416.044	1404.88
416.267	1365.88
416.49	1354.88
416.713	1347.88
416.936	1403.88
417.159	1394.88
417.382	1427.88
417.605	1439.88
417.828	1443.88
418.051	1478.88
418.274	1459.88
418.497	1410.88
418.72	1438.88
418.943	1436.88
419.166	1493.88
419.389	1590.88
419.611	1562.88
419.834	1505.88
420.057	1543.88
420.28	1564.88
420.503	1607.88
420.726	1537.88
420.948	1523.88
421.171	1563.88
421.394	1559.88
421.617	1500.88
421.839	1475.88
422.062	1450.88
422.285	1454.88
422.507	1520.88
422.73	1627.88
422.953	1577.88
423.175	1552.88
423.398	1492.88
423.621	1471.88
423.843	1562.88
424.066	1527.88
424.288	1481.88
424.511	1578.88
424.733	1626.88
424.956	1714.88
425.178	1639.88
425.401	1635.88
425.623	1672.88
425.846	1525.88
426.068	1492.88
426.291	1462.88
426.513	1442.88
426.735	1466.88
426.958	1487.88
427.18	1562.88
427.402	1786.88
427.625	1904.88
427.847	1754.88
428.069	1700.88
428.292	1582.88
428.514	1454.88
428.736	1408.88
428.958	1428.88
429.181	1361.88
429.403	1327.88
429.625	1350.88
429.847	1377.88
430.069	1432.88
430.292	1451.88
430.514	1346.88
430.736	1318.88
430.958	1293.88
431.18	1320.88
431.402	1288.88
431.624	1240.88
431.846	1248.88
432.068	1257.88
432.29	1279.88
432.512	1260.88
432.734	1298.88
432.956	1344.88
433.178	1337.88
433.4	1370.88
433.622	1331.88
433.844	1347.88
434.066	1281.88
434.287	1283.88
434.509	1268.88
434.731	1319.88
434.953	1401.88
435.175	1438.88
435.397	1443.88
435.618	1378.88
435.84	1414.88
436.062	1532.88
436.284	1590.88
436.505	1432.88
436.727	1398.88
436.949	1354.88
437.17	1348.88
437.392	1303.88
437.614	1314.88
437.835	1336.88
438.057	1453.88
438.278	1567.88
438.5	1604.88
438.721	1704.88
438.943	1649.88
439.165	1444.88
439.386	1416.88
439.608	1438.88
439.829	1439.88
440.05	1471.88
440.272	1503.88
440.493	1493.88
440.715	1428.88
440.936	1440.88
441.158	1446.88
441.379	1464.88
441.6	1488.88
441.822	1515.88
442.043	1526.88
442.264	1629.88
442.486	1647.88
442.707	1518.88
442.928	1495.88
443.149	1495.88
443.371	1560.88
443.592	1619.88
443.813	1737.88
444.034	1772.88
444.255	1605.88
444.476	1615.88
444.698	1605.88
444.919	1678.88
445.14	1732.88
445.361	1590.88
445.582	1559.88
445.803	1674.88
446.024	1717.88
446.245	1701.88
446.466	1618.88
446.687	1482.88
446.908	1473.88
447.129	1408.88
447.35	1373.88
447.571	1366.88
447.792	1345.88
448.013	1331.88
448.234	1356.88
448.455	1412.88
448.675	1533.88
448.896	1640.88
449.117	1457.88
449.338	1427.88
449.559	1591.88
449.779	1669.88
450	1429.88
450.221	1349.88
450.442	1260.88
450.662	1285.88
450.883	1318.88
451.104	1346.88
451.324	1352.88
451.545	1298.88
451.766	1229.88
451.986	1181.88
452.207	1174.88
452.428	1180.88
452.648	1179.88
452.869	1173.88
453.089	1167.88
453.31	1165.88
453.53	1167.88
453.751	1127.88
453.971	1119.88
454.192	1171.88
454.412	1176.88
454.633	1155.88
454.853	1171.88
455.073	1134.88
455.294	1173.88
455.514	1271.88
455.734	1196.88
455.955	1139.88
456.175	1111.88
456.395	1090.88
456.616	1062.88
456.836	1080.88
457.056	1086.88
457.276	1056.88
457.497	1080.88
457.717	1076.88
457.937	1096.88
458.157	1093.88
458.377	1119.88
458.598	1170.88
458.818	1245.88
459.038	1367.88
459.258	1340.88
459.478	1290.88
459.698	1251.88
459.918	1281.88
460.138	1267.88
460.358	1340.88
460.578	1359.88
460.798	1367.88
461.018	1375.88
461.238	1356.88
461.458	1352.88
461.678	1356.88
461.898	1363.88
462.118	1380.88
462.338	1421.88
462.558	1475.88
462.777	1477.88
462.997	1566.88
463.217	1676.88
463.437	1692.88
463.657	1579.88
463.876	1514.88
464.096	1492.88
464.316	1535.88
464.536	1536.88
464.755	1496.88
464.975	1483.88
465.195	1570.88
465.414	1630.88
465.634	1428.88
465.854	1347.88
466.073	1302.88
466.293	1272.88
466.512	1205.88
466.732	1252.88
466.951	1274.88
467.171	1212.88
467.391	1243.88
467.61	1308.88
467.829	1367.88
468.049	1426.88
468.268	1723.88
468.488	1461.88
468.707	1351.88
468.927	1307.88
469.146	1263.88
469.365	1287.88
469.585	1216.88
469.804	1288.88
470.023	1339.88
470.243	1315.88
470.462	1370.88
470.681	1380.88
470.901	1358.88
471.12	1299.88
471.339	1345.88
471.558	1288.88
471.777	1281.88
471.997	1365.88
472.216	1650.88
472.435	2570.88
472.654	2115.88
472.873	1531.88
473.092	1371.88
473.311	1333.88
473.53	1286.88
473.749	1262.88
473.968	1279.88
474.187	1391.88
474.406	1368.88
474.625	1247.88
474.844	1243.88
475.063	1241.88
475.282	1200.88
475.501	1194.88
475.72	1222.88
475.939	1242.88
476.158	1253.88
476.377	1261.88
476.596	1200.88
476.814	1222.88
477.033	1208.88
477.252	1239.88
477.471	1276.88
477.69	1326.88
477.908	1350.88
478.127	1419.88
478.346	1397.88
478.564	1415.88
478.783	1423.88
479.002	1432.88
479.22	1468.88
479.439	1490.88
479.658	1493.88
479.876	1476.88
480.095	1505.88
480.313	1593.88
480.532	1644.88
480.751	1680.88
480.969	1905.88
481.188	3309.88
481.406	4108.88
481.624	2416.88
481.843	1862.88
482.061	1694.88
482.28	1610.88
482.498	1534.88
482.717	1480.88
482.935	1507.88
483.153	1507.88
483.372	1504.88
483.59	1490.88
483.808	1479.88
484.027	1458.88
484.245	1454.88
484.463	1478.88
484.681	1477.88
484.9	1475.88
485.118	1474.88
485.336	1412.88
485.554	1454.88
485.772	1394.88
485.99	1459.88
486.209	1448.88
486.427	1441.88
486.645	1514.88
486.863	1575.88
487.081	1569.88
487.299	1512.88
487.517	1542.88
487.735	1572.88
487.953	1600.88
488.171	1610.88
488.389	1562.88
488.607	1563.88
488.825	1490.88
489.043	1450.88
489.261	1485.88
489.479	1514.88
489.696	1542.88
489.914	1536.88
490.132	1560.88
490.35	1615.88
490.568	1616.88
490.786	1661.88
491.003	1727.88
491.221	1768.88
491.439	1801.88
491.657	1838.88
491.874	1895.88
492.092	1945.88
492.31	2018.88
492.527	1985.88
492.745	1962.88
492.963	1946.88
493.18	1947.88
493.398	1902.88
493.615	1897.88
493.833	1846.88
494.05	1885.88
494.268	1826.88
494.485	1837.88
494.703	1818.88
494.92	1825.88
495.138	1825.88
495.355	1798.88
495.573	1783.88
495.79	1790.88
496.008	1785.88
496.225	1754.88
496.442	1753.88
496.66	1811.88
496.877	1775.88
497.094	1796.88
497.312	1808.88
497.529	1831.88
497.746	1828.88
497.963	1832.88
498.181	1855.88
498.398	1887.88
498.615	1935.88
498.832	2047.88
499.049	2148.88
499.267	2252.88
499.484	2423.88
499.701	2622.88
499.918	2770.88
500.135	3151.88
500.352	3412.88
500.569	3531.88
500.786	3574.88
501.003	3329.88
501.22	3122.88
501.437	2854.88
501.654	2567.88
501.871	2438.88
502.088	2302.88
502.305	2130.88
502.522	2074.88
502.739	1990.88
502.956	1901.88
503.172	1855.88
503.389	1796.88
503.606	1779.88
503.823	1757.88
504.04	1721.88
504.256	1736.88
504.473	1757.88
504.69	1752.88
504.907	1719.88
505.123	1650.88
505.34	1572.88
505.557	1543.88
505.773	1568.88
505.99	1491.88
506.207	1474.88
506.423	1452.88
506.64	1457.88
506.856	1441.88
507.073	1442.88
507.289	1423.88
507.506	1415.88
507.722	1454.88
507.939	1467.88
508.155	1420.88
508.372	1397.88
508.588	1408.88
508.805	1370.88
509.021	1387.88
509.238	1408.88
509.454	1342.88
509.67	1361.88
509.887	1348.88
510.103	1355.88
510.319	1404.88
510.536	1618.88
510.752	2947.88
510.968	2169.88
511.184	1407.88
511.401	1348.88
511.617	1347.88
511.833	1367.88
512.049	1372.88
512.265	1392.88
512.481	1331.88
512.698	1326.88
512.914	1337.88
513.13	1302.88
513.346	1315.88
513.562	1311.88
513.778	1324.88
513.994	1355.88
514.21	1366.88
514.426	1414.88
514.642	1478.88
514.858	1522.88
515.074	1633.88
515.29	1923.88
515.506	3023.88
515.721	2287.88
515.937	1586.88
516.153	1498.88
516.369	1467.88
516.585	1430.88
516.801	1464.88
517.016	1488.88
517.232	1507.88
517.448	1560.88
517.664	1600.88
517.879	1617.88
518.095	1612.88
518.311	1602.88
518.527	1520.88
518.742	1489.88
518.958	1452.88
519.173	1426.88
519.389	1418.88
519.605	1404.88
519.82	1387.88
520.036	1412.88
520.251	1437.88
520.467	1443.88
520.682	1409.88
520.898	1432.88
521.113	1497.88
521.329	1575.88
521.544	1774.88
521.76	2205.88
521.975	3951.88
522.19	3626.88
522.406	1928.88
522.621	1503.88
522.836	1374.88
523.052	1332.88
523.267	1295.88
523.482	1255.88
523.698	1238.88
523.913	1252.88
524.128	1212.88
524.343	1243.88
524.559	1217.88
524.774	1186.88
524.989	1206.88
525.204	1178.88
525.419	1191.88
525.634	1160.88
525.849	1150.88
526.064	1145.88
526.28	1094.88
526.495	1082.88
526.71	1106.88
526.925	1081.88
527.14	1073.88
527.355	1070.88
527.57	1064.88
527.785	1055.88
527.999	1042.88
528.214	1065.88
528.429	1071.88
528.644	1129.88
528.859	1142.88
529.074	1155.88
529.289	1244.88
529.503	1390.88
529.718	1271.88
529.933	1180.88
530.148	1110.88
530.363	1080.88
530.577	1073.88
530.792	1007.88
531.007	1014.88
531.221	1038.88
531.436	1049.88
531.651	1032.88
531.865	1027.88
532.08	1030.88
532.295	1049.88
532.509	1026.88
532.724	1055.88
532.938	1022.88
533.153	1039.88
533.367	1078.88
533.582	1070.88
533.796	1072.88
534.011	1051.88
534.225	1039.88
534.44	1027.88
534.654	1037.88
534.868	998.88
535.083	1004.88
535.297	1011.88
535.511	1036.88
535.726	1062.88
535.94	1040.88
536.154	1026.88
536.369	1008.88
536.583	988.88
536.797	975.88
537.011	967.88
537.225	960.88
537.44	965.88
537.654	978.88
537.868	940.88
538.082	946.88
538.296	976.88
538.51	960.88
538.724	991.88
538.938	1009.88
539.153	1031.88
539.367	1052.88
539.581	978.88
539.795	948.88
540.009	942.88
540.222	948.88
540.436	955.88
540.65	982.88
540.864	1020.88
541.078	1067.88
541.292	1057.88
541.506	1091.88
541.72	1098.88
541.934	1160.88
542.147	1166.88
542.361	1139.88
542.575	1079.88
542.789	1018.88
543.002	1031.88
543.216	978.88
543.43	1004.88
543.644	981.88
543.857	1060.88
544.071	1092.88
544.285	1105.88
544.498	1085.88
544.712	1123.88
544.925	1076.88
545.139	1107.88
545.352	1097.88
545.566	1102.88
545.779	1143.88
545.993	1090.88
546.206	1098.88
546.42	1137.88
546.633	1119.88
546.847	1111.88
547.06	1093.88
547.274	1095.88
547.487	1147.88
547.7	1147.88
547.914	1107.88
548.127	1136.88
548.34	1100.88
548.554	1080.88
548.767	1088.88
548.98	1114.88
549.193	1093.88
549.407	1113.88
549.62	1100.88
549.833	1107.88
550.046	1072.88
550.259	1081.88
550.473	1052.88
550.686	1043.88
550.899	1050.88
551.112	1030.88
551.325	1023.88
551.538	980.88
551.751	940.88
551.964	965.88
552.177	988.88
552.39	1018.88
552.603	1078.88
552.816	1080.88
553.029	1125.88
553.242	1155.88
553.455	1174.88
553.667	1210.88
553.88	1130.88
554.093	1115.88
554.306	1104.88
554.519	1083.88
554.732	1058.88
554.944	1025.88
555.157	1018.88
555.37	1002.88
555.583	997.88
555.795	990.88
556.008	953.88
556.221	931.88
556.433	913.88
556.646	932.88
556.859	918.88
557.071	917.88
557.284	915.88
557.496	914.88
557.709	909.88
557.921	921.88
558.134	895.88
558.346	881.88
558.559	875.88
558.771	892.88
558.984	910.88
559.196	890.88
559.409	846.88
559.621	825.88
559.833	833.88
560.046	860.88
560.258	856.88
560.47	856.88
560.683	839.88
560.895	865.88
561.107	836.88
561.32	844.88
561.532	878.88
561.744	860.88
561.956	847.88
562.168	855.88
562.381	855.88
562.593	842.88
562.805	831.88
563.017	832.88
563.229	834.88
563.441	863.88
563.653	851.88
563.865	845.88
564.077	853.88
564.289	836.88
564.501	856.88
564.713	860.88
564.925	865.88
565.137	897.88
565.349	923.88
565.561	912.88
565.773	918.88
565.985	951.88
566.197	994.88
566.408	1031.88
566.62	1078.88
566.832	1148.88
567.044	1183.88
567.255	1163.88
567.467	1183.88
567.679	1204.88
567.891	1258.88
568.102	1294.88
568.314	1168.88
568.526	1078.88
568.737	982.88
568.949	930.88
569.161	880.88
569.372	851.88
569.584	818.88
569.795	800.88
570.007	774.88
570.218	859.88
570.43	816.88
570.641	762.88
570.853	783.88
571.064	791.88
571.276	760.88
571.487	767.88
571.698	722.88
571.91	716.88
572.121	701.88
572.333	681.88
572.544	678.88
572.755	624.88
572.966	676.88
573.178	632.88
573.389	628.88
573.6	601.88
573.811	603.88
574.023	621.88
574.234	618.88
574.445	598.88
574.656	622.88
574.867	612.88
575.078	634.88
575.289	621.88
575.501	623.88
575.712	620.88
575.923	603.88
576.134	602.88
576.345	614.88
576.556	596.88
576.767	634.88
576.978	595.88
577.188	598.88
577.399	563.88
577.61	575.88
577.821	566.88
578.032	604.88
578.243	662.88
578.454	1111.88
578.665	771.88
578.875	586.88
579.086	548.88
579.297	533.88
579.508	532.88
579.718	546.88
579.929	530.88
580.14	531.88
580.35	516.88
580.561	516.88
580.772	519.88
580.982	524.88
581.193	545.88
581.403	531.88
581.614	518.88
581.825	530.88
582.035	503.88
582.246	520.88
582.456	519.88
582.667	534.88
582.877	524.88
583.087	533.88
583.298	514.88
583.508	525.88
583.719	499.88
583.929	499.88
584.139	508.88
584.35	496.88
584.56	498.88
584.77	517.88
584.981	494.88
585.191	516.88
585.401	512.88
585.611	487.88
585.821	499.88
586.032	492.88
586.242	505.88
586.452	472.88
586.662	495.88
586.872	493.88
587.082	495.88
587.292	455.88
587.502	482.88
587.713	471.88
587.923	480.88
588.133	472.88
588.343	477.88
588.553	479.88
588.762	476.88
588.972	484.88
589.182	509.88
589.392	494.88
589.602	502.88
589.812	501.88
590.022	493.88
590.232	506.88
590.441	490.88
590.651	498.88
590.861	512.88
591.071	493.88
591.281	514.88
591.49	498.88
591.7	501.88
591.91	504.88
592.119	490.88
592.329	526.88
592.539	517.88
592.748	560.88
592.958	570.88
593.167	580.88
593.377	575.88
593.587	591.88
593.796	560.88
594.006	562.88
594.215	562.88
594.424	570.88
594.634	594.88
594.843	555.88
595.053	534.88
595.262	538.88
595.472	501.88
595.681	507.88
595.89	514.88
596.1	475.88
596.309	482.88
596.518	482.88
596.727	480.88
596.937	459.88
597.146	486.88
597.355	503.88
597.564	467.88
597.774	431.88
597.983	449.88
598.192	435.88
598.401	428.88
598.61	435.88
598.819	442.88
599.028	434.88
599.237	437.88
599.446	440.88
599.655	425.88
599.864	444.88
600.073	438.88
600.282	434.88
600.491	422.88
600.7	423.88
600.909	433.88
601.118	428.88
601.327	440.88
601.536	445.88
601.745	448.88
601.953	466.88
602.162	446.88
602.371	435.88
602.58	467.88
602.789	445.88
602.997	462.88
603.206	452.88
603.415	449.88
603.623	453.88
603.832	470.88
604.041	451.88
604.249	400.88
604.458	432.88
604.666	413.88
604.875	407.88
605.084	415.88
605.292	427.88
605.501	462.88
605.709	450.88
605.918	450.88
606.126	450.88
606.334	442.88
606.543	467.88
606.751	447.88
606.96	444.88
607.168	455.88
607.376	450.88
607.585	456.88
607.793	456.88
608.001	437.88
608.21	462.88
608.418	437.88
608.626	418.88
608.834	470.88
609.043	438.88
609.251	448.88
609.459	443.88
609.667	443.88
609.875	455.88
610.083	464.88
610.291	460.88
610.499	450.88
610.707	457.88
610.916	452.88
611.124	456.88
611.332	428.88
611.54	439.88
611.748	455.88
611.955	442.88
612.163	420.88
612.371	464.88
612.579	443.88
612.787	443.88
612.995	456.88
613.203	439.88
613.411	432.88
613.618	429.88
613.826	422.88
614.034	446.88
614.242	432.88
614.449	432.88
614.657	430.88
614.865	439.88
615.072	439.88
615.28	428.88
615.488	443.88
615.695	427.88
615.903	423.88
616.111	425.88
616.318	428.88
616.526	452.88
616.733	427.88
616.941	436.88
617.148	429.88
617.356	431.88
617.563	446.88
617.771	422.88
617.978	420.88
618.185	415.88
618.393	430.88
618.6	441.88
618.807	433.88
619.015	430.88
619.222	413.88
619.429	400.88
619.637	398.88
619.844	379.88
620.051	376.88
620.258	390.88
620.466	385.88
620.673	380.88
620.88	380.88
621.087	384.88
621.294	399.88
621.501	377.88
621.708	368.88
621.915	382.88
622.122	397.88
622.329	404.88
622.536	387.88
622.743	410.88
622.95	405.88
623.157	395.88
623.364	383.88
623.571	399.88
623.778	388.88
623.985	381.88
624.192	382.88
624.399	374.88
624.606	379.88
624.812	368.88
625.019	367.88
625.226	350.88
625.433	352.88
625.639	355.88
625.846	322.88
626.053	325.88
626.259	322.88
626.466	330.88
626.673	328.88
626.879	333.88
627.086	329.88
627.293	324.88
627.499	349.88
627.706	360.88
627.912	363.88
628.119	370.88
628.325	362.88
628.532	363.88
628.738	341.88
628.945	347.88
629.151	323.88
629.357	350.88
629.564	332.88
629.77	351.88
629.976	347.88
630.183	342.88
630.389	320.88
630.595	333.88
630.802	342.88
631.008	321.88
631.214	331.88
631.42	302.88
631.627	318.88
631.833	315.88
632.039	323.88
632.245	337.88
632.451	325.88
632.657	319.88
632.863	319.88
633.069	320.88
633.275	314.88
633.481	301.88
633.688	316.88
633.893	313.88
634.099	298.88
634.305	300.88
634.511	320.88
634.717	289.88
634.923	304.88
635.129	280.88
635.335	307.88
635.541	303.88
635.747	308.88
635.952	310.88
636.158	350.88
636.364	373.88
636.57	439.88
636.775	370.88
636.981	356.88
637.187	359.88
637.392	336.88
637.598	330.88
637.804	330.88
638.009	318.88
638.215	316.88
638.421	302.88
638.626	306.88
638.832	310.88
639.037	315.88
639.243	284.88
639.448	298.88
639.654	298.88
639.859	294.88
640.065	281.88
640.27	294.88
640.475	283.88
640.681	267.88
640.886	272.88
641.091	289.88
641.297	284.88
641.502	296.88
641.707	291.88
641.913	286.88
642.118	304.88
642.323	282.88
642.528	282.88
642.733	274.88
642.939	275.88
643.144	274.88
643.349	287.88
643.554	267.88
643.759	279.88
643.964	270.88
644.169	271.88
644.374	249.88
644.579	258.88
644.784	276.88
644.989	295.88
645.194	267.88
645.399	267.88
645.604	273.88
645.809	257.88
646.014	279.88
646.219	285.88
646.423	274.88
646.628	280.88
646.833	275.88
647.038	278.88
647.243	277.88
647.447	280.88
647.652	265.88
647.857	286.88
648.062	284.88
648.266	304.88
648.471	280.88
648.676	274.88
648.88	276.88
649.085	285.88
649.289	280.88
649.494	278.88
649.698	299.88
649.903	279.88
650.107	266.88
650.312	270.88
650.516	279.88
650.721	254.88
650.925	254.88
651.13	263.88
651.334	247.88
651.539	254.88
651.743	236.88
651.947	228.88
652.152	238.88
652.356	231.88
652.56	223.88
652.764	219.88
652.969	219.88
653.173	213.88
653.377	217.88
653.581	209.88
653.785	216.88
653.99	198.88
654.194	215.88
654.398	205.88
654.602	182.88
654.806	204.88
655.01	215.88
655.214	214.88
655.418	192.88
655.622	204.88
655.826	195.88
656.03	174.88
656.234	200.88
656.438	206.88
656.642	191.88
656.846	186.88
657.049	162.88
657.253	172.88
657.457	172.88
657.661	160.88
657.865	158.88
658.068	147.88
658.272	140.88
658.476	156.88
658.68	147.88
658.883	135.88
659.087	132.88
659.291	131.88
659.494	127.88
659.698	119.88
659.901	114.88
660.105	119.88
660.309	126.88
660.512	113.88
660.716	117.88
660.919	111.88
661.123	103.88
661.326	107.88
661.53	106.88
661.733	112.88
661.936	102.88
662.14	87.88
662.343	86.88
662.546	79.88
662.75	91.88
662.953	91.88
663.156	93.88
663.36	89.88
663.563	78.88
663.766	85.88
663.969	78.88
664.173	91.88
664.376	94.88
664.579	91.88
664.782	87.88
664.985	80.88
665.188	84.88
665.391	78.88
665.594	73.88
665.797	78.88
666	87.88
666.203	78.88
666.406	96.88
666.609	98.88
666.812	92.88
667.015	82.88
667.218	92.88
667.421	86.88
667.624	112.88
667.827	93.88
668.03	74.88
668.232	82.88
668.435	75.88
668.638	90.88
668.841	83.88
669.043	78.88
669.246	87.88
669.449	85.88
669.651	87.88
669.854	80.88
670.057	84.88
670.259	88.88
670.462	75.88
670.665	83.88
670.867	85.88
671.07	93.88
671.272	87.88
671.475	98.88
671.677	86.88
671.88	91.88
672.082	82.88
672.284	77.88
672.487	87.88
672.689	90.88
672.892	89.88
