223.165	0.31
223.4	0.31
223.635	0.31
223.869	-13.69
224.104	-4.69
224.338	-16.69
224.573	-20.69
224.808	-11.69
225.042	2.31
225.277	-12.69
225.511	-8.69
225.746	8.31
225.98	10.31
226.215	5.31
226.449	-6.69
226.683	19.31
226.918	19.31
227.152	30.31
227.387	37.31
227.621	42.31
227.856	36.31
228.09	52.31
228.324	43.31
228.559	57.31
228.793	79.31
229.027	133.31
229.262	124.31
229.496	153.31
229.73	178.31
229.964	192.31
230.199	163.31
230.433	147.31
230.667	144.31
230.901	138.31
231.136	151.31
231.37	151.31
231.604	143.31
231.838	142.31
232.072	145.31
232.306	154.31
232.541	161.31
232.775	147.31
233.009	145.31
233.243	149.31
233.477	137.31
233.711	155.31
233.945	135.31
234.179	161.31
234.413	147.31
234.647	149.31
234.881	161.31
235.115	150.31
235.349	163.31
235.583	156.31
235.817	162.31
236.051	167.31
236.285	165.31
236.519	172.31
236.753	171.31
236.987	203.31
237.221	235.31
237.455	296.31
237.689	251.31
237.922	183.31
238.156	165.31
238.39	173.31
238.624	169.31
238.858	185.31
239.091	192.31
239.325	168.31
239.559	158.31
239.793	178.31
240.027	176.31
240.26	191.31
240.494	210.31
240.728	201.31
240.961	214.31
241.195	186.31
241.429	179.31
241.662	188.31
241.896	202.31
242.13	183.31
242.363	192.31
242.597	193.31
242.83	205.31
243.064	214.31
243.298	198.31
243.531	210.31
243.765	197.31
243.998	208.31
244.232	214.31
244.465	204.31
244.699	213.31
244.932	218.31
245.166	208.31
245.399	211.31
245.633	208.31
245.866	222.31
246.099	211.31
246.333	225.31
246.566	239.31
246.8	230.31
247.033	223.31
247.266	240.31
247.5	226.31
247.733	220.31
247.966	256.31
248.2	241.31
248.433	240.31
248.666	275.31
248.899	269.31
249.133	291.31
249.366	288.31
249.599	281.31
249.832	279.31
250.066	300.31
250.299	299.31
250.532	373.31
250.765	404.31
250.998	394.31
251.231	365.31
251.465	326.31
251.698	307.31
251.931	299.31
252.164	299.31
252.397	297.31
252.63	294.31
252.863	319.31
253.096	316.31
253.329	308.31
253.562	322.31
253.795	302.31
254.028	306.31
254.261	324.31
254.494	318.31
254.727	344.31
254.96	362.31
255.193	379.31
255.426	369.31
255.659	396.31
255.892	444.31
256.124	557.31
256.357	590.31
256.59	488.31
256.823	422.31
257.056	390.31
257.289	363.31
257.521	354.31
257.754	362.31
257.987	357.31
258.22	342.31
258.452	355.31
258.685	357.31
258.918	326.31
259.151	334.31
259.383	342.31
259.616	342.31
259.849	330.31
260.081	352.31
260.314	356.31
260.547	351.31
260.779	353.31
261.012	355.31
261.244	357.31
261.477	350.31
261.71	351.31
261.942	369.31
262.175	367.31
262.407	360.31
262.64	330.31
262.872	327.31
263.105	341.31
263.337	359.31
263.57	327.31
263.802	344.31
264.035	317.31
264.267	342.31
264.499	344.31
264.732	346.31
264.964	316.31
265.197	348.31
265.429	345.31
265.661	364.31
265.894	329.31
266.126	350.31
266.358	353.31
266.591	347.31
266.823	337.31
267.055	373.31
267.287	359.31
267.52	339.31
267.752	352.31
267.984	367.31
268.216	357.31
268.448	381.31
268.681	367.31
268.913	361.31
269.145	391.31
269.377	398.31
269.609	394.31
269.841	394.31
270.073	409.31
270.306	408.31
270.538	413.31
270.77	405.31
271.002	419.31
271.234	418.31
271.466	424.31
271.698	422.31
271.93	459.31
272.162	440.31
272.394	454.31
272.626	430.31
272.858	429.31
273.09	431.31
273.322	422.31
273.553	414.31
273.785	430.31
274.017	434.31
274.249	422.31
274.481	423.31
274.713	430.31
274.945	427.31
275.176	422.31
275.408	439.31
275.64	439.31
275.872	449.31
276.104	455.31
276.335	439.31
276.567	451.31
276.799	481.31
277.031	513.31
277.262	541.31
277.494	535.31
277.726	498.31
277.957	470.31
278.189	474.31
278.421	460.31
278.652	471.31
278.884	466.31
279.115	487.31
279.347	476.31
279.579	451.31
279.81	461.31
280.042	489.31
280.273	541.31
280.505	532.31
280.736	495.31
280.968	478.31
281.199	470.31
281.431	465.31
281.662	466.31
281.894	470.31
282.125	481.31
282.356	474.31
282.588	536.31
282.819	521.31
283.051	465.31
283.282	459.31
283.513	484.31
283.745	490.31
283.976	467.31
284.207	481.31
284.439	468.31
284.67	487.31
284.901	466.31
285.132	473.31
285.364	458.31
285.595	493.31
285.826	463.31
286.057	477.31
286.288	487.31
286.52	481.31
286.751	477.31
286.982	502.31
287.213	481.31
287.444	492.31
287.675	478.31
287.906	503.31
288.138	498.31
288.369	501.31
288.6	509.31
288.831	495.31
289.062	512.31
289.293	503.31
289.524	505.31
289.755	493.31
289.986	478.31
290.217	508.31
290.448	522.31
290.679	497.31
290.91	496.31
291.141	486.31
291.371	488.31
291.602	513.31
291.833	496.31
292.064	506.31
292.295	500.31
292.526	507.31
292.757	486.31
292.987	498.31
293.218	505.31
293.449	515.31
293.68	505.31
293.91	490.31
294.141	492.31
294.372	519.31
294.603	493.31
294.833	511.31
295.064	499.31
295.295	532.31
295.525	499.31
295.756	539.31
295.987	541.31
296.217	564.31
296.448	576.31
296.679	561.31
296.909	521.31
297.14	526.31
297.37	517.31
297.601	545.31
297.831	536.31
298.062	548.31
298.292	538.31
298.523	561.31
298.753	555.31
298.984	537.31
299.214	564.31
299.445	565.31
299.675	559.31
299.905	563.31
300.136	568.31
300.366	584.31
300.597	536.31
300.827	577.31
301.057	578.31
301.288	613.31
301.518	598.31
301.748	589.31
301.979	600.31
302.209	604.31
302.439	631.31
302.669	611.31
302.9	591.31
303.13	582.31
303.36	590.31
303.59	615.31
303.82	632.31
304.051	631.31
304.281	605.31
304.511	616.31
304.741	584.31
304.971	595.31
305.201	570.31
305.431	584.31
305.661	595.31
305.891	587.31
306.121	616.31
306.352	629.31
306.582	625.31
306.812	603.31
307.042	616.31
307.272	659.31
307.502	632.31
307.731	644.31
307.961	638.31
308.191	608.31
308.421	600.31
308.651	619.31
308.881	614.31
309.111	600.31
309.341	627.31
309.571	633.31
309.8	646.31
310.03	660.31
310.26	690.31
310.49	661.31
310.72	685.31
310.949	705.31
311.179	680.31
311.409	646.31
311.639	683.31
311.868	664.31
312.098	667.31
312.328	705.31
312.557	733.31
312.787	727.31
313.017	727.31
313.246	701.31
313.476	699.31
313.706	709.31
313.935	687.31
314.165	740.31
314.394	744.31
314.624	753.31
314.853	713.31
315.083	663.31
315.312	672.31
315.542	680.31
315.771	698.31
316.001	664.31
316.23	693.31
316.46	673.31
316.689	703.31
316.919	691.31
317.148	710.31
317.377	721.31
317.607	723.31
317.836	716.31
318.065	723.31
318.295	704.31
318.524	713.31
318.753	705.31
318.983	708.31
319.212	695.31
319.441	730.31
319.67	743.31
319.9	715.31
320.129	720.31
320.358	726.31
320.587	729.31
320.816	737.31
321.046	783.31
321.275	734.31
321.504	769.31
321.733	783.31
321.962	773.31
322.191	819.31
322.42	827.31
322.649	869.31
322.878	835.31
323.108	887.31
323.337	921.31
323.566	961.31
323.795	1008.31
324.024	1092.31
324.253	1307.31
324.482	1813.31
324.71	2693.31
324.939	3750.31
325.168	3124.31
325.397	1737.31
325.626	1303.31
325.855	1144.31
326.084	1073.31
326.313	1061.31
326.542	1080.31
326.77	1155.31
326.999	1379.31
327.228	1796.31
327.457	2595.31
327.686	3043.31
327.914	2100.31
328.143	1716.31
328.372	1779.31
328.6	1623.31
328.829	1318.31
329.058	1293.31
329.287	1328.31
329.515	1299.31
329.744	1397.31
329.972	1647.31
330.201	2099.31
330.43	2600.31
330.658	2172.31
330.887	1659.31
331.115	1416.31
331.344	1227.31
331.572	1169.31
331.801	1171.31
332.03	1188.31
332.258	1156.31
332.486	1135.31
332.715	1136.31
332.943	1152.31
333.172	1225.31
333.4	1302.31
333.629	1416.31
333.857	1531.31
334.085	1849.31
334.314	2382.31
334.542	3102.31
334.771	3314.31
334.999	2208.31
335.227	1538.31
335.455	1345.31
335.684	1247.31
335.912	1167.31
336.14	1111.31
336.369	1067.31
336.597	1110.31
336.825	1077.31
337.053	1054.31
337.281	1015.31
337.51	1022.31
337.738	976.31
337.966	952.31
338.194	976.31
338.422	998.31
338.65	923.31
338.878	940.31
339.106	943.31
339.334	900.31
339.562	925.31
339.79	895.31
340.018	885.31
340.246	883.31
340.474	908.31
340.702	889.31
340.93	886.31
341.158	879.31
341.386	889.31
341.614	890.31
341.842	870.31
342.07	865.31
342.298	856.31
342.526	887.31
342.754	857.31
342.981	841.31
343.209	837.31
343.437	878.31
343.665	907.31
343.893	970.31
344.12	964.31
344.348	943.31
344.576	938.31
344.804	917.31
345.031	905.31
345.259	901.31
345.487	893.31
345.714	900.31
345.942	867.31
346.17	859.31
346.397	869.31
346.625	864.31
346.853	868.31
347.08	859.31
347.308	860.31
347.535	863.31
347.763	895.31
347.99	888.31
348.218	865.31
348.445	893.31
348.673	877.31
348.9	854.31
349.128	822.31
349.355	855.31
349.583	832.31
349.81	834.31
350.037	820.31
350.265	833.31
350.492	827.31
350.72	819.31
350.947	818.31
351.174	834.31
351.402	870.31
351.629	841.31
351.856	870.31
352.083	871.31
352.311	872.31
352.538	872.31
352.765	865.31
352.992	833.31
353.22	854.31
353.447	850.31
353.674	857.31
353.901	819.31
354.128	811.31
354.355	826.31
354.583	831.31
354.81	798.31
355.037	824.31
355.264	805.31
355.491	816.31
355.718	818.31
355.945	811.31
356.172	797.31
356.399	813.31
356.626	822.31
356.853	819.31
357.08	835.31
357.307	789.31
357.534	791.31
357.761	812.31
357.988	847.31
358.215	825.31
358.441	832.31
358.668	826.31
358.895	835.31
359.122	828.31
359.349	857.31
359.576	852.31
359.802	931.31
360.029	966.31
360.256	969.31
360.483	925.31
360.709	863.31
360.936	876.31
361.163	856.31
361.39	877.31
361.616	891.31
361.843	876.31
362.07	886.31
362.296	884.31
362.523	875.31
362.749	863.31
362.976	841.31
363.203	853.31
363.429	855.31
363.656	838.31
363.882	868.31
364.109	866.31
364.335	862.31
364.562	871.31
364.788	845.31
365.015	883.31
365.241	847.31
365.468	854.31
365.694	862.31
365.92	875.31
366.147	870.31
366.373	848.31
366.599	826.31
366.826	839.31
367.052	857.31
367.278	868.31
367.505	882.31
367.731	866.31
367.957	871.31
368.184	885.31
368.41	869.31
368.636	879.31
368.862	900.31
369.089	878.31
369.315	875.31
369.541	868.31
369.767	893.31
369.993	877.31
370.219	903.31
370.445	897.31
370.672	908.31
370.898	904.31
371.124	913.31
371.35	931.31
371.576	895.31
371.802	897.31
372.028	908.31
372.254	897.31
372.48	896.31
372.706	909.31
372.932	917.31
373.158	910.31
373.384	920.31
373.61	942.31
373.835	917.31
374.061	967.31
374.287	957.31
374.513	920.31
374.739	959.31
374.965	979.31
375.191	985.31
375.416	958.31
375.642	954.31
375.868	948.31
376.094	955.31
376.319	933.31
376.545	920.31
376.771	935.31
376.997	944.31
377.222	917.31
377.448	912.31
377.674	911.31
377.899	896.31
378.125	906.31
378.35	891.31
378.576	897.31
378.802	905.31
379.027	923.31
379.253	905.31
379.478	927.31
379.704	881.31
379.929	926.31
380.155	932.31
380.38	924.31
380.606	910.31
380.831	906.31
381.057	921.31
381.282	935.31
381.507	905.31
381.733	924.31
381.958	923.31
382.184	965.31
382.409	960.31
382.634	959.31
382.86	950.31
383.085	986.31
383.31	990.31
383.535	1003.31
383.761	1013.31
383.986	1009.31
384.211	1024.31
384.436	1046.31
384.662	1052.31
384.887	1041.31
385.112	1048.31
385.337	1070.31
385.562	1095.31
385.787	1074.31
386.013	1115.31
386.238	1101.31
386.463	1085.31
386.688	1080.31
386.913	1073.31
387.138	1067.31
387.363	1056.31
387.588	1103.31
387.813	1068.31
388.038	1068.31
388.263	1078.31
388.488	1074.31
388.713	1091.31
388.938	1101.31
389.163	1072.31
389.387	1073.31
389.612	1079.31
389.837	1068.31
390.062	1057.31
390.287	1087.31
390.512	1078.31
390.736	1077.31
390.961	1090.31
391.186	1101.31
391.411	1147.31
391.636	1183.31
391.86	1199.31
392.085	1200.31
392.31	1165.31
392.534	1134.31
392.759	1172.31
392.984	1138.31
393.208	1145.31
393.433	1150.31
393.658	1185.31
393.882	1148.31
394.107	1131.31
394.331	1174.31
394.556	1142.31
394.78	1160.31
395.005	1151.31
395.229	1173.31
395.454	1187.31
395.678	1221.31
395.903	1254.31
396.127	1234.31
396.352	1218.31
396.576	1211.31
396.801	1176.31
397.025	1183.31
397.249	1225.31
397.474	1218.31
397.698	1254.31
397.922	1285.31
398.147	1263.31
398.371	1291.31
398.595	1336.31
398.82	1349.31
399.044	1418.31
399.268	1529.31
399.492	1697.31
399.717	1821.31
399.941	1837.31
400.165	1733.31
400.389	1655.31
400.613	1533.31
400.837	1467.31
401.062	1428.31
401.286	1403.31
401.51	1378.31
401.734	1373.31
401.958	1434.31
402.182	1407.31
402.406	1486.31
402.63	1476.31
402.854	1505.31
403.078	1475.31
403.302	1533.31
403.526	1521.31
403.75	1532.31
403.974	1556.31
404.198	1557.31
404.422	1631.31
404.645	1657.31
404.869	1646.31
405.093	1704.31
405.317	1806.31
405.541	1867.31
405.765	1725.31
405.988	1664.31
406.212	1630.31
406.436	1667.31
406.66	1719.31
406.883	1650.31
407.107	1700.31
407.331	1794.31
407.555	1915.31
407.778	1872.31
408.002	1807.31
408.226	1761.31
408.449	1672.31
408.673	1636.31
408.896	1669.31
409.12	1700.31
409.344	1683.31
409.567	1640.31
409.791	1645.31
410.014	1574.31
410.238	1581.31
410.461	1583.31
410.685	1562.31
410.908	1591.31
411.132	1595.31
411.355	1628.31
411.578	1581.31
411.802	1536.31
412.025	1547.31
412.249	1666.31
412.472	1745.31
412.695	1873.31
412.919	1735.31
413.142	1651.31
413.365	1601.31
413.589	1571.31
413.812	1514.31
414.035	1492.31
414.258	1507.31
414.482	1519.31
414.705	1499.31
414.928	1476.31
415.151	1487.31
415.374	1479.31
415.597	1486.31
415.821	1446.31
416.044	1431.31
416.267	1451.31
416.49	1481.31
416.713	1453.31
416.936	1485.31
417.159	1443.31
417.382	1475.31
417.605	1483.31
417.828	1520.31
418.051	1511.31
418.274	1491.31
418.497	1462.31
418.72	1545.31
418.943	1480.31
419.166	1588.31
419.389	1671.31
419.611	1643.31
419.834	1629.31
420.057	1640.31
420.28	1680.31
420.503	1665.31
420.726	1591.31
420.948	1609.31
421.171	1634.31
421.394	1633.31
421.617	1540.31
421.839	1511.31
422.062	1532.31
422.285	1538.31
422.507	1633.31
422.73	1677.31
422.953	1653.31
423.175	1559.31
423.398	1566.31
423.621	1560.31
423.843	1583.31
424.066	1592.31
424.288	1608.31
424.511	1602.31
424.733	1657.31
424.956	1773.31
425.178	1709.31
425.401	1684.31
425.623	1687.31
425.846	1544.31
426.068	1508.31
426.291	1461.31
426.513	1485.31
426.735	1503.31
426.958	1563.31
427.18	1633.31
427.402	1804.31
427.625	1985.31
427.847	1893.31
428.069	1789.31
428.292	1667.31
428.514	1518.31
428.736	1501.31
428.958	1483.31
429.181	1393.31
429.403	1367.31
429.625	1413.31
429.847	1438.31
430.069	1494.31
430.292	1453.31
430.514	1406.31
430.736	1348.31
430.958	1339.31
431.18	1356.31
431.402	1366.31
431.624	1328.31
431.846	1302.31
432.068	1303.31
432.29	1316.31
432.512	1341.31
432.734	1353.31
432.956	1378.31
433.178	1400.31
433.4	1389.31
433.622	1375.31
433.844	1392.31
434.066	1331.31
434.287	1315.31
434.509	1333.31
434.731	1365.31
434.953	1411.31
435.175	1479.31
435.397	1471.31
435.618	1439.31
435.84	1479.31
436.062	1554.31
436.284	1677.31
436.505	1543.31
436.727	1480.31
436.949	1380.31
437.17	1369.31
437.392	1355.31
437.614	1362.31
437.835	1391.31
438.057	1561.31
438.278	1617.31
438.5	1625.31
438.721	1789.31
438.943	1720.31
439.165	1519.31
439.386	1480.31
439.608	1492.31
439.829	1510.31
440.05	1546.31
440.272	1595.31
440.493	1556.31
440.715	1465.31
440.936	1448.31
441.158	1474.31
441.379	1512.31
441.6	1565.31
441.822	1564.31
442.043	1605.31
442.264	1699.31
442.486	1699.31
442.707	1577.31
442.928	1542.31
443.149	1575.31
443.371	1583.31
443.592	1640.31
443.813	1813.31
444.034	1827.31
444.255	1641.31
444.476	1619.31
444.698	1647.31
444.919	1672.31
445.14	1758.31
445.361	1685.31
445.582	1611.31
445.803	1700.31
446.024	1839.31
446.245	1787.31
446.466	1665.31
446.687	1501.31
446.908	1510.31
447.129	1433.31
447.35	1414.31
447.571	1405.31
447.792	1361.31
448.013	1365.31
448.234	1403.31
448.455	1468.31
448.675	1595.31
448.896	1760.31
449.117	1531.31
449.338	1512.31
449.559	1660.31
449.779	1766.31
450	1519.31
450.221	1391.31
450.442	1335.31
450.662	1295.31
450.883	1368.31
451.104	1420.31
451.324	1350.31
451.545	1298.31
451.766	1312.31
451.986	1246.31
452.207	1232.31
452.428	1222.31
452.648	1246.31
452.869	1232.31
453.089	1187.31
453.31	1223.31
453.53	1181.31
453.751	1138.31
453.971	1161.31
454.192	1201.31
454.412	1170.31
454.633	1179.31
454.853	1170.31
455.073	1160.31
455.294	1252.31
455.514	1312.31
455.734	1259.31
455.955	1154.31
456.175	1138.31
456.395	1118.31
456.616	1104.31
456.836	1140.31
457.056	1110.31
457.276	1095.31
457.497	1107.31
457.717	1108.31
457.937	1122.31
458.157	1132.31
458.377	1132.31
458.598	1180.31
458.818	1313.31
459.038	1416.31
459.258	1399.31
459.478	1344.31
459.698	1267.31
459.918	1288.31
460.138	1338.31
460.358	1375.31
460.578	1404.31
460.798	1409.31
461.018	1426.31
461.238	1429.31
461.458	1407.31
461.678	1354.31
461.898	1395.31
462.118	1381.31
462.338	1455.31
462.558	1494.31
462.777	1532.31
462.997	1610.31
463.217	1736.31
463.437	1709.31
463.657	1632.31
463.876	1579.31
464.096	1593.31
464.316	1536.31
464.536	1587.31
464.755	1520.31
464.975	1558.31
465.195	1592.31
465.414	1704.31
465.634	1480.31
465.854	1432.31
466.073	1318.31
466.293	1296.31
466.512	1291.31
466.732	1288.31
466.951	1279.31
467.171	1312.31
467.391	1318.31
467.61	1340.31
467.829	1435.31
468.049	1552.31
468.268	1975.31
468.488	1649.31
468.707	1448.31
468.927	1368.31
469.146	1318.31
469.365	1354.31
469.585	1325.31
469.804	1359.31
470.023	1397.31
470.243	1376.31
470.462	1412.31
470.681	1455.31
470.901	1436.31
471.12	1375.31
471.339	1382.31
471.558	1376.31
471.777	1414.31
471.997	1467.31
472.216	1921.31
472.435	3203.31
472.654	2543.31
472.873	1777.31
473.092	1537.31
473.311	1469.31
473.53	1396.31
473.749	1387.31
473.968	1381.31
474.187	1481.31
474.406	1433.31
474.625	1385.31
474.844	1348.31
475.063	1290.31
475.282	1299.31
475.501	1251.31
475.72	1263.31
475.939	1287.31
476.158	1330.31
476.377	1304.31
476.596	1306.31
476.814	1288.31
477.033	1286.31
477.252	1357.31
477.471	1341.31
477.69	1423.31
477.908	1416.31
478.127	1459.31
478.346	1477.31
478.564	1447.31
478.783	1505.31
479.002	1541.31
479.22	1584.31
479.439	1570.31
479.658	1581.31
479.876	1610.31
480.095	1586.31
480.313	1687.31
480.532	1725.31
480.751	1829.31
480.969	2193.31
481.188	4135.31
481.406	5180.31
481.624	2939.31
481.843	2253.31
482.061	1912.31
482.28	1767.31
482.498	1696.31
482.717	1624.31
482.935	1647.31
483.153	1655.31
483.372	1650.31
483.59	1633.31
483.808	1584.31
484.027	1567.31
484.245	1563.31
484.463	1587.31
484.681	1600.31
484.9	1563.31
485.118	1542.31
485.336	1545.31
485.554	1499.31
485.772	1517.31
485.99	1535.31
486.209	1544.31
486.427	1525.31
486.645	1548.31
486.863	1634.31
487.081	1620.31
487.299	1593.31
487.517	1570.31
487.735	1652.31
487.953	1697.31
488.171	1695.31
488.389	1649.31
488.607	1621.31
488.825	1538.31
489.043	1553.31
489.261	1529.31
489.479	1588.31
489.696	1632.31
489.914	1589.31
490.132	1669.31
490.35	1724.31
490.568	1738.31
490.786	1805.31
491.003	1899.31
491.221	1858.31
491.439	1931.31
491.657	1979.31
491.874	2028.31
492.092	2084.31
492.31	2114.31
492.527	2113.31
492.745	2120.31
492.963	2109.31
493.18	2047.31
493.398	2010.31
493.615	2008.31
493.833	1982.31
494.05	1981.31
494.268	1960.31
494.485	1929.31
494.703	1938.31
494.92	1947.31
495.138	1879.31
495.355	1906.31
495.573	1888.31
495.79	1907.31
496.008	1922.31
496.225	1893.31
496.442	1853.31
496.66	1871.31
496.877	1885.31
497.094	1897.31
497.312	1933.31
497.529	1927.31
497.746	1897.31
497.963	1918.31
498.181	1954.31
498.398	2009.31
498.615	2015.31
498.832	2139.31
499.049	2212.31
499.267	2345.31
499.484	2500.31
499.701	2733.31
499.918	2893.31
500.135	3196.31
500.352	3512.31
500.569	3629.31
500.786	3612.31
501.003	3479.31
501.22	3158.31
501.437	2854.31
501.654	2683.31
501.871	2507.31
502.088	2347.31
502.305	2263.31
502.522	2134.31
502.739	2071.31
502.956	1964.31
503.172	1903.31
503.389	1879.31
503.606	1897.31
503.823	1813.31
504.04	1812.31
504.256	1784.31
504.473	1780.31
504.69	1821.31
504.907	1813.31
505.123	1692.31
505.34	1697.31
505.557	1630.31
505.773	1617.31
505.99	1602.31
506.207	1527.31
506.423	1512.31
506.64	1490.31
506.856	1474.31
507.073	1497.31
507.289	1485.31
507.506	1517.31
507.722	1457.31
507.939	1512.31
508.155	1490.31
508.372	1455.31
508.588	1435.31
508.805	1420.31
509.021	1400.31
509.238	1407.31
509.454	1391.31
509.67	1405.31
509.887	1388.31
510.103	1357.31
510.319	1407.31
510.536	1655.31
510.752	2966.31
510.968	2175.31
511.184	1460.31
511.401	1404.31
511.617	1397.31
511.833	1454.31
512.049	1453.31
512.265	1416.31
512.481	1414.31
512.698	1361.31
512.914	1352.31
513.13	1349.31
513.346	1334.31
513.562	1323.31
513.778	1364.31
513.994	1425.31
514.21	1395.31
514.426	1451.31
514.642	1479.31
514.858	1573.31
515.074	1705.31
515.29	1971.31
515.506	2931.31
515.721	2272.31
515.937	1608.31
516.153	1521.31
516.369	1518.31
516.585	1484.31
516.801	1480.31
517.016	1549.31
517.232	1549.31
517.448	1601.31
517.664	1648.31
517.879	1657.31
518.095	1620.31
518.311	1582.31
518.527	1572.31
518.742	1527.31
518.958	1472.31
519.173	1468.31
519.389	1454.31
519.605	1445.31
519.82	1419.31
520.036	1425.31
520.251	1488.31
520.467	1481.31
520.682	1495.31
520.898	1476.31
521.113	1474.31
521.329	1619.31
521.544	1766.31
521.76	2245.31
521.975	3812.31
522.19	3555.31
522.406	1917.31
522.621	1547.31
522.836	1445.31
523.052	1369.31
523.267	1319.31
523.482	1283.31
523.698	1272.31
523.913	1290.31
524.128	1265.31
524.343	1261.31
524.559	1271.31
524.774	1230.31
524.989	1262.31
525.204	1234.31
525.419	1243.31
525.634	1192.31
525.849	1169.31
526.064	1159.31
526.28	1155.31
526.495	1139.31
526.71	1101.31
526.925	1094.31
527.14	1101.31
527.355	1109.31
527.57	1092.31
527.785	1090.31
527.999	1110.31
528.214	1137.31
528.429	1120.31
528.644	1167.31
528.859	1196.31
529.074	1219.31
529.289	1278.31
529.503	1399.31
529.718	1336.31
529.933	1222.31
530.148	1141.31
530.363	1154.31
530.577	1075.31
530.792	1092.31
531.007	1064.31
531.221	1082.31
531.436	1058.31
531.651	1066.31
531.865	1073.31
532.08	1064.31
532.295	1074.31
532.509	1060.31
532.724	1056.31
532.938	1084.31
533.153	1110.31
533.367	1120.31
533.582	1099.31
533.796	1103.31
534.011	1097.31
534.225	1044.31
534.44	1073.31
534.654	1060.31
534.868	1080.31
535.083	1081.31
535.297	1044.31
535.511	1070.31
535.726	1087.31
535.94	1071.31
536.154	1056.31
536.369	1027.31
536.583	996.31
536.797	1006.31
537.011	1008.31
537.225	980.31
537.44	975.31
537.654	1004.31
537.868	981.31
538.082	957.31
538.296	954.31
538.51	1005.31
538.724	1021.31
538.938	1020.31
539.153	1047.31
539.367	1076.31
539.581	1080.31
539.795	994.31
540.009	971.31
540.222	985.31
540.436	1007.31
540.65	1019.31
540.864	1041.31
541.078	1069.31
541.292	1089.31
541.506	1126.31
541.72	1164.31
541.934	1176.31
542.147	1185.31
542.361	1183.31
542.575	1135.31
542.789	1091.31
543.002	1048.31
543.216	1008.31
543.43	1016.31
543.644	1040.31
543.857	1058.31
544.071	1101.31
544.285	1141.31
544.498	1112.31
544.712	1112.31
544.925	1088.31
545.139	1165.31
545.352	1147.31
545.566	1165.31
545.779	1142.31
545.993	1161.31
546.206	1168.31
546.42	1151.31
546.633	1171.31
546.847	1131.31
547.06	1129.31
547.274	1142.31
547.487	1171.31
547.7	1147.31
547.914	1169.31
548.127	1153.31
548.34	1110.31
548.554	1116.31
548.767	1117.31
548.98	1126.31
549.193	1137.31
549.407	1122.31
549.62	1122.31
549.833	1127.31
550.046	1137.31
550.259	1137.31
550.473	1091.31
550.686	1093.31
550.899	1100.31
551.112	1077.31
551.325	1069.31
551.538	1028.31
551.751	1022.31
551.964	1029.31
552.177	1043.31
552.39	1096.31
552.603	1118.31
552.816	1129.31
553.029	1141.31
553.242	1183.31
553.455	1180.31
553.667	1195.31
553.88	1220.31
554.093	1167.31
554.306	1126.31
554.519	1116.31
554.732	1108.31
554.944	1081.31
555.157	1078.31
555.37	1030.31
555.583	1003.31
555.795	982.31
556.008	960.31
556.221	971.31
556.433	971.31
556.646	949.31
556.859	948.31
557.071	929.31
557.284	941.31
557.496	962.31
557.709	946.31
557.921	947.31
558.134	953.31
558.346	924.31
558.559	949.31
558.771	909.31
558.984	919.31
559.196	872.31
559.409	875.31
559.621	883.31
559.833	899.31
560.046	885.31
560.258	885.31
560.47	876.31
560.683	897.31
560.895	886.31
561.107	884.31
561.32	860.31
561.532	900.31
561.744	891.31
561.956	887.31
562.168	889.31
562.381	884.31
562.593	879.31
562.805	867.31
563.017	884.31
563.229	845.31
563.441	865.31
563.653	858.31
563.865	870.31
564.077	899.31
564.289	873.31
564.501	868.31
564.713	873.31
564.925	895.31
565.137	889.31
565.349	953.31
565.561	939.31
565.773	943.31
565.985	1016.31
566.197	1028.31
566.408	1076.31
566.62	1148.31
566.832	1193.31
567.044	1181.31
567.255	1226.31
567.467	1235.31
567.679	1238.31
567.891	1281.31
568.102	1321.31
568.314	1207.31
568.526	1102.31
568.737	1067.31
568.949	933.31
569.161	905.31
569.372	864.31
569.584	845.31
569.795	819.31
570.007	813.31
570.218	887.31
570.43	831.31
570.641	807.31
570.853	795.31
571.064	787.31
571.276	836.31
571.487	785.31
571.698	767.31
571.91	733.31
572.121	732.31
572.333	732.31
572.544	691.31
572.755	660.31
572.966	663.31
573.178	650.31
573.389	656.31
573.6	663.31
573.811	647.31
574.023	634.31
574.234	633.31
574.445	622.31
574.656	654.31
574.867	641.31
575.078	656.31
575.289	667.31
575.501	611.31
575.712	613.31
575.923	615.31
576.134	632.31
576.345	621.31
576.556	635.31
576.767	608.31
576.978	630.31
577.188	610.31
577.399	588.31
577.61	606.31
577.821	643.31
578.032	593.31
578.243	659.31
578.454	1077.31
578.665	747.31
578.875	597.31
579.086	562.31
579.297	567.31
579.508	549.31
579.718	543.31
579.929	541.31
580.14	571.31
580.35	534.31
580.561	536.31
580.772	572.31
580.982	558.31
581.193	542.31
581.403	549.31
581.614	539.31
581.825	554.31
582.035	525.31
582.246	544.31
582.456	533.31
582.667	558.31
582.877	526.31
583.087	524.31
583.298	521.31
583.508	515.31
583.719	523.31
583.929	545.31
584.139	517.31
584.35	534.31
584.56	519.31
584.77	520.31
584.981	524.31
585.191	516.31
585.401	519.31
585.611	516.31
585.821	511.31
586.032	513.31
586.242	510.31
586.452	510.31
586.662	520.31
586.872	506.31
587.082	494.31
587.292	473.31
587.502	499.31
587.713	506.31
587.923	511.31
588.133	481.31
588.343	487.31
588.553	508.31
588.762	486.31
588.972	503.31
589.182	519.31
589.392	526.31
589.602	526.31
589.812	528.31
590.022	510.31
590.232	482.31
590.441	505.31
590.651	494.31
590.861	493.31
591.071	498.31
591.281	491.31
591.49	496.31
591.7	541.31
591.91	543.31
592.119	559.31
592.329	561.31
592.539	554.31
592.748	568.31
592.958	576.31
593.167	593.31
593.377	586.31
593.587	599.31
593.796	584.31
594.006	606.31
594.215	593.31
594.424	594.31
594.634	557.31
594.843	607.31
595.053	551.31
595.262	541.31
595.472	563.31
595.681	527.31
595.89	503.31
596.1	516.31
596.309	499.31
596.518	481.31
596.727	507.31
596.937	502.31
597.146	480.31
597.355	483.31
597.564	459.31
597.774	455.31
597.983	438.31
598.192	445.31
598.401	452.31
598.61	439.31
598.819	441.31
599.028	429.31
599.237	440.31
599.446	444.31
599.655	465.31
599.864	436.31
600.073	435.31
600.282	457.31
600.491	451.31
600.7	456.31
600.909	434.31
601.118	463.31
601.327	461.31
601.536	448.31
601.745	479.31
601.953	488.31
602.162	482.31
602.371	478.31
602.58	457.31
602.789	487.31
602.997	464.31
603.206	477.31
603.415	480.31
603.623	455.31
603.832	482.31
604.041	443.31
604.249	440.31
604.458	422.31
604.666	423.31
604.875	413.31
605.084	435.31
605.292	442.31
605.501	461.31
605.709	459.31
605.918	477.31
606.126	484.31
606.334	471.31
606.543	465.31
606.751	470.31
606.96	438.31
607.168	466.31
607.376	454.31
607.585	468.31
607.793	462.31
608.001	456.31
608.21	470.31
608.418	496.31
608.626	468.31
608.834	460.31
609.043	480.31
609.251	462.31
609.459	461.31
609.667	467.31
609.875	468.31
610.083	472.31
610.291	477.31
610.499	450.31
610.707	476.31
610.916	466.31
611.124	467.31
611.332	475.31
611.54	467.31
611.748	476.31
611.955	468.31
612.163	463.31
612.371	469.31
612.579	451.31
612.787	446.31
612.995	431.31
613.203	454.31
613.411	457.31
613.618	456.31
613.826	453.31
614.034	439.31
614.242	476.31
614.449	467.31
614.657	441.31
614.865	450.31
615.072	447.31
615.28	436.31
615.488	433.31
615.695	474.31
615.903	438.31
616.111	446.31
616.318	437.31
616.526	436.31
616.733	458.31
616.941	443.31
617.148	468.31
617.356	431.31
617.563	433.31
617.771	415.31
617.978	431.31
618.185	446.31
618.393	427.31
618.6	445.31
618.807	444.31
619.015	445.31
619.222	436.31
619.429	416.31
619.637	422.31
619.844	380.31
620.051	407.31
620.258	397.31
620.466	401.31
620.673	389.31
620.88	399.31
621.087	413.31
621.294	399.31
621.501	412.31
621.708	384.31
621.915	407.31
622.122	406.31
622.329	408.31
622.536	415.31
622.743	399.31
622.95	395.31
623.157	397.31
623.364	390.31
623.571	390.31
623.778	405.31
623.985	407.31
624.192	391.31
624.399	404.31
624.606	391.31
624.812	379.31
625.019	385.31
625.226	373.31
625.433	379.31
625.639	358.31
625.846	351.31
626.053	335.31
626.259	321.31
626.466	331.31
626.673	332.31
626.879	322.31
627.086	316.31
627.293	333.31
627.499	358.31
627.706	386.31
627.912	381.31
628.119	372.31
628.325	379.31
628.532	347.31
628.738	374.31
628.945	349.31
629.151	354.31
629.357	365.31
629.564	335.31
629.77	354.31
629.976	334.31
630.183	319.31
630.389	342.31
630.595	339.31
630.802	347.31
631.008	368.31
631.214	343.31
631.42	324.31
631.627	339.31
631.833	337.31
632.039	336.31
632.245	326.31
632.451	335.31
632.657	325.31
632.863	323.31
633.069	324.31
633.275	328.31
633.481	313.31
633.688	309.31
633.893	311.31
634.099	329.31
634.305	339.31
634.511	327.31
634.717	317.31
634.923	298.31
635.129	300.31
635.335	307.31
635.541	308.31
635.747	318.31
635.952	334.31
636.158	346.31
636.364	406.31
636.57	477.31
636.775	431.31
636.981	399.31
637.187	350.31
637.392	348.31
637.598	347.31
637.804	339.31
638.009	310.31
638.215	333.31
638.421	329.31
638.626	319.31
638.832	325.31
639.037	319.31
639.243	313.31
639.448	328.31
639.654	316.31
639.859	294.31
640.065	299.31
640.27	295.31
640.475	310.31
640.681	311.31
640.886	295.31
641.091	291.31
641.297	298.31
641.502	295.31
641.707	305.31
641.913	302.31
642.118	289.31
642.323	302.31
642.528	267.31
642.733	273.31
642.939	278.31
643.144	290.31
643.349	276.31
643.554	296.31
643.759	286.31
643.964	291.31
644.169	283.31
644.374	269.31
644.579	280.31
644.784	268.31
644.989	296.31
645.194	266.31
645.399	278.31
645.604	277.31
645.809	271.31
646.014	283.31
646.219	272.31
646.423	298.31
646.628	278.31
646.833	302.31
647.038	275.31
647.243	278.31
647.447	288.31
647.652	278.31
647.857	277.31
648.062	289.31
648.266	265.31
648.471	281.31
648.676	292.31
648.88	286.31
649.085	275.31
649.289	281.31
649.494	295.31
649.698	290.31
649.903	282.31
650.107	274.31
650.312	274.31
650.516	258.31
650.721	262.31
650.925	251.31
651.13	252.31
651.334	253.31
651.539	235.31
651.743	231.31
651.947	255.31
652.152	241.31
652.356	208.31
652.56	233.31
652.764	220.31
652.969	221.31
653.173	216.31
653.377	220.31
653.581	218.31
653.785	224.31
653.99	215.31
654.194	198.31
654.398	202.31
654.602	195.31
654.806	207.31
655.01	217.31
655.214	207.31
655.418	180.31
655.622	204.31
655.826	188.31
656.03	192.31
656.234	200.31
656.438	197.31
656.642	204.31
656.846	179.31
657.049	183.31
657.253	189.31
657.457	165.31
657.661	160.31
657.865	162.31
658.068	155.31
658.272	147.31
658.476	135.31
658.68	152.31
658.883	138.31
659.087	139.31
659.291	129.31
659.494	130.31
659.698	131.31
659.901	119.31
660.105	109.31
660.309	113.31
660.512	128.31
660.716	117.31
660.919	108.31
661.123	107.31
661.326	99.31
661.53	127.31
661.733	118.31
661.936	107.31
662.14	99.31
662.343	101.31
662.546	94.31
662.75	102.31
662.953	92.31
663.156	93.31
663.36	95.31
663.563	79.31
663.766	97.31
663.969	87.31
664.173	100.31
664.376	98.31
664.579	93.31
664.782	93.31
664.985	91.31
665.188	80.31
665.391	83.31
665.594	95.31
665.797	80.31
666	86.31
666.203	84.31
666.406	90.31
666.609	91.31
666.812	101.31
667.015	85.31
667.218	79.31
667.421	86.31
667.624	76.31
667.827	91.31
668.03	91.31
668.232	78.31
668.435	74.31
668.638	93.31
668.841	86.31
669.043	92.31
669.246	100.31
669.449	88.31
669.651	101.31
669.854	96.31
670.057	84.31
670.259	94.31
670.462	85.31
670.665	86.31
670.867	77.31
671.07	95.31
671.272	94.31
671.475	96.31
671.677	93.31
671.88	86.31
672.082	85.31
672.284	86.31
672.487	79.31
672.689	83.31
672.892	75.31
