223.165	-11.25
223.4	-11.25
223.635	-11.25
223.869	-29.25
224.104	-14.25
224.338	-22.25
224.573	-7.25
224.808	-13.25
225.042	3.75
225.277	-11.25
225.511	-14.25
225.746	3.75
225.98	6.75
226.215	13.75
226.449	30.75
226.683	14.75
226.918	16.75
227.152	32.75
227.387	30.75
227.621	38.75
227.856	52.75
228.09	54.75
228.324	53.75
228.559	46.75
228.793	64.75
229.027	116.75
229.262	140.75
229.496	145.75
229.73	184.75
229.964	184.75
230.199	144.75
230.433	160.75
230.667	138.75
230.901	131.75
231.136	133.75
231.37	138.75
231.604	152.75
231.838	151.75
232.072	132.75
232.306	134.75
232.541	150.75
232.775	134.75
233.009	126.75
233.243	138.75
233.477	144.75
233.711	147.75
233.945	142.75
234.179	153.75
234.413	159.75
234.647	144.75
234.881	132.75
235.115	146.75
235.349	158.75
235.583	154.75
235.817	158.75
236.051	163.75
236.285	160.75
236.519	168.75
236.753	169.75
236.987	195.75
237.221	224.75
237.455	280.75
237.689	220.75
237.922	179.75
238.156	181.75
238.39	160.75
238.624	183.75
238.858	163.75
239.091	169.75
239.325	148.75
239.559	171.75
239.793	178.75
240.027	176.75
240.26	189.75
240.494	197.75
240.728	202.75
240.961	195.75
241.195	184.75
241.429	196.75
241.662	204.75
241.896	186.75
242.13	192.75
242.363	178.75
242.597	203.75
242.83	186.75
243.064	182.75
243.298	180.75
243.531	203.75
243.765	196.75
243.998	216.75
244.232	208.75
244.465	218.75
244.699	210.75
244.932	209.75
245.166	205.75
245.399	198.75
245.633	198.75
245.866	206.75
246.099	197.75
246.333	201.75
246.566	209.75
246.8	223.75
247.033	211.75
247.266	216.75
247.5	221.75
247.733	236.75
247.966	239.75
248.2	236.75
248.433	249.75
248.666	241.75
248.899	255.75
249.133	275.75
249.366	273.75
249.599	283.75
249.832	275.75
250.066	273.75
250.299	290.75
250.532	350.75
250.765	340.75
250.998	351.75
251.231	309.75
251.465	297.75
251.698	288.75
251.931	292.75
252.164	293.75
252.397	288.75
252.63	280.75
252.863	316.75
253.096	294.75
253.329	314.75
253.562	307.75
253.795	287.75
254.028	315.75
254.261	308.75
254.494	316.75
254.727	333.75
254.96	341.75
255.193	346.75
255.426	344.75
255.659	356.75
255.892	415.75
256.124	481.75
256.357	489.75
256.59	434.75
256.823	378.75
257.056	351.75
257.289	356.75
257.521	356.75
257.754	339.75
257.987	326.75
258.22	331.75
258.452	328.75
258.685	317.75
258.918	333.75
259.151	316.75
259.383	312.75
259.616	324.75
259.849	319.75
260.081	337.75
260.314	345.75
260.547	358.75
260.779	333.75
261.012	337.75
261.244	326.75
261.477	326.75
261.71	344.75
261.942	342.75
262.175	364.75
262.407	344.75
262.64	319.75
262.872	323.75
263.105	324.75
263.337	315.75
263.57	318.75
263.802	309.75
264.035	318.75
264.267	310.75
264.499	321.75
264.732	317.75
264.964	320.75
265.197	316.75
265.429	326.75
265.661	325.75
265.894	325.75
266.126	340.75
266.358	332.75
266.591	312.75
266.823	328.75
267.055	346.75
267.287	326.75
267.52	342.75
267.752	349.75
267.984	349.75
268.216	321.75
268.448	353.75
268.681	364.75
268.913	381.75
269.145	381.75
269.377	382.75
269.609	385.75
269.841	374.75
270.073	396.75
270.306	405.75
270.538	419.75
270.77	425.75
271.002	398.75
271.234	400.75
271.466	417.75
271.698	442.75
271.93	438.75
272.162	425.75
272.394	421.75
272.626	426.75
272.858	420.75
273.09	385.75
273.322	400.75
273.553	405.75
273.785	402.75
274.017	392.75
274.249	399.75
274.481	384.75
274.713	402.75
274.945	410.75
275.176	413.75
275.408	409.75
275.64	412.75
275.872	419.75
276.104	416.75
276.335	393.75
276.567	441.75
276.799	475.75
277.031	494.75
277.262	498.75
277.494	502.75
277.726	484.75
277.957	456.75
278.189	437.75
278.421	422.75
278.652	412.75
278.884	427.75
279.115	433.75
279.347	442.75
279.579	450.75
279.81	457.75
280.042	458.75
280.273	464.75
280.505	490.75
280.736	445.75
280.968	438.75
281.199	465.75
281.431	438.75
281.662	427.75
281.894	453.75
282.125	453.75
282.356	481.75
282.588	500.75
282.819	493.75
283.051	455.75
283.282	448.75
283.513	444.75
283.745	475.75
283.976	457.75
284.207	451.75
284.439	445.75
284.67	434.75
284.901	454.75
285.132	463.75
285.364	460.75
285.595	461.75
285.826	473.75
286.057	472.75
286.288	441.75
286.52	463.75
286.751	452.75
286.982	458.75
287.213	471.75
287.444	479.75
287.675	471.75
287.906	481.75
288.138	476.75
288.369	471.75
288.6	497.75
288.831	482.75
289.062	468.75
289.293	477.75
289.524	483.75
289.755	494.75
289.986	470.75
290.217	470.75
290.448	489.75
290.679	474.75
290.91	487.75
291.141	470.75
291.371	478.75
291.602	474.75
291.833	480.75
292.064	490.75
292.295	467.75
292.526	475.75
292.757	489.75
292.987	480.75
293.218	474.75
293.449	473.75
293.68	469.75
293.91	478.75
294.141	492.75
294.372	488.75
294.603	482.75
294.833	506.75
295.064	480.75
295.295	481.75
295.525	480.75
295.756	517.75
295.987	523.75
296.217	564.75
296.448	564.75
296.679	538.75
296.909	513.75
297.14	501.75
297.37	500.75
297.601	508.75
297.831	507.75
298.062	509.75
298.292	525.75
298.523	523.75
298.753	529.75
298.984	525.75
299.214	547.75
299.445	528.75
299.675	529.75
299.905	521.75
300.136	528.75
300.366	537.75
300.597	519.75
300.827	554.75
301.057	562.75
301.288	571.75
301.518	557.75
301.748	588.75
301.979	576.75
302.209	574.75
302.439	583.75
302.669	556.75
302.9	592.75
303.13	584.75
303.36	591.75
303.59	594.75
303.82	616.75
304.051	597.75
304.281	590.75
304.511	577.75
304.741	561.75
304.971	562.75
305.201	570.75
305.431	565.75
305.661	594.75
305.891	580.75
306.121	572.75
306.352	590.75
306.582	603.75
306.812	595.75
307.042	596.75
307.272	613.75
307.502	618.75
307.731	640.75
307.961	610.75
308.191	587.75
308.421	603.75
308.651	585.75
308.881	580.75
309.111	620.75
309.341	609.75
309.571	618.75
309.8	623.75
310.03	636.75
310.26	660.75
310.49	640.75
310.72	673.75
310.949	671.75
311.179	706.75
311.409	660.75
311.639	665.75
311.868	658.75
312.098	652.75
312.328	675.75
312.557	707.75
312.787	709.75
313.017	712.75
313.246	698.75
313.476	681.75
313.706	648.75
313.935	704.75
314.165	700.75
314.394	723.75
314.624	695.75
314.853	702.75
315.083	670.75
315.312	694.75
315.542	674.75
315.771	649.75
316.001	667.75
316.23	659.75
316.46	658.75
316.689	666.75
316.919	671.75
317.148	699.75
317.377	690.75
317.607	691.75
317.836	668.75
318.065	658.75
318.295	674.75
318.524	676.75
318.753	671.75
318.983	658.75
319.212	654.75
319.441	672.75
319.67	701.75
319.9	691.75
320.129	689.75
320.358	723.75
320.587	721.75
320.816	725.75
321.046	728.75
321.275	749.75
321.504	698.75
321.733	727.75
321.962	736.75
322.191	768.75
322.42	808.75
322.649	823.75
322.878	819.75
323.108	837.75
323.337	877.75
323.566	953.75
323.795	981.75
324.024	1083.75
324.253	1304.75
324.482	1811.75
324.71	2784.75
324.939	3946.75
325.168	3162.75
325.397	1727.75
325.626	1253.75
325.855	1104.75
326.084	1012.75
326.313	1021.75
326.542	1017.75
326.77	1129.75
326.999	1269.75
327.228	1790.75
327.457	2626.75
327.686	3076.75
327.914	2054.75
328.143	1575.75
328.372	1588.75
328.6	1446.75
328.829	1241.75
329.058	1200.75
329.287	1205.75
329.515	1185.75
329.744	1244.75
329.972	1432.75
330.201	1752.75
330.43	2104.75
330.658	1845.75
330.887	1469.75
331.115	1300.75
331.344	1132.75
331.572	1071.75
331.801	1054.75
332.03	1075.75
332.258	1030.75
332.486	1021.75
332.715	1040.75
332.943	1076.75
333.172	1122.75
333.4	1155.75
333.629	1241.75
333.857	1357.75
334.085	1552.75
334.314	1874.75
334.542	2524.75
334.771	2658.75
334.999	1820.75
335.227	1347.75
335.455	1192.75
335.684	1088.75
335.912	1060.75
336.14	1023.75
336.369	983.75
336.597	988.75
336.825	1036.75
337.053	971.75
337.281	959.75
337.51	931.75
337.738	939.75
337.966	958.75
338.194	933.75
338.422	907.75
338.65	872.75
338.878	877.75
339.106	892.75
339.334	856.75
339.562	846.75
339.79	873.75
340.018	853.75
340.246	841.75
340.474	868.75
340.702	865.75
340.93	869.75
341.158	844.75
341.386	834.75
341.614	842.75
341.842	855.75
342.07	829.75
342.298	812.75
342.526	825.75
342.754	808.75
342.981	832.75
343.209	837.75
343.437	856.75
343.665	896.75
343.893	925.75
344.12	921.75
344.348	934.75
344.576	897.75
344.804	879.75
345.031	908.75
345.259	894.75
345.487	887.75
345.714	841.75
345.942	837.75
346.17	861.75
346.397	819.75
346.625	822.75
346.853	830.75
347.08	835.75
347.308	832.75
347.535	877.75
347.763	873.75
347.99	865.75
348.218	850.75
348.445	869.75
348.673	857.75
348.9	849.75
349.128	832.75
349.355	812.75
349.583	792.75
349.81	803.75
350.037	820.75
350.265	835.75
350.492	819.75
350.72	788.75
350.947	790.75
351.174	815.75
351.402	864.75
351.629	833.75
351.856	851.75
352.083	859.75
352.311	863.75
352.538	873.75
352.765	844.75
352.992	835.75
353.22	814.75
353.447	836.75
353.674	842.75
353.901	803.75
354.128	792.75
354.355	764.75
354.583	796.75
354.81	772.75
355.037	771.75
355.264	787.75
355.491	785.75
355.718	764.75
355.945	794.75
356.172	780.75
356.399	789.75
356.626	792.75
356.853	780.75
357.08	804.75
357.307	788.75
357.534	779.75
357.761	787.75
357.988	825.75
358.215	782.75
358.441	796.75
358.668	797.75
358.895	805.75
359.122	812.75
359.349	833.75
359.576	877.75
359.802	896.75
360.029	957.75
360.256	965.75
360.483	908.75
360.709	867.75
360.936	832.75
361.163	831.75
361.39	876.75
361.616	888.75
361.843	848.75
362.07	851.75
362.296	869.75
362.523	873.75
362.749	848.75
362.976	834.75
363.203	856.75
363.429	836.75
363.656	829.75
363.882	805.75
364.109	826.75
364.335	829.75
364.562	820.75
364.788	824.75
365.015	821.75
365.241	829.75
365.468	850.75
365.694	838.75
365.92	854.75
366.147	829.75
366.373	843.75
366.599	834.75
366.826	830.75
367.052	833.75
367.278	835.75
367.505	832.75
367.731	857.75
367.957	850.75
368.184	859.75
368.41	845.75
368.636	863.75
368.862	858.75
369.089	858.75
369.315	861.75
369.541	863.75
369.767	845.75
369.993	842.75
370.219	867.75
370.445	875.75
370.672	903.75
370.898	885.75
371.124	864.75
371.35	868.75
371.576	880.75
371.802	868.75
372.028	896.75
372.254	864.75
372.48	881.75
372.706	915.75
372.932	906.75
373.158	924.75
373.384	895.75
373.61	898.75
373.835	914.75
374.061	897.75
374.287	885.75
374.513	914.75
374.739	963.75
374.965	956.75
375.191	953.75
375.416	979.75
375.642	928.75
375.868	899.75
376.094	896.75
376.319	906.75
376.545	918.75
376.771	908.75
376.997	892.75
377.222	889.75
377.448	874.75
377.674	894.75
377.899	857.75
378.125	873.75
378.35	882.75
378.576	864.75
378.802	858.75
379.027	864.75
379.253	885.75
379.478	864.75
379.704	892.75
379.929	894.75
380.155	926.75
380.38	886.75
380.606	908.75
380.831	887.75
381.057	918.75
381.282	882.75
381.507	861.75
381.733	883.75
381.958	898.75
382.184	920.75
382.409	914.75
382.634	931.75
382.86	936.75
383.085	945.75
383.31	957.75
383.535	991.75
383.761	950.75
383.986	982.75
384.211	969.75
384.436	1010.75
384.662	1028.75
384.887	1024.75
385.112	1049.75
385.337	1043.75
385.562	1023.75
385.787	1050.75
386.013	1048.75
386.238	1059.75
386.463	1074.75
386.688	1065.75
386.913	1067.75
387.138	1047.75
387.363	1029.75
387.588	1048.75
387.813	1048.75
388.038	1040.75
388.263	1038.75
388.488	1069.75
388.713	1052.75
388.938	1038.75
389.163	1049.75
389.387	1042.75
389.612	1025.75
389.837	1053.75
390.062	1036.75
390.287	1020.75
390.512	1059.75
390.736	1054.75
390.961	1085.75
391.186	1104.75
391.411	1133.75
391.636	1119.75
391.86	1156.75
392.085	1173.75
392.31	1143.75
392.534	1173.75
392.759	1129.75
392.984	1146.75
393.208	1105.75
393.433	1164.75
393.658	1164.75
393.882	1129.75
394.107	1101.75
394.331	1119.75
394.556	1152.75
394.78	1152.75
395.005	1157.75
395.229	1148.75
395.454	1149.75
395.678	1221.75
395.903	1205.75
396.127	1178.75
396.352	1201.75
396.576	1177.75
396.801	1148.75
397.025	1214.75
397.249	1193.75
397.474	1213.75
397.698	1199.75
397.922	1241.75
398.147	1265.75
398.371	1261.75
398.595	1248.75
398.82	1269.75
399.044	1402.75
399.268	1472.75
399.492	1641.75
399.717	1805.75
399.941	1802.75
400.165	1710.75
400.389	1630.75
400.613	1492.75
400.837	1461.75
401.062	1434.75
401.286	1381.75
401.51	1374.75
401.734	1381.75
401.958	1390.75
402.182	1415.75
402.406	1476.75
402.63	1446.75
402.854	1436.75
403.078	1440.75
403.302	1507.75
403.526	1510.75
403.75	1509.75
403.974	1524.75
404.198	1516.75
404.422	1592.75
404.645	1578.75
404.869	1588.75
405.093	1660.75
405.317	1710.75
405.541	1792.75
405.765	1640.75
405.988	1605.75
406.212	1610.75
406.436	1634.75
406.66	1685.75
406.883	1626.75
407.107	1684.75
407.331	1761.75
407.555	1881.75
407.778	1858.75
408.002	1740.75
408.226	1650.75
408.449	1633.75
408.673	1599.75
408.896	1647.75
409.12	1685.75
409.344	1669.75
409.567	1590.75
409.791	1545.75
410.014	1540.75
410.238	1513.75
410.461	1500.75
410.685	1536.75
410.908	1533.75
411.132	1565.75
411.355	1581.75
411.578	1520.75
411.802	1526.75
412.025	1534.75
412.249	1576.75
412.472	1665.75
412.695	1758.75
412.919	1762.75
413.142	1619.75
413.365	1537.75
413.589	1499.75
413.812	1472.75
414.035	1437.75
414.258	1432.75
414.482	1433.75
414.705	1454.75
414.928	1454.75
415.151	1407.75
415.374	1416.75
415.597	1412.75
415.821	1421.75
416.044	1425.75
416.267	1398.75
416.49	1366.75
416.713	1388.75
416.936	1430.75
417.159	1396.75
417.382	1414.75
417.605	1436.75
417.828	1495.75
418.051	1493.75
418.274	1471.75
418.497	1448.75
418.72	1476.75
418.943	1457.75
419.166	1519.75
419.389	1613.75
419.611	1616.75
419.834	1584.75
420.057	1595.75
420.28	1567.75
420.503	1578.75
420.726	1541.75
420.948	1536.75
421.171	1593.75
421.394	1588.75
421.617	1504.75
421.839	1482.75
422.062	1505.75
422.285	1497.75
422.507	1577.75
422.73	1622.75
422.953	1569.75
423.175	1525.75
423.398	1518.75
423.621	1533.75
423.843	1548.75
424.066	1562.75
424.288	1560.75
424.511	1585.75
424.733	1632.75
424.956	1763.75
425.178	1675.75
425.401	1659.75
425.623	1671.75
425.846	1518.75
426.068	1468.75
426.291	1505.75
426.513	1435.75
426.735	1464.75
426.958	1519.75
427.18	1622.75
427.402	1817.75
427.625	1952.75
427.847	1899.75
428.069	1764.75
428.292	1638.75
428.514	1450.75
428.736	1417.75
428.958	1419.75
429.181	1344.75
429.403	1372.75
429.625	1360.75
429.847	1444.75
430.069	1499.75
430.292	1474.75
430.514	1390.75
430.736	1324.75
430.958	1328.75
431.18	1299.75
431.402	1333.75
431.624	1285.75
431.846	1276.75
432.068	1259.75
432.29	1265.75
432.512	1281.75
432.734	1332.75
432.956	1336.75
433.178	1337.75
433.4	1355.75
433.622	1334.75
433.844	1361.75
434.066	1332.75
434.287	1280.75
434.509	1309.75
434.731	1344.75
434.953	1398.75
435.175	1448.75
435.397	1478.75
435.618	1414.75
435.84	1440.75
436.062	1527.75
436.284	1602.75
436.505	1445.75
436.727	1421.75
436.949	1386.75
437.17	1375.75
437.392	1292.75
437.614	1374.75
437.835	1348.75
438.057	1505.75
438.278	1628.75
438.5	1572.75
438.721	1734.75
438.943	1674.75
439.165	1455.75
439.386	1434.75
439.608	1442.75
439.829	1489.75
440.05	1494.75
440.272	1574.75
440.493	1518.75
440.715	1468.75
440.936	1438.75
441.158	1428.75
441.379	1464.75
441.6	1517.75
441.822	1556.75
442.043	1582.75
442.264	1674.75
442.486	1657.75
442.707	1562.75
442.928	1501.75
443.149	1520.75
443.371	1555.75
443.592	1654.75
443.813	1739.75
444.034	1827.75
444.255	1660.75
444.476	1638.75
444.698	1651.75
444.919	1690.75
445.14	1776.75
445.361	1679.75
445.582	1645.75
445.803	1674.75
446.024	1768.75
446.245	1704.75
446.466	1646.75
446.687	1496.75
446.908	1472.75
447.129	1393.75
447.35	1369.75
447.571	1366.75
447.792	1344.75
448.013	1338.75
448.234	1358.75
448.455	1437.75
448.675	1578.75
448.896	1689.75
449.117	1500.75
449.338	1450.75
449.559	1637.75
449.779	1712.75
450	1471.75
450.221	1367.75
450.442	1312.75
450.662	1321.75
450.883	1341.75
451.104	1402.75
451.324	1328.75
451.545	1288.75
451.766	1276.75
451.986	1243.75
452.207	1228.75
452.428	1209.75
452.648	1177.75
452.869	1198.75
453.089	1181.75
453.31	1198.75
453.53	1184.75
453.751	1123.75
453.971	1149.75
454.192	1222.75
454.412	1172.75
454.633	1117.75
454.853	1142.75
455.073	1148.75
455.294	1186.75
455.514	1269.75
455.734	1234.75
455.955	1124.75
456.175	1100.75
456.395	1064.75
456.616	1061.75
456.836	1068.75
457.056	1083.75
457.276	1034.75
457.497	1109.75
457.717	1076.75
457.937	1098.75
458.157	1112.75
458.377	1100.75
458.598	1166.75
458.818	1258.75
459.038	1398.75
459.258	1378.75
459.478	1297.75
459.698	1293.75
459.918	1284.75
460.138	1298.75
460.358	1354.75
460.578	1363.75
460.798	1354.75
461.018	1404.75
461.238	1357.75
461.458	1392.75
461.678	1354.75
461.898	1375.75
462.118	1378.75
462.338	1405.75
462.558	1461.75
462.777	1481.75
462.997	1604.75
463.217	1649.75
463.437	1730.75
463.657	1594.75
463.876	1539.75
464.096	1556.75
464.316	1556.75
464.536	1555.75
464.755	1531.75
464.975	1542.75
465.195	1604.75
465.414	1696.75
465.634	1505.75
465.854	1408.75
466.073	1309.75
466.293	1294.75
466.512	1275.75
466.732	1252.75
466.951	1281.75
467.171	1263.75
467.391	1243.75
467.61	1301.75
467.829	1340.75
468.049	1485.75
468.268	1744.75
468.488	1514.75
468.707	1354.75
468.927	1304.75
469.146	1278.75
469.365	1263.75
469.585	1264.75
469.804	1291.75
470.023	1356.75
470.243	1328.75
470.462	1336.75
470.681	1382.75
470.901	1400.75
471.12	1322.75
471.339	1333.75
471.558	1315.75
471.777	1326.75
471.997	1362.75
472.216	1632.75
472.435	2626.75
472.654	2126.75
472.873	1550.75
473.092	1390.75
473.311	1344.75
473.53	1324.75
473.749	1276.75
473.968	1336.75
474.187	1423.75
474.406	1414.75
474.625	1284.75
474.844	1249.75
475.063	1212.75
475.282	1249.75
475.501	1213.75
475.72	1227.75
475.939	1230.75
476.158	1254.75
476.377	1218.75
476.596	1239.75
476.814	1237.75
477.033	1235.75
477.252	1296.75
477.471	1263.75
477.69	1328.75
477.908	1351.75
478.127	1389.75
478.346	1378.75
478.564	1452.75
478.783	1444.75
479.002	1464.75
479.22	1515.75
479.439	1485.75
479.658	1482.75
479.876	1488.75
480.095	1516.75
480.313	1581.75
480.532	1656.75
480.751	1699.75
480.969	1920.75
481.188	3265.75
481.406	4174.75
481.624	2461.75
481.843	1886.75
482.061	1702.75
482.28	1599.75
482.498	1550.75
482.717	1516.75
482.935	1506.75
483.153	1490.75
483.372	1512.75
483.59	1487.75
483.808	1496.75
484.027	1457.75
484.245	1468.75
484.463	1483.75
484.681	1516.75
484.9	1477.75
485.118	1490.75
485.336	1474.75
485.554	1453.75
485.772	1450.75
485.99	1448.75
486.209	1438.75
486.427	1428.75
486.645	1485.75
486.863	1585.75
487.081	1562.75
487.299	1537.75
487.517	1543.75
487.735	1582.75
487.953	1643.75
488.171	1609.75
488.389	1574.75
488.607	1552.75
488.825	1536.75
489.043	1496.75
489.261	1529.75
489.479	1547.75
489.696	1532.75
489.914	1525.75
490.132	1589.75
490.35	1597.75
490.568	1643.75
490.786	1665.75
491.003	1695.75
491.221	1775.75
491.439	1813.75
491.657	1873.75
491.874	1904.75
492.092	1971.75
492.31	2049.75
492.527	2006.75
492.745	1977.75
492.963	2005.75
493.18	1909.75
493.398	1885.75
493.615	1935.75
493.833	1906.75
494.05	1828.75
494.268	1856.75
494.485	1825.75
494.703	1840.75
494.92	1874.75
495.138	1798.75
495.355	1846.75
495.573	1797.75
495.79	1805.75
496.008	1803.75
496.225	1761.75
496.442	1830.75
496.66	1815.75
496.877	1794.75
497.094	1784.75
497.312	1822.75
497.529	1856.75
497.746	1854.75
497.963	1864.75
498.181	1868.75
498.398	1923.75
498.615	1992.75
498.832	2049.75
499.049	2201.75
499.267	2322.75
499.484	2418.75
499.701	2659.75
499.918	2833.75
500.135	3141.75
500.352	3443.75
500.569	3562.75
500.786	3567.75
501.003	3355.75
501.22	3097.75
501.437	2834.75
501.654	2600.75
501.871	2510.75
502.088	2282.75
502.305	2178.75
502.522	2108.75
502.739	2004.75
502.956	1948.75
503.172	1870.75
503.389	1816.75
503.606	1786.75
503.823	1753.75
504.04	1777.75
504.256	1733.75
504.473	1755.75
504.69	1774.75
504.907	1694.75
505.123	1686.75
505.34	1640.75
505.557	1594.75
505.773	1553.75
505.99	1537.75
506.207	1500.75
506.423	1501.75
506.64	1475.75
506.856	1456.75
507.073	1469.75
507.289	1441.75
507.506	1441.75
507.722	1472.75
507.939	1477.75
508.155	1462.75
508.372	1414.75
508.588	1376.75
508.805	1371.75
509.021	1360.75
509.238	1366.75
509.454	1387.75
509.67	1354.75
509.887	1345.75
510.103	1342.75
510.319	1389.75
510.536	1645.75
510.752	3031.75
510.968	2223.75
511.184	1438.75
511.401	1379.75
511.617	1365.75
511.833	1398.75
512.049	1394.75
512.265	1379.75
512.481	1374.75
512.698	1319.75
512.914	1366.75
513.13	1301.75
513.346	1337.75
513.562	1294.75
513.778	1341.75
513.994	1378.75
514.21	1357.75
514.426	1460.75
514.642	1516.75
514.858	1585.75
515.074	1628.75
515.29	2014.75
515.506	3149.75
515.721	2387.75
515.937	1680.75
516.153	1496.75
516.369	1476.75
516.585	1488.75
516.801	1513.75
517.016	1509.75
517.232	1528.75
517.448	1574.75
517.664	1590.75
517.879	1600.75
518.095	1601.75
518.311	1569.75
518.527	1540.75
518.742	1526.75
518.958	1482.75
519.173	1438.75
519.389	1421.75
519.605	1425.75
519.82	1428.75
520.036	1405.75
520.251	1445.75
520.467	1470.75
520.682	1485.75
520.898	1501.75
521.113	1507.75
521.329	1651.75
521.544	1817.75
521.76	2352.75
521.975	4136.75
522.19	3830.75
522.406	2018.75
522.621	1566.75
522.836	1427.75
523.052	1337.75
523.267	1314.75
523.482	1271.75
523.698	1239.75
523.913	1273.75
524.128	1282.75
524.343	1230.75
524.559	1244.75
524.774	1218.75
524.989	1196.75
525.204	1199.75
525.419	1185.75
525.634	1154.75
525.849	1154.75
526.064	1109.75
526.28	1115.75
526.495	1128.75
526.71	1080.75
526.925	1096.75
527.14	1094.75
527.355	1074.75
527.57	1037.75
527.785	1076.75
527.999	1084.75
528.214	1107.75
528.429	1113.75
528.644	1137.75
528.859	1166.75
529.074	1197.75
529.289	1249.75
529.503	1424.75
529.718	1313.75
529.933	1219.75
530.148	1104.75
530.363	1062.75
530.577	1094.75
530.792	1058.75
531.007	1041.75
531.221	1062.75
531.436	1029.75
531.651	1062.75
531.865	1059.75
532.08	1043.75
532.295	1044.75
532.509	1037.75
532.724	1044.75
532.938	1028.75
533.153	1062.75
533.367	1080.75
533.582	1069.75
533.796	1080.75
534.011	1075.75
534.225	1029.75
534.44	1010.75
534.654	1025.75
534.868	1020.75
535.083	1056.75
535.297	1026.75
535.511	1030.75
535.726	1059.75
535.94	1051.75
536.154	1034.75
536.369	989.75
536.583	971.75
536.797	972.75
537.011	970.75
537.225	958.75
537.44	952.75
537.654	962.75
537.868	946.75
538.082	959.75
538.296	950.75
538.51	997.75
538.724	971.75
538.938	1005.75
539.153	997.75
539.367	1048.75
539.581	1012.75
539.795	978.75
540.009	942.75
540.222	953.75
540.436	969.75
540.65	1001.75
540.864	999.75
541.078	1064.75
541.292	1078.75
541.506	1103.75
541.72	1129.75
541.934	1173.75
542.147	1141.75
542.361	1136.75
542.575	1098.75
542.789	1045.75
543.002	1002.75
543.216	997.75
543.43	1019.75
543.644	1004.75
543.857	1040.75
544.071	1085.75
544.285	1096.75
544.498	1101.75
544.712	1068.75
544.925	1104.75
545.139	1103.75
545.352	1123.75
545.566	1077.75
545.779	1088.75
545.993	1117.75
546.206	1134.75
546.42	1108.75
546.633	1136.75
546.847	1141.75
547.06	1090.75
547.274	1118.75
547.487	1143.75
547.7	1140.75
547.914	1124.75
548.127	1092.75
548.34	1106.75
548.554	1104.75
548.767	1093.75
548.98	1090.75
549.193	1054.75
549.407	1073.75
549.62	1086.75
549.833	1067.75
550.046	1081.75
550.259	1084.75
550.473	1056.75
550.686	1061.75
550.899	1032.75
551.112	1052.75
551.325	1027.75
551.538	1031.75
551.751	984.75
551.964	973.75
552.177	996.75
552.39	1053.75
552.603	1084.75
552.816	1096.75
553.029	1123.75
553.242	1140.75
553.455	1178.75
553.667	1186.75
553.88	1198.75
554.093	1136.75
554.306	1125.75
554.519	1093.75
554.732	1068.75
554.944	1070.75
555.157	1022.75
555.37	998.75
555.583	1002.75
555.795	992.75
556.008	926.75
556.221	944.75
556.433	953.75
556.646	950.75
556.859	916.75
557.071	940.75
557.284	922.75
557.496	937.75
557.709	894.75
557.921	915.75
558.134	903.75
558.346	898.75
558.559	910.75
558.771	899.75
558.984	888.75
559.196	886.75
559.409	866.75
559.621	854.75
559.833	853.75
560.046	877.75
560.258	837.75
560.47	843.75
560.683	849.75
560.895	874.75
561.107	872.75
561.32	842.75
561.532	850.75
561.744	845.75
561.956	859.75
562.168	840.75
562.381	858.75
562.593	827.75
562.805	840.75
563.017	830.75
563.229	814.75
563.441	842.75
563.653	846.75
563.865	831.75
564.077	820.75
564.289	835.75
564.501	878.75
564.713	857.75
564.925	872.75
565.137	892.75
565.349	874.75
565.561	900.75
565.773	956.75
565.985	949.75
566.197	984.75
566.408	1023.75
566.62	1094.75
566.832	1170.75
567.044	1152.75
567.255	1180.75
567.467	1198.75
567.679	1216.75
567.891	1272.75
568.102	1279.75
568.314	1219.75
568.526	1104.75
568.737	1022.75
568.949	948.75
569.161	888.75
569.372	826.75
569.584	792.75
569.795	810.75
570.007	816.75
570.218	885.75
570.43	830.75
570.641	775.75
570.853	778.75
571.064	769.75
571.276	792.75
571.487	763.75
571.698	756.75
571.91	728.75
572.121	715.75
572.333	693.75
572.544	697.75
572.755	672.75
572.966	647.75
573.178	646.75
573.389	620.75
573.6	629.75
573.811	594.75
574.023	618.75
574.234	618.75
574.445	624.75
574.656	619.75
574.867	638.75
575.078	624.75
575.289	631.75
575.501	638.75
575.712	591.75
575.923	598.75
576.134	610.75
576.345	586.75
576.556	605.75
576.767	592.75
576.978	587.75
577.188	620.75
577.399	584.75
577.61	594.75
577.821	599.75
578.032	632.75
578.243	691.75
578.454	1106.75
578.665	786.75
578.875	592.75
579.086	550.75
579.297	537.75
579.508	546.75
579.718	558.75
579.929	534.75
580.14	533.75
580.35	538.75
580.561	516.75
580.772	539.75
580.982	556.75
581.193	545.75
581.403	520.75
581.614	544.75
581.825	531.75
582.035	518.75
582.246	526.75
582.456	518.75
582.667	533.75
582.877	513.75
583.087	518.75
583.298	515.75
583.508	515.75
583.719	517.75
583.929	513.75
584.139	509.75
584.35	516.75
584.56	498.75
584.77	504.75
584.981	502.75
585.191	498.75
585.401	518.75
585.611	499.75
585.821	494.75
586.032	495.75
586.242	496.75
586.452	518.75
586.662	485.75
586.872	512.75
587.082	497.75
587.292	458.75
587.502	470.75
587.713	499.75
587.923	475.75
588.133	473.75
588.343	489.75
588.553	484.75
588.762	462.75
588.972	496.75
589.182	513.75
589.392	486.75
589.602	504.75
589.812	520.75
590.022	507.75
590.232	501.75
590.441	491.75
590.651	472.75
590.861	493.75
591.071	503.75
591.281	521.75
591.49	481.75
591.7	504.75
591.91	511.75
592.119	506.75
592.329	533.75
592.539	559.75
592.748	557.75
592.958	581.75
593.167	582.75
593.377	570.75
593.587	589.75
593.796	576.75
594.006	586.75
594.215	605.75
594.424	588.75
594.634	589.75
594.843	561.75
595.053	575.75
595.262	529.75
595.472	525.75
595.681	513.75
595.89	505.75
596.1	500.75
596.309	454.75
596.518	488.75
596.727	482.75
596.937	489.75
597.146	478.75
597.355	464.75
597.564	458.75
597.774	459.75
597.983	422.75
598.192	428.75
598.401	440.75
598.61	432.75
598.819	448.75
599.028	439.75
599.237	437.75
599.446	424.75
599.655	450.75
599.864	432.75
600.073	436.75
600.282	434.75
600.491	428.75
600.7	432.75
600.909	433.75
601.118	447.75
601.327	449.75
601.536	448.75
601.745	448.75
601.953	472.75
602.162	446.75
602.371	468.75
602.58	474.75
602.789	447.75
602.997	437.75
603.206	451.75
603.415	447.75
603.623	453.75
603.832	462.75
604.041	448.75
604.249	417.75
604.458	442.75
604.666	423.75
604.875	424.75
605.084	419.75
605.292	424.75
605.501	439.75
605.709	453.75
605.918	454.75
606.126	476.75
606.334	447.75
606.543	465.75
606.751	455.75
606.96	465.75
607.168	472.75
607.376	469.75
607.585	441.75
607.793	445.75
608.001	456.75
608.21	461.75
608.418	466.75
608.626	453.75
608.834	454.75
609.043	463.75
609.251	463.75
609.459	445.75
609.667	446.75
609.875	459.75
610.083	474.75
610.291	470.75
610.499	451.75
610.707	447.75
610.916	469.75
611.124	446.75
611.332	454.75
611.54	445.75
611.748	443.75
611.955	447.75
612.163	437.75
612.371	461.75
612.579	450.75
612.787	448.75
612.995	450.75
613.203	467.75
613.411	442.75
613.618	434.75
613.826	416.75
614.034	439.75
614.242	449.75
614.449	417.75
614.657	441.75
614.865	427.75
615.072	448.75
615.28	427.75
615.488	410.75
615.695	440.75
615.903	446.75
616.111	444.75
616.318	434.75
616.526	440.75
616.733	437.75
616.941	457.75
617.148	428.75
617.356	424.75
617.563	440.75
617.771	409.75
617.978	430.75
618.185	458.75
618.393	432.75
618.6	433.75
618.807	436.75
619.015	438.75
619.222	411.75
619.429	428.75
619.637	405.75
619.844	389.75
620.051	377.75
620.258	402.75
620.466	394.75
620.673	397.75
620.88	384.75
621.087	368.75
621.294	372.75
621.501	379.75
621.708	397.75
621.915	412.75
622.122	386.75
622.329	405.75
622.536	395.75
622.743	388.75
622.95	393.75
623.157	396.75
623.364	402.75
623.571	379.75
623.778	376.75
623.985	398.75
624.192	361.75
624.399	372.75
624.606	395.75
624.812	369.75
625.019	383.75
625.226	367.75
625.433	364.75
625.639	349.75
625.846	325.75
626.053	312.75
626.259	322.75
626.466	314.75
626.673	324.75
626.879	322.75
627.086	312.75
627.293	337.75
627.499	356.75
627.706	354.75
627.912	358.75
628.119	361.75
628.325	367.75
628.532	340.75
628.738	349.75
628.945	349.75
629.151	356.75
629.357	344.75
629.564	331.75
629.77	350.75
629.976	337.75
630.183	333.75
630.389	313.75
630.595	334.75
630.802	331.75
631.008	341.75
631.214	349.75
631.42	327.75
631.627	310.75
631.833	308.75
632.039	305.75
632.245	332.75
632.451	336.75
632.657	322.75
632.863	314.75
633.069	312.75
633.275	324.75
633.481	322.75
633.688	300.75
633.893	313.75
634.099	314.75
634.305	307.75
634.511	306.75
634.717	302.75
634.923	288.75
635.129	292.75
635.335	300.75
635.541	309.75
635.747	323.75
635.952	318.75
636.158	329.75
636.364	394.75
636.57	430.75
636.775	392.75
636.981	361.75
637.187	365.75
637.392	337.75
637.598	326.75
637.804	319.75
638.009	328.75
638.215	307.75
638.421	298.75
638.626	306.75
638.832	311.75
639.037	297.75
639.243	290.75
639.448	283.75
639.654	289.75
639.859	294.75
640.065	285.75
640.27	287.75
640.475	284.75
640.681	288.75
640.886	280.75
641.091	308.75
641.297	278.75
641.502	287.75
641.707	289.75
641.913	280.75
642.118	288.75
642.323	286.75
642.528	281.75
642.733	276.75
642.939	297.75
643.144	270.75
643.349	278.75
643.554	272.75
643.759	277.75
643.964	269.75
644.169	281.75
644.374	274.75
644.579	258.75
644.784	277.75
644.989	284.75
645.194	260.75
645.399	269.75
645.604	261.75
645.809	254.75
646.014	286.75
646.219	274.75
646.423	285.75
646.628	253.75
646.833	266.75
647.038	260.75
647.243	258.75
647.447	267.75
647.652	270.75
647.857	283.75
648.062	279.75
648.266	274.75
648.471	264.75
648.676	263.75
648.88	289.75
649.085	293.75
649.289	268.75
649.494	268.75
649.698	289.75
649.903	281.75
650.107	294.75
650.312	272.75
650.516	238.75
650.721	245.75
650.925	249.75
651.13	262.75
651.334	248.75
651.539	238.75
651.743	257.75
651.947	229.75
652.152	225.75
652.356	227.75
652.56	219.75
652.764	214.75
652.969	220.75
653.173	196.75
653.377	218.75
653.581	197.75
653.785	213.75
653.99	198.75
654.194	227.75
654.398	215.75
654.602	209.75
654.806	203.75
655.01	190.75
655.214	237.75
655.418	197.75
655.622	196.75
655.826	188.75
656.03	197.75
656.234	181.75
656.438	197.75
656.642	180.75
656.846	176.75
657.049	177.75
657.253	191.75
657.457	173.75
657.661	155.75
657.865	145.75
658.068	145.75
658.272	155.75
658.476	138.75
658.68	155.75
658.883	140.75
659.087	126.75
659.291	131.75
659.494	115.75
659.698	124.75
659.901	117.75
660.105	112.75
660.309	106.75
660.512	123.75
660.716	132.75
660.919	109.75
661.123	96.75
661.326	110.75
661.53	109.75
661.733	113.75
661.936	97.75
662.14	99.75
662.343	96.75
662.546	102.75
662.75	90.75
662.953	100.75
663.156	86.75
663.36	92.75
663.563	82.75
663.766	78.75
663.969	77.75
664.173	89.75
664.376	77.75
664.579	74.75
664.782	90.75
664.985	85.75
665.188	67.75
665.391	89.75
665.594	81.75
665.797	88.75
666	82.75
666.203	84.75
666.406	77.75
666.609	86.75
666.812	96.75
667.015	84.75
667.218	91.75
667.421	85.75
667.624	81.75
667.827	69.75
668.03	84.75
668.232	75.75
668.435	77.75
668.638	88.75
668.841	77.75
669.043	72.75
669.246	91.75
669.449	73.75
669.651	71.75
669.854	85.75
670.057	87.75
670.259	71.75
670.462	80.75
670.665	89.75
670.867	86.75
671.07	92.75
671.272	103.75
671.475	80.75
671.677	98.75
671.88	76.75
672.082	73.75
672.284	71.75
672.487	81.75
672.689	68.75
672.892	69.75
