223.165	-18
223.4	-18
223.635	-18
223.869	3
224.104	-19
224.338	-27
224.573	-14
224.808	-5
225.042	-4
225.277	0
225.511	-1
225.746	1
225.98	-1
226.215	9
226.449	15
226.683	16
226.918	19
227.152	26
227.387	31
227.621	46
227.856	33
228.09	42
228.324	57
228.559	57
228.793	62
229.027	129
229.262	139
229.496	150
229.73	179
229.964	222
230.199	181
230.433	157
230.667	147
230.901	137
231.136	138
231.37	151
231.604	155
231.838	144
232.072	157
232.306	128
232.541	151
232.775	142
233.009	140
233.243	141
233.477	163
233.711	154
233.945	153
234.179	141
234.413	158
234.647	162
234.881	170
235.115	174
235.349	159
235.583	151
235.817	160
236.051	159
236.285	156
236.519	158
236.753	162
236.987	201
237.221	261
237.455	301
237.689	216
237.922	187
238.156	164
238.39	157
238.624	173
238.858	179
239.091	169
239.325	187
239.559	175
239.793	173
240.027	191
240.26	193
240.494	210
240.728	195
240.961	188
241.195	198
241.429	194
241.662	191
241.896	188
242.13	199
242.363	191
242.597	198
242.83	189
243.064	201
243.298	198
243.531	189
243.765	206
243.998	208
244.232	206
244.465	211
244.699	195
244.932	198
245.166	212
245.399	198
245.633	213
245.866	225
246.099	218
246.333	214
246.566	198
246.8	222
247.033	223
247.266	221
247.5	230
247.733	231
247.966	238
248.2	238
248.433	246
248.666	257
248.899	263
249.133	257
249.366	279
249.599	282
249.832	287
250.066	298
250.299	309
250.532	347
250.765	381
250.998	361
251.231	351
251.465	314
251.698	312
251.931	303
252.164	305
252.397	318
252.63	298
252.863	316
253.096	316
253.329	305
253.562	311
253.795	308
254.028	304
254.261	304
254.494	329
254.727	348
254.96	375
255.193	346
255.426	353
255.659	373
255.892	435
256.124	551
256.357	545
256.59	455
256.823	407
257.056	402
257.289	363
257.521	364
257.754	354
257.987	364
258.22	336
258.452	330
258.685	310
258.918	335
259.151	349
259.383	321
259.616	322
259.849	339
260.081	345
260.314	363
260.547	368
260.779	378
261.012	342
261.244	341
261.477	342
261.71	338
261.942	361
262.175	347
262.407	350
262.64	326
262.872	343
263.105	319
263.337	325
263.57	323
263.802	320
264.035	343
264.267	368
264.499	317
264.732	325
264.964	338
265.197	317
265.429	344
265.661	353
265.894	351
266.126	337
266.358	346
266.591	345
266.823	346
267.055	354
267.287	338
267.52	357
267.752	369
267.984	372
268.216	356
268.448	359
268.681	377
268.913	363
269.145	398
269.377	387
269.609	387
269.841	386
270.073	395
270.306	407
270.538	426
270.77	412
271.002	426
271.234	426
271.466	432
271.698	449
271.93	451
272.162	447
272.394	456
272.626	429
272.858	417
273.09	439
273.322	420
273.553	396
273.785	413
274.017	420
274.249	414
274.481	437
274.713	410
274.945	425
275.176	411
275.408	421
275.64	432
275.872	446
276.104	419
276.335	434
276.567	455
276.799	465
277.031	501
277.262	508
277.494	521
277.726	487
277.957	469
278.189	470
278.421	449
278.652	438
278.884	463
279.115	446
279.347	456
279.579	462
279.81	452
280.042	484
280.273	511
280.505	529
280.736	493
280.968	479
281.199	467
281.431	467
281.662	464
281.894	468
282.125	471
282.356	490
282.588	523
282.819	511
283.051	464
283.282	467
283.513	463
283.745	468
283.976	459
284.207	468
284.439	474
284.67	468
284.901	472
285.132	477
285.364	473
285.595	491
285.826	493
286.057	482
286.288	485
286.52	476
286.751	485
286.982	462
287.213	472
287.444	497
287.675	488
287.906	496
288.138	485
288.369	512
288.6	507
288.831	510
289.062	511
289.293	508
289.524	480
289.755	500
289.986	511
290.217	485
290.448	484
290.679	489
290.91	505
291.141	479
291.371	489
291.602	494
291.833	493
292.064	507
292.295	487
292.526	491
292.757	502
292.987	498
293.218	496
293.449	483
293.68	515
293.91	487
294.141	507
294.372	495
294.603	512
294.833	519
295.064	498
295.295	489
295.525	481
295.756	531
295.987	523
296.217	567
296.448	565
296.679	548
296.909	520
297.14	525
297.37	559
297.601	532
297.831	547
298.062	543
298.292	530
298.523	557
298.753	553
298.984	550
299.214	521
299.445	553
299.675	553
299.905	569
300.136	536
300.366	543
300.597	569
300.827	567
301.057	599
301.288	625
301.518	579
301.748	587
301.979	596
302.209	593
302.439	622
302.669	587
302.9	593
303.13	579
303.36	602
303.59	599
303.82	615
304.051	635
304.281	621
304.511	570
304.741	607
304.971	600
305.201	602
305.431	582
305.661	579
305.891	577
306.121	591
306.352	623
306.582	598
306.812	605
307.042	634
307.272	615
307.502	641
307.731	641
307.961	636
308.191	626
308.421	603
308.651	611
308.881	618
309.111	629
309.341	612
309.571	627
309.8	655
310.03	653
310.26	631
310.49	647
310.72	666
310.949	705
311.179	684
311.409	691
311.639	677
311.868	697
312.098	673
312.328	679
312.557	722
312.787	745
313.017	714
313.246	691
313.476	691
313.706	686
313.935	729
314.165	732
314.394	733
314.624	727
314.853	721
315.083	695
315.312	719
315.542	697
315.771	695
316.001	702
316.23	690
316.46	673
316.689	707
316.919	711
317.148	726
317.377	719
317.607	698
317.836	715
318.065	698
318.295	674
318.524	683
318.753	686
318.983	702
319.212	737
319.441	717
319.67	732
319.9	727
320.129	723
320.358	730
320.587	741
320.816	727
321.046	760
321.275	741
321.504	735
321.733	778
321.962	776
322.191	804
322.42	807
322.649	857
322.878	875
323.108	897
323.337	940
323.566	955
323.795	1025
324.024	1146
324.253	1317
324.482	1805
324.71	2802
324.939	3954
325.168	3182
325.397	1764
325.626	1280
325.855	1137
326.084	1049
326.313	1054
326.542	1067
326.77	1176
326.999	1346
327.228	1787
327.457	2677
327.686	3147
327.914	2140
328.143	1672
328.372	1680
328.6	1570
328.829	1316
329.058	1245
329.287	1307
329.515	1292
329.744	1307
329.972	1519
330.201	1915
330.43	2377
330.658	2013
330.887	1562
331.115	1374
331.344	1205
331.572	1114
331.801	1116
332.03	1105
332.258	1102
332.486	1103
332.715	1146
332.943	1149
333.172	1192
333.4	1263
333.629	1313
333.857	1467
334.085	1712
334.314	2144
334.542	2778
334.771	2971
334.999	2052
335.227	1459
335.455	1269
335.684	1223
335.912	1152
336.14	1087
336.369	1041
336.597	1070
336.825	1054
337.053	1029
337.281	990
337.51	987
337.738	971
337.966	985
338.194	998
338.422	954
338.65	930
338.878	926
339.106	889
339.334	909
339.562	911
339.79	890
340.018	889
340.246	875
340.474	907
340.702	868
340.93	879
341.158	903
341.386	881
341.614	917
341.842	862
342.07	852
342.298	855
342.526	835
342.754	844
342.981	863
343.209	857
343.437	880
343.665	929
343.893	945
344.12	983
344.348	971
344.576	962
344.804	902
345.031	924
345.259	935
345.487	888
345.714	887
345.942	862
346.17	857
346.397	843
346.625	855
346.853	849
347.08	828
347.308	850
347.535	850
347.763	901
347.99	876
348.218	875
348.445	902
348.673	843
348.9	838
349.128	855
349.355	814
349.583	841
349.81	841
350.037	814
350.265	831
350.492	851
350.72	831
350.947	853
351.174	839
351.402	881
351.629	864
351.856	905
352.083	854
352.311	871
352.538	887
352.765	881
352.992	870
353.22	854
353.447	871
353.674	839
353.901	805
354.128	815
354.355	811
354.583	838
354.81	827
355.037	809
355.264	840
355.491	782
355.718	812
355.945	843
356.172	821
356.399	832
356.626	804
356.853	828
357.08	855
357.307	814
357.534	819
357.761	802
357.988	828
358.215	839
358.441	805
358.668	815
358.895	848
359.122	848
359.349	854
359.576	870
359.802	933
360.029	957
360.256	967
360.483	947
360.709	862
360.936	857
361.163	871
361.39	881
361.616	883
361.843	861
362.07	860
362.296	881
362.523	877
362.749	904
362.976	887
363.203	869
363.429	850
363.656	831
363.882	850
364.109	856
364.335	850
364.562	853
364.788	846
365.015	829
365.241	847
365.468	843
365.694	878
365.92	884
366.147	871
366.373	847
366.599	854
366.826	830
367.052	831
367.278	858
367.505	859
367.731	884
367.957	849
368.184	873
368.41	873
368.636	876
368.862	885
369.089	880
369.315	884
369.541	888
369.767	906
369.993	872
370.219	879
370.445	902
370.672	889
370.898	901
371.124	913
371.35	899
371.576	941
371.802	890
372.028	885
372.254	914
372.48	929
372.706	908
372.932	909
373.158	914
373.384	932
373.61	901
373.835	911
374.061	907
374.287	931
374.513	934
374.739	968
374.965	954
375.191	976
375.416	1009
375.642	1001
375.868	975
376.094	908
376.319	918
376.545	925
376.771	937
376.997	922
377.222	930
377.448	930
377.674	887
377.899	919
378.125	902
378.35	917
378.576	910
378.802	918
379.027	904
379.253	943
379.478	920
379.704	932
379.929	918
380.155	917
380.38	918
380.606	929
380.831	901
381.057	937
381.282	915
381.507	938
381.733	951
381.958	941
382.184	944
382.409	942
382.634	960
382.86	928
383.085	946
383.31	987
383.535	1013
383.761	1002
383.986	1022
384.211	1021
384.436	1047
384.662	1039
384.887	1045
385.112	1051
385.337	1073
385.562	1073
385.787	1082
386.013	1101
386.238	1092
386.463	1070
386.688	1081
386.913	1122
387.138	1081
387.363	1110
387.588	1114
387.813	1097
388.038	1055
388.263	1085
388.488	1077
388.713	1110
388.938	1074
389.163	1082
389.387	1085
389.612	1049
389.837	1061
390.062	1079
390.287	1067
390.512	1068
390.736	1135
390.961	1141
391.186	1132
391.411	1152
391.636	1189
391.86	1176
392.085	1180
392.31	1197
392.534	1177
392.759	1158
392.984	1174
393.208	1174
393.433	1204
393.658	1192
393.882	1155
394.107	1190
394.331	1195
394.556	1157
394.78	1182
395.005	1167
395.229	1188
395.454	1213
395.678	1230
395.903	1277
396.127	1229
396.352	1246
396.576	1223
396.801	1230
397.025	1232
397.249	1225
397.474	1259
397.698	1279
397.922	1233
398.147	1272
398.371	1326
398.595	1288
398.82	1327
399.044	1415
399.268	1529
399.492	1713
399.717	1862
399.941	1934
400.165	1796
400.389	1679
400.613	1545
400.837	1453
401.062	1410
401.286	1410
401.51	1461
401.734	1378
401.958	1425
402.182	1446
402.406	1486
402.63	1493
402.854	1481
403.078	1488
403.302	1523
403.526	1531
403.75	1544
403.974	1572
404.198	1600
404.422	1627
404.645	1634
404.869	1621
405.093	1719
405.317	1833
405.541	1825
405.765	1748
405.988	1684
406.212	1717
406.436	1713
406.66	1699
406.883	1670
407.107	1761
407.331	1819
407.555	1962
407.778	1928
408.002	1825
408.226	1705
408.449	1732
408.673	1680
408.896	1695
409.12	1685
409.344	1717
409.567	1586
409.791	1594
410.014	1636
410.238	1577
410.461	1603
410.685	1584
410.908	1635
411.132	1615
411.355	1605
411.578	1590
411.802	1533
412.025	1581
412.249	1605
412.472	1678
412.695	1827
412.919	1781
413.142	1674
413.365	1651
413.589	1551
413.812	1549
414.035	1476
414.258	1522
414.482	1486
414.705	1527
414.928	1468
415.151	1463
415.374	1467
415.597	1449
415.821	1425
416.044	1427
416.267	1465
416.49	1441
416.713	1453
416.936	1439
417.159	1431
417.382	1462
417.605	1504
417.828	1534
418.051	1515
418.274	1520
418.497	1478
418.72	1481
418.943	1489
419.166	1583
419.389	1687
419.611	1667
419.834	1622
420.057	1651
420.28	1605
420.503	1661
420.726	1602
420.948	1619
421.171	1622
421.394	1624
421.617	1546
421.839	1555
422.062	1560
422.285	1558
422.507	1636
422.73	1677
422.953	1653
423.175	1550
423.398	1581
423.621	1561
423.843	1610
424.066	1604
424.288	1604
424.511	1650
424.733	1678
424.956	1774
425.178	1709
425.401	1689
425.623	1682
425.846	1579
426.068	1486
426.291	1478
426.513	1469
426.735	1529
426.958	1566
427.18	1635
427.402	1843
427.625	2006
427.847	1879
428.069	1790
428.292	1662
428.514	1504
428.736	1432
428.958	1451
429.181	1395
429.403	1402
429.625	1406
429.847	1444
430.069	1543
430.292	1523
430.514	1415
430.736	1393
430.958	1364
431.18	1363
431.402	1364
431.624	1294
431.846	1293
432.068	1270
432.29	1320
432.512	1315
432.734	1380
432.956	1349
433.178	1390
433.4	1382
433.622	1409
433.844	1393
434.066	1342
434.287	1324
434.509	1334
434.731	1397
434.953	1441
435.175	1503
435.397	1496
435.618	1468
435.84	1509
436.062	1589
436.284	1670
436.505	1502
436.727	1471
436.949	1431
437.17	1406
437.392	1362
437.614	1389
437.835	1385
438.057	1502
438.278	1650
438.5	1677
438.721	1788
438.943	1686
439.165	1501
439.386	1443
439.608	1463
439.829	1523
440.05	1544
440.272	1631
440.493	1520
440.715	1485
440.936	1463
441.158	1485
441.379	1512
441.6	1562
441.822	1597
442.043	1606
442.264	1681
442.486	1725
442.707	1596
442.928	1522
443.149	1589
443.371	1603
443.592	1669
443.813	1768
444.034	1868
444.255	1697
444.476	1660
444.698	1720
444.919	1731
445.14	1835
445.361	1719
445.582	1636
445.803	1709
446.024	1787
446.245	1821
446.466	1730
446.687	1551
446.908	1502
447.129	1462
447.35	1430
447.571	1402
447.792	1376
448.013	1383
448.234	1417
448.455	1475
448.675	1598
448.896	1710
449.117	1542
449.338	1526
449.559	1620
449.779	1740
450	1501
450.221	1427
450.442	1341
450.662	1341
450.883	1365
451.104	1407
451.324	1361
451.545	1323
451.766	1304
451.986	1278
452.207	1246
452.428	1222
452.648	1225
452.869	1207
453.089	1214
453.31	1250
453.53	1188
453.751	1185
453.971	1200
454.192	1225
454.412	1188
454.633	1180
454.853	1198
455.073	1201
455.294	1209
455.514	1290
455.734	1281
455.955	1169
456.175	1147
456.395	1119
456.616	1119
456.836	1121
457.056	1113
457.276	1085
457.497	1105
457.717	1085
457.937	1151
458.157	1145
458.377	1149
458.598	1191
458.818	1291
459.038	1418
459.258	1405
459.478	1339
459.698	1307
459.918	1321
460.138	1347
460.358	1354
460.578	1445
460.798	1444
461.018	1398
461.238	1395
461.458	1421
461.678	1416
461.898	1404
462.118	1448
462.338	1513
462.558	1503
462.777	1583
462.997	1644
463.217	1721
463.437	1736
463.657	1634
463.876	1582
464.096	1539
464.316	1583
464.536	1600
464.755	1553
464.975	1561
465.195	1618
465.414	1727
465.634	1506
465.854	1430
466.073	1371
466.293	1345
466.512	1297
466.732	1300
466.951	1273
467.171	1288
467.391	1341
467.61	1329
467.829	1394
468.049	1541
468.268	1828
468.488	1545
468.707	1401
468.927	1357
469.146	1273
469.365	1307
469.585	1321
469.804	1337
470.023	1394
470.243	1359
470.462	1416
470.681	1441
470.901	1454
471.12	1341
471.339	1396
471.558	1364
471.777	1404
471.997	1412
472.216	1771
472.435	2879
472.654	2321
472.873	1688
473.092	1508
473.311	1393
473.53	1370
473.749	1358
473.968	1371
474.187	1455
474.406	1440
474.625	1362
474.844	1325
475.063	1286
475.282	1268
475.501	1229
475.72	1265
475.939	1302
476.158	1297
476.377	1313
476.596	1295
476.814	1318
477.033	1311
477.252	1325
477.471	1376
477.69	1429
477.908	1406
478.127	1441
478.346	1488
478.564	1492
478.783	1494
479.002	1558
479.22	1508
479.439	1547
479.658	1558
479.876	1571
480.095	1590
480.313	1663
480.532	1695
480.751	1776
480.969	2067
481.188	3618
481.406	4653
481.624	2712
481.843	2113
482.061	1873
482.28	1757
482.498	1641
482.717	1576
482.935	1633
483.153	1588
483.372	1620
483.59	1617
483.808	1577
484.027	1526
484.245	1529
484.463	1551
484.681	1577
484.9	1551
485.118	1550
485.336	1506
485.554	1496
485.772	1507
485.99	1493
486.209	1564
486.427	1534
486.645	1562
486.863	1607
487.081	1620
487.299	1622
487.517	1566
487.735	1649
487.953	1677
488.171	1624
488.389	1627
488.607	1616
488.825	1577
489.043	1558
489.261	1571
489.479	1551
489.696	1630
489.914	1601
490.132	1670
490.35	1682
490.568	1735
490.786	1750
491.003	1805
491.221	1863
491.439	1919
491.657	1971
491.874	2032
492.092	2078
492.31	2115
492.527	2119
492.745	2075
492.963	2026
493.18	2033
493.398	2014
493.615	1978
493.833	1999
494.05	1925
494.268	1898
494.485	1952
494.703	1933
494.92	1933
495.138	1857
495.355	1894
495.573	1942
495.79	1899
496.008	1901
496.225	1845
496.442	1920
496.66	1862
496.877	1905
497.094	1876
497.312	1908
497.529	1941
497.746	1873
497.963	1941
498.181	1999
498.398	2010
498.615	2065
498.832	2149
499.049	2227
499.267	2358
499.484	2548
499.701	2746
499.918	2929
500.135	3195
500.352	3526
500.569	3655
500.786	3711
501.003	3495
501.22	3201
501.437	2939
501.654	2687
501.871	2556
502.088	2396
502.305	2251
502.522	2098
502.739	2084
502.956	2018
503.172	1903
503.389	1843
503.606	1853
503.823	1826
504.04	1789
504.256	1797
504.473	1816
504.69	1803
504.907	1833
505.123	1745
505.34	1660
505.557	1635
505.773	1622
505.99	1617
506.207	1557
506.423	1568
506.64	1518
506.856	1501
507.073	1515
507.289	1491
507.506	1453
507.722	1562
507.939	1553
508.155	1480
508.372	1436
508.588	1408
508.805	1405
509.021	1412
509.238	1440
509.454	1411
509.67	1411
509.887	1375
510.103	1417
510.319	1436
510.536	1700
510.752	3054
510.968	2268
511.184	1464
511.401	1439
511.617	1388
511.833	1394
512.049	1457
512.265	1449
512.481	1429
512.698	1366
512.914	1365
513.13	1363
513.346	1401
513.562	1353
513.778	1393
513.994	1380
514.21	1423
514.426	1454
514.642	1509
514.858	1582
515.074	1718
515.29	2032
515.506	3089
515.721	2446
515.937	1678
516.153	1543
516.369	1522
516.585	1539
516.801	1493
517.016	1590
517.232	1583
517.448	1602
517.664	1601
517.879	1628
518.095	1641
518.311	1657
518.527	1616
518.742	1549
518.958	1518
519.173	1492
519.389	1451
519.605	1471
519.82	1439
520.036	1468
520.251	1483
520.467	1502
520.682	1535
520.898	1495
521.113	1591
521.329	1669
521.544	1825
521.76	2312
521.975	4045
522.19	3767
522.406	2011
522.621	1566
522.836	1423
523.052	1402
523.267	1330
523.482	1317
523.698	1307
523.913	1297
524.128	1317
524.343	1302
524.559	1264
524.774	1205
524.989	1212
525.204	1267
525.419	1267
525.634	1210
525.849	1205
526.064	1167
526.28	1155
526.495	1128
526.71	1143
526.925	1101
527.14	1118
527.355	1129
527.57	1085
527.785	1131
527.999	1106
528.214	1134
528.429	1149
528.644	1171
528.859	1192
529.074	1225
529.289	1292
529.503	1435
529.718	1348
529.933	1231
530.148	1163
530.363	1137
530.577	1082
530.792	1095
531.007	1089
531.221	1096
531.436	1042
531.651	1105
531.865	1061
532.08	1057
532.295	1058
532.509	1085
532.724	1053
532.938	1036
533.153	1087
533.367	1096
533.582	1135
533.796	1132
534.011	1116
534.225	1059
534.44	1048
534.654	1067
534.868	1077
535.083	1036
535.297	1048
535.511	1067
535.726	1082
535.94	1091
536.154	1058
536.369	1057
536.583	1007
536.797	1009
537.011	1026
537.225	996
537.44	996
537.654	971
537.868	974
538.082	991
538.296	989
538.51	977
538.724	1003
538.938	1027
539.153	1039
539.367	1089
539.581	1051
539.795	1021
540.009	991
540.222	983
540.436	1011
540.65	1036
540.864	1050
541.078	1101
541.292	1116
541.506	1125
541.72	1155
541.934	1190
542.147	1212
542.361	1161
542.575	1099
542.789	1064
543.002	1037
543.216	1006
543.43	1016
543.644	1062
543.857	1092
544.071	1085
544.285	1116
544.498	1115
544.712	1123
544.925	1117
545.139	1133
545.352	1141
545.566	1138
545.779	1129
545.993	1159
546.206	1144
546.42	1151
546.633	1152
546.847	1135
547.06	1175
547.274	1166
547.487	1172
547.7	1146
547.914	1167
548.127	1149
548.34	1182
548.554	1122
548.767	1141
548.98	1133
549.193	1119
549.407	1141
549.62	1115
549.833	1173
550.046	1130
550.259	1100
550.473	1095
550.686	1070
550.899	1090
551.112	1069
551.325	1048
551.538	1047
551.751	1025
551.964	976
552.177	1025
552.39	1071
552.603	1079
552.816	1146
553.029	1159
553.242	1198
553.455	1207
553.667	1207
553.88	1224
554.093	1188
554.306	1117
554.519	1099
554.732	1095
554.944	1073
555.157	1037
555.37	1040
555.583	1023
555.795	994
556.008	976
556.221	963
556.433	965
556.646	959
556.859	953
557.071	978
557.284	947
557.496	956
557.709	950
557.921	956
558.134	927
558.346	925
558.559	928
558.771	915
558.984	931
559.196	918
559.409	865
559.621	886
559.833	893
560.046	884
560.258	891
560.47	916
560.683	884
560.895	895
561.107	889
561.32	882
561.532	851
561.744	873
561.956	869
562.168	885
562.381	885
562.593	892
562.805	895
563.017	891
563.229	892
563.441	870
563.653	850
563.865	830
564.077	867
564.289	887
564.501	884
564.713	886
564.925	942
565.137	911
565.349	949
565.561	932
565.773	957
565.985	986
566.197	1010
566.408	1067
566.62	1158
566.832	1196
567.044	1196
567.255	1188
567.467	1233
567.679	1254
567.891	1321
568.102	1295
568.314	1231
568.526	1133
568.737	1039
568.949	993
569.161	935
569.372	850
569.584	836
569.795	813
570.007	830
570.218	886
570.43	848
570.641	815
570.853	774
571.064	782
571.276	794
571.487	784
571.698	767
571.91	765
572.121	753
572.333	721
572.544	691
572.755	672
572.966	663
573.178	652
573.389	668
573.6	662
573.811	643
574.023	635
574.234	638
574.445	657
574.656	633
574.867	650
575.078	645
575.289	647
575.501	613
575.712	625
575.923	636
576.134	607
576.345	610
576.556	623
576.767	643
576.978	610
577.188	602
577.399	610
577.61	612
577.821	627
578.032	610
578.243	669
578.454	1094
578.665	787
578.875	608
579.086	562
579.297	557
579.508	546
579.718	565
579.929	545
580.14	557
580.35	546
580.561	550
580.772	541
580.982	542
581.193	544
581.403	549
581.614	531
581.825	529
582.035	507
582.246	540
582.456	549
582.667	548
582.877	549
583.087	526
583.298	547
583.508	533
583.719	523
583.929	536
584.139	544
584.35	526
584.56	511
584.77	497
584.981	532
585.191	520
585.401	532
585.611	509
585.821	486
586.032	505
586.242	513
586.452	521
586.662	482
586.872	507
587.082	501
587.292	507
587.502	492
587.713	514
587.923	507
588.133	497
588.343	507
588.553	483
588.762	482
588.972	499
589.182	530
589.392	511
589.602	533
589.812	508
590.022	517
590.232	510
590.441	515
590.651	515
590.861	506
591.071	518
591.281	515
591.49	530
591.7	529
591.91	518
592.119	532
592.329	546
592.539	580
592.748	561
592.958	599
593.167	574
593.377	588
593.587	596
593.796	606
594.006	606
594.215	577
594.424	597
594.634	607
594.843	610
595.053	558
595.262	542
595.472	543
595.681	543
595.89	504
596.1	513
596.309	503
596.518	521
596.727	497
596.937	487
597.146	482
597.355	477
597.564	462
597.774	449
597.983	458
598.192	435
598.401	442
598.61	447
598.819	435
599.028	444
599.237	453
599.446	455
599.655	443
599.864	479
600.073	433
600.282	439
600.491	446
600.7	440
600.909	443
601.118	442
601.327	452
601.536	472
601.745	468
601.953	463
602.162	485
602.371	475
602.58	477
602.789	481
602.997	461
603.206	460
603.415	440
603.623	452
603.832	435
604.041	452
604.249	477
604.458	431
604.666	427
604.875	421
605.084	422
605.292	451
605.501	475
605.709	467
605.918	460
606.126	457
606.334	478
606.543	469
606.751	475
606.96	451
607.168	465
607.376	463
607.585	462
607.793	471
608.001	465
608.21	462
608.418	471
608.626	473
608.834	478
609.043	467
609.251	446
609.459	457
609.667	467
609.875	479
610.083	485
610.291	454
610.499	459
610.707	456
610.916	448
611.124	456
611.332	461
611.54	466
611.748	483
611.955	458
612.163	450
612.371	458
612.579	441
612.787	448
612.995	460
613.203	452
613.411	434
613.618	452
613.826	444
614.034	431
614.242	453
614.449	450
614.657	433
614.865	435
615.072	429
615.28	435
615.488	437
615.695	467
615.903	452
616.111	445
616.318	438
616.526	451
616.733	463
616.941	453
617.148	432
617.356	437
617.563	434
617.771	441
617.978	421
618.185	431
618.393	443
618.6	440
618.807	433
619.015	434
619.222	404
619.429	417
619.637	409
619.844	386
620.051	408
620.258	416
620.466	397
620.673	408
620.88	389
621.087	400
621.294	403
621.501	371
621.708	388
621.915	410
622.122	393
622.329	409
622.536	388
622.743	404
622.95	381
623.157	397
623.364	399
623.571	376
623.778	382
623.985	387
624.192	390
624.399	387
624.606	389
624.812	376
625.019	375
625.226	371
625.433	381
625.639	349
625.846	377
626.053	333
626.259	339
626.466	335
626.673	324
626.879	333
627.086	335
627.293	340
627.499	342
627.706	373
627.912	374
628.119	365
628.325	372
628.532	339
628.738	371
628.945	363
629.151	349
629.357	371
629.564	339
629.77	334
629.976	334
630.183	343
630.389	337
630.595	344
630.802	359
631.008	353
631.214	337
631.42	326
631.627	322
631.833	321
632.039	323
632.245	335
632.451	326
632.657	327
632.863	337
633.069	319
633.275	339
633.481	310
633.688	310
633.893	324
634.099	336
634.305	305
634.511	317
634.717	300
634.923	309
635.129	310
635.335	301
635.541	305
635.747	300
635.952	348
636.158	342
636.364	409
636.57	449
636.775	399
636.981	380
637.187	361
637.392	340
637.598	336
637.804	333
638.009	324
638.215	343
638.421	342
638.626	329
638.832	316
639.037	287
639.243	300
639.448	313
639.654	317
639.859	292
640.065	292
640.27	311
640.475	288
640.681	291
640.886	303
641.091	290
641.297	297
641.502	297
641.707	299
641.913	302
642.118	304
642.323	312
642.528	283
642.733	291
642.939	298
643.144	274
643.349	263
643.554	285
643.759	274
643.964	284
644.169	286
644.374	281
644.579	271
644.784	271
644.989	289
645.194	282
645.399	264
645.604	289
645.809	280
646.014	271
646.219	278
646.423	278
646.628	275
646.833	281
647.038	282
647.243	292
647.447	286
647.652	286
647.857	282
648.062	295
648.266	294
648.471	294
648.676	279
648.88	300
649.085	308
649.289	281
649.494	281
649.698	298
649.903	303
650.107	286
650.312	258
650.516	271
650.721	252
650.925	267
651.13	259
651.334	251
651.539	235
651.743	236
651.947	226
652.152	209
652.356	214
652.56	226
652.764	220
652.969	223
653.173	211
653.377	219
653.581	221
653.785	211
653.99	205
654.194	203
654.398	207
654.602	204
654.806	207
655.01	207
655.214	191
655.418	193
655.622	206
655.826	201
656.03	189
656.234	209
656.438	199
656.642	200
656.846	199
657.049	173
657.253	191
657.457	148
657.661	149
657.865	155
658.068	156
658.272	138
658.476	140
658.68	138
658.883	129
659.087	127
659.291	125
659.494	124
659.698	123
659.901	119
660.105	110
660.309	119
660.512	114
660.716	109
660.919	112
661.123	98
661.326	105
661.53	102
661.733	105
661.936	94
662.14	85
662.343	97
662.546	96
662.75	102
662.953	106
663.156	85
663.36	77
663.563	94
663.766	88
663.969	82
664.173	93
664.376	85
664.579	76
664.782	77
664.985	79
665.188	74
665.391	75
665.594	80
665.797	78
666	76
666.203	84
666.406	77
666.609	89
666.812	86
667.015	78
667.218	71
667.421	77
667.624	73
667.827	79
668.03	87
668.232	87
668.435	93
668.638	92
668.841	89
669.043	90
669.246	83
669.449	77
669.651	81
669.854	85
670.057	87
670.259	89
670.462	75
670.665	81
670.867	89
671.07	83
671.272	83
671.475	76
671.677	82
671.88	94
672.082	91
672.284	75
672.487	92
672.689	86
672.892	79
