223.165	-20.88
223.4	-20.88
223.635	-20.88
223.869	-22.88
224.104	-20.88
224.338	-28.88
224.573	-3.88
224.808	-4.88
225.042	-10.88
225.277	-11.88
225.511	2.12
225.746	7.12
225.98	3.12
226.215	10.12
226.449	7.12
226.683	25.12
226.918	34.12
227.152	36.12
227.387	25.12
227.621	41.12
227.856	39.12
228.09	44.12
228.324	50.12
228.559	62.12
228.793	80.12
229.027	123.12
229.262	141.12
229.496	160.12
229.73	175.12
229.964	192.12
230.199	151.12
230.433	139.12
230.667	149.12
230.901	143.12
231.136	141.12
231.37	139.12
231.604	140.12
231.838	149.12
232.072	140.12
232.306	128.12
232.541	149.12
232.775	135.12
233.009	145.12
233.243	147.12
233.477	151.12
233.711	132.12
233.945	146.12
234.179	150.12
234.413	156.12
234.647	138.12
234.881	153.12
235.115	158.12
235.349	149.12
235.583	159.12
235.817	162.12
236.051	176.12
236.285	153.12
236.519	160.12
236.753	158.12
236.987	189.12
237.221	231.12
237.455	268.12
237.689	217.12
237.922	175.12
238.156	177.12
238.39	166.12
238.624	143.12
238.858	155.12
239.091	162.12
239.325	169.12
239.559	169.12
239.793	180.12
240.027	190.12
240.26	184.12
240.494	208.12
240.728	199.12
240.961	186.12
241.195	188.12
241.429	183.12
241.662	184.12
241.896	173.12
242.13	190.12
242.363	187.12
242.597	179.12
242.83	197.12
243.064	196.12
243.298	201.12
243.531	206.12
243.765	203.12
243.998	202.12
244.232	191.12
244.465	200.12
244.699	186.12
244.932	206.12
245.166	201.12
245.399	216.12
245.633	214.12
245.866	222.12
246.099	206.12
246.333	228.12
246.566	218.12
246.8	208.12
247.033	211.12
247.266	222.12
247.5	219.12
247.733	233.12
247.966	227.12
248.2	243.12
248.433	217.12
248.666	253.12
248.899	235.12
249.133	277.12
249.366	290.12
249.599	292.12
249.832	289.12
250.066	292.12
250.299	308.12
250.532	354.12
250.765	377.12
250.998	370.12
251.231	358.12
251.465	309.12
251.698	293.12
251.931	290.12
252.164	281.12
252.397	283.12
252.63	274.12
252.863	296.12
253.096	298.12
253.329	323.12
253.562	310.12
253.795	299.12
254.028	300.12
254.261	314.12
254.494	321.12
254.727	326.12
254.96	349.12
255.193	339.12
255.426	358.12
255.659	366.12
255.892	456.12
256.124	544.12
256.357	543.12
256.59	463.12
256.823	412.12
257.056	386.12
257.289	372.12
257.521	357.12
257.754	354.12
257.987	345.12
258.22	335.12
258.452	318.12
258.685	334.12
258.918	323.12
259.151	320.12
259.383	327.12
259.616	328.12
259.849	316.12
260.081	332.12
260.314	359.12
260.547	354.12
260.779	327.12
261.012	333.12
261.244	353.12
261.477	335.12
261.71	318.12
261.942	322.12
262.175	346.12
262.407	361.12
262.64	325.12
262.872	331.12
263.105	314.12
263.337	319.12
263.57	333.12
263.802	326.12
264.035	324.12
264.267	326.12
264.499	343.12
264.732	323.12
264.964	333.12
265.197	330.12
265.429	339.12
265.661	310.12
265.894	340.12
266.126	334.12
266.358	332.12
266.591	339.12
266.823	339.12
267.055	350.12
267.287	342.12
267.52	333.12
267.752	342.12
267.984	348.12
268.216	354.12
268.448	351.12
268.681	355.12
268.913	353.12
269.145	373.12
269.377	397.12
269.609	383.12
269.841	380.12
270.073	382.12
270.306	393.12
270.538	409.12
270.77	414.12
271.002	397.12
271.234	392.12
271.466	411.12
271.698	418.12
271.93	449.12
272.162	436.12
272.394	412.12
272.626	412.12
272.858	420.12
273.09	379.12
273.322	385.12
273.553	402.12
273.785	388.12
274.017	396.12
274.249	402.12
274.481	411.12
274.713	393.12
274.945	423.12
275.176	435.12
275.408	415.12
275.64	409.12
275.872	417.12
276.104	445.12
276.335	435.12
276.567	440.12
276.799	467.12
277.031	480.12
277.262	514.12
277.494	493.12
277.726	469.12
277.957	430.12
278.189	479.12
278.421	450.12
278.652	444.12
278.884	464.12
279.115	428.12
279.347	447.12
279.579	445.12
279.81	462.12
280.042	463.12
280.273	515.12
280.505	517.12
280.736	474.12
280.968	456.12
281.199	451.12
281.431	448.12
281.662	457.12
281.894	448.12
282.125	470.12
282.356	473.12
282.588	509.12
282.819	481.12
283.051	472.12
283.282	466.12
283.513	437.12
283.745	433.12
283.976	467.12
284.207	446.12
284.439	454.12
284.67	446.12
284.901	440.12
285.132	474.12
285.364	444.12
285.595	467.12
285.826	479.12
286.057	433.12
286.288	463.12
286.52	489.12
286.751	457.12
286.982	457.12
287.213	446.12
287.444	452.12
287.675	478.12
287.906	483.12
288.138	491.12
288.369	501.12
288.6	504.12
288.831	483.12
289.062	491.12
289.293	473.12
289.524	470.12
289.755	478.12
289.986	482.12
290.217	467.12
290.448	509.12
290.679	481.12
290.91	467.12
291.141	466.12
291.371	489.12
291.602	483.12
291.833	488.12
292.064	474.12
292.295	467.12
292.526	476.12
292.757	468.12
292.987	484.12
293.218	487.12
293.449	489.12
293.68	489.12
293.91	507.12
294.141	501.12
294.372	463.12
294.603	493.12
294.833	474.12
295.064	494.12
295.295	478.12
295.525	493.12
295.756	500.12
295.987	533.12
296.217	528.12
296.448	585.12
296.679	542.12
296.909	503.12
297.14	529.12
297.37	519.12
297.601	513.12
297.831	542.12
298.062	520.12
298.292	522.12
298.523	564.12
298.753	540.12
298.984	560.12
299.214	532.12
299.445	519.12
299.675	539.12
299.905	538.12
300.136	550.12
300.366	542.12
300.597	525.12
300.827	553.12
301.057	565.12
301.288	561.12
301.518	570.12
301.748	567.12
301.979	581.12
302.209	581.12
302.439	554.12
302.669	572.12
302.9	577.12
303.13	537.12
303.36	564.12
303.59	588.12
303.82	604.12
304.051	592.12
304.281	579.12
304.511	558.12
304.741	577.12
304.971	581.12
305.201	569.12
305.431	571.12
305.661	583.12
305.891	573.12
306.121	563.12
306.352	587.12
306.582	574.12
306.812	585.12
307.042	607.12
307.272	603.12
307.502	632.12
307.731	639.12
307.961	622.12
308.191	591.12
308.421	569.12
308.651	593.12
308.881	598.12
309.111	606.12
309.341	601.12
309.571	604.12
309.8	626.12
310.03	644.12
310.26	665.12
310.49	624.12
310.72	654.12
310.949	676.12
311.179	685.12
311.409	639.12
311.639	628.12
311.868	657.12
312.098	656.12
312.328	669.12
312.557	701.12
312.787	725.12
313.017	700.12
313.246	684.12
313.476	648.12
313.706	645.12
313.935	676.12
314.165	696.12
314.394	716.12
314.624	710.12
314.853	689.12
315.083	685.12
315.312	666.12
315.542	669.12
315.771	676.12
316.001	681.12
316.23	676.12
316.46	679.12
316.689	690.12
316.919	686.12
317.148	681.12
317.377	702.12
317.607	686.12
317.836	671.12
318.065	694.12
318.295	687.12
318.524	683.12
318.753	692.12
318.983	689.12
319.212	684.12
319.441	713.12
319.67	720.12
319.9	678.12
320.129	708.12
320.358	719.12
320.587	726.12
320.816	730.12
321.046	751.12
321.275	761.12
321.504	752.12
321.733	737.12
321.962	775.12
322.191	770.12
322.42	784.12
322.649	809.12
322.878	832.12
323.108	867.12
323.337	884.12
323.566	921.12
323.795	984.12
324.024	1066.12
324.253	1292.12
324.482	1727.12
324.71	2601.12
324.939	3671.12
325.168	2942.12
325.397	1677.12
325.626	1241.12
325.855	1129.12
326.084	1061.12
326.313	1042.12
326.542	1066.12
326.77	1096.12
326.999	1282.12
327.228	1734.12
327.457	2499.12
327.686	2945.12
327.914	2115.12
328.143	1727.12
328.372	1720.12
328.6	1616.12
328.829	1306.12
329.058	1297.12
329.287	1292.12
329.515	1259.12
329.744	1380.12
329.972	1618.12
330.201	2062.12
330.43	2490.12
330.658	2145.12
330.887	1590.12
331.115	1388.12
331.344	1209.12
331.572	1132.12
331.801	1114.12
332.03	1147.12
332.258	1108.12
332.486	1121.12
332.715	1103.12
332.943	1153.12
333.172	1222.12
333.4	1301.12
333.629	1366.12
333.857	1537.12
334.085	1773.12
334.314	2294.12
334.542	2976.12
334.771	3217.12
334.999	2117.12
335.227	1500.12
335.455	1300.12
335.684	1201.12
335.912	1145.12
336.14	1101.12
336.369	1033.12
336.597	1051.12
336.825	1024.12
337.053	1005.12
337.281	972.12
337.51	963.12
337.738	948.12
337.966	949.12
338.194	956.12
338.422	919.12
338.65	898.12
338.878	887.12
339.106	874.12
339.334	904.12
339.562	889.12
339.79	869.12
340.018	853.12
340.246	838.12
340.474	887.12
340.702	870.12
340.93	882.12
341.158	874.12
341.386	825.12
341.614	838.12
341.842	829.12
342.07	834.12
342.298	852.12
342.526	813.12
342.754	822.12
342.981	793.12
343.209	834.12
343.437	885.12
343.665	877.12
343.893	938.12
344.12	950.12
344.348	926.12
344.576	908.12
344.804	907.12
345.031	867.12
345.259	902.12
345.487	887.12
345.714	862.12
345.942	823.12
346.17	838.12
346.397	839.12
346.625	817.12
346.853	819.12
347.08	814.12
347.308	822.12
347.535	816.12
347.763	836.12
347.99	843.12
348.218	858.12
348.445	833.12
348.673	849.12
348.9	824.12
349.128	801.12
349.355	800.12
349.583	801.12
349.81	806.12
350.037	793.12
350.265	757.12
350.492	803.12
350.72	809.12
350.947	790.12
351.174	836.12
351.402	830.12
351.629	836.12
351.856	860.12
352.083	843.12
352.311	864.12
352.538	840.12
352.765	858.12
352.992	821.12
353.22	838.12
353.447	825.12
353.674	787.12
353.901	797.12
354.128	783.12
354.355	797.12
354.583	793.12
354.81	811.12
355.037	825.12
355.264	779.12
355.491	782.12
355.718	767.12
355.945	776.12
356.172	787.12
356.399	771.12
356.626	796.12
356.853	820.12
357.08	789.12
357.307	802.12
357.534	788.12
357.761	797.12
357.988	779.12
358.215	787.12
358.441	789.12
358.668	795.12
358.895	787.12
359.122	814.12
359.349	834.12
359.576	827.12
359.802	885.12
360.029	914.12
360.256	939.12
360.483	895.12
360.709	849.12
360.936	860.12
361.163	842.12
361.39	855.12
361.616	854.12
361.843	866.12
362.07	850.12
362.296	844.12
362.523	821.12
362.749	861.12
362.976	847.12
363.203	847.12
363.429	823.12
363.656	835.12
363.882	830.12
364.109	820.12
364.335	803.12
364.562	821.12
364.788	825.12
365.015	811.12
365.241	813.12
365.468	842.12
365.694	841.12
365.92	865.12
366.147	818.12
366.373	825.12
366.599	838.12
366.826	811.12
367.052	816.12
367.278	831.12
367.505	849.12
367.731	827.12
367.957	844.12
368.184	842.12
368.41	831.12
368.636	869.12
368.862	865.12
369.089	859.12
369.315	841.12
369.541	865.12
369.767	887.12
369.993	875.12
370.219	871.12
370.445	856.12
370.672	886.12
370.898	856.12
371.124	862.12
371.35	881.12
371.576	877.12
371.802	849.12
372.028	877.12
372.254	835.12
372.48	870.12
372.706	888.12
372.932	919.12
373.158	876.12
373.384	883.12
373.61	873.12
373.835	874.12
374.061	906.12
374.287	909.12
374.513	899.12
374.739	941.12
374.965	927.12
375.191	940.12
375.416	937.12
375.642	922.12
375.868	906.12
376.094	926.12
376.319	901.12
376.545	897.12
376.771	889.12
376.997	894.12
377.222	874.12
377.448	884.12
377.674	873.12
377.899	868.12
378.125	882.12
378.35	854.12
378.576	875.12
378.802	904.12
379.027	839.12
379.253	887.12
379.478	860.12
379.704	914.12
379.929	879.12
380.155	865.12
380.38	863.12
380.606	892.12
380.831	859.12
381.057	904.12
381.282	887.12
381.507	895.12
381.733	882.12
381.958	867.12
382.184	913.12
382.409	946.12
382.634	928.12
382.86	926.12
383.085	919.12
383.31	915.12
383.535	950.12
383.761	940.12
383.986	971.12
384.211	956.12
384.436	1001.12
384.662	1026.12
384.887	1007.12
385.112	1018.12
385.337	1021.12
385.562	1044.12
385.787	1050.12
386.013	1081.12
386.238	1032.12
386.463	1058.12
386.688	1054.12
386.913	995.12
387.138	1037.12
387.363	1043.12
387.588	992.12
387.813	1005.12
388.038	1042.12
388.263	1047.12
388.488	1040.12
388.713	1047.12
388.938	1032.12
389.163	1038.12
389.387	1030.12
389.612	1029.12
389.837	1049.12
390.062	1066.12
390.287	1056.12
390.512	1011.12
390.736	1056.12
390.961	1079.12
391.186	1080.12
391.411	1109.12
391.636	1100.12
391.86	1153.12
392.085	1165.12
392.31	1143.12
392.534	1169.12
392.759	1131.12
392.984	1101.12
393.208	1090.12
393.433	1103.12
393.658	1153.12
393.882	1145.12
394.107	1129.12
394.331	1147.12
394.556	1099.12
394.78	1124.12
395.005	1124.12
395.229	1138.12
395.454	1171.12
395.678	1236.12
395.903	1205.12
396.127	1185.12
396.352	1154.12
396.576	1165.12
396.801	1137.12
397.025	1179.12
397.249	1189.12
397.474	1191.12
397.698	1142.12
397.922	1226.12
398.147	1226.12
398.371	1233.12
398.595	1299.12
398.82	1271.12
399.044	1368.12
399.268	1481.12
399.492	1613.12
399.717	1782.12
399.941	1748.12
400.165	1679.12
400.389	1583.12
400.613	1502.12
400.837	1401.12
401.062	1372.12
401.286	1361.12
401.51	1343.12
401.734	1338.12
401.958	1339.12
402.182	1357.12
402.406	1401.12
402.63	1403.12
402.854	1447.12
403.078	1426.12
403.302	1441.12
403.526	1465.12
403.75	1505.12
403.974	1540.12
404.198	1517.12
404.422	1537.12
404.645	1557.12
404.869	1607.12
405.093	1648.12
405.317	1729.12
405.541	1766.12
405.765	1708.12
405.988	1591.12
406.212	1580.12
406.436	1628.12
406.66	1691.12
406.883	1577.12
407.107	1682.12
407.331	1739.12
407.555	1817.12
407.778	1797.12
408.002	1728.12
408.226	1654.12
408.449	1631.12
408.673	1613.12
408.896	1622.12
409.12	1655.12
409.344	1586.12
409.567	1519.12
409.791	1563.12
410.014	1528.12
410.238	1497.12
410.461	1538.12
410.685	1497.12
410.908	1523.12
411.132	1532.12
411.355	1572.12
411.578	1516.12
411.802	1491.12
412.025	1527.12
412.249	1610.12
412.472	1653.12
412.695	1763.12
412.919	1725.12
413.142	1646.12
413.365	1569.12
413.589	1526.12
413.812	1441.12
414.035	1440.12
414.258	1425.12
414.482	1430.12
414.705	1422.12
414.928	1442.12
415.151	1421.12
415.374	1449.12
415.597	1413.12
415.821	1357.12
416.044	1421.12
416.267	1440.12
416.49	1388.12
416.713	1367.12
416.936	1397.12
417.159	1389.12
417.382	1372.12
417.605	1434.12
417.828	1448.12
418.051	1467.12
418.274	1453.12
418.497	1407.12
418.72	1447.12
418.943	1446.12
419.166	1509.12
419.389	1629.12
419.611	1617.12
419.834	1628.12
420.057	1587.12
420.28	1640.12
420.503	1631.12
420.726	1525.12
420.948	1570.12
421.171	1581.12
421.394	1561.12
421.617	1485.12
421.839	1485.12
422.062	1442.12
422.285	1495.12
422.507	1547.12
422.73	1614.12
422.953	1551.12
423.175	1496.12
423.398	1494.12
423.621	1480.12
423.843	1533.12
424.066	1521.12
424.288	1515.12
424.511	1554.12
424.733	1608.12
424.956	1685.12
425.178	1657.12
425.401	1647.12
425.623	1661.12
425.846	1511.12
426.068	1484.12
426.291	1455.12
426.513	1454.12
426.735	1475.12
426.958	1518.12
427.18	1584.12
427.402	1814.12
427.625	1929.12
427.847	1817.12
428.069	1748.12
428.292	1631.12
428.514	1455.12
428.736	1410.12
428.958	1386.12
429.181	1355.12
429.403	1337.12
429.625	1357.12
429.847	1389.12
430.069	1471.12
430.292	1421.12
430.514	1345.12
430.736	1312.12
430.958	1323.12
431.18	1305.12
431.402	1327.12
431.624	1252.12
431.846	1255.12
432.068	1216.12
432.29	1265.12
432.512	1261.12
432.734	1295.12
432.956	1341.12
433.178	1346.12
433.4	1325.12
433.622	1347.12
433.844	1315.12
434.066	1286.12
434.287	1282.12
434.509	1291.12
434.731	1327.12
434.953	1373.12
435.175	1408.12
435.397	1441.12
435.618	1360.12
435.84	1432.12
436.062	1503.12
436.284	1619.12
436.505	1480.12
436.727	1395.12
436.949	1352.12
437.17	1356.12
437.392	1316.12
437.614	1308.12
437.835	1328.12
438.057	1517.12
438.278	1569.12
438.5	1567.12
438.721	1693.12
438.943	1665.12
439.165	1462.12
439.386	1378.12
439.608	1441.12
439.829	1443.12
440.05	1471.12
440.272	1516.12
440.493	1466.12
440.715	1463.12
440.936	1405.12
441.158	1459.12
441.379	1449.12
441.6	1485.12
441.822	1546.12
442.043	1560.12
442.264	1605.12
442.486	1650.12
442.707	1543.12
442.928	1495.12
443.149	1519.12
443.371	1554.12
443.592	1595.12
443.813	1716.12
444.034	1738.12
444.255	1612.12
444.476	1610.12
444.698	1615.12
444.919	1659.12
445.14	1715.12
445.361	1630.12
445.582	1605.12
445.803	1671.12
446.024	1740.12
446.245	1717.12
446.466	1621.12
446.687	1492.12
446.908	1439.12
447.129	1386.12
447.35	1361.12
447.571	1370.12
447.792	1309.12
448.013	1314.12
448.234	1357.12
448.455	1396.12
448.675	1527.12
448.896	1682.12
449.117	1501.12
449.338	1453.12
449.559	1587.12
449.779	1719.12
450	1472.12
450.221	1300.12
450.442	1267.12
450.662	1314.12
450.883	1321.12
451.104	1331.12
451.324	1336.12
451.545	1274.12
451.766	1254.12
451.986	1212.12
452.207	1210.12
452.428	1182.12
452.648	1197.12
452.869	1175.12
453.089	1157.12
453.31	1205.12
453.53	1157.12
453.751	1134.12
453.971	1126.12
454.192	1183.12
454.412	1169.12
454.633	1158.12
454.853	1136.12
455.073	1122.12
455.294	1189.12
455.514	1238.12
455.734	1215.12
455.955	1100.12
456.175	1084.12
456.395	1052.12
456.616	1064.12
456.836	1079.12
457.056	1035.12
457.276	1029.12
457.497	1041.12
457.717	1070.12
457.937	1060.12
458.157	1094.12
458.377	1090.12
458.598	1145.12
458.818	1221.12
459.038	1347.12
459.258	1333.12
459.478	1271.12
459.698	1236.12
459.918	1245.12
460.138	1271.12
460.358	1343.12
460.578	1343.12
460.798	1383.12
461.018	1370.12
461.238	1351.12
461.458	1357.12
461.678	1333.12
461.898	1394.12
462.118	1388.12
462.338	1428.12
462.558	1449.12
462.777	1483.12
462.997	1573.12
463.217	1636.12
463.437	1688.12
463.657	1542.12
463.876	1530.12
464.096	1517.12
464.316	1488.12
464.536	1531.12
464.755	1531.12
464.975	1465.12
465.195	1519.12
465.414	1634.12
465.634	1453.12
465.854	1333.12
466.073	1338.12
466.293	1291.12
466.512	1266.12
466.732	1233.12
466.951	1233.12
467.171	1268.12
467.391	1261.12
467.61	1313.12
467.829	1342.12
468.049	1485.12
468.268	1899.12
468.488	1585.12
468.707	1389.12
468.927	1301.12
469.146	1278.12
469.365	1287.12
469.585	1287.12
469.804	1302.12
470.023	1345.12
470.243	1353.12
470.462	1366.12
470.681	1443.12
470.901	1351.12
471.12	1391.12
471.339	1326.12
471.558	1328.12
471.777	1365.12
471.997	1471.12
472.216	1853.12
472.435	3140.12
472.654	2473.12
472.873	1734.12
473.092	1506.12
473.311	1442.12
473.53	1402.12
473.749	1331.12
473.968	1362.12
474.187	1457.12
474.406	1425.12
474.625	1310.12
474.844	1279.12
475.063	1219.12
475.282	1254.12
475.501	1231.12
475.72	1249.12
475.939	1266.12
476.158	1263.12
476.377	1283.12
476.596	1270.12
476.814	1254.12
477.033	1263.12
477.252	1261.12
477.471	1327.12
477.69	1343.12
477.908	1397.12
478.127	1385.12
478.346	1420.12
478.564	1423.12
478.783	1454.12
479.002	1461.12
479.22	1507.12
479.439	1531.12
479.658	1511.12
479.876	1522.12
480.095	1535.12
480.313	1649.12
480.532	1677.12
480.751	1745.12
480.969	2094.12
481.188	3974.12
481.406	5048.12
481.624	2846.12
481.843	2131.12
482.061	1885.12
482.28	1743.12
482.498	1710.12
482.717	1610.12
482.935	1579.12
483.153	1606.12
483.372	1622.12
483.59	1593.12
483.808	1529.12
484.027	1471.12
484.245	1506.12
484.463	1526.12
484.681	1568.12
484.9	1488.12
485.118	1556.12
485.336	1487.12
485.554	1461.12
485.772	1455.12
485.99	1467.12
486.209	1470.12
486.427	1492.12
486.645	1532.12
486.863	1549.12
487.081	1604.12
487.299	1509.12
487.517	1558.12
487.735	1591.12
487.953	1657.12
488.171	1647.12
488.389	1627.12
488.607	1527.12
488.825	1532.12
489.043	1503.12
489.261	1543.12
489.479	1550.12
489.696	1545.12
489.914	1565.12
490.132	1614.12
490.35	1651.12
490.568	1685.12
490.786	1733.12
491.003	1806.12
491.221	1805.12
491.439	1877.12
491.657	1927.12
491.874	1947.12
492.092	2024.12
492.31	2119.12
492.527	2086.12
492.745	2053.12
492.963	1993.12
493.18	1991.12
493.398	1960.12
493.615	1947.12
493.833	2013.12
494.05	1915.12
494.268	1909.12
494.485	1937.12
494.703	1893.12
494.92	1849.12
495.138	1881.12
495.355	1856.12
495.573	1798.12
495.79	1805.12
496.008	1857.12
496.225	1793.12
496.442	1816.12
496.66	1811.12
496.877	1817.12
497.094	1848.12
497.312	1868.12
497.529	1836.12
497.746	1869.12
497.963	1842.12
498.181	1878.12
498.398	1933.12
498.615	2003.12
498.832	2038.12
499.049	2152.12
499.267	2269.12
499.484	2427.12
499.701	2569.12
499.918	2832.12
500.135	3103.12
500.352	3365.12
500.569	3533.12
500.786	3483.12
501.003	3334.12
501.22	3067.12
501.437	2819.12
501.654	2615.12
501.871	2419.12
502.088	2305.12
502.305	2115.12
502.522	2053.12
502.739	2019.12
502.956	1957.12
503.172	1823.12
503.389	1777.12
503.606	1807.12
503.823	1773.12
504.04	1713.12
504.256	1726.12
504.473	1717.12
504.69	1701.12
504.907	1679.12
505.123	1663.12
505.34	1563.12
505.557	1561.12
505.773	1525.12
505.99	1528.12
506.207	1503.12
506.423	1475.12
506.64	1466.12
506.856	1483.12
507.073	1449.12
507.289	1446.12
507.506	1449.12
507.722	1447.12
507.939	1473.12
508.155	1409.12
508.372	1403.12
508.588	1376.12
508.805	1323.12
509.021	1332.12
509.238	1362.12
509.454	1357.12
509.67	1362.12
509.887	1335.12
510.103	1326.12
510.319	1366.12
510.536	1627.12
510.752	2862.12
510.968	2155.12
511.184	1377.12
511.401	1325.12
511.617	1366.12
511.833	1419.12
512.049	1421.12
512.265	1381.12
512.481	1362.12
512.698	1295.12
512.914	1339.12
513.13	1332.12
513.346	1326.12
513.562	1318.12
513.778	1324.12
513.994	1328.12
514.21	1397.12
514.426	1392.12
514.642	1472.12
514.858	1536.12
515.074	1601.12
515.29	1899.12
515.506	2881.12
515.721	2269.12
515.937	1613.12
516.153	1520.12
516.369	1465.12
516.585	1449.12
516.801	1440.12
517.016	1472.12
517.232	1472.12
517.448	1552.12
517.664	1581.12
517.879	1557.12
518.095	1539.12
518.311	1562.12
518.527	1499.12
518.742	1471.12
518.958	1484.12
519.173	1425.12
519.389	1416.12
519.605	1402.12
519.82	1386.12
520.036	1398.12
520.251	1436.12
520.467	1442.12
520.682	1404.12
520.898	1442.12
521.113	1485.12
521.329	1569.12
521.544	1733.12
521.76	2200.12
521.975	3803.12
522.19	3481.12
522.406	1909.12
522.621	1504.12
522.836	1405.12
523.052	1345.12
523.267	1279.12
523.482	1297.12
523.698	1239.12
523.913	1253.12
524.128	1242.12
524.343	1220.12
524.559	1209.12
524.774	1195.12
524.989	1206.12
525.204	1179.12
525.419	1173.12
525.634	1138.12
525.849	1124.12
526.064	1134.12
526.28	1094.12
526.495	1100.12
526.71	1092.12
526.925	1071.12
527.14	1073.12
527.355	1069.12
527.57	1068.12
527.785	1061.12
527.999	1091.12
528.214	1081.12
528.429	1095.12
528.644	1109.12
528.859	1156.12
529.074	1170.12
529.289	1227.12
529.503	1367.12
529.718	1324.12
529.933	1187.12
530.148	1138.12
530.363	1070.12
530.577	1050.12
530.792	1017.12
531.007	1066.12
531.221	1046.12
531.436	1043.12
531.651	1046.12
531.865	1023.12
532.08	1011.12
532.295	1010.12
532.509	1011.12
532.724	1020.12
532.938	1029.12
533.153	1028.12
533.367	1057.12
533.582	1082.12
533.796	1085.12
534.011	1073.12
534.225	1037.12
534.44	1025.12
534.654	987.12
534.868	1028.12
535.083	1012.12
535.297	1018.12
535.511	1047.12
535.726	1021.12
535.94	1051.12
536.154	1033.12
536.369	997.12
536.583	980.12
536.797	984.12
537.011	967.12
537.225	977.12
537.44	953.12
537.654	964.12
537.868	961.12
538.082	961.12
538.296	972.12
538.51	946.12
538.724	1011.12
538.938	1017.12
539.153	1013.12
539.367	1046.12
539.581	1020.12
539.795	984.12
540.009	956.12
540.222	951.12
540.436	951.12
540.65	959.12
540.864	1033.12
541.078	1035.12
541.292	1062.12
541.506	1116.12
541.72	1171.12
541.934	1178.12
542.147	1159.12
542.361	1133.12
542.575	1061.12
542.789	1037.12
543.002	996.12
543.216	959.12
543.43	1017.12
543.644	1025.12
543.857	1057.12
544.071	1068.12
544.285	1094.12
544.498	1093.12
544.712	1102.12
544.925	1079.12
545.139	1100.12
545.352	1122.12
545.566	1093.12
545.779	1095.12
545.993	1125.12
546.206	1117.12
546.42	1108.12
546.633	1100.12
546.847	1114.12
547.06	1101.12
547.274	1109.12
547.487	1141.12
547.7	1134.12
547.914	1118.12
548.127	1104.12
548.34	1114.12
548.554	1117.12
548.767	1072.12
548.98	1077.12
549.193	1102.12
549.407	1089.12
549.62	1100.12
549.833	1093.12
550.046	1090.12
550.259	1062.12
550.473	1066.12
550.686	1027.12
550.899	1047.12
551.112	1042.12
551.325	1020.12
551.538	1003.12
551.751	959.12
551.964	971.12
552.177	979.12
552.39	1029.12
552.603	1081.12
552.816	1100.12
553.029	1109.12
553.242	1142.12
553.455	1108.12
553.667	1158.12
553.88	1167.12
554.093	1149.12
554.306	1096.12
554.519	1071.12
554.732	1072.12
554.944	1049.12
555.157	1030.12
555.37	994.12
555.583	964.12
555.795	962.12
556.008	951.12
556.221	934.12
556.433	933.12
556.646	923.12
556.859	919.12
557.071	925.12
557.284	916.12
557.496	923.12
557.709	934.12
557.921	913.12
558.134	884.12
558.346	865.12
558.559	899.12
558.771	915.12
558.984	898.12
559.196	883.12
559.409	887.12
559.621	863.12
559.833	839.12
560.046	861.12
560.258	878.12
560.47	877.12
560.683	838.12
560.895	851.12
561.107	856.12
561.32	869.12
561.532	838.12
561.744	843.12
561.956	870.12
562.168	853.12
562.381	864.12
562.593	865.12
562.805	856.12
563.017	831.12
563.229	825.12
563.441	869.12
563.653	822.12
563.865	827.12
564.077	853.12
564.289	847.12
564.501	846.12
564.713	863.12
564.925	868.12
565.137	893.12
565.349	877.12
565.561	902.12
565.773	927.12
565.985	930.12
566.197	956.12
566.408	1031.12
566.62	1077.12
566.832	1140.12
567.044	1157.12
567.255	1166.12
567.467	1153.12
567.679	1220.12
567.891	1250.12
568.102	1268.12
568.314	1160.12
568.526	1078.12
568.737	1011.12
568.949	935.12
569.161	881.12
569.372	842.12
569.584	815.12
569.795	813.12
570.007	812.12
570.218	875.12
570.43	811.12
570.641	744.12
570.853	767.12
571.064	781.12
571.276	759.12
571.487	732.12
571.698	740.12
571.91	727.12
572.121	669.12
572.333	678.12
572.544	678.12
572.755	642.12
572.966	632.12
573.178	645.12
573.389	633.12
573.6	612.12
573.811	608.12
574.023	620.12
574.234	591.12
574.445	597.12
574.656	614.12
574.867	619.12
575.078	633.12
575.289	622.12
575.501	607.12
575.712	575.12
575.923	584.12
576.134	598.12
576.345	581.12
576.556	611.12
576.767	610.12
576.978	610.12
577.188	598.12
577.399	571.12
577.61	619.12
577.821	586.12
578.032	580.12
578.243	655.12
578.454	1052.12
578.665	760.12
578.875	586.12
579.086	547.12
579.297	550.12
579.508	542.12
579.718	533.12
579.929	544.12
580.14	511.12
580.35	543.12
580.561	498.12
580.772	533.12
580.982	539.12
581.193	539.12
581.403	530.12
581.614	523.12
581.825	515.12
582.035	525.12
582.246	523.12
582.456	506.12
582.667	531.12
582.877	555.12
583.087	508.12
583.298	520.12
583.508	507.12
583.719	490.12
583.929	497.12
584.139	489.12
584.35	510.12
584.56	501.12
584.77	498.12
584.981	487.12
585.191	509.12
585.401	503.12
585.611	511.12
585.821	500.12
586.032	474.12
586.242	513.12
586.452	493.12
586.662	490.12
586.872	480.12
587.082	482.12
587.292	516.12
587.502	489.12
587.713	473.12
587.923	486.12
588.133	475.12
588.343	481.12
588.553	492.12
588.762	478.12
588.972	482.12
589.182	482.12
589.392	490.12
589.602	515.12
589.812	517.12
590.022	493.12
590.232	492.12
590.441	478.12
590.651	490.12
590.861	493.12
591.071	490.12
591.281	500.12
591.49	478.12
591.7	511.12
591.91	529.12
592.119	505.12
592.329	515.12
592.539	537.12
592.748	558.12
592.958	546.12
593.167	577.12
593.377	583.12
593.587	583.12
593.796	564.12
594.006	581.12
594.215	595.12
594.424	581.12
594.634	564.12
594.843	560.12
595.053	527.12
595.262	526.12
595.472	504.12
595.681	517.12
595.89	514.12
596.1	485.12
596.309	485.12
596.518	473.12
596.727	492.12
596.937	475.12
597.146	480.12
597.355	458.12
597.564	427.12
597.774	454.12
597.983	436.12
598.192	429.12
598.401	417.12
598.61	421.12
598.819	437.12
599.028	439.12
599.237	414.12
599.446	429.12
599.655	440.12
599.864	442.12
600.073	415.12
600.282	445.12
600.491	417.12
600.7	421.12
600.909	418.12
601.118	432.12
601.327	435.12
601.536	445.12
601.745	464.12
601.953	459.12
602.162	445.12
602.371	458.12
602.58	442.12
602.789	457.12
602.997	446.12
603.206	454.12
603.415	466.12
603.623	446.12
603.832	459.12
604.041	444.12
604.249	411.12
604.458	427.12
604.666	407.12
604.875	419.12
605.084	429.12
605.292	441.12
605.501	461.12
605.709	492.12
605.918	446.12
606.126	464.12
606.334	447.12
606.543	454.12
606.751	455.12
606.96	462.12
607.168	443.12
607.376	448.12
607.585	428.12
607.793	456.12
608.001	454.12
608.21	465.12
608.418	459.12
608.626	429.12
608.834	452.12
609.043	448.12
609.251	455.12
609.459	442.12
609.667	457.12
609.875	454.12
610.083	456.12
610.291	452.12
610.499	457.12
610.707	465.12
610.916	463.12
611.124	451.12
611.332	440.12
611.54	463.12
611.748	436.12
611.955	470.12
612.163	438.12
612.371	446.12
612.579	446.12
612.787	427.12
612.995	427.12
613.203	444.12
613.411	429.12
613.618	433.12
613.826	429.12
614.034	417.12
614.242	429.12
614.449	418.12
614.657	457.12
614.865	441.12
615.072	435.12
615.28	426.12
615.488	443.12
615.695	447.12
615.903	417.12
616.111	422.12
616.318	446.12
616.526	447.12
616.733	450.12
616.941	445.12
617.148	438.12
617.356	457.12
617.563	410.12
617.771	438.12
617.978	403.12
618.185	414.12
618.393	444.12
618.6	417.12
618.807	416.12
619.015	419.12
619.222	422.12
619.429	397.12
619.637	381.12
619.844	390.12
620.051	405.12
620.258	396.12
620.466	400.12
620.673	385.12
620.88	372.12
621.087	379.12
621.294	381.12
621.501	380.12
621.708	388.12
621.915	395.12
622.122	405.12
622.329	391.12
622.536	409.12
622.743	399.12
622.95	383.12
623.157	395.12
623.364	401.12
623.571	375.12
623.778	389.12
623.985	407.12
624.192	401.12
624.399	367.12
624.606	387.12
624.812	373.12
625.019	366.12
625.226	359.12
625.433	366.12
625.639	337.12
625.846	329.12
626.053	314.12
626.259	321.12
626.466	345.12
626.673	313.12
626.879	311.12
627.086	338.12
627.293	322.12
627.499	351.12
627.706	324.12
627.912	375.12
628.119	365.12
628.325	374.12
628.532	366.12
628.738	366.12
628.945	347.12
629.151	329.12
629.357	319.12
629.564	326.12
629.77	337.12
629.976	334.12
630.183	321.12
630.389	328.12
630.595	335.12
630.802	342.12
631.008	333.12
631.214	325.12
631.42	333.12
631.627	334.12
631.833	302.12
632.039	319.12
632.245	330.12
632.451	315.12
632.657	299.12
632.863	318.12
633.069	328.12
633.275	308.12
633.481	308.12
633.688	314.12
633.893	309.12
634.099	302.12
634.305	313.12
634.511	304.12
634.717	302.12
634.923	298.12
635.129	275.12
635.335	297.12
635.541	306.12
635.747	316.12
635.952	338.12
636.158	337.12
636.364	409.12
636.57	480.12
636.775	411.12
636.981	369.12
637.187	351.12
637.392	350.12
637.598	351.12
637.804	345.12
638.009	349.12
638.215	331.12
638.421	313.12
638.626	327.12
638.832	317.12
639.037	310.12
639.243	307.12
639.448	286.12
639.654	315.12
639.859	293.12
640.065	301.12
640.27	284.12
640.475	285.12
640.681	277.12
640.886	283.12
641.091	293.12
641.297	298.12
641.502	297.12
641.707	279.12
641.913	299.12
642.118	287.12
642.323	282.12
642.528	293.12
642.733	261.12
642.939	267.12
643.144	275.12
643.349	267.12
643.554	302.12
643.759	289.12
643.964	267.12
644.169	281.12
644.374	279.12
644.579	268.12
644.784	285.12
644.989	275.12
645.194	273.12
645.399	274.12
645.604	275.12
645.809	270.12
646.014	283.12
646.219	281.12
646.423	282.12
646.628	288.12
646.833	274.12
647.038	276.12
647.243	270.12
647.447	282.12
647.652	262.12
647.857	277.12
648.062	273.12
648.266	277.12
648.471	273.12
648.676	286.12
648.88	274.12
649.085	278.12
649.289	286.12
649.494	290.12
649.698	292.12
649.903	291.12
650.107	269.12
650.312	262.12
650.516	253.12
650.721	246.12
650.925	244.12
651.13	249.12
651.334	245.12
651.539	223.12
651.743	238.12
651.947	229.12
652.152	221.12
652.356	231.12
652.56	225.12
652.764	216.12
652.969	215.12
653.173	214.12
653.377	214.12
653.581	212.12
653.785	202.12
653.99	203.12
654.194	197.12
654.398	193.12
654.602	198.12
654.806	212.12
655.01	201.12
655.214	194.12
655.418	192.12
655.622	198.12
655.826	183.12
656.03	198.12
656.234	197.12
656.438	198.12
656.642	213.12
656.846	193.12
657.049	188.12
657.253	180.12
657.457	159.12
657.661	149.12
657.865	155.12
658.068	153.12
658.272	145.12
658.476	145.12
658.68	146.12
658.883	133.12
659.087	145.12
659.291	136.12
659.494	129.12
659.698	121.12
659.901	115.12
660.105	111.12
660.309	109.12
660.512	121.12
660.716	107.12
660.919	114.12
661.123	115.12
661.326	103.12
661.53	97.12
661.733	115.12
661.936	91.12
662.14	100.12
662.343	92.12
662.546	94.12
662.75	95.12
662.953	94.12
663.156	111.12
663.36	90.12
663.563	86.12
663.766	81.12
663.969	93.12
664.173	86.12
664.376	85.12
664.579	92.12
664.782	77.12
664.985	89.12
665.188	93.12
665.391	92.12
665.594	92.12
665.797	88.12
666	83.12
666.203	89.12
666.406	89.12
666.609	93.12
666.812	83.12
667.015	80.12
667.218	97.12
667.421	79.12
667.624	76.12
667.827	80.12
668.03	88.12
668.232	80.12
668.435	69.12
668.638	88.12
668.841	93.12
669.043	75.12
669.246	87.12
669.449	80.12
669.651	69.12
669.854	77.12
670.057	90.12
670.259	85.12
670.462	75.12
670.665	87.12
670.867	78.12
671.07	78.12
671.272	80.12
671.475	103.12
671.677	78.12
671.88	89.12
672.082	76.12
672.284	82.12
672.487	82.12
672.689	84.12
672.892	73.12
