223.165	-3.5
223.4	-3.5
223.635	-3.5
223.869	-10.5
224.104	-16.5
224.338	-13.5
224.573	-20.5
224.808	-2.5
225.042	-19.5
225.277	5.5
225.511	-6.5
225.746	1.5
225.98	13.5
226.215	8.5
226.449	9.5
226.683	10.5
226.918	18.5
227.152	25.5
227.387	27.5
227.621	41.5
227.856	43.5
228.09	36.5
228.324	43.5
228.559	57.5
228.793	71.5
229.027	115.5
229.262	144.5
229.496	136.5
229.73	155.5
229.964	184.5
230.199	147.5
230.433	125.5
230.667	138.5
230.901	149.5
231.136	153.5
231.37	137.5
231.604	124.5
231.838	130.5
232.072	127.5
232.306	142.5
232.541	133.5
232.775	142.5
233.009	137.5
233.243	138.5
233.477	137.5
233.711	132.5
233.945	139.5
234.179	147.5
234.413	141.5
234.647	158.5
234.881	137.5
235.115	132.5
235.349	137.5
235.583	162.5
235.817	151.5
236.051	139.5
236.285	154.5
236.519	146.5
236.753	162.5
236.987	173.5
237.221	213.5
237.455	255.5
237.689	205.5
237.922	181.5
238.156	168.5
238.39	151.5
238.624	175.5
238.858	162.5
239.091	165.5
239.325	155.5
239.559	176.5
239.793	163.5
240.027	177.5
240.26	169.5
240.494	172.5
240.728	191.5
240.961	206.5
241.195	188.5
241.429	182.5
241.662	182.5
241.896	184.5
242.13	168.5
242.363	157.5
242.597	191.5
242.83	175.5
243.064	184.5
243.298	190.5
243.531	195.5
243.765	208.5
243.998	201.5
244.232	219.5
244.465	209.5
244.699	205.5
244.932	191.5
245.166	208.5
245.399	196.5
245.633	200.5
245.866	200.5
246.099	209.5
246.333	211.5
246.566	209.5
246.8	210.5
247.033	200.5
247.266	203.5
247.5	223.5
247.733	206.5
247.966	233.5
248.2	253.5
248.433	244.5
248.666	237.5
248.899	233.5
249.133	275.5
249.366	287.5
249.599	270.5
249.832	273.5
250.066	270.5
250.299	279.5
250.532	315.5
250.765	339.5
250.998	305.5
251.231	316.5
251.465	286.5
251.698	305.5
251.931	276.5
252.164	282.5
252.397	288.5
252.63	280.5
252.863	280.5
253.096	286.5
253.329	299.5
253.562	309.5
253.795	290.5
254.028	293.5
254.261	289.5
254.494	296.5
254.727	303.5
254.96	350.5
255.193	328.5
255.426	343.5
255.659	347.5
255.892	399.5
256.124	483.5
256.357	482.5
256.59	427.5
256.823	377.5
257.056	352.5
257.289	332.5
257.521	317.5
257.754	325.5
257.987	316.5
258.22	320.5
258.452	327.5
258.685	308.5
258.918	317.5
259.151	308.5
259.383	302.5
259.616	295.5
259.849	300.5
260.081	315.5
260.314	337.5
260.547	348.5
260.779	330.5
261.012	326.5
261.244	325.5
261.477	341.5
261.71	307.5
261.942	327.5
262.175	344.5
262.407	332.5
262.64	324.5
262.872	285.5
263.105	303.5
263.337	312.5
263.57	301.5
263.802	301.5
264.035	317.5
264.267	338.5
264.499	301.5
264.732	332.5
264.964	311.5
265.197	315.5
265.429	321.5
265.661	329.5
265.894	322.5
266.126	343.5
266.358	321.5
266.591	329.5
266.823	332.5
267.055	329.5
267.287	330.5
267.52	313.5
267.752	332.5
267.984	341.5
268.216	351.5
268.448	350.5
268.681	344.5
268.913	363.5
269.145	383.5
269.377	367.5
269.609	359.5
269.841	378.5
270.073	360.5
270.306	393.5
270.538	397.5
270.77	398.5
271.002	392.5
271.234	384.5
271.466	383.5
271.698	415.5
271.93	410.5
272.162	441.5
272.394	403.5
272.626	425.5
272.858	417.5
273.09	385.5
273.322	386.5
273.553	373.5
273.785	403.5
274.017	402.5
274.249	398.5
274.481	408.5
274.713	386.5
274.945	400.5
275.176	409.5
275.408	407.5
275.64	403.5
275.872	402.5
276.104	418.5
276.335	413.5
276.567	427.5
276.799	439.5
277.031	480.5
277.262	476.5
277.494	477.5
277.726	472.5
277.957	428.5
278.189	435.5
278.421	458.5
278.652	435.5
278.884	424.5
279.115	423.5
279.347	418.5
279.579	431.5
279.81	458.5
280.042	448.5
280.273	493.5
280.505	487.5
280.736	453.5
280.968	451.5
281.199	442.5
281.431	437.5
281.662	447.5
281.894	431.5
282.125	432.5
282.356	483.5
282.588	484.5
282.819	468.5
283.051	467.5
283.282	421.5
283.513	435.5
283.745	437.5
283.976	453.5
284.207	455.5
284.439	447.5
284.67	444.5
284.901	428.5
285.132	428.5
285.364	455.5
285.595	444.5
285.826	448.5
286.057	463.5
286.288	454.5
286.52	447.5
286.751	441.5
286.982	454.5
287.213	466.5
287.444	447.5
287.675	451.5
287.906	480.5
288.138	472.5
288.369	487.5
288.6	482.5
288.831	469.5
289.062	492.5
289.293	471.5
289.524	468.5
289.755	465.5
289.986	474.5
290.217	451.5
290.448	461.5
290.679	476.5
290.91	460.5
291.141	466.5
291.371	464.5
291.602	442.5
291.833	450.5
292.064	465.5
292.295	462.5
292.526	472.5
292.757	481.5
292.987	468.5
293.218	472.5
293.449	463.5
293.68	472.5
293.91	476.5
294.141	467.5
294.372	479.5
294.603	470.5
294.833	479.5
295.064	480.5
295.295	482.5
295.525	481.5
295.756	493.5
295.987	514.5
296.217	562.5
296.448	539.5
296.679	511.5
296.909	501.5
297.14	525.5
297.37	495.5
297.601	520.5
297.831	513.5
298.062	507.5
298.292	527.5
298.523	521.5
298.753	507.5
298.984	494.5
299.214	522.5
299.445	543.5
299.675	539.5
299.905	538.5
300.136	531.5
300.366	535.5
300.597	551.5
300.827	544.5
301.057	542.5
301.288	569.5
301.518	565.5
301.748	531.5
301.979	570.5
302.209	576.5
302.439	582.5
302.669	559.5
302.9	576.5
303.13	551.5
303.36	568.5
303.59	569.5
303.82	579.5
304.051	598.5
304.281	577.5
304.511	551.5
304.741	565.5
304.971	556.5
305.201	563.5
305.431	547.5
305.661	557.5
305.891	569.5
306.121	559.5
306.352	575.5
306.582	593.5
306.812	547.5
307.042	571.5
307.272	596.5
307.502	623.5
307.731	593.5
307.961	570.5
308.191	578.5
308.421	577.5
308.651	599.5
308.881	590.5
309.111	596.5
309.341	607.5
309.571	588.5
309.8	616.5
310.03	637.5
310.26	601.5
310.49	649.5
310.72	633.5
310.949	663.5
311.179	663.5
311.409	616.5
311.639	635.5
311.868	624.5
312.098	645.5
312.328	663.5
312.557	668.5
312.787	665.5
313.017	667.5
313.246	674.5
313.476	653.5
313.706	635.5
313.935	655.5
314.165	670.5
314.394	729.5
314.624	689.5
314.853	654.5
315.083	665.5
315.312	669.5
315.542	661.5
315.771	636.5
316.001	668.5
316.23	632.5
316.46	656.5
316.689	673.5
316.919	684.5
317.148	686.5
317.377	673.5
317.607	683.5
317.836	670.5
318.065	666.5
318.295	676.5
318.524	663.5
318.753	656.5
318.983	674.5
319.212	683.5
319.441	687.5
319.67	700.5
319.9	706.5
320.129	683.5
320.358	663.5
320.587	701.5
320.816	706.5
321.046	708.5
321.275	713.5
321.504	704.5
321.733	736.5
321.962	744.5
322.191	777.5
322.42	773.5
322.649	769.5
322.878	789.5
323.108	836.5
323.337	857.5
323.566	877.5
323.795	949.5
324.024	1034.5
324.253	1221.5
324.482	1683.5
324.71	2585.5
324.939	3625.5
325.168	2915.5
325.397	1615.5
325.626	1191.5
325.855	1051.5
326.084	1007.5
326.313	958.5
326.542	997.5
326.77	1074.5
326.999	1240.5
327.228	1643.5
327.457	2434.5
327.686	2837.5
327.914	1947.5
328.143	1552.5
328.372	1573.5
328.6	1404.5
328.829	1201.5
329.058	1173.5
329.287	1208.5
329.515	1176.5
329.744	1240.5
329.972	1404.5
330.201	1762.5
330.43	2150.5
330.658	1844.5
330.887	1412.5
331.115	1271.5
331.344	1113.5
331.572	1060.5
331.801	1021.5
332.03	1033.5
332.258	1004.5
332.486	1007.5
332.715	1042.5
332.943	1068.5
333.172	1129.5
333.4	1179.5
333.629	1241.5
333.857	1354.5
334.085	1559.5
334.314	1971.5
334.542	2565.5
334.771	2710.5
334.999	1870.5
335.227	1380.5
335.455	1187.5
335.684	1108.5
335.912	1067.5
336.14	1014.5
336.369	1020.5
336.597	995.5
336.825	988.5
337.053	964.5
337.281	927.5
337.51	942.5
337.738	942.5
337.966	878.5
338.194	913.5
338.422	858.5
338.65	882.5
338.878	891.5
339.106	869.5
339.334	875.5
339.562	848.5
339.79	836.5
340.018	848.5
340.246	858.5
340.474	853.5
340.702	851.5
340.93	843.5
341.158	818.5
341.386	841.5
341.614	825.5
341.842	817.5
342.07	801.5
342.298	845.5
342.526	805.5
342.754	807.5
342.981	809.5
343.209	797.5
343.437	842.5
343.665	888.5
343.893	886.5
344.12	939.5
344.348	931.5
344.576	894.5
344.804	877.5
345.031	891.5
345.259	884.5
345.487	835.5
345.714	855.5
345.942	817.5
346.17	821.5
346.397	803.5
346.625	811.5
346.853	800.5
347.08	802.5
347.308	842.5
347.535	830.5
347.763	813.5
347.99	811.5
348.218	832.5
348.445	849.5
348.673	814.5
348.9	824.5
349.128	815.5
349.355	789.5
349.583	788.5
349.81	777.5
350.037	766.5
350.265	799.5
350.492	804.5
350.72	772.5
350.947	779.5
351.174	802.5
351.402	817.5
351.629	825.5
351.856	827.5
352.083	799.5
352.311	815.5
352.538	826.5
352.765	839.5
352.992	824.5
353.22	833.5
353.447	791.5
353.674	795.5
353.901	782.5
354.128	780.5
354.355	779.5
354.583	779.5
354.81	774.5
355.037	791.5
355.264	783.5
355.491	772.5
355.718	752.5
355.945	791.5
356.172	791.5
356.399	792.5
356.626	780.5
356.853	770.5
357.08	783.5
357.307	790.5
357.534	787.5
357.761	780.5
357.988	817.5
358.215	795.5
358.441	785.5
358.668	793.5
358.895	789.5
359.122	809.5
359.349	815.5
359.576	840.5
359.802	838.5
360.029	884.5
360.256	935.5
360.483	868.5
360.709	831.5
360.936	832.5
361.163	825.5
361.39	834.5
361.616	850.5
361.843	838.5
362.07	821.5
362.296	820.5
362.523	832.5
362.749	850.5
362.976	823.5
363.203	802.5
363.429	828.5
363.656	797.5
363.882	831.5
364.109	798.5
364.335	811.5
364.562	831.5
364.788	790.5
365.015	793.5
365.241	829.5
365.468	825.5
365.694	824.5
365.92	821.5
366.147	822.5
366.373	809.5
366.599	825.5
366.826	802.5
367.052	794.5
367.278	819.5
367.505	828.5
367.731	833.5
367.957	801.5
368.184	851.5
368.41	846.5
368.636	865.5
368.862	880.5
369.089	844.5
369.315	869.5
369.541	862.5
369.767	841.5
369.993	861.5
370.219	847.5
370.445	858.5
370.672	852.5
370.898	860.5
371.124	863.5
371.35	857.5
371.576	851.5
371.802	878.5
372.028	873.5
372.254	873.5
372.48	864.5
372.706	909.5
372.932	897.5
373.158	898.5
373.384	871.5
373.61	876.5
373.835	871.5
374.061	885.5
374.287	890.5
374.513	882.5
374.739	911.5
374.965	925.5
375.191	957.5
375.416	953.5
375.642	921.5
375.868	916.5
376.094	916.5
376.319	898.5
376.545	878.5
376.771	874.5
376.997	878.5
377.222	893.5
377.448	879.5
377.674	872.5
377.899	873.5
378.125	866.5
378.35	866.5
378.576	836.5
378.802	878.5
379.027	848.5
379.253	866.5
379.478	858.5
379.704	874.5
379.929	869.5
380.155	855.5
380.38	891.5
380.606	909.5
380.831	886.5
381.057	896.5
381.282	884.5
381.507	894.5
381.733	899.5
381.958	893.5
382.184	905.5
382.409	917.5
382.634	938.5
382.86	935.5
383.085	913.5
383.31	965.5
383.535	951.5
383.761	931.5
383.986	960.5
384.211	986.5
384.436	989.5
384.662	1023.5
384.887	1015.5
385.112	984.5
385.337	1011.5
385.562	1019.5
385.787	1024.5
386.013	1048.5
386.238	1053.5
386.463	1029.5
386.688	1002.5
386.913	1059.5
387.138	1063.5
387.363	1051.5
387.588	1040.5
387.813	1029.5
388.038	1013.5
388.263	1034.5
388.488	1029.5
388.713	1036.5
388.938	1058.5
389.163	1013.5
389.387	1033.5
389.612	1036.5
389.837	1041.5
390.062	1010.5
390.287	1010.5
390.512	1027.5
390.736	1059.5
390.961	1111.5
391.186	1080.5
391.411	1090.5
391.636	1113.5
391.86	1171.5
392.085	1141.5
392.31	1181.5
392.534	1139.5
392.759	1101.5
392.984	1118.5
393.208	1087.5
393.433	1132.5
393.658	1119.5
393.882	1117.5
394.107	1125.5
394.331	1146.5
394.556	1131.5
394.78	1145.5
395.005	1122.5
395.229	1141.5
395.454	1155.5
395.678	1180.5
395.903	1188.5
396.127	1203.5
396.352	1200.5
396.576	1170.5
396.801	1135.5
397.025	1155.5
397.249	1153.5
397.474	1193.5
397.698	1207.5
397.922	1266.5
398.147	1240.5
398.371	1246.5
398.595	1267.5
398.82	1289.5
399.044	1363.5
399.268	1469.5
399.492	1651.5
399.717	1803.5
399.941	1797.5
400.165	1670.5
400.389	1603.5
400.613	1498.5
400.837	1440.5
401.062	1383.5
401.286	1332.5
401.51	1325.5
401.734	1346.5
401.958	1379.5
402.182	1383.5
402.406	1389.5
402.63	1410.5
402.854	1414.5
403.078	1415.5
403.302	1449.5
403.526	1483.5
403.75	1501.5
403.974	1536.5
404.198	1533.5
404.422	1533.5
404.645	1575.5
404.869	1519.5
405.093	1642.5
405.317	1715.5
405.541	1779.5
405.765	1654.5
405.988	1564.5
406.212	1583.5
406.436	1655.5
406.66	1645.5
406.883	1607.5
407.107	1697.5
407.331	1782.5
407.555	1819.5
407.778	1840.5
408.002	1739.5
408.226	1635.5
408.449	1637.5
408.673	1587.5
408.896	1613.5
409.12	1640.5
409.344	1610.5
409.567	1531.5
409.791	1565.5
410.014	1530.5
410.238	1527.5
410.461	1508.5
410.685	1521.5
410.908	1519.5
411.132	1519.5
411.355	1537.5
411.578	1528.5
411.802	1467.5
412.025	1511.5
412.249	1537.5
412.472	1649.5
412.695	1729.5
412.919	1656.5
413.142	1564.5
413.365	1532.5
413.589	1483.5
413.812	1441.5
414.035	1442.5
414.258	1427.5
414.482	1424.5
414.705	1424.5
414.928	1424.5
415.151	1424.5
415.374	1420.5
415.597	1410.5
415.821	1397.5
416.044	1413.5
416.267	1404.5
416.49	1387.5
416.713	1395.5
416.936	1386.5
417.159	1405.5
417.382	1408.5
417.605	1420.5
417.828	1446.5
418.051	1473.5
418.274	1458.5
418.497	1425.5
418.72	1422.5
418.943	1412.5
419.166	1531.5
419.389	1575.5
419.611	1553.5
419.834	1541.5
420.057	1507.5
420.28	1562.5
420.503	1579.5
420.726	1511.5
420.948	1533.5
421.171	1525.5
421.394	1553.5
421.617	1502.5
421.839	1533.5
422.062	1476.5
422.285	1444.5
422.507	1565.5
422.73	1637.5
422.953	1600.5
423.175	1527.5
423.398	1512.5
423.621	1473.5
423.843	1522.5
424.066	1533.5
424.288	1512.5
424.511	1537.5
424.733	1640.5
424.956	1700.5
425.178	1633.5
425.401	1619.5
425.623	1640.5
425.846	1495.5
426.068	1435.5
426.291	1426.5
426.513	1449.5
426.735	1412.5
426.958	1484.5
427.18	1576.5
427.402	1746.5
427.625	1841.5
427.847	1795.5
428.069	1679.5
428.292	1571.5
428.514	1450.5
428.736	1370.5
428.958	1355.5
429.181	1343.5
429.403	1324.5
429.625	1372.5
429.847	1358.5
430.069	1434.5
430.292	1415.5
430.514	1343.5
430.736	1345.5
430.958	1324.5
431.18	1280.5
431.402	1278.5
431.624	1249.5
431.846	1289.5
432.068	1209.5
432.29	1263.5
432.512	1282.5
432.734	1302.5
432.956	1309.5
433.178	1355.5
433.4	1359.5
433.622	1316.5
433.844	1339.5
434.066	1285.5
434.287	1295.5
434.509	1267.5
434.731	1306.5
434.953	1375.5
435.175	1431.5
435.397	1453.5
435.618	1405.5
435.84	1401.5
436.062	1526.5
436.284	1553.5
436.505	1457.5
436.727	1402.5
436.949	1352.5
437.17	1349.5
437.392	1328.5
437.614	1300.5
437.835	1313.5
438.057	1458.5
438.278	1552.5
438.5	1565.5
438.721	1678.5
438.943	1613.5
439.165	1429.5
439.386	1404.5
439.608	1422.5
439.829	1432.5
440.05	1469.5
440.272	1504.5
440.493	1486.5
440.715	1432.5
440.936	1397.5
441.158	1409.5
441.379	1422.5
441.6	1466.5
441.822	1518.5
442.043	1515.5
442.264	1653.5
442.486	1651.5
442.707	1534.5
442.928	1473.5
443.149	1509.5
443.371	1531.5
443.592	1578.5
443.813	1692.5
444.034	1750.5
444.255	1618.5
444.476	1591.5
444.698	1615.5
444.919	1627.5
445.14	1720.5
445.361	1626.5
445.582	1621.5
445.803	1613.5
446.024	1726.5
446.245	1659.5
446.466	1621.5
446.687	1484.5
446.908	1443.5
447.129	1383.5
447.35	1337.5
447.571	1338.5
447.792	1343.5
448.013	1358.5
448.234	1349.5
448.455	1386.5
448.675	1500.5
448.896	1622.5
449.117	1461.5
449.338	1419.5
449.559	1567.5
449.779	1664.5
450	1494.5
450.221	1339.5
450.442	1288.5
450.662	1293.5
450.883	1305.5
451.104	1352.5
451.324	1289.5
451.545	1264.5
451.766	1257.5
451.986	1205.5
452.207	1192.5
452.428	1210.5
452.648	1193.5
452.869	1147.5
453.089	1144.5
453.31	1168.5
453.53	1186.5
453.751	1129.5
453.971	1141.5
454.192	1199.5
454.412	1147.5
454.633	1143.5
454.853	1141.5
455.073	1123.5
455.294	1179.5
455.514	1208.5
455.734	1183.5
455.955	1108.5
456.175	1076.5
456.395	1084.5
456.616	1047.5
456.836	1067.5
457.056	1042.5
457.276	1038.5
457.497	1067.5
457.717	1072.5
457.937	1103.5
458.157	1106.5
458.377	1125.5
458.598	1145.5
458.818	1227.5
459.038	1373.5
459.258	1342.5
459.478	1291.5
459.698	1224.5
459.918	1258.5
460.138	1300.5
460.358	1364.5
460.578	1312.5
460.798	1357.5
461.018	1388.5
461.238	1373.5
461.458	1356.5
461.678	1369.5
461.898	1385.5
462.118	1345.5
462.338	1402.5
462.558	1426.5
462.777	1499.5
462.997	1576.5
463.217	1662.5
463.437	1694.5
463.657	1599.5
463.876	1492.5
464.096	1530.5
464.316	1534.5
464.536	1528.5
464.755	1507.5
464.975	1499.5
465.195	1532.5
465.414	1636.5
465.634	1447.5
465.854	1336.5
466.073	1279.5
466.293	1257.5
466.512	1296.5
466.732	1253.5
466.951	1242.5
467.171	1247.5
467.391	1240.5
467.61	1279.5
467.829	1341.5
468.049	1458.5
468.268	1715.5
468.488	1472.5
468.707	1352.5
468.927	1316.5
469.146	1250.5
469.365	1263.5
469.585	1220.5
469.804	1279.5
470.023	1307.5
470.243	1355.5
470.462	1354.5
470.681	1395.5
470.901	1359.5
471.12	1314.5
471.339	1321.5
471.558	1285.5
471.777	1314.5
471.997	1377.5
472.216	1665.5
472.435	2752.5
472.654	2190.5
472.873	1579.5
473.092	1443.5
473.311	1383.5
473.53	1301.5
473.749	1301.5
473.968	1344.5
474.187	1360.5
474.406	1363.5
474.625	1276.5
474.844	1271.5
475.063	1245.5
475.282	1199.5
475.501	1209.5
475.72	1213.5
475.939	1199.5
476.158	1232.5
476.377	1251.5
476.596	1233.5
476.814	1236.5
477.033	1213.5
477.252	1255.5
477.471	1279.5
477.69	1326.5
477.908	1349.5
478.127	1383.5
478.346	1397.5
478.564	1413.5
478.783	1404.5
479.002	1463.5
479.22	1474.5
479.439	1464.5
479.658	1525.5
479.876	1474.5
480.095	1488.5
480.313	1587.5
480.532	1588.5
480.751	1690.5
480.969	1954.5
481.188	3443.5
481.406	4358.5
481.624	2510.5
481.843	1931.5
482.061	1767.5
482.28	1621.5
482.498	1532.5
482.717	1456.5
482.935	1497.5
483.153	1537.5
483.372	1520.5
483.59	1481.5
483.808	1444.5
484.027	1430.5
484.245	1481.5
484.463	1496.5
484.681	1493.5
484.9	1500.5
485.118	1472.5
485.336	1455.5
485.554	1416.5
485.772	1443.5
485.99	1433.5
486.209	1413.5
486.427	1427.5
486.645	1479.5
486.863	1549.5
487.081	1513.5
487.299	1466.5
487.517	1475.5
487.735	1553.5
487.953	1573.5
488.171	1609.5
488.389	1567.5
488.607	1512.5
488.825	1497.5
489.043	1467.5
489.261	1493.5
489.479	1505.5
489.696	1519.5
489.914	1540.5
490.132	1551.5
490.35	1575.5
490.568	1610.5
490.786	1680.5
491.003	1732.5
491.221	1725.5
491.439	1804.5
491.657	1853.5
491.874	1851.5
492.092	1928.5
492.31	1975.5
492.527	1980.5
492.745	1961.5
492.963	1917.5
493.18	1908.5
493.398	1914.5
493.615	1880.5
493.833	1834.5
494.05	1826.5
494.268	1810.5
494.485	1844.5
494.703	1808.5
494.92	1879.5
495.138	1799.5
495.355	1788.5
495.573	1805.5
495.79	1792.5
496.008	1794.5
496.225	1811.5
496.442	1744.5
496.66	1805.5
496.877	1793.5
497.094	1773.5
497.312	1811.5
497.529	1821.5
497.746	1846.5
497.963	1844.5
498.181	1876.5
498.398	1924.5
498.615	1964.5
498.832	2075.5
499.049	2149.5
499.267	2279.5
499.484	2437.5
499.701	2610.5
499.918	2815.5
500.135	3087.5
500.352	3440.5
500.569	3560.5
500.786	3498.5
501.003	3319.5
501.22	3035.5
501.437	2781.5
501.654	2547.5
501.871	2433.5
502.088	2288.5
502.305	2151.5
502.522	2000.5
502.739	1971.5
502.956	1886.5
503.172	1825.5
503.389	1791.5
503.606	1740.5
503.823	1707.5
504.04	1703.5
504.256	1700.5
504.473	1724.5
504.69	1746.5
504.907	1674.5
505.123	1645.5
505.34	1601.5
505.557	1528.5
505.773	1519.5
505.99	1514.5
506.207	1478.5
506.423	1477.5
506.64	1457.5
506.856	1440.5
507.073	1413.5
507.289	1417.5
507.506	1406.5
507.722	1471.5
507.939	1423.5
508.155	1425.5
508.372	1393.5
508.588	1340.5
508.805	1322.5
509.021	1355.5
509.238	1357.5
509.454	1328.5
509.67	1336.5
509.887	1337.5
510.103	1307.5
510.319	1361.5
510.536	1608.5
510.752	2895.5
510.968	2133.5
511.184	1371.5
511.401	1331.5
511.617	1316.5
511.833	1373.5
512.049	1375.5
512.265	1352.5
512.481	1338.5
512.698	1295.5
512.914	1331.5
513.13	1283.5
513.346	1275.5
513.562	1296.5
513.778	1309.5
513.994	1339.5
514.21	1392.5
514.426	1389.5
514.642	1463.5
514.858	1516.5
515.074	1564.5
515.29	1909.5
515.506	2863.5
515.721	2231.5
515.937	1604.5
516.153	1503.5
516.369	1408.5
516.585	1440.5
516.801	1437.5
517.016	1467.5
517.232	1493.5
517.448	1551.5
517.664	1567.5
517.879	1582.5
518.095	1585.5
518.311	1544.5
518.527	1487.5
518.742	1506.5
518.958	1414.5
519.173	1419.5
519.389	1390.5
519.605	1382.5
519.82	1380.5
520.036	1394.5
520.251	1397.5
520.467	1435.5
520.682	1432.5
520.898	1411.5
521.113	1455.5
521.329	1547.5
521.544	1701.5
521.76	2179.5
521.975	3733.5
522.19	3439.5
522.406	1861.5
522.621	1455.5
522.836	1362.5
523.052	1315.5
523.267	1284.5
523.482	1239.5
523.698	1229.5
523.913	1235.5
524.128	1239.5
524.343	1245.5
524.559	1214.5
524.774	1198.5
524.989	1163.5
525.204	1184.5
525.419	1188.5
525.634	1133.5
525.849	1136.5
526.064	1108.5
526.28	1116.5
526.495	1105.5
526.71	1063.5
526.925	1068.5
527.14	1042.5
527.355	1047.5
527.57	1044.5
527.785	1075.5
527.999	1052.5
528.214	1066.5
528.429	1085.5
528.644	1136.5
528.859	1138.5
529.074	1193.5
529.289	1236.5
529.503	1370.5
529.718	1289.5
529.933	1135.5
530.148	1112.5
530.363	1069.5
530.577	1049.5
530.792	1028.5
531.007	1042.5
531.221	1009.5
531.436	1049.5
531.651	1023.5
531.865	1044.5
532.08	1044.5
532.295	1033.5
532.509	1011.5
532.724	1027.5
532.938	1045.5
533.153	1026.5
533.367	1066.5
533.582	1072.5
533.796	1061.5
534.011	1060.5
534.225	1039.5
534.44	997.5
534.654	1006.5
534.868	1014.5
535.083	1015.5
535.297	1019.5
535.511	1003.5
535.726	1060.5
535.94	1029.5
536.154	1013.5
536.369	988.5
536.583	977.5
536.797	955.5
537.011	954.5
537.225	943.5
537.44	963.5
537.654	958.5
537.868	929.5
538.082	967.5
538.296	952.5
538.51	986.5
538.724	1006.5
538.938	984.5
539.153	1025.5
539.367	1025.5
539.581	984.5
539.795	977.5
540.009	931.5
540.222	945.5
540.436	997.5
540.65	975.5
540.864	998.5
541.078	1057.5
541.292	1040.5
541.506	1072.5
541.72	1132.5
541.934	1124.5
542.147	1143.5
542.361	1107.5
542.575	1057.5
542.789	1057.5
543.002	980.5
543.216	981.5
543.43	995.5
543.644	1000.5
543.857	1062.5
544.071	1056.5
544.285	1067.5
544.498	1055.5
544.712	1076.5
544.925	1056.5
545.139	1082.5
545.352	1094.5
545.566	1104.5
545.779	1105.5
545.993	1099.5
546.206	1093.5
546.42	1089.5
546.633	1108.5
546.847	1124.5
547.06	1115.5
547.274	1104.5
547.487	1114.5
547.7	1146.5
547.914	1118.5
548.127	1110.5
548.34	1092.5
548.554	1111.5
548.767	1080.5
548.98	1076.5
549.193	1084.5
549.407	1081.5
549.62	1109.5
549.833	1091.5
550.046	1112.5
550.259	1095.5
550.473	1047.5
550.686	1076.5
550.899	1083.5
551.112	1049.5
551.325	1034.5
551.538	996.5
551.751	953.5
551.964	960.5
552.177	980.5
552.39	998.5
552.603	1073.5
552.816	1094.5
553.029	1110.5
553.242	1165.5
553.455	1171.5
553.667	1141.5
553.88	1166.5
554.093	1109.5
554.306	1086.5
554.519	1082.5
554.732	1059.5
554.944	1049.5
555.157	1016.5
555.37	1020.5
555.583	975.5
555.795	993.5
556.008	961.5
556.221	936.5
556.433	952.5
556.646	905.5
556.859	917.5
557.071	937.5
557.284	921.5
557.496	908.5
557.709	939.5
557.921	900.5
558.134	892.5
558.346	920.5
558.559	895.5
558.771	871.5
558.984	857.5
559.196	859.5
559.409	862.5
559.621	833.5
559.833	863.5
560.046	860.5
560.258	833.5
560.47	852.5
560.683	828.5
560.895	835.5
561.107	850.5
561.32	831.5
561.532	872.5
561.744	853.5
561.956	847.5
562.168	843.5
562.381	845.5
562.593	847.5
562.805	858.5
563.017	846.5
563.229	850.5
563.441	829.5
563.653	823.5
563.865	825.5
564.077	836.5
564.289	851.5
564.501	853.5
564.713	870.5
564.925	873.5
565.137	895.5
565.349	882.5
565.561	879.5
565.773	901.5
565.985	925.5
566.197	972.5
566.408	1023.5
566.62	1099.5
566.832	1133.5
567.044	1175.5
567.255	1148.5
567.467	1182.5
567.679	1217.5
567.891	1268.5
568.102	1259.5
568.314	1200.5
568.526	1083.5
568.737	1004.5
568.949	918.5
569.161	860.5
569.372	851.5
569.584	823.5
569.795	803.5
570.007	779.5
570.218	875.5
570.43	839.5
570.641	777.5
570.853	757.5
571.064	764.5
571.276	783.5
571.487	747.5
571.698	756.5
571.91	683.5
572.121	692.5
572.333	702.5
572.544	698.5
572.755	653.5
572.966	642.5
573.178	636.5
573.389	645.5
573.6	610.5
573.811	608.5
574.023	629.5
574.234	613.5
574.445	604.5
574.656	612.5
574.867	626.5
575.078	608.5
575.289	612.5
575.501	611.5
575.712	585.5
575.923	579.5
576.134	592.5
576.345	599.5
576.556	602.5
576.767	593.5
576.978	581.5
577.188	594.5
577.399	565.5
577.61	576.5
577.821	583.5
578.032	597.5
578.243	641.5
578.454	1063.5
578.665	767.5
578.875	577.5
579.086	541.5
579.297	535.5
579.508	522.5
579.718	544.5
579.929	523.5
580.14	546.5
580.35	533.5
580.561	531.5
580.772	535.5
580.982	517.5
581.193	517.5
581.403	520.5
581.614	524.5
581.825	523.5
582.035	511.5
582.246	528.5
582.456	515.5
582.667	533.5
582.877	537.5
583.087	531.5
583.298	501.5
583.508	493.5
583.719	505.5
583.929	510.5
584.139	521.5
584.35	513.5
584.56	495.5
584.77	495.5
584.981	480.5
585.191	477.5
585.401	497.5
585.611	490.5
585.821	480.5
586.032	469.5
586.242	487.5
586.452	476.5
586.662	475.5
586.872	506.5
587.082	472.5
587.292	480.5
587.502	482.5
587.713	493.5
587.923	450.5
588.133	479.5
588.343	481.5
588.553	474.5
588.762	464.5
588.972	489.5
589.182	521.5
589.392	477.5
589.602	487.5
589.812	491.5
590.022	485.5
590.232	490.5
590.441	479.5
590.651	497.5
590.861	472.5
591.071	494.5
591.281	488.5
591.49	465.5
591.7	504.5
591.91	516.5
592.119	518.5
592.329	525.5
592.539	543.5
592.748	559.5
592.958	546.5
593.167	548.5
593.377	551.5
593.587	585.5
593.796	569.5
594.006	568.5
594.215	580.5
594.424	563.5
594.634	571.5
594.843	559.5
595.053	573.5
595.262	545.5
595.472	520.5
595.681	501.5
595.89	502.5
596.1	473.5
596.309	497.5
596.518	480.5
596.727	472.5
596.937	474.5
597.146	464.5
597.355	451.5
597.564	458.5
597.774	447.5
597.983	451.5
598.192	417.5
598.401	439.5
598.61	430.5
598.819	451.5
599.028	440.5
599.237	451.5
599.446	444.5
599.655	414.5
599.864	421.5
600.073	420.5
600.282	412.5
600.491	401.5
600.7	421.5
600.909	441.5
601.118	434.5
601.327	432.5
601.536	447.5
601.745	463.5
601.953	473.5
602.162	454.5
602.371	465.5
602.58	457.5
602.789	464.5
602.997	452.5
603.206	465.5
603.415	450.5
603.623	453.5
603.832	428.5
604.041	425.5
604.249	402.5
604.458	413.5
604.666	410.5
604.875	407.5
605.084	416.5
605.292	430.5
605.501	416.5
605.709	479.5
605.918	466.5
606.126	463.5
606.334	453.5
606.543	443.5
606.751	454.5
606.96	441.5
607.168	460.5
607.376	452.5
607.585	460.5
607.793	442.5
608.001	462.5
608.21	457.5
608.418	445.5
608.626	436.5
608.834	454.5
609.043	460.5
609.251	464.5
609.459	450.5
609.667	452.5
609.875	458.5
610.083	472.5
610.291	445.5
610.499	441.5
610.707	438.5
610.916	457.5
611.124	464.5
611.332	442.5
611.54	440.5
611.748	454.5
611.955	413.5
612.163	440.5
612.371	428.5
612.579	427.5
612.787	430.5
612.995	445.5
613.203	447.5
613.411	424.5
613.618	442.5
613.826	427.5
614.034	432.5
614.242	441.5
614.449	418.5
614.657	430.5
614.865	435.5
615.072	442.5
615.28	455.5
615.488	441.5
615.695	408.5
615.903	445.5
616.111	453.5
616.318	458.5
616.526	441.5
616.733	443.5
616.941	412.5
617.148	435.5
617.356	449.5
617.563	417.5
617.771	416.5
617.978	397.5
618.185	433.5
618.393	419.5
618.6	423.5
618.807	428.5
619.015	445.5
619.222	420.5
619.429	409.5
619.637	410.5
619.844	393.5
620.051	390.5
620.258	381.5
620.466	408.5
620.673	402.5
620.88	390.5
621.087	407.5
621.294	391.5
621.501	396.5
621.708	372.5
621.915	387.5
622.122	402.5
622.329	395.5
622.536	403.5
622.743	368.5
622.95	387.5
623.157	387.5
623.364	372.5
623.571	376.5
623.778	373.5
623.985	385.5
624.192	380.5
624.399	371.5
624.606	371.5
624.812	371.5
625.019	378.5
625.226	353.5
625.433	343.5
625.639	333.5
625.846	354.5
626.053	326.5
626.259	317.5
626.466	318.5
626.673	311.5
626.879	326.5
627.086	312.5
627.293	323.5
627.499	337.5
627.706	349.5
627.912	371.5
628.119	359.5
628.325	365.5
628.532	340.5
628.738	341.5
628.945	341.5
629.151	340.5
629.357	326.5
629.564	323.5
629.77	316.5
629.976	329.5
630.183	317.5
630.389	310.5
630.595	309.5
630.802	326.5
631.008	323.5
631.214	323.5
631.42	328.5
631.627	301.5
631.833	331.5
632.039	300.5
632.245	319.5
632.451	328.5
632.657	313.5
632.863	306.5
633.069	299.5
633.275	323.5
633.481	301.5
633.688	309.5
633.893	303.5
634.099	300.5
634.305	306.5
634.511	309.5
634.717	298.5
634.923	273.5
635.129	282.5
635.335	299.5
635.541	269.5
635.747	315.5
635.952	317.5
636.158	335.5
636.364	402.5
636.57	415.5
636.775	374.5
636.981	330.5
637.187	335.5
637.392	325.5
637.598	328.5
637.804	319.5
638.009	311.5
638.215	324.5
638.421	309.5
638.626	307.5
638.832	301.5
639.037	296.5
639.243	297.5
639.448	300.5
639.654	286.5
639.859	288.5
640.065	298.5
640.27	284.5
640.475	277.5
640.681	292.5
640.886	297.5
641.091	282.5
641.297	302.5
641.502	292.5
641.707	283.5
641.913	281.5
642.118	301.5
642.323	290.5
642.528	280.5
642.733	290.5
642.939	269.5
643.144	254.5
643.349	261.5
643.554	265.5
643.759	269.5
643.964	272.5
644.169	262.5
644.374	275.5
644.579	275.5
644.784	254.5
644.989	268.5
645.194	282.5
645.399	241.5
645.604	259.5
645.809	271.5
646.014	275.5
646.219	264.5
646.423	271.5
646.628	255.5
646.833	272.5
647.038	272.5
647.243	264.5
647.447	257.5
647.652	264.5
647.857	292.5
648.062	282.5
648.266	273.5
648.471	299.5
648.676	293.5
648.88	279.5
649.085	279.5
649.289	268.5
649.494	274.5
649.698	290.5
649.903	283.5
650.107	269.5
650.312	267.5
650.516	259.5
650.721	247.5
650.925	237.5
651.13	240.5
651.334	238.5
651.539	223.5
651.743	241.5
651.947	238.5
652.152	235.5
652.356	210.5
652.56	219.5
652.764	213.5
652.969	226.5
653.173	206.5
653.377	209.5
653.581	219.5
653.785	203.5
653.99	218.5
654.194	201.5
654.398	207.5
654.602	207.5
654.806	198.5
655.01	204.5
655.214	190.5
655.418	191.5
655.622	188.5
655.826	186.5
656.03	195.5
656.234	192.5
656.438	197.5
656.642	201.5
656.846	189.5
657.049	179.5
657.253	180.5
657.457	171.5
657.661	173.5
657.865	140.5
658.068	139.5
658.272	146.5
658.476	140.5
658.68	138.5
658.883	147.5
659.087	125.5
659.291	128.5
659.494	125.5
659.698	127.5
659.901	113.5
660.105	109.5
660.309	116.5
660.512	106.5
660.716	113.5
660.919	99.5
661.123	116.5
661.326	108.5
661.53	95.5
661.733	91.5
661.936	94.5
662.14	92.5
662.343	116.5
662.546	89.5
662.75	87.5
662.953	88.5
663.156	85.5
663.36	88.5
663.563	89.5
663.766	87.5
663.969	99.5
664.173	81.5
664.376	79.5
664.579	80.5
664.782	82.5
664.985	88.5
665.188	79.5
665.391	88.5
665.594	84.5
665.797	82.5
666	80.5
666.203	70.5
666.406	66.5
666.609	82.5
666.812	84.5
667.015	80.5
667.218	79.5
667.421	80.5
667.624	69.5
667.827	81.5
668.03	73.5
668.232	85.5
668.435	76.5
668.638	73.5
668.841	75.5
669.043	81.5
669.246	85.5
669.449	78.5
669.651	73.5
669.854	87.5
670.057	79.5
670.259	71.5
670.462	75.5
670.665	77.5
670.867	78.5
671.07	65.5
671.272	69.5
671.475	85.5
671.677	70.5
671.88	92.5
672.082	78.5
672.284	76.5
672.487	84.5
672.689	84.5
672.892	83.5
