223.165	-14.12
223.4	-14.12
223.635	-14.12
223.869	-16.12
224.104	-9.12
224.338	-16.12
224.573	-27.12
224.808	-3.12
225.042	-6.12
225.277	-2.12
225.511	1.88
225.746	6.88
225.98	3.88
226.215	13.88
226.449	8.88
226.683	8.88
226.918	17.88
227.152	31.88
227.387	45.88
227.621	36.88
227.856	40.88
228.09	37.88
228.324	52.88
228.559	52.88
228.793	78.88
229.027	117.88
229.262	129.88
229.496	143.88
229.73	158.88
229.964	184.88
230.199	148.88
230.433	125.88
230.667	144.88
230.901	140.88
231.136	132.88
231.37	129.88
231.604	121.88
231.838	135.88
232.072	143.88
232.306	145.88
232.541	138.88
232.775	132.88
233.009	144.88
233.243	152.88
233.477	150.88
233.711	132.88
233.945	145.88
234.179	151.88
234.413	149.88
234.647	133.88
234.881	142.88
235.115	164.88
235.349	147.88
235.583	142.88
235.817	166.88
236.051	156.88
236.285	156.88
236.519	156.88
236.753	151.88
236.987	161.88
237.221	214.88
237.455	260.88
237.689	218.88
237.922	184.88
238.156	155.88
238.39	155.88
238.624	168.88
238.858	154.88
239.091	154.88
239.325	179.88
239.559	166.88
239.793	161.88
240.027	176.88
240.26	175.88
240.494	178.88
240.728	172.88
240.961	182.88
241.195	176.88
241.429	165.88
241.662	187.88
241.896	180.88
242.13	175.88
242.363	191.88
242.597	173.88
242.83	188.88
243.064	182.88
243.298	180.88
243.531	189.88
243.765	190.88
243.998	182.88
244.232	183.88
244.465	195.88
244.699	202.88
244.932	205.88
245.166	194.88
245.399	194.88
245.633	199.88
245.866	200.88
246.099	194.88
246.333	204.88
246.566	197.88
246.8	209.88
247.033	201.88
247.266	218.88
247.5	220.88
247.733	209.88
247.966	229.88
248.2	221.88
248.433	240.88
248.666	223.88
248.899	229.88
249.133	257.88
249.366	263.88
249.599	260.88
249.832	264.88
250.066	263.88
250.299	274.88
250.532	281.88
250.765	307.88
250.998	292.88
251.231	294.88
251.465	270.88
251.698	277.88
251.931	271.88
252.164	251.88
252.397	265.88
252.63	256.88
252.863	276.88
253.096	256.88
253.329	284.88
253.562	275.88
253.795	249.88
254.028	281.88
254.261	293.88
254.494	300.88
254.727	309.88
254.96	299.88
255.193	320.88
255.426	305.88
255.659	327.88
255.892	363.88
256.124	395.88
256.357	425.88
256.59	370.88
256.823	340.88
257.056	306.88
257.289	284.88
257.521	306.88
257.754	317.88
257.987	308.88
258.22	304.88
258.452	315.88
258.685	308.88
258.918	304.88
259.151	293.88
259.383	283.88
259.616	284.88
259.849	281.88
260.081	304.88
260.314	306.88
260.547	329.88
260.779	311.88
261.012	313.88
261.244	306.88
261.477	317.88
261.71	298.88
261.942	315.88
262.175	308.88
262.407	338.88
262.64	314.88
262.872	297.88
263.105	320.88
263.337	308.88
263.57	291.88
263.802	305.88
264.035	318.88
264.267	307.88
264.499	296.88
264.732	308.88
264.964	300.88
265.197	315.88
265.429	298.88
265.661	304.88
265.894	304.88
266.126	301.88
266.358	298.88
266.591	309.88
266.823	326.88
267.055	319.88
267.287	315.88
267.52	317.88
267.752	331.88
267.984	319.88
268.216	337.88
268.448	339.88
268.681	330.88
268.913	325.88
269.145	337.88
269.377	353.88
269.609	355.88
269.841	339.88
270.073	356.88
270.306	382.88
270.538	381.88
270.77	389.88
271.002	379.88
271.234	393.88
271.466	382.88
271.698	396.88
271.93	386.88
272.162	393.88
272.394	408.88
272.626	385.88
272.858	378.88
273.09	371.88
273.322	388.88
273.553	366.88
273.785	379.88
274.017	375.88
274.249	374.88
274.481	382.88
274.713	399.88
274.945	391.88
275.176	371.88
275.408	370.88
275.64	402.88
275.872	395.88
276.104	380.88
276.335	410.88
276.567	396.88
276.799	412.88
277.031	434.88
277.262	445.88
277.494	438.88
277.726	430.88
277.957	419.88
278.189	440.88
278.421	428.88
278.652	413.88
278.884	414.88
279.115	429.88
279.347	415.88
279.579	399.88
279.81	427.88
280.042	427.88
280.273	453.88
280.505	441.88
280.736	427.88
280.968	420.88
281.199	420.88
281.431	419.88
281.662	401.88
281.894	414.88
282.125	396.88
282.356	434.88
282.588	462.88
282.819	467.88
283.051	433.88
283.282	429.88
283.513	429.88
283.745	436.88
283.976	421.88
284.207	410.88
284.439	419.88
284.67	433.88
284.901	423.88
285.132	421.88
285.364	433.88
285.595	427.88
285.826	434.88
286.057	440.88
286.288	427.88
286.52	432.88
286.751	446.88
286.982	444.88
287.213	418.88
287.444	456.88
287.675	447.88
287.906	444.88
288.138	466.88
288.369	459.88
288.6	466.88
288.831	453.88
289.062	448.88
289.293	472.88
289.524	443.88
289.755	460.88
289.986	450.88
290.217	453.88
290.448	450.88
290.679	451.88
290.91	443.88
291.141	441.88
291.371	465.88
291.602	466.88
291.833	458.88
292.064	464.88
292.295	455.88
292.526	423.88
292.757	440.88
292.987	444.88
293.218	452.88
293.449	476.88
293.68	460.88
293.91	460.88
294.141	443.88
294.372	464.88
294.603	449.88
294.833	468.88
295.064	479.88
295.295	482.88
295.525	438.88
295.756	477.88
295.987	488.88
296.217	512.88
296.448	549.88
296.679	518.88
296.909	492.88
297.14	471.88
297.37	512.88
297.601	496.88
297.831	500.88
298.062	503.88
298.292	500.88
298.523	517.88
298.753	528.88
298.984	497.88
299.214	494.88
299.445	496.88
299.675	494.88
299.905	518.88
300.136	499.88
300.366	497.88
300.597	523.88
300.827	531.88
301.057	560.88
301.288	553.88
301.518	548.88
301.748	526.88
301.979	532.88
302.209	534.88
302.439	550.88
302.669	552.88
302.9	557.88
303.13	532.88
303.36	532.88
303.59	566.88
303.82	583.88
304.051	549.88
304.281	573.88
304.511	552.88
304.741	534.88
304.971	561.88
305.201	547.88
305.431	529.88
305.661	562.88
305.891	567.88
306.121	549.88
306.352	569.88
306.582	549.88
306.812	547.88
307.042	552.88
307.272	554.88
307.502	579.88
307.731	569.88
307.961	582.88
308.191	561.88
308.421	540.88
308.651	557.88
308.881	561.88
309.111	576.88
309.341	560.88
309.571	578.88
309.8	593.88
310.03	605.88
310.26	618.88
310.49	604.88
310.72	630.88
310.949	633.88
311.179	659.88
311.409	648.88
311.639	610.88
311.868	645.88
312.098	606.88
312.328	628.88
312.557	666.88
312.787	655.88
313.017	687.88
313.246	630.88
313.476	654.88
313.706	644.88
313.935	653.88
314.165	660.88
314.394	662.88
314.624	649.88
314.853	642.88
315.083	633.88
315.312	619.88
315.542	656.88
315.771	654.88
316.001	642.88
316.23	640.88
316.46	650.88
316.689	644.88
316.919	636.88
317.148	652.88
317.377	632.88
317.607	659.88
317.836	657.88
318.065	633.88
318.295	645.88
318.524	639.88
318.753	635.88
318.983	651.88
319.212	634.88
319.441	662.88
319.67	647.88
319.9	644.88
320.129	650.88
320.358	635.88
320.587	638.88
320.816	661.88
321.046	682.88
321.275	697.88
321.504	691.88
321.733	692.88
321.962	686.88
322.191	729.88
322.42	711.88
322.649	744.88
322.878	746.88
323.108	783.88
323.337	830.88
323.566	856.88
323.795	887.88
324.024	961.88
324.253	1162.88
324.482	1544.88
324.71	2328.88
324.939	3254.88
325.168	2622.88
325.397	1464.88
325.626	1112.88
325.855	961.88
326.084	944.88
326.313	901.88
326.542	947.88
326.77	978.88
326.999	1114.88
327.228	1487.88
327.457	2220.88
327.686	2594.88
327.914	1749.88
328.143	1374.88
328.372	1312.88
328.6	1186.88
328.829	1050.88
329.058	1056.88
329.287	1049.88
329.515	1020.88
329.744	1082.88
329.972	1171.88
330.201	1370.88
330.43	1634.88
330.658	1465.88
330.887	1222.88
331.115	1085.88
331.344	980.88
331.572	943.88
331.801	927.88
332.03	929.88
332.258	935.88
332.486	936.88
332.715	921.88
332.943	949.88
333.172	1001.88
333.4	1024.88
333.629	1089.88
333.857	1165.88
334.085	1276.88
334.314	1553.88
334.542	1914.88
334.771	2061.88
334.999	1478.88
335.227	1137.88
335.455	1029.88
335.684	984.88
335.912	964.88
336.14	932.88
336.369	895.88
336.597	928.88
336.825	897.88
337.053	904.88
337.281	888.88
337.51	906.88
337.738	873.88
337.966	874.88
338.194	849.88
338.422	841.88
338.65	814.88
338.878	808.88
339.106	796.88
339.334	832.88
339.562	811.88
339.79	788.88
340.018	805.88
340.246	823.88
340.474	788.88
340.702	804.88
340.93	788.88
341.158	809.88
341.386	796.88
341.614	775.88
341.842	792.88
342.07	811.88
342.298	774.88
342.526	755.88
342.754	772.88
342.981	783.88
343.209	763.88
343.437	823.88
343.665	835.88
343.893	872.88
344.12	884.88
344.348	864.88
344.576	854.88
344.804	837.88
345.031	831.88
345.259	866.88
345.487	839.88
345.714	795.88
345.942	786.88
346.17	796.88
346.397	774.88
346.625	753.88
346.853	793.88
347.08	773.88
347.308	798.88
347.535	816.88
347.763	792.88
347.99	799.88
348.218	804.88
348.445	798.88
348.673	799.88
348.9	781.88
349.128	769.88
349.355	788.88
349.583	756.88
349.81	740.88
350.037	768.88
350.265	761.88
350.492	750.88
350.72	786.88
350.947	766.88
351.174	809.88
351.402	789.88
351.629	805.88
351.856	782.88
352.083	795.88
352.311	774.88
352.538	804.88
352.765	803.88
352.992	805.88
353.22	792.88
353.447	773.88
353.674	756.88
353.901	774.88
354.128	769.88
354.355	755.88
354.583	723.88
354.81	745.88
355.037	748.88
355.264	765.88
355.491	743.88
355.718	731.88
355.945	752.88
356.172	720.88
356.399	727.88
356.626	739.88
356.853	774.88
357.08	753.88
357.307	758.88
357.534	741.88
357.761	768.88
357.988	772.88
358.215	764.88
358.441	778.88
358.668	746.88
358.895	750.88
359.122	762.88
359.349	762.88
359.576	801.88
359.802	826.88
360.029	875.88
360.256	903.88
360.483	864.88
360.709	824.88
360.936	823.88
361.163	790.88
361.39	828.88
361.616	801.88
361.843	769.88
362.07	803.88
362.296	811.88
362.523	793.88
362.749	816.88
362.976	792.88
363.203	779.88
363.429	761.88
363.656	790.88
363.882	792.88
364.109	778.88
364.335	760.88
364.562	769.88
364.788	798.88
365.015	784.88
365.241	813.88
365.468	815.88
365.694	806.88
365.92	792.88
366.147	793.88
366.373	775.88
366.599	795.88
366.826	774.88
367.052	781.88
367.278	792.88
367.505	816.88
367.731	795.88
367.957	788.88
368.184	806.88
368.41	816.88
368.636	812.88
368.862	856.88
369.089	817.88
369.315	832.88
369.541	838.88
369.767	825.88
369.993	813.88
370.219	851.88
370.445	830.88
370.672	826.88
370.898	845.88
371.124	844.88
371.35	824.88
371.576	848.88
371.802	853.88
372.028	848.88
372.254	829.88
372.48	832.88
372.706	869.88
372.932	887.88
373.158	864.88
373.384	848.88
373.61	844.88
373.835	867.88
374.061	838.88
374.287	863.88
374.513	867.88
374.739	898.88
374.965	901.88
375.191	903.88
375.416	903.88
375.642	917.88
375.868	891.88
376.094	899.88
376.319	875.88
376.545	864.88
376.771	869.88
376.997	870.88
377.222	852.88
377.448	878.88
377.674	868.88
377.899	846.88
378.125	841.88
378.35	849.88
378.576	843.88
378.802	826.88
379.027	843.88
379.253	856.88
379.478	842.88
379.704	853.88
379.929	833.88
380.155	844.88
380.38	861.88
380.606	869.88
380.831	854.88
381.057	872.88
381.282	860.88
381.507	858.88
381.733	853.88
381.958	848.88
382.184	856.88
382.409	875.88
382.634	915.88
382.86	912.88
383.085	924.88
383.31	910.88
383.535	938.88
383.761	928.88
383.986	926.88
384.211	944.88
384.436	970.88
384.662	1012.88
384.887	982.88
385.112	987.88
385.337	1006.88
385.562	1027.88
385.787	1026.88
386.013	1028.88
386.238	1035.88
386.463	1040.88
386.688	1010.88
386.913	1014.88
387.138	1019.88
387.363	1026.88
387.588	990.88
387.813	1008.88
388.038	1029.88
388.263	1022.88
388.488	1048.88
388.713	1009.88
388.938	1006.88
389.163	1011.88
389.387	1003.88
389.612	1022.88
389.837	1034.88
390.062	1021.88
390.287	1014.88
390.512	1000.88
390.736	1014.88
390.961	1049.88
391.186	1058.88
391.411	1098.88
391.636	1077.88
391.86	1124.88
392.085	1136.88
392.31	1129.88
392.534	1116.88
392.759	1109.88
392.984	1120.88
393.208	1110.88
393.433	1162.88
393.658	1149.88
393.882	1093.88
394.107	1098.88
394.331	1120.88
394.556	1115.88
394.78	1113.88
395.005	1115.88
395.229	1118.88
395.454	1179.88
395.678	1144.88
395.903	1198.88
396.127	1180.88
396.352	1155.88
396.576	1147.88
396.801	1132.88
397.025	1162.88
397.249	1155.88
397.474	1178.88
397.698	1201.88
397.922	1181.88
398.147	1209.88
398.371	1240.88
398.595	1249.88
398.82	1285.88
399.044	1322.88
399.268	1472.88
399.492	1635.88
399.717	1772.88
399.941	1818.88
400.165	1681.88
400.389	1553.88
400.613	1463.88
400.837	1368.88
401.062	1333.88
401.286	1325.88
401.51	1333.88
401.734	1310.88
401.958	1330.88
402.182	1358.88
402.406	1392.88
402.63	1406.88
402.854	1412.88
403.078	1435.88
403.302	1466.88
403.526	1445.88
403.75	1470.88
403.974	1474.88
404.198	1483.88
404.422	1517.88
404.645	1494.88
404.869	1518.88
405.093	1574.88
405.317	1633.88
405.541	1660.88
405.765	1610.88
405.988	1562.88
406.212	1546.88
406.436	1544.88
406.66	1553.88
406.883	1556.88
407.107	1632.88
407.331	1704.88
407.555	1781.88
407.778	1792.88
408.002	1701.88
408.226	1613.88
408.449	1612.88
408.673	1578.88
408.896	1601.88
409.12	1577.88
409.344	1574.88
409.567	1509.88
409.791	1499.88
410.014	1489.88
410.238	1472.88
410.461	1500.88
410.685	1502.88
410.908	1497.88
411.132	1534.88
411.355	1516.88
411.578	1465.88
411.802	1432.88
412.025	1436.88
412.249	1474.88
412.472	1558.88
412.695	1624.88
412.919	1599.88
413.142	1490.88
413.365	1516.88
413.589	1456.88
413.812	1378.88
414.035	1381.88
414.258	1426.88
414.482	1402.88
414.705	1409.88
414.928	1382.88
415.151	1379.88
415.374	1350.88
415.597	1387.88
415.821	1330.88
416.044	1341.88
416.267	1380.88
416.49	1340.88
416.713	1341.88
416.936	1362.88
417.159	1379.88
417.382	1406.88
417.605	1411.88
417.828	1436.88
418.051	1429.88
418.274	1402.88
418.497	1401.88
418.72	1422.88
418.943	1444.88
419.166	1440.88
419.389	1581.88
419.611	1549.88
419.834	1528.88
420.057	1502.88
420.28	1505.88
420.503	1495.88
420.726	1463.88
420.948	1473.88
421.171	1497.88
421.394	1533.88
421.617	1444.88
421.839	1450.88
422.062	1424.88
422.285	1407.88
422.507	1526.88
422.73	1607.88
422.953	1535.88
423.175	1496.88
423.398	1495.88
423.621	1454.88
423.843	1507.88
424.066	1528.88
424.288	1474.88
424.511	1535.88
424.733	1581.88
424.956	1641.88
425.178	1564.88
425.401	1602.88
425.623	1586.88
425.846	1446.88
426.068	1446.88
426.291	1407.88
426.513	1408.88
426.735	1382.88
426.958	1440.88
427.18	1500.88
427.402	1688.88
427.625	1820.88
427.847	1746.88
428.069	1620.88
428.292	1523.88
428.514	1410.88
428.736	1376.88
428.958	1346.88
429.181	1304.88
429.403	1297.88
429.625	1307.88
429.847	1312.88
430.069	1405.88
430.292	1363.88
430.514	1307.88
430.736	1305.88
430.958	1246.88
431.18	1265.88
431.402	1316.88
431.624	1262.88
431.846	1209.88
432.068	1244.88
432.29	1225.88
432.512	1226.88
432.734	1318.88
432.956	1296.88
433.178	1312.88
433.4	1308.88
433.622	1317.88
433.844	1303.88
434.066	1308.88
434.287	1234.88
434.509	1241.88
434.731	1289.88
434.953	1348.88
435.175	1380.88
435.397	1396.88
435.618	1365.88
435.84	1379.88
436.062	1444.88
436.284	1485.88
436.505	1393.88
436.727	1353.88
436.949	1321.88
437.17	1309.88
437.392	1242.88
437.614	1290.88
437.835	1274.88
438.057	1420.88
438.278	1475.88
438.5	1476.88
438.721	1607.88
438.943	1586.88
439.165	1411.88
439.386	1376.88
439.608	1370.88
439.829	1376.88
440.05	1423.88
440.272	1492.88
440.493	1411.88
440.715	1390.88
440.936	1381.88
441.158	1394.88
441.379	1402.88
441.6	1446.88
441.822	1472.88
442.043	1523.88
442.264	1604.88
442.486	1578.88
442.707	1489.88
442.928	1452.88
443.149	1461.88
443.371	1502.88
443.592	1535.88
443.813	1650.88
444.034	1700.88
444.255	1571.88
444.476	1543.88
444.698	1599.88
444.919	1633.88
445.14	1700.88
445.361	1578.88
445.582	1549.88
445.803	1564.88
446.024	1634.88
446.245	1625.88
446.466	1571.88
446.687	1442.88
446.908	1409.88
447.129	1375.88
447.35	1342.88
447.571	1287.88
447.792	1272.88
448.013	1250.88
448.234	1270.88
448.455	1384.88
448.675	1465.88
448.896	1571.88
449.117	1373.88
449.338	1367.88
449.559	1538.88
449.779	1593.88
450	1380.88
450.221	1286.88
450.442	1248.88
450.662	1272.88
450.883	1252.88
451.104	1282.88
451.324	1267.88
451.545	1226.88
451.766	1190.88
451.986	1175.88
452.207	1134.88
452.428	1152.88
452.648	1168.88
452.869	1151.88
453.089	1139.88
453.31	1145.88
453.53	1139.88
453.751	1113.88
453.971	1095.88
454.192	1134.88
454.412	1103.88
454.633	1103.88
454.853	1124.88
455.073	1138.88
455.294	1120.88
455.514	1204.88
455.734	1140.88
455.955	1091.88
456.175	1042.88
456.395	1072.88
456.616	1027.88
456.836	1044.88
457.056	1025.88
457.276	1000.88
457.497	1057.88
457.717	1048.88
457.937	1038.88
458.157	1085.88
458.377	1073.88
458.598	1085.88
458.818	1178.88
459.038	1328.88
459.258	1290.88
459.478	1235.88
459.698	1204.88
459.918	1226.88
460.138	1290.88
460.358	1322.88
460.578	1343.88
460.798	1317.88
461.018	1337.88
461.238	1358.88
461.458	1297.88
461.678	1304.88
461.898	1354.88
462.118	1358.88
462.338	1406.88
462.558	1440.88
462.777	1458.88
462.997	1529.88
463.217	1635.88
463.437	1661.88
463.657	1544.88
463.876	1502.88
464.096	1479.88
464.316	1482.88
464.536	1539.88
464.755	1485.88
464.975	1475.88
465.195	1492.88
465.414	1565.88
465.634	1414.88
465.854	1318.88
466.073	1228.88
466.293	1217.88
466.512	1216.88
466.732	1201.88
466.951	1193.88
467.171	1196.88
467.391	1213.88
467.61	1220.88
467.829	1270.88
468.049	1301.88
468.268	1490.88
468.488	1386.88
468.707	1219.88
468.927	1217.88
469.146	1207.88
469.365	1221.88
469.585	1200.88
469.804	1237.88
470.023	1281.88
470.243	1286.88
470.462	1297.88
470.681	1333.88
470.901	1313.88
471.12	1256.88
471.339	1277.88
471.558	1244.88
471.777	1272.88
471.997	1308.88
472.216	1467.88
472.435	2064.88
472.654	1742.88
472.873	1343.88
473.092	1237.88
473.311	1210.88
473.53	1209.88
473.749	1213.88
473.968	1221.88
474.187	1304.88
474.406	1288.88
474.625	1196.88
474.844	1175.88
475.063	1157.88
475.282	1158.88
475.501	1177.88
475.72	1180.88
475.939	1174.88
476.158	1189.88
476.377	1185.88
476.596	1161.88
476.814	1180.88
477.033	1186.88
477.252	1213.88
477.471	1229.88
477.69	1274.88
477.908	1324.88
478.127	1375.88
478.346	1356.88
478.564	1345.88
478.783	1369.88
479.002	1388.88
479.22	1383.88
479.439	1395.88
479.658	1420.88
479.876	1440.88
480.095	1427.88
480.313	1464.88
480.532	1509.88
480.751	1530.88
480.969	1675.88
481.188	2649.88
481.406	3186.88
481.624	1995.88
481.843	1623.88
482.061	1534.88
482.28	1437.88
482.498	1413.88
482.717	1339.88
482.935	1396.88
483.153	1394.88
483.372	1420.88
483.59	1427.88
483.808	1404.88
484.027	1377.88
484.245	1368.88
484.463	1402.88
484.681	1414.88
484.9	1394.88
485.118	1387.88
485.336	1368.88
485.554	1354.88
485.772	1360.88
485.99	1338.88
486.209	1320.88
486.427	1384.88
486.645	1410.88
486.863	1501.88
487.081	1450.88
487.299	1445.88
487.517	1417.88
487.735	1477.88
487.953	1529.88
488.171	1505.88
488.389	1519.88
488.607	1456.88
488.825	1417.88
489.043	1408.88
489.261	1400.88
489.479	1398.88
489.696	1458.88
489.914	1460.88
490.132	1516.88
490.35	1532.88
490.568	1579.88
490.786	1587.88
491.003	1587.88
491.221	1655.88
491.439	1693.88
491.657	1712.88
491.874	1753.88
492.092	1749.88
492.31	1881.88
492.527	1844.88
492.745	1800.88
492.963	1778.88
493.18	1750.88
493.398	1744.88
493.615	1765.88
493.833	1709.88
494.05	1716.88
494.268	1720.88
494.485	1706.88
494.703	1699.88
494.92	1709.88
495.138	1686.88
495.355	1709.88
495.573	1765.88
495.79	1676.88
496.008	1698.88
496.225	1684.88
496.442	1664.88
496.66	1702.88
496.877	1706.88
497.094	1690.88
497.312	1678.88
497.529	1699.88
497.746	1726.88
497.963	1777.88
498.181	1859.88
498.398	1810.88
498.615	1885.88
498.832	2014.88
499.049	2105.88
499.267	2220.88
499.484	2384.88
499.701	2593.88
499.918	2812.88
500.135	3073.88
500.352	3398.88
500.569	3511.88
500.786	3515.88
501.003	3281.88
501.22	3027.88
501.437	2761.88
501.654	2530.88
501.871	2363.88
502.088	2220.88
502.305	2080.88
502.522	1995.88
502.739	1944.88
502.956	1861.88
503.172	1828.88
503.389	1744.88
503.606	1729.88
503.823	1710.88
504.04	1672.88
504.256	1661.88
504.473	1651.88
504.69	1682.88
504.907	1620.88
505.123	1584.88
505.34	1547.88
505.557	1499.88
505.773	1473.88
505.99	1480.88
506.207	1390.88
506.423	1403.88
506.64	1398.88
506.856	1349.88
507.073	1342.88
507.289	1367.88
507.506	1372.88
507.722	1349.88
507.939	1401.88
508.155	1369.88
508.372	1320.88
508.588	1309.88
508.805	1296.88
509.021	1284.88
509.238	1313.88
509.454	1288.88
509.67	1244.88
509.887	1253.88
510.103	1282.88
510.319	1344.88
510.536	1524.88
510.752	2721.88
510.968	2008.88
511.184	1328.88
511.401	1249.88
511.617	1242.88
511.833	1264.88
512.049	1298.88
512.265	1267.88
512.481	1248.88
512.698	1251.88
512.914	1221.88
513.13	1257.88
513.346	1215.88
513.562	1226.88
513.778	1244.88
513.994	1259.88
514.21	1305.88
514.426	1325.88
514.642	1398.88
514.858	1427.88
515.074	1477.88
515.29	1805.88
515.506	2728.88
515.721	2136.88
515.937	1514.88
516.153	1412.88
516.369	1389.88
516.585	1379.88
516.801	1400.88
517.016	1414.88
517.232	1440.88
517.448	1494.88
517.664	1517.88
517.879	1542.88
518.095	1534.88
518.311	1516.88
518.527	1472.88
518.742	1460.88
518.958	1411.88
519.173	1332.88
519.389	1360.88
519.605	1369.88
519.82	1377.88
520.036	1363.88
520.251	1347.88
520.467	1362.88
520.682	1369.88
520.898	1355.88
521.113	1379.88
521.329	1482.88
521.544	1636.88
521.76	2060.88
521.975	3565.88
522.19	3297.88
522.406	1772.88
522.621	1417.88
522.836	1302.88
523.052	1232.88
523.267	1207.88
523.482	1216.88
523.698	1201.88
523.913	1186.88
524.128	1196.88
524.343	1176.88
524.559	1169.88
524.774	1146.88
524.989	1106.88
525.204	1144.88
525.419	1168.88
525.634	1122.88
525.849	1091.88
526.064	1076.88
526.28	1049.88
526.495	1037.88
526.71	1017.88
526.925	1024.88
527.14	1036.88
527.355	1020.88
527.57	1026.88
527.785	1022.88
527.999	1041.88
528.214	1046.88
528.429	1063.88
528.644	1073.88
528.859	1112.88
529.074	1117.88
529.289	1199.88
529.503	1294.88
529.718	1239.88
529.933	1141.88
530.148	1062.88
530.363	1034.88
530.577	1022.88
530.792	1015.88
531.007	990.88
531.221	989.88
531.436	1003.88
531.651	984.88
531.865	978.88
532.08	989.88
532.295	1001.88
532.509	1001.88
532.724	989.88
532.938	1004.88
533.153	977.88
533.367	1024.88
533.582	1043.88
533.796	1054.88
534.011	1035.88
534.225	987.88
534.44	970.88
534.654	958.88
534.868	1018.88
535.083	988.88
535.297	975.88
535.511	1003.88
535.726	1001.88
535.94	1002.88
536.154	950.88
536.369	945.88
536.583	949.88
536.797	945.88
537.011	929.88
537.225	927.88
537.44	916.88
537.654	936.88
537.868	914.88
538.082	920.88
538.296	948.88
538.51	936.88
538.724	937.88
538.938	969.88
539.153	962.88
539.367	979.88
539.581	946.88
539.795	919.88
540.009	922.88
540.222	902.88
540.436	939.88
540.65	972.88
540.864	971.88
541.078	1021.88
541.292	1034.88
541.506	1061.88
541.72	1076.88
541.934	1134.88
542.147	1133.88
542.361	1093.88
542.575	1053.88
542.789	998.88
543.002	974.88
543.216	926.88
543.43	967.88
543.644	992.88
543.857	992.88
544.071	1061.88
544.285	1064.88
544.498	1034.88
544.712	1037.88
544.925	1038.88
545.139	1067.88
545.352	1052.88
545.566	1063.88
545.779	1052.88
545.993	1070.88
546.206	1099.88
546.42	1086.88
546.633	1105.88
546.847	1082.88
547.06	1047.88
547.274	1098.88
547.487	1096.88
547.7	1112.88
547.914	1086.88
548.127	1097.88
548.34	1084.88
548.554	1060.88
548.767	1039.88
548.98	1057.88
549.193	1066.88
549.407	1063.88
549.62	1073.88
549.833	1086.88
550.046	1052.88
550.259	1070.88
550.473	995.88
550.686	1038.88
550.899	1058.88
551.112	1035.88
551.325	1006.88
551.538	960.88
551.751	955.88
551.964	921.88
552.177	997.88
552.39	989.88
552.603	1056.88
552.816	1059.88
553.029	1108.88
553.242	1131.88
553.455	1139.88
553.667	1134.88
553.88	1133.88
554.093	1116.88
554.306	1067.88
554.519	1040.88
554.732	1036.88
554.944	1023.88
555.157	996.88
555.37	1000.88
555.583	959.88
555.795	940.88
556.008	924.88
556.221	904.88
556.433	893.88
556.646	888.88
556.859	895.88
557.071	880.88
557.284	915.88
557.496	897.88
557.709	874.88
557.921	874.88
558.134	881.88
558.346	883.88
558.559	873.88
558.771	859.88
558.984	841.88
559.196	848.88
559.409	820.88
559.621	833.88
559.833	832.88
560.046	819.88
560.258	821.88
560.47	864.88
560.683	862.88
560.895	846.88
561.107	820.88
561.32	818.88
561.532	844.88
561.744	854.88
561.956	832.88
562.168	800.88
562.381	843.88
562.593	806.88
562.805	822.88
563.017	828.88
563.229	826.88
563.441	816.88
563.653	833.88
563.865	829.88
564.077	849.88
564.289	839.88
564.501	852.88
564.713	810.88
564.925	880.88
565.137	866.88
565.349	880.88
565.561	883.88
565.773	912.88
565.985	947.88
566.197	953.88
566.408	1048.88
566.62	1054.88
566.832	1165.88
567.044	1169.88
567.255	1156.88
567.467	1200.88
567.679	1204.88
567.891	1264.88
568.102	1274.88
568.314	1194.88
568.526	1090.88
568.737	984.88
568.949	946.88
569.161	865.88
569.372	814.88
569.584	800.88
569.795	782.88
570.007	760.88
570.218	828.88
570.43	810.88
570.641	758.88
570.853	749.88
571.064	751.88
571.276	765.88
571.487	736.88
571.698	720.88
571.91	715.88
572.121	676.88
572.333	709.88
572.544	667.88
572.755	653.88
572.966	625.88
573.178	605.88
573.389	608.88
573.6	590.88
573.811	604.88
574.023	595.88
574.234	604.88
574.445	618.88
574.656	597.88
574.867	618.88
575.078	606.88
575.289	617.88
575.501	606.88
575.712	579.88
575.923	588.88
576.134	566.88
576.345	573.88
576.556	582.88
576.767	586.88
576.978	590.88
577.188	569.88
577.399	564.88
577.61	568.88
577.821	552.88
578.032	572.88
578.243	631.88
578.454	1024.88
578.665	727.88
578.875	568.88
579.086	568.88
579.297	529.88
579.508	520.88
579.718	555.88
579.929	536.88
580.14	522.88
580.35	534.88
580.561	518.88
580.772	501.88
580.982	505.88
581.193	513.88
581.403	521.88
581.614	519.88
581.825	540.88
582.035	507.88
582.246	509.88
582.456	504.88
582.667	517.88
582.877	486.88
583.087	495.88
583.298	491.88
583.508	499.88
583.719	510.88
583.929	493.88
584.139	494.88
584.35	490.88
584.56	495.88
584.77	480.88
584.981	487.88
585.191	486.88
585.401	495.88
585.611	485.88
585.821	467.88
586.032	467.88
586.242	480.88
586.452	491.88
586.662	475.88
586.872	465.88
587.082	473.88
587.292	494.88
587.502	493.88
587.713	470.88
587.923	483.88
588.133	494.88
588.343	481.88
588.553	467.88
588.762	471.88
588.972	493.88
589.182	514.88
589.392	515.88
589.602	480.88
589.812	528.88
590.022	505.88
590.232	474.88
590.441	469.88
590.651	476.88
590.861	466.88
591.071	472.88
591.281	477.88
591.49	482.88
591.7	502.88
591.91	522.88
592.119	473.88
592.329	504.88
592.539	528.88
592.748	548.88
592.958	537.88
593.167	539.88
593.377	543.88
593.587	558.88
593.796	584.88
594.006	586.88
594.215	604.88
594.424	567.88
594.634	572.88
594.843	560.88
595.053	546.88
595.262	510.88
595.472	516.88
595.681	495.88
595.89	477.88
596.1	474.88
596.309	469.88
596.518	470.88
596.727	450.88
596.937	472.88
597.146	449.88
597.355	444.88
597.564	433.88
597.774	437.88
597.983	430.88
598.192	430.88
598.401	420.88
598.61	420.88
598.819	421.88
599.028	437.88
599.237	405.88
599.446	404.88
599.655	418.88
599.864	409.88
600.073	398.88
600.282	425.88
600.491	412.88
600.7	417.88
600.909	420.88
601.118	437.88
601.327	445.88
601.536	442.88
601.745	448.88
601.953	436.88
602.162	448.88
602.371	434.88
602.58	448.88
602.789	459.88
602.997	438.88
603.206	466.88
603.415	460.88
603.623	457.88
603.832	424.88
604.041	445.88
604.249	416.88
604.458	405.88
604.666	413.88
604.875	413.88
605.084	428.88
605.292	427.88
605.501	436.88
605.709	441.88
605.918	428.88
606.126	455.88
606.334	462.88
606.543	428.88
606.751	436.88
606.96	443.88
607.168	449.88
607.376	442.88
607.585	445.88
607.793	448.88
608.001	452.88
608.21	445.88
608.418	438.88
608.626	443.88
608.834	459.88
609.043	422.88
609.251	436.88
609.459	448.88
609.667	438.88
609.875	421.88
610.083	448.88
610.291	432.88
610.499	432.88
610.707	445.88
610.916	443.88
611.124	424.88
611.332	432.88
611.54	467.88
611.748	453.88
611.955	445.88
612.163	428.88
612.371	437.88
612.579	417.88
612.787	418.88
612.995	424.88
613.203	454.88
613.411	434.88
613.618	429.88
613.826	435.88
614.034	414.88
614.242	426.88
614.449	415.88
614.657	424.88
614.865	436.88
615.072	424.88
615.28	422.88
615.488	424.88
615.695	429.88
615.903	421.88
616.111	405.88
616.318	417.88
616.526	412.88
616.733	436.88
616.941	415.88
617.148	413.88
617.356	419.88
617.563	411.88
617.771	405.88
617.978	409.88
618.185	420.88
618.393	409.88
618.6	424.88
618.807	418.88
619.015	422.88
619.222	408.88
619.429	409.88
619.637	378.88
619.844	388.88
620.051	389.88
620.258	394.88
620.466	395.88
620.673	396.88
620.88	398.88
621.087	394.88
621.294	367.88
621.501	378.88
621.708	371.88
621.915	379.88
622.122	360.88
622.329	385.88
622.536	388.88
622.743	388.88
622.95	366.88
623.157	392.88
623.364	405.88
623.571	366.88
623.778	373.88
623.985	375.88
624.192	381.88
624.399	365.88
624.606	384.88
624.812	379.88
625.019	346.88
625.226	366.88
625.433	345.88
625.639	354.88
625.846	333.88
626.053	325.88
626.259	322.88
626.466	312.88
626.673	321.88
626.879	309.88
627.086	305.88
627.293	314.88
627.499	324.88
627.706	354.88
627.912	366.88
628.119	362.88
628.325	359.88
628.532	358.88
628.738	355.88
628.945	353.88
629.151	335.88
629.357	325.88
629.564	332.88
629.77	326.88
629.976	307.88
630.183	336.88
630.389	311.88
630.595	330.88
630.802	335.88
631.008	312.88
631.214	327.88
631.42	325.88
631.627	331.88
631.833	318.88
632.039	312.88
632.245	316.88
632.451	305.88
632.657	301.88
632.863	309.88
633.069	312.88
633.275	306.88
633.481	291.88
633.688	300.88
633.893	289.88
634.099	308.88
634.305	294.88
634.511	300.88
634.717	286.88
634.923	290.88
635.129	285.88
635.335	290.88
635.541	288.88
635.747	287.88
635.952	324.88
636.158	319.88
636.364	362.88
636.57	400.88
636.775	349.88
636.981	350.88
637.187	332.88
637.392	308.88
637.598	305.88
637.804	304.88
638.009	307.88
638.215	308.88
638.421	310.88
638.626	293.88
638.832	292.88
639.037	284.88
639.243	291.88
639.448	270.88
639.654	298.88
639.859	281.88
640.065	277.88
640.27	298.88
640.475	285.88
640.681	276.88
640.886	283.88
641.091	289.88
641.297	274.88
641.502	253.88
641.707	262.88
641.913	265.88
642.118	270.88
642.323	286.88
642.528	293.88
642.733	296.88
642.939	274.88
643.144	258.88
643.349	269.88
643.554	283.88
643.759	278.88
643.964	268.88
644.169	265.88
644.374	256.88
644.579	270.88
644.784	289.88
644.989	272.88
645.194	284.88
645.399	269.88
645.604	255.88
645.809	277.88
646.014	276.88
646.219	266.88
646.423	263.88
646.628	273.88
646.833	266.88
647.038	266.88
647.243	272.88
647.447	267.88
647.652	278.88
647.857	268.88
648.062	277.88
648.266	283.88
648.471	276.88
648.676	280.88
648.88	277.88
649.085	274.88
649.289	279.88
649.494	278.88
649.698	306.88
649.903	279.88
650.107	262.88
650.312	275.88
650.516	252.88
650.721	251.88
650.925	245.88
651.13	261.88
651.334	226.88
651.539	234.88
651.743	229.88
651.947	235.88
652.152	232.88
652.356	217.88
652.56	221.88
652.764	220.88
652.969	210.88
653.173	200.88
653.377	203.88
653.581	196.88
653.785	193.88
653.99	205.88
654.194	191.88
654.398	191.88
654.602	203.88
654.806	198.88
655.01	209.88
655.214	205.88
655.418	201.88
655.622	182.88
655.826	209.88
656.03	195.88
656.234	191.88
656.438	187.88
656.642	192.88
656.846	181.88
657.049	188.88
657.253	197.88
657.457	165.88
657.661	163.88
657.865	156.88
658.068	145.88
658.272	144.88
658.476	135.88
658.68	139.88
658.883	132.88
659.087	129.88
659.291	137.88
659.494	138.88
659.698	135.88
659.901	126.88
660.105	114.88
660.309	118.88
660.512	110.88
660.716	108.88
660.919	104.88
661.123	95.88
661.326	89.88
661.53	104.88
661.733	100.88
661.936	109.88
662.14	82.88
662.343	96.88
662.546	101.88
662.75	108.88
662.953	93.88
663.156	85.88
663.36	96.88
663.563	72.88
663.766	83.88
663.969	97.88
664.173	88.88
664.376	71.88
664.579	78.88
664.782	89.88
664.985	75.88
665.188	80.88
665.391	77.88
665.594	81.88
665.797	85.88
666	74.88
666.203	80.88
666.406	83.88
666.609	104.88
666.812	78.88
667.015	80.88
667.218	70.88
667.421	80.88
667.624	90.88
667.827	82.88
668.03	80.88
668.232	79.88
668.435	78.88
668.638	88.88
668.841	82.88
669.043	82.88
669.246	81.88
669.449	90.88
669.651	83.88
669.854	91.88
670.057	80.88
670.259	82.88
670.462	68.88
670.665	81.88
670.867	86.88
671.07	77.88
671.272	77.88
671.475	81.88
671.677	61.88
671.88	74.88
672.082	80.88
672.284	82.88
672.487	70.88
672.689	84.88
672.892	82.88
