223.165	-10.75
223.4	-10.75
223.635	-10.75
223.869	-14.75
224.104	-11.75
224.338	-20.75
224.573	-23.75
224.808	-8.75
225.042	-7.75
225.277	9.25
225.511	-2.75
225.746	2.25
225.98	9.25
226.215	1.25
226.449	10.25
226.683	17.25
226.918	18.25
227.152	33.25
227.387	29.25
227.621	27.25
227.856	31.25
228.09	50.25
228.324	49.25
228.559	63.25
228.793	66.25
229.027	111.25
229.262	117.25
229.496	152.25
229.73	157.25
229.964	192.25
230.199	160.25
230.433	143.25
230.667	138.25
230.901	139.25
231.136	128.25
231.37	138.25
231.604	153.25
231.838	144.25
232.072	146.25
232.306	155.25
232.541	155.25
232.775	153.25
233.009	139.25
233.243	148.25
233.477	156.25
233.711	167.25
233.945	143.25
234.179	159.25
234.413	148.25
234.647	145.25
234.881	161.25
235.115	151.25
235.349	156.25
235.583	167.25
235.817	173.25
236.051	156.25
236.285	167.25
236.519	170.25
236.753	164.25
236.987	194.25
237.221	223.25
237.455	280.25
237.689	234.25
237.922	180.25
238.156	162.25
238.39	163.25
238.624	169.25
238.858	156.25
239.091	163.25
239.325	170.25
239.559	172.25
239.793	169.25
240.027	178.25
240.26	179.25
240.494	216.25
240.728	187.25
240.961	213.25
241.195	174.25
241.429	186.25
241.662	189.25
241.896	191.25
242.13	190.25
242.363	187.25
242.597	202.25
242.83	198.25
243.064	218.25
243.298	197.25
243.531	209.25
243.765	196.25
243.998	216.25
244.232	203.25
244.465	200.25
244.699	192.25
244.932	203.25
245.166	203.25
245.399	197.25
245.633	200.25
245.866	221.25
246.099	212.25
246.333	219.25
246.566	228.25
246.8	229.25
247.033	231.25
247.266	231.25
247.5	228.25
247.733	248.25
247.966	222.25
248.2	236.25
248.433	237.25
248.666	238.25
248.899	247.25
249.133	276.25
249.366	295.25
249.599	297.25
249.832	291.25
250.066	288.25
250.299	315.25
250.532	378.25
250.765	413.25
250.998	380.25
251.231	338.25
251.465	332.25
251.698	294.25
251.931	292.25
252.164	303.25
252.397	309.25
252.63	302.25
252.863	312.25
253.096	321.25
253.329	324.25
253.562	321.25
253.795	299.25
254.028	323.25
254.261	322.25
254.494	339.25
254.727	343.25
254.96	368.25
255.193	367.25
255.426	369.25
255.659	391.25
255.892	454.25
256.124	601.25
256.357	608.25
256.59	512.25
256.823	455.25
257.056	405.25
257.289	374.25
257.521	391.25
257.754	359.25
257.987	334.25
258.22	339.25
258.452	333.25
258.685	343.25
258.918	344.25
259.151	330.25
259.383	351.25
259.616	326.25
259.849	328.25
260.081	333.25
260.314	360.25
260.547	362.25
260.779	340.25
261.012	335.25
261.244	345.25
261.477	359.25
261.71	321.25
261.942	362.25
262.175	370.25
262.407	364.25
262.64	330.25
262.872	343.25
263.105	340.25
263.337	331.25
263.57	335.25
263.802	336.25
264.035	334.25
264.267	328.25
264.499	317.25
264.732	352.25
264.964	354.25
265.197	347.25
265.429	344.25
265.661	339.25
265.894	334.25
266.126	356.25
266.358	341.25
266.591	346.25
266.823	336.25
267.055	361.25
267.287	362.25
267.52	356.25
267.752	349.25
267.984	354.25
268.216	365.25
268.448	367.25
268.681	363.25
268.913	353.25
269.145	377.25
269.377	418.25
269.609	391.25
269.841	373.25
270.073	398.25
270.306	408.25
270.538	417.25
270.77	415.25
271.002	429.25
271.234	417.25
271.466	416.25
271.698	435.25
271.93	445.25
272.162	433.25
272.394	434.25
272.626	426.25
272.858	439.25
273.09	421.25
273.322	428.25
273.553	423.25
273.785	427.25
274.017	398.25
274.249	402.25
274.481	428.25
274.713	417.25
274.945	405.25
275.176	409.25
275.408	436.25
275.64	434.25
275.872	450.25
276.104	445.25
276.335	452.25
276.567	462.25
276.799	479.25
277.031	494.25
277.262	535.25
277.494	522.25
277.726	481.25
277.957	467.25
278.189	466.25
278.421	435.25
278.652	460.25
278.884	456.25
279.115	464.25
279.347	464.25
279.579	465.25
279.81	491.25
280.042	511.25
280.273	543.25
280.505	557.25
280.736	527.25
280.968	493.25
281.199	476.25
281.431	471.25
281.662	459.25
281.894	457.25
282.125	465.25
282.356	517.25
282.588	511.25
282.819	533.25
283.051	489.25
283.282	456.25
283.513	466.25
283.745	463.25
283.976	462.25
284.207	463.25
284.439	461.25
284.67	463.25
284.901	480.25
285.132	493.25
285.364	466.25
285.595	467.25
285.826	473.25
286.057	451.25
286.288	465.25
286.52	487.25
286.751	519.25
286.982	465.25
287.213	485.25
287.444	466.25
287.675	487.25
287.906	516.25
288.138	482.25
288.369	496.25
288.6	500.25
288.831	498.25
289.062	491.25
289.293	493.25
289.524	493.25
289.755	503.25
289.986	526.25
290.217	503.25
290.448	495.25
290.679	495.25
290.91	501.25
291.141	489.25
291.371	494.25
291.602	506.25
291.833	490.25
292.064	490.25
292.295	511.25
292.526	522.25
292.757	497.25
292.987	484.25
293.218	507.25
293.449	507.25
293.68	511.25
293.91	510.25
294.141	499.25
294.372	502.25
294.603	495.25
294.833	508.25
295.064	525.25
295.295	529.25
295.525	496.25
295.756	523.25
295.987	532.25
296.217	580.25
296.448	553.25
296.679	527.25
296.909	509.25
297.14	533.25
297.37	520.25
297.601	533.25
297.831	537.25
298.062	548.25
298.292	568.25
298.523	546.25
298.753	553.25
298.984	557.25
299.214	545.25
299.445	548.25
299.675	530.25
299.905	578.25
300.136	563.25
300.366	549.25
300.597	545.25
300.827	569.25
301.057	580.25
301.288	577.25
301.518	608.25
301.748	572.25
301.979	598.25
302.209	591.25
302.439	590.25
302.669	599.25
302.9	596.25
303.13	594.25
303.36	595.25
303.59	619.25
303.82	624.25
304.051	608.25
304.281	613.25
304.511	588.25
304.741	600.25
304.971	612.25
305.201	617.25
305.431	593.25
305.661	603.25
305.891	581.25
306.121	594.25
306.352	605.25
306.582	624.25
306.812	601.25
307.042	625.25
307.272	643.25
307.502	652.25
307.731	659.25
307.961	641.25
308.191	598.25
308.421	607.25
308.651	609.25
308.881	629.25
309.111	639.25
309.341	620.25
309.571	635.25
309.8	653.25
310.03	649.25
310.26	657.25
310.49	652.25
310.72	654.25
310.949	670.25
311.179	689.25
311.409	685.25
311.639	665.25
311.868	667.25
312.098	684.25
312.328	700.25
312.557	730.25
312.787	748.25
313.017	722.25
313.246	715.25
313.476	693.25
313.706	687.25
313.935	711.25
314.165	727.25
314.394	728.25
314.624	731.25
314.853	695.25
315.083	692.25
315.312	670.25
315.542	683.25
315.771	663.25
316.001	683.25
316.23	686.25
316.46	713.25
316.689	716.25
316.919	707.25
317.148	727.25
317.377	733.25
317.607	722.25
317.836	733.25
318.065	718.25
318.295	701.25
318.524	723.25
318.753	700.25
318.983	729.25
319.212	722.25
319.441	727.25
319.67	720.25
319.9	701.25
320.129	732.25
320.358	724.25
320.587	731.25
320.816	743.25
321.046	770.25
321.275	765.25
321.504	745.25
321.733	771.25
321.962	801.25
322.191	793.25
322.42	813.25
322.649	829.25
322.878	858.25
323.108	849.25
323.337	931.25
323.566	943.25
323.795	1019.25
324.024	1107.25
324.253	1285.25
324.482	1769.25
324.71	2648.25
324.939	3710.25
325.168	3028.25
325.397	1681.25
325.626	1314.25
325.855	1110.25
326.084	1082.25
326.313	1073.25
326.542	1088.25
326.77	1159.25
326.999	1312.25
327.228	1717.25
327.457	2584.25
327.686	2995.25
327.914	2143.25
328.143	1761.25
328.372	1820.25
328.6	1650.25
328.829	1357.25
329.058	1329.25
329.287	1352.25
329.515	1369.25
329.744	1432.25
329.972	1690.25
330.201	2208.25
330.43	2620.25
330.658	2233.25
330.887	1640.25
331.115	1425.25
331.344	1267.25
331.572	1163.25
331.801	1166.25
332.03	1175.25
332.258	1127.25
332.486	1187.25
332.715	1161.25
332.943	1202.25
333.172	1260.25
333.4	1320.25
333.629	1431.25
333.857	1622.25
334.085	1909.25
334.314	2409.25
334.542	3191.25
334.771	3484.25
334.999	2257.25
335.227	1605.25
335.455	1381.25
335.684	1257.25
335.912	1217.25
336.14	1120.25
336.369	1133.25
336.597	1113.25
336.825	1077.25
337.053	1067.25
337.281	1041.25
337.51	1004.25
337.738	1007.25
337.966	993.25
338.194	995.25
338.422	984.25
338.65	916.25
338.878	923.25
339.106	908.25
339.334	931.25
339.562	942.25
339.79	898.25
340.018	900.25
340.246	897.25
340.474	922.25
340.702	896.25
340.93	885.25
341.158	895.25
341.386	882.25
341.614	891.25
341.842	874.25
342.07	882.25
342.298	871.25
342.526	875.25
342.754	858.25
342.981	849.25
343.209	873.25
343.437	873.25
343.665	935.25
343.893	962.25
344.12	989.25
344.348	990.25
344.576	958.25
344.804	914.25
345.031	901.25
345.259	917.25
345.487	912.25
345.714	887.25
345.942	898.25
346.17	878.25
346.397	872.25
346.625	834.25
346.853	852.25
347.08	854.25
347.308	847.25
347.535	868.25
347.763	889.25
347.99	885.25
348.218	864.25
348.445	871.25
348.673	869.25
348.9	840.25
349.128	847.25
349.355	836.25
349.583	802.25
349.81	833.25
350.037	847.25
350.265	828.25
350.492	849.25
350.72	819.25
350.947	835.25
351.174	872.25
351.402	867.25
351.629	853.25
351.856	871.25
352.083	894.25
352.311	891.25
352.538	861.25
352.765	862.25
352.992	850.25
353.22	834.25
353.447	819.25
353.674	834.25
353.901	826.25
354.128	819.25
354.355	828.25
354.583	830.25
354.81	820.25
355.037	831.25
355.264	791.25
355.491	835.25
355.718	802.25
355.945	818.25
356.172	815.25
356.399	803.25
356.626	818.25
356.853	813.25
357.08	825.25
357.307	812.25
357.534	802.25
357.761	815.25
357.988	813.25
358.215	824.25
358.441	837.25
358.668	811.25
358.895	862.25
359.122	835.25
359.349	851.25
359.576	853.25
359.802	899.25
360.029	921.25
360.256	940.25
360.483	921.25
360.709	867.25
360.936	872.25
361.163	893.25
361.39	875.25
361.616	864.25
361.843	897.25
362.07	858.25
362.296	884.25
362.523	886.25
362.749	876.25
362.976	874.25
363.203	866.25
363.429	869.25
363.656	874.25
363.882	847.25
364.109	848.25
364.335	863.25
364.562	846.25
364.788	833.25
365.015	861.25
365.241	858.25
365.468	852.25
365.694	863.25
365.92	879.25
366.147	857.25
366.373	875.25
366.599	864.25
366.826	845.25
367.052	860.25
367.278	867.25
367.505	858.25
367.731	864.25
367.957	879.25
368.184	885.25
368.41	888.25
368.636	883.25
368.862	893.25
369.089	896.25
369.315	881.25
369.541	856.25
369.767	891.25
369.993	881.25
370.219	869.25
370.445	883.25
370.672	900.25
370.898	879.25
371.124	925.25
371.35	930.25
371.576	905.25
371.802	896.25
372.028	917.25
372.254	888.25
372.48	888.25
372.706	925.25
372.932	939.25
373.158	909.25
373.384	909.25
373.61	929.25
373.835	941.25
374.061	930.25
374.287	947.25
374.513	914.25
374.739	964.25
374.965	978.25
375.191	973.25
375.416	979.25
375.642	985.25
375.868	947.25
376.094	933.25
376.319	935.25
376.545	888.25
376.771	920.25
376.997	897.25
377.222	930.25
377.448	919.25
377.674	892.25
377.899	924.25
378.125	923.25
378.35	913.25
378.576	933.25
378.802	924.25
379.027	916.25
379.253	923.25
379.478	905.25
379.704	906.25
379.929	911.25
380.155	939.25
380.38	923.25
380.606	928.25
380.831	909.25
381.057	931.25
381.282	914.25
381.507	909.25
381.733	921.25
381.958	944.25
382.184	919.25
382.409	929.25
382.634	960.25
382.86	969.25
383.085	964.25
383.31	963.25
383.535	973.25
383.761	961.25
383.986	976.25
384.211	1018.25
384.436	1026.25
384.662	1034.25
384.887	1090.25
385.112	1048.25
385.337	1060.25
385.562	1058.25
385.787	1065.25
386.013	1071.25
386.238	1095.25
386.463	1094.25
386.688	1101.25
386.913	1055.25
387.138	1052.25
387.363	1074.25
387.588	1071.25
387.813	1077.25
388.038	1076.25
388.263	1090.25
388.488	1098.25
388.713	1084.25
388.938	1087.25
389.163	1081.25
389.387	1080.25
389.612	1074.25
389.837	1090.25
390.062	1080.25
390.287	1119.25
390.512	1088.25
390.736	1073.25
390.961	1106.25
391.186	1145.25
391.411	1152.25
391.636	1184.25
391.86	1176.25
392.085	1196.25
392.31	1193.25
392.534	1154.25
392.759	1163.25
392.984	1179.25
393.208	1137.25
393.433	1137.25
393.658	1162.25
393.882	1137.25
394.107	1149.25
394.331	1164.25
394.556	1152.25
394.78	1167.25
395.005	1183.25
395.229	1162.25
395.454	1201.25
395.678	1193.25
395.903	1223.25
396.127	1248.25
396.352	1216.25
396.576	1200.25
396.801	1180.25
397.025	1183.25
397.249	1202.25
397.474	1232.25
397.698	1227.25
397.922	1260.25
398.147	1279.25
398.371	1295.25
398.595	1326.25
398.82	1365.25
399.044	1440.25
399.268	1549.25
399.492	1708.25
399.717	1857.25
399.941	1851.25
400.165	1759.25
400.389	1635.25
400.613	1543.25
400.837	1445.25
401.062	1420.25
401.286	1386.25
401.51	1396.25
401.734	1394.25
401.958	1380.25
402.182	1447.25
402.406	1479.25
402.63	1498.25
402.854	1486.25
403.078	1486.25
403.302	1492.25
403.526	1520.25
403.75	1540.25
403.974	1570.25
404.198	1591.25
404.422	1595.25
404.645	1618.25
404.869	1634.25
405.093	1744.25
405.317	1835.25
405.541	1847.25
405.765	1707.25
405.988	1632.25
406.212	1643.25
406.436	1679.25
406.66	1683.25
406.883	1683.25
407.107	1684.25
407.331	1788.25
407.555	1902.25
407.778	1892.25
408.002	1775.25
408.226	1701.25
408.449	1685.25
408.673	1645.25
408.896	1674.25
409.12	1661.25
409.344	1637.25
409.567	1591.25
409.791	1613.25
410.014	1618.25
410.238	1580.25
410.461	1612.25
410.685	1580.25
410.908	1580.25
411.132	1565.25
411.355	1648.25
411.578	1579.25
411.802	1525.25
412.025	1579.25
412.249	1662.25
412.472	1727.25
412.695	1819.25
412.919	1815.25
413.142	1696.25
413.365	1629.25
413.589	1592.25
413.812	1550.25
414.035	1486.25
414.258	1511.25
414.482	1504.25
414.705	1516.25
414.928	1484.25
415.151	1495.25
415.374	1470.25
415.597	1474.25
415.821	1460.25
416.044	1448.25
416.267	1440.25
416.49	1479.25
416.713	1436.25
416.936	1424.25
417.159	1445.25
417.382	1501.25
417.605	1499.25
417.828	1552.25
418.051	1534.25
418.274	1518.25
418.497	1471.25
418.72	1495.25
418.943	1480.25
419.166	1615.25
419.389	1674.25
419.611	1659.25
419.834	1615.25
420.057	1670.25
420.28	1677.25
420.503	1663.25
420.726	1635.25
420.948	1628.25
421.171	1642.25
421.394	1623.25
421.617	1563.25
421.839	1519.25
422.062	1530.25
422.285	1525.25
422.507	1590.25
422.73	1677.25
422.953	1647.25
423.175	1538.25
423.398	1536.25
423.621	1534.25
423.843	1580.25
424.066	1575.25
424.288	1561.25
424.511	1647.25
424.733	1674.25
424.956	1757.25
425.178	1719.25
425.401	1691.25
425.623	1765.25
425.846	1538.25
426.068	1543.25
426.291	1497.25
426.513	1487.25
426.735	1512.25
426.958	1552.25
427.18	1626.25
427.402	1824.25
427.625	1993.25
427.847	1865.25
428.069	1798.25
428.292	1656.25
428.514	1526.25
428.736	1444.25
428.958	1458.25
429.181	1385.25
429.403	1428.25
429.625	1372.25
429.847	1408.25
430.069	1541.25
430.292	1489.25
430.514	1370.25
430.736	1387.25
430.958	1374.25
431.18	1391.25
431.402	1369.25
431.624	1322.25
431.846	1295.25
432.068	1272.25
432.29	1309.25
432.512	1297.25
432.734	1368.25
432.956	1351.25
433.178	1409.25
433.4	1398.25
433.622	1399.25
433.844	1378.25
434.066	1354.25
434.287	1300.25
434.509	1289.25
434.731	1365.25
434.953	1419.25
435.175	1476.25
435.397	1482.25
435.618	1484.25
435.84	1447.25
436.062	1582.25
436.284	1685.25
436.505	1521.25
436.727	1451.25
436.949	1447.25
437.17	1380.25
437.392	1368.25
437.614	1366.25
437.835	1395.25
438.057	1543.25
438.278	1626.25
438.5	1634.25
438.721	1768.25
438.943	1694.25
439.165	1517.25
439.386	1456.25
439.608	1494.25
439.829	1466.25
440.05	1530.25
440.272	1585.25
440.493	1547.25
440.715	1477.25
440.936	1442.25
441.158	1479.25
441.379	1498.25
441.6	1564.25
441.822	1586.25
442.043	1616.25
442.264	1744.25
442.486	1677.25
442.707	1557.25
442.928	1581.25
443.149	1569.25
443.371	1584.25
443.592	1632.25
443.813	1780.25
444.034	1828.25
444.255	1661.25
444.476	1627.25
444.698	1665.25
444.919	1697.25
445.14	1787.25
445.361	1700.25
445.582	1664.25
445.803	1674.25
446.024	1799.25
446.245	1763.25
446.466	1685.25
446.687	1542.25
446.908	1537.25
447.129	1450.25
447.35	1424.25
447.571	1394.25
447.792	1368.25
448.013	1354.25
448.234	1379.25
448.455	1457.25
448.675	1622.25
448.896	1722.25
449.117	1519.25
449.338	1527.25
449.559	1673.25
449.779	1741.25
450	1514.25
450.221	1376.25
450.442	1348.25
450.662	1332.25
450.883	1339.25
451.104	1355.25
451.324	1334.25
451.545	1323.25
451.766	1287.25
451.986	1220.25
452.207	1249.25
452.428	1209.25
452.648	1218.25
452.869	1191.25
453.089	1207.25
453.31	1218.25
453.53	1215.25
453.751	1164.25
453.971	1165.25
454.192	1215.25
454.412	1203.25
454.633	1172.25
454.853	1170.25
455.073	1175.25
455.294	1202.25
455.514	1278.25
455.734	1214.25
455.955	1150.25
456.175	1119.25
456.395	1141.25
456.616	1083.25
456.836	1111.25
457.056	1106.25
457.276	1088.25
457.497	1127.25
457.717	1099.25
457.937	1096.25
458.157	1139.25
458.377	1172.25
458.598	1194.25
458.818	1266.25
459.038	1434.25
459.258	1378.25
459.478	1348.25
459.698	1263.25
459.918	1273.25
460.138	1336.25
460.358	1396.25
460.578	1406.25
460.798	1388.25
461.018	1432.25
461.238	1394.25
461.458	1397.25
461.678	1364.25
461.898	1405.25
462.118	1387.25
462.338	1484.25
462.558	1480.25
462.777	1540.25
462.997	1632.25
463.217	1684.25
463.437	1721.25
463.657	1606.25
463.876	1518.25
464.096	1562.25
464.316	1509.25
464.536	1613.25
464.755	1581.25
464.975	1524.25
465.195	1588.25
465.414	1681.25
465.634	1465.25
465.854	1425.25
466.073	1364.25
466.293	1333.25
466.512	1297.25
466.732	1303.25
466.951	1278.25
467.171	1276.25
467.391	1321.25
467.61	1329.25
467.829	1433.25
468.049	1572.25
468.268	1982.25
468.488	1643.25
468.707	1432.25
468.927	1385.25
469.146	1367.25
469.365	1291.25
469.585	1332.25
469.804	1358.25
470.023	1350.25
470.243	1396.25
470.462	1417.25
470.681	1429.25
470.901	1424.25
471.12	1344.25
471.339	1379.25
471.558	1387.25
471.777	1423.25
471.997	1492.25
472.216	1868.25
472.435	3315.25
472.654	2628.25
472.873	1838.25
473.092	1605.25
473.311	1485.25
473.53	1431.25
473.749	1402.25
473.968	1426.25
474.187	1501.25
474.406	1486.25
474.625	1396.25
474.844	1350.25
475.063	1351.25
475.282	1279.25
475.501	1290.25
475.72	1313.25
475.939	1298.25
476.158	1331.25
476.377	1319.25
476.596	1308.25
476.814	1329.25
477.033	1319.25
477.252	1353.25
477.471	1403.25
477.69	1415.25
477.908	1438.25
478.127	1492.25
478.346	1465.25
478.564	1475.25
478.783	1543.25
479.002	1552.25
479.22	1556.25
479.439	1580.25
479.658	1646.25
479.876	1575.25
480.095	1611.25
480.313	1743.25
480.532	1756.25
480.751	1844.25
480.969	2201.25
481.188	4236.25
481.406	5281.25
481.624	2995.25
481.843	2253.25
482.061	2007.25
482.28	1858.25
482.498	1744.25
482.717	1662.25
482.935	1670.25
483.153	1647.25
483.372	1677.25
483.59	1650.25
483.808	1639.25
484.027	1591.25
484.245	1583.25
484.463	1583.25
484.681	1588.25
484.9	1597.25
485.118	1611.25
485.336	1531.25
485.554	1547.25
485.772	1509.25
485.99	1526.25
486.209	1550.25
486.427	1546.25
486.645	1580.25
486.863	1636.25
487.081	1635.25
487.299	1597.25
487.517	1617.25
487.735	1692.25
487.953	1735.25
488.171	1715.25
488.389	1663.25
488.607	1669.25
488.825	1594.25
489.043	1585.25
489.261	1569.25
489.479	1628.25
489.696	1652.25
489.914	1651.25
490.132	1687.25
490.35	1705.25
490.568	1734.25
490.786	1810.25
491.003	1870.25
491.221	1908.25
491.439	1950.25
491.657	2003.25
491.874	2096.25
492.092	2130.25
492.31	2179.25
492.527	2187.25
492.745	2128.25
492.963	2136.25
493.18	2132.25
493.398	2093.25
493.615	2105.25
493.833	2067.25
494.05	2036.25
494.268	1988.25
494.485	2020.25
494.703	1954.25
494.92	1969.25
495.138	1915.25
495.355	1914.25
495.573	1947.25
495.79	1919.25
496.008	1895.25
496.225	1901.25
496.442	1903.25
496.66	1882.25
496.877	1885.25
497.094	1890.25
497.312	1929.25
497.529	1929.25
497.746	1923.25
497.963	1955.25
498.181	1978.25
498.398	2019.25
498.615	2073.25
498.832	2173.25
499.049	2243.25
499.267	2394.25
499.484	2494.25
499.701	2693.25
499.918	2867.25
500.135	3185.25
500.352	3501.25
500.569	3612.25
500.786	3611.25
501.003	3454.25
501.22	3165.25
501.437	2921.25
501.654	2638.25
501.871	2530.25
502.088	2356.25
502.305	2210.25
502.522	2148.25
502.739	2100.25
502.956	1994.25
503.172	1950.25
503.389	1884.25
503.606	1850.25
503.823	1821.25
504.04	1804.25
504.256	1759.25
504.473	1807.25
504.69	1828.25
504.907	1786.25
505.123	1727.25
505.34	1669.25
505.557	1653.25
505.773	1648.25
505.99	1591.25
506.207	1570.25
506.423	1547.25
506.64	1549.25
506.856	1492.25
507.073	1515.25
507.289	1482.25
507.506	1495.25
507.722	1525.25
507.939	1512.25
508.155	1474.25
508.372	1454.25
508.588	1446.25
508.805	1417.25
509.021	1418.25
509.238	1395.25
509.454	1395.25
509.67	1375.25
509.887	1354.25
510.103	1347.25
510.319	1409.25
510.536	1615.25
510.752	2821.25
510.968	2141.25
511.184	1403.25
511.401	1387.25
511.617	1404.25
511.833	1447.25
512.049	1448.25
512.265	1402.25
512.481	1391.25
512.698	1387.25
512.914	1376.25
513.13	1395.25
513.346	1354.25
513.562	1347.25
513.778	1356.25
513.994	1380.25
514.21	1412.25
514.426	1471.25
514.642	1527.25
514.858	1560.25
515.074	1629.25
515.29	1946.25
515.506	2791.25
515.721	2227.25
515.937	1635.25
516.153	1497.25
516.369	1491.25
516.585	1496.25
516.801	1514.25
517.016	1510.25
517.232	1562.25
517.448	1588.25
517.664	1629.25
517.879	1615.25
518.095	1614.25
518.311	1568.25
518.527	1584.25
518.742	1536.25
518.958	1518.25
519.173	1492.25
519.389	1440.25
519.605	1444.25
519.82	1476.25
520.036	1454.25
520.251	1452.25
520.467	1486.25
520.682	1468.25
520.898	1477.25
521.113	1506.25
521.329	1581.25
521.544	1720.25
521.76	2196.25
521.975	3715.25
522.19	3434.25
522.406	1925.25
522.621	1511.25
522.836	1387.25
523.052	1349.25
523.267	1304.25
523.482	1274.25
523.698	1293.25
523.913	1298.25
524.128	1291.25
524.343	1231.25
524.559	1261.25
524.774	1256.25
524.989	1205.25
525.204	1229.25
525.419	1228.25
525.634	1192.25
525.849	1157.25
526.064	1149.25
526.28	1132.25
526.495	1113.25
526.71	1155.25
526.925	1149.25
527.14	1101.25
527.355	1108.25
527.57	1096.25
527.785	1077.25
527.999	1100.25
528.214	1120.25
528.429	1120.25
528.644	1180.25
528.859	1207.25
529.074	1210.25
529.289	1252.25
529.503	1406.25
529.718	1323.25
529.933	1205.25
530.148	1139.25
530.363	1104.25
530.577	1112.25
530.792	1103.25
531.007	1081.25
531.221	1088.25
531.436	1058.25
531.651	1064.25
531.865	1080.25
532.08	1074.25
532.295	1086.25
532.509	1051.25
532.724	1094.25
532.938	1089.25
533.153	1069.25
533.367	1080.25
533.582	1116.25
533.796	1101.25
534.011	1111.25
534.225	1058.25
534.44	1019.25
534.654	1013.25
534.868	1034.25
535.083	1035.25
535.297	1066.25
535.511	1087.25
535.726	1064.25
535.94	1065.25
536.154	1027.25
536.369	1013.25
536.583	1008.25
536.797	1007.25
537.011	996.25
537.225	1005.25
537.44	975.25
537.654	990.25
537.868	1014.25
538.082	994.25
538.296	988.25
538.51	975.25
538.724	1028.25
538.938	1032.25
539.153	1054.25
539.367	1069.25
539.581	1053.25
539.795	1003.25
540.009	1025.25
540.222	992.25
540.436	993.25
540.65	1040.25
540.864	1073.25
541.078	1089.25
541.292	1110.25
541.506	1153.25
541.72	1160.25
541.934	1198.25
542.147	1188.25
542.361	1175.25
542.575	1095.25
542.789	1140.25
543.002	1039.25
543.216	1004.25
543.43	1018.25
543.644	1042.25
543.857	1087.25
544.071	1105.25
544.285	1138.25
544.498	1141.25
544.712	1132.25
544.925	1156.25
545.139	1155.25
545.352	1138.25
545.566	1159.25
545.779	1159.25
545.993	1137.25
546.206	1167.25
546.42	1163.25
546.633	1164.25
546.847	1124.25
547.06	1157.25
547.274	1183.25
547.487	1183.25
547.7	1168.25
547.914	1151.25
548.127	1164.25
548.34	1141.25
548.554	1141.25
548.767	1139.25
548.98	1111.25
549.193	1105.25
549.407	1116.25
549.62	1131.25
549.833	1133.25
550.046	1110.25
550.259	1125.25
550.473	1088.25
550.686	1103.25
550.899	1081.25
551.112	1051.25
551.325	1097.25
551.538	1071.25
551.751	1002.25
551.964	986.25
552.177	1024.25
552.39	1060.25
552.603	1100.25
552.816	1135.25
553.029	1148.25
553.242	1181.25
553.455	1193.25
553.667	1196.25
553.88	1205.25
554.093	1149.25
554.306	1129.25
554.519	1135.25
554.732	1095.25
554.944	1039.25
555.157	1038.25
555.37	1037.25
555.583	1027.25
555.795	1035.25
556.008	978.25
556.221	953.25
556.433	975.25
556.646	952.25
556.859	972.25
557.071	939.25
557.284	944.25
557.496	947.25
557.709	970.25
557.921	957.25
558.134	961.25
558.346	927.25
558.559	931.25
558.771	924.25
558.984	888.25
559.196	898.25
559.409	896.25
559.621	878.25
559.833	902.25
560.046	884.25
560.258	871.25
560.47	905.25
560.683	867.25
560.895	897.25
561.107	877.25
561.32	892.25
561.532	852.25
561.744	880.25
561.956	885.25
562.168	899.25
562.381	865.25
562.593	887.25
562.805	879.25
563.017	859.25
563.229	873.25
563.441	857.25
563.653	879.25
563.865	882.25
564.077	861.25
564.289	852.25
564.501	884.25
564.713	881.25
564.925	887.25
565.137	941.25
565.349	937.25
565.561	944.25
565.773	960.25
565.985	990.25
566.197	1011.25
566.408	1060.25
566.62	1130.25
566.832	1174.25
567.044	1140.25
567.255	1191.25
567.467	1197.25
567.679	1218.25
567.891	1282.25
568.102	1274.25
568.314	1206.25
568.526	1113.25
568.737	1054.25
568.949	987.25
569.161	928.25
569.372	841.25
569.584	826.25
569.795	819.25
570.007	809.25
570.218	872.25
570.43	857.25
570.641	807.25
570.853	795.25
571.064	803.25
571.276	803.25
571.487	788.25
571.698	747.25
571.91	749.25
572.121	715.25
572.333	722.25
572.544	693.25
572.755	682.25
572.966	661.25
573.178	642.25
573.389	686.25
573.6	653.25
573.811	635.25
574.023	629.25
574.234	611.25
574.445	637.25
574.656	635.25
574.867	648.25
575.078	633.25
575.289	636.25
575.501	675.25
575.712	622.25
575.923	643.25
576.134	616.25
576.345	633.25
576.556	636.25
576.767	623.25
576.978	611.25
577.188	633.25
577.399	609.25
577.61	607.25
577.821	609.25
578.032	606.25
578.243	653.25
578.454	1037.25
578.665	765.25
578.875	625.25
579.086	557.25
579.297	563.25
579.508	557.25
579.718	540.25
579.929	560.25
580.14	537.25
580.35	562.25
580.561	523.25
580.772	534.25
580.982	551.25
581.193	545.25
581.403	523.25
581.614	575.25
581.825	545.25
582.035	531.25
582.246	538.25
582.456	551.25
582.667	528.25
582.877	527.25
583.087	516.25
583.298	527.25
583.508	535.25
583.719	527.25
583.929	534.25
584.139	518.25
584.35	513.25
584.56	509.25
584.77	520.25
584.981	506.25
585.191	516.25
585.401	549.25
585.611	496.25
585.821	527.25
586.032	521.25
586.242	510.25
586.452	522.25
586.662	508.25
586.872	503.25
587.082	506.25
587.292	505.25
587.502	483.25
587.713	495.25
587.923	491.25
588.133	519.25
588.343	500.25
588.553	485.25
588.762	503.25
588.972	521.25
589.182	514.25
589.392	510.25
589.602	542.25
589.812	525.25
590.022	538.25
590.232	497.25
590.441	518.25
590.651	511.25
590.861	505.25
591.071	494.25
591.281	519.25
591.49	506.25
591.7	507.25
591.91	539.25
592.119	531.25
592.329	538.25
592.539	545.25
592.748	547.25
592.958	551.25
593.167	578.25
593.377	580.25
593.587	572.25
593.796	604.25
594.006	592.25
594.215	621.25
594.424	603.25
594.634	601.25
594.843	591.25
595.053	551.25
595.262	560.25
595.472	542.25
595.681	509.25
595.89	502.25
596.1	505.25
596.309	506.25
596.518	503.25
596.727	486.25
596.937	450.25
597.146	484.25
597.355	482.25
597.564	499.25
597.774	470.25
597.983	457.25
598.192	454.25
598.401	445.25
598.61	448.25
598.819	451.25
599.028	455.25
599.237	440.25
599.446	438.25
599.655	436.25
599.864	449.25
600.073	435.25
600.282	441.25
600.491	451.25
600.7	438.25
600.909	428.25
601.118	457.25
601.327	468.25
601.536	468.25
601.745	482.25
601.953	474.25
602.162	485.25
602.371	474.25
602.58	466.25
602.789	473.25
602.997	468.25
603.206	459.25
603.415	475.25
603.623	458.25
603.832	464.25
604.041	463.25
604.249	462.25
604.458	406.25
604.666	430.25
604.875	430.25
605.084	445.25
605.292	438.25
605.501	459.25
605.709	460.25
605.918	464.25
606.126	463.25
606.334	460.25
606.543	464.25
606.751	457.25
606.96	453.25
607.168	477.25
607.376	466.25
607.585	458.25
607.793	458.25
608.001	492.25
608.21	468.25
608.418	472.25
608.626	459.25
608.834	465.25
609.043	473.25
609.251	465.25
609.459	457.25
609.667	475.25
609.875	471.25
610.083	467.25
610.291	476.25
610.499	466.25
610.707	479.25
610.916	463.25
611.124	473.25
611.332	467.25
611.54	460.25
611.748	467.25
611.955	476.25
612.163	458.25
612.371	447.25
612.579	464.25
612.787	467.25
612.995	463.25
613.203	454.25
613.411	467.25
613.618	449.25
613.826	440.25
614.034	458.25
614.242	442.25
614.449	447.25
614.657	445.25
614.865	452.25
615.072	443.25
615.28	447.25
615.488	456.25
615.695	457.25
615.903	442.25
616.111	458.25
616.318	448.25
616.526	442.25
616.733	452.25
616.941	448.25
617.148	442.25
617.356	453.25
617.563	465.25
617.771	463.25
617.978	415.25
618.185	433.25
618.393	443.25
618.6	447.25
618.807	429.25
619.015	458.25
619.222	443.25
619.429	453.25
619.637	402.25
619.844	403.25
620.051	380.25
620.258	418.25
620.466	395.25
620.673	403.25
620.88	388.25
621.087	373.25
621.294	387.25
621.501	381.25
621.708	395.25
621.915	409.25
622.122	399.25
622.329	398.25
622.536	430.25
622.743	404.25
622.95	412.25
623.157	393.25
623.364	399.25
623.571	387.25
623.778	385.25
623.985	395.25
624.192	403.25
624.399	382.25
624.606	404.25
624.812	391.25
625.019	372.25
625.226	363.25
625.433	376.25
625.639	364.25
625.846	337.25
626.053	329.25
626.259	336.25
626.466	345.25
626.673	347.25
626.879	323.25
627.086	353.25
627.293	335.25
627.499	352.25
627.706	357.25
627.912	371.25
628.119	373.25
628.325	356.25
628.532	351.25
628.738	341.25
628.945	350.25
629.151	363.25
629.357	329.25
629.564	344.25
629.77	338.25
629.976	330.25
630.183	323.25
630.389	334.25
630.595	348.25
630.802	323.25
631.008	321.25
631.214	342.25
631.42	333.25
631.627	330.25
631.833	331.25
632.039	325.25
632.245	323.25
632.451	350.25
632.657	328.25
632.863	351.25
633.069	319.25
633.275	291.25
633.481	305.25
633.688	313.25
633.893	301.25
634.099	307.25
634.305	309.25
634.511	309.25
634.717	299.25
634.923	307.25
635.129	314.25
635.335	307.25
635.541	311.25
635.747	329.25
635.952	328.25
636.158	351.25
636.364	421.25
636.57	487.25
636.775	415.25
636.981	387.25
637.187	372.25
637.392	348.25
637.598	320.25
637.804	328.25
638.009	330.25
638.215	338.25
638.421	313.25
638.626	315.25
638.832	311.25
639.037	297.25
639.243	298.25
639.448	299.25
639.654	281.25
639.859	295.25
640.065	297.25
640.27	295.25
640.475	286.25
640.681	316.25
640.886	298.25
641.091	292.25
641.297	289.25
641.502	301.25
641.707	299.25
641.913	297.25
642.118	276.25
642.323	283.25
642.528	305.25
642.733	303.25
642.939	290.25
643.144	267.25
643.349	285.25
643.554	272.25
643.759	259.25
643.964	263.25
644.169	277.25
644.374	269.25
644.579	264.25
644.784	271.25
644.989	266.25
645.194	295.25
645.399	266.25
645.604	276.25
645.809	293.25
646.014	270.25
646.219	256.25
646.423	265.25
646.628	276.25
646.833	302.25
647.038	271.25
647.243	269.25
647.447	269.25
647.652	275.25
647.857	301.25
648.062	294.25
648.266	294.25
648.471	289.25
648.676	286.25
648.88	288.25
649.085	256.25
649.289	287.25
649.494	279.25
649.698	307.25
649.903	288.25
650.107	287.25
650.312	274.25
650.516	256.25
650.721	264.25
650.925	274.25
651.13	257.25
651.334	248.25
651.539	248.25
651.743	236.25
651.947	240.25
652.152	249.25
652.356	215.25
652.56	212.25
652.764	206.25
652.969	219.25
653.173	211.25
653.377	227.25
653.581	194.25
653.785	191.25
653.99	213.25
654.194	210.25
654.398	224.25
654.602	197.25
654.806	185.25
655.01	216.25
655.214	203.25
655.418	200.25
655.622	219.25
655.826	205.25
656.03	193.25
656.234	186.25
656.438	211.25
656.642	205.25
656.846	202.25
657.049	190.25
657.253	184.25
657.457	163.25
657.661	158.25
657.865	148.25
658.068	137.25
658.272	139.25
658.476	143.25
658.68	136.25
658.883	133.25
659.087	140.25
659.291	129.25
659.494	132.25
659.698	130.25
659.901	132.25
660.105	123.25
660.309	102.25
660.512	114.25
660.716	108.25
660.919	106.25
661.123	113.25
661.326	114.25
661.53	93.25
661.733	107.25
661.936	89.25
662.14	92.25
662.343	72.25
662.546	99.25
662.75	86.25
662.953	110.25
663.156	84.25
663.36	85.25
663.563	85.25
663.766	87.25
663.969	68.25
664.173	91.25
664.376	71.25
664.579	98.25
664.782	87.25
664.985	81.25
665.188	91.25
665.391	74.25
665.594	83.25
665.797	77.25
666	79.25
666.203	75.25
666.406	96.25
666.609	80.25
666.812	73.25
667.015	84.25
667.218	72.25
667.421	88.25
667.624	98.25
667.827	81.25
668.03	78.25
668.232	85.25
668.435	87.25
668.638	71.25
668.841	88.25
669.043	83.25
669.246	74.25
669.449	79.25
669.651	77.25
669.854	84.25
670.057	90.25
670.259	90.25
670.462	80.25
670.665	86.25
670.867	74.25
671.07	72.25
671.272	71.25
671.475	91.25
671.677	75.25
671.88	97.25
672.082	88.25
672.284	79.25
672.487	90.25
672.689	90.25
672.892	81.25
