223.165	-17.81
223.4	-17.81
223.635	-17.81
223.869	-25.81
224.104	-19.81
224.338	-19.81
224.573	-19.81
224.808	-3.81
225.042	-3.81
225.277	-9.81
225.511	-2.81
225.746	-22.81
225.98	10.19
226.215	27.19
226.449	19.19
226.683	25.19
226.918	40.19
227.152	24.19
227.387	30.19
227.621	44.19
227.856	42.19
228.09	46.19
228.324	55.19
228.559	59.19
228.793	74.19
229.027	126.19
229.262	136.19
229.496	153.19
229.73	177.19
229.964	187.19
230.199	172.19
230.433	149.19
230.667	160.19
230.901	141.19
231.136	151.19
231.37	150.19
231.604	129.19
231.838	148.19
232.072	145.19
232.306	150.19
232.541	151.19
232.775	155.19
233.009	169.19
233.243	149.19
233.477	147.19
233.711	156.19
233.945	154.19
234.179	154.19
234.413	164.19
234.647	161.19
234.881	159.19
235.115	163.19
235.349	164.19
235.583	143.19
235.817	146.19
236.051	159.19
236.285	168.19
236.519	172.19
236.753	190.19
236.987	196.19
237.221	238.19
237.455	301.19
237.689	240.19
237.922	184.19
238.156	187.19
238.39	182.19
238.624	192.19
238.858	178.19
239.091	165.19
239.325	174.19
239.559	172.19
239.793	178.19
240.027	179.19
240.26	192.19
240.494	183.19
240.728	194.19
240.961	189.19
241.195	188.19
241.429	191.19
241.662	187.19
241.896	192.19
242.13	209.19
242.363	174.19
242.597	202.19
242.83	184.19
243.064	186.19
243.298	193.19
243.531	193.19
243.765	201.19
243.998	194.19
244.232	189.19
244.465	212.19
244.699	206.19
244.932	215.19
245.166	206.19
245.399	217.19
245.633	206.19
245.866	214.19
246.099	204.19
246.333	215.19
246.566	215.19
246.8	231.19
247.033	228.19
247.266	217.19
247.5	251.19
247.733	255.19
247.966	257.19
248.2	263.19
248.433	258.19
248.666	237.19
248.899	255.19
249.133	280.19
249.366	293.19
249.599	290.19
249.832	261.19
250.066	301.19
250.299	325.19
250.532	380.19
250.765	388.19
250.998	369.19
251.231	351.19
251.465	325.19
251.698	314.19
251.931	309.19
252.164	306.19
252.397	296.19
252.63	301.19
252.863	304.19
253.096	300.19
253.329	317.19
253.562	308.19
253.795	306.19
254.028	325.19
254.261	328.19
254.494	320.19
254.727	341.19
254.96	370.19
255.193	350.19
255.426	352.19
255.659	390.19
255.892	468.19
256.124	540.19
256.357	594.19
256.59	506.19
256.823	421.19
257.056	394.19
257.289	398.19
257.521	356.19
257.754	361.19
257.987	357.19
258.22	338.19
258.452	356.19
258.685	345.19
258.918	332.19
259.151	346.19
259.383	356.19
259.616	308.19
259.849	354.19
260.081	350.19
260.314	341.19
260.547	352.19
260.779	352.19
261.012	337.19
261.244	348.19
261.477	321.19
261.71	338.19
261.942	334.19
262.175	376.19
262.407	367.19
262.64	362.19
262.872	346.19
263.105	318.19
263.337	355.19
263.57	327.19
263.802	317.19
264.035	351.19
264.267	337.19
264.499	320.19
264.732	339.19
264.964	346.19
265.197	340.19
265.429	341.19
265.661	312.19
265.894	318.19
266.126	349.19
266.358	339.19
266.591	348.19
266.823	364.19
267.055	358.19
267.287	339.19
267.52	340.19
267.752	356.19
267.984	337.19
268.216	352.19
268.448	372.19
268.681	330.19
268.913	356.19
269.145	395.19
269.377	359.19
269.609	388.19
269.841	397.19
270.073	400.19
270.306	416.19
270.538	413.19
270.77	414.19
271.002	412.19
271.234	386.19
271.466	409.19
271.698	407.19
271.93	442.19
272.162	436.19
272.394	464.19
272.626	446.19
272.858	417.19
273.09	424.19
273.322	413.19
273.553	400.19
273.785	418.19
274.017	419.19
274.249	428.19
274.481	409.19
274.713	415.19
274.945	432.19
275.176	422.19
275.408	447.19
275.64	438.19
275.872	438.19
276.104	468.19
276.335	445.19
276.567	441.19
276.799	458.19
277.031	512.19
277.262	513.19
277.494	531.19
277.726	481.19
277.957	466.19
278.189	463.19
278.421	456.19
278.652	477.19
278.884	449.19
279.115	454.19
279.347	436.19
279.579	470.19
279.81	459.19
280.042	485.19
280.273	542.19
280.505	537.19
280.736	509.19
280.968	481.19
281.199	455.19
281.431	458.19
281.662	472.19
281.894	468.19
282.125	458.19
282.356	473.19
282.588	511.19
282.819	521.19
283.051	478.19
283.282	452.19
283.513	456.19
283.745	471.19
283.976	464.19
284.207	473.19
284.439	476.19
284.67	451.19
284.901	457.19
285.132	474.19
285.364	460.19
285.595	464.19
285.826	463.19
286.057	485.19
286.288	494.19
286.52	494.19
286.751	476.19
286.982	474.19
287.213	493.19
287.444	485.19
287.675	471.19
287.906	490.19
288.138	487.19
288.369	498.19
288.6	517.19
288.831	506.19
289.062	510.19
289.293	510.19
289.524	506.19
289.755	486.19
289.986	513.19
290.217	471.19
290.448	487.19
290.679	489.19
290.91	502.19
291.141	483.19
291.371	526.19
291.602	483.19
291.833	482.19
292.064	482.19
292.295	503.19
292.526	498.19
292.757	486.19
292.987	486.19
293.218	486.19
293.449	484.19
293.68	489.19
293.91	500.19
294.141	498.19
294.372	497.19
294.603	493.19
294.833	516.19
295.064	512.19
295.295	493.19
295.525	508.19
295.756	520.19
295.987	505.19
296.217	554.19
296.448	557.19
296.679	523.19
296.909	517.19
297.14	502.19
297.37	539.19
297.601	540.19
297.831	523.19
298.062	540.19
298.292	539.19
298.523	558.19
298.753	562.19
298.984	563.19
299.214	542.19
299.445	534.19
299.675	546.19
299.905	545.19
300.136	537.19
300.366	553.19
300.597	561.19
300.827	562.19
301.057	594.19
301.288	598.19
301.518	573.19
301.748	580.19
301.979	574.19
302.209	589.19
302.439	574.19
302.669	605.19
302.9	587.19
303.13	562.19
303.36	579.19
303.59	599.19
303.82	615.19
304.051	621.19
304.281	598.19
304.511	575.19
304.741	585.19
304.971	611.19
305.201	577.19
305.431	606.19
305.661	614.19
305.891	599.19
306.121	580.19
306.352	587.19
306.582	610.19
306.812	600.19
307.042	608.19
307.272	628.19
307.502	650.19
307.731	639.19
307.961	624.19
308.191	580.19
308.421	593.19
308.651	615.19
308.881	617.19
309.111	605.19
309.341	593.19
309.571	620.19
309.8	615.19
310.03	650.19
310.26	648.19
310.49	655.19
310.72	659.19
310.949	700.19
311.179	701.19
311.409	657.19
311.639	668.19
311.868	672.19
312.098	661.19
312.328	686.19
312.557	703.19
312.787	737.19
313.017	705.19
313.246	690.19
313.476	666.19
313.706	681.19
313.935	694.19
314.165	713.19
314.394	691.19
314.624	681.19
314.853	696.19
315.083	676.19
315.312	692.19
315.542	696.19
315.771	663.19
316.001	655.19
316.23	693.19
316.46	698.19
316.689	688.19
316.919	686.19
317.148	704.19
317.377	680.19
317.607	692.19
317.836	679.19
318.065	694.19
318.295	686.19
318.524	692.19
318.753	711.19
318.983	686.19
319.212	710.19
319.441	714.19
319.67	729.19
319.9	716.19
320.129	720.19
320.358	717.19
320.587	724.19
320.816	731.19
321.046	752.19
321.275	755.19
321.504	754.19
321.733	753.19
321.962	742.19
322.191	758.19
322.42	823.19
322.649	840.19
322.878	866.19
323.108	849.19
323.337	887.19
323.566	937.19
323.795	983.19
324.024	1080.19
324.253	1311.19
324.482	1745.19
324.71	2653.19
324.939	3705.19
325.168	2974.19
325.397	1666.19
325.626	1261.19
325.855	1104.19
326.084	1065.19
326.313	1020.19
326.542	1050.19
326.77	1150.19
326.999	1297.19
327.228	1735.19
327.457	2515.19
327.686	2988.19
327.914	2083.19
328.143	1742.19
328.372	1733.19
328.6	1590.19
328.829	1325.19
329.058	1293.19
329.287	1302.19
329.515	1321.19
329.744	1388.19
329.972	1664.19
330.201	2068.19
330.43	2579.19
330.658	2175.19
330.887	1572.19
331.115	1392.19
331.344	1234.19
331.572	1129.19
331.801	1144.19
332.03	1139.19
332.258	1098.19
332.486	1128.19
332.715	1141.19
332.943	1180.19
333.172	1202.19
333.4	1273.19
333.629	1404.19
333.857	1543.19
334.085	1799.19
334.314	2307.19
334.542	3113.19
334.771	3317.19
334.999	2200.19
335.227	1553.19
335.455	1313.19
335.684	1220.19
335.912	1145.19
336.14	1128.19
336.369	1082.19
336.597	1045.19
336.825	1068.19
337.053	1046.19
337.281	1010.19
337.51	1003.19
337.738	971.19
337.966	977.19
338.194	960.19
338.422	944.19
338.65	891.19
338.878	903.19
339.106	917.19
339.334	900.19
339.562	891.19
339.79	883.19
340.018	870.19
340.246	897.19
340.474	886.19
340.702	893.19
340.93	876.19
341.158	857.19
341.386	876.19
341.614	842.19
341.842	865.19
342.07	842.19
342.298	835.19
342.526	840.19
342.754	829.19
342.981	820.19
343.209	851.19
343.437	873.19
343.665	896.19
343.893	926.19
344.12	946.19
344.348	936.19
344.576	919.19
344.804	886.19
345.031	905.19
345.259	895.19
345.487	890.19
345.714	872.19
345.942	849.19
346.17	844.19
346.397	818.19
346.625	844.19
346.853	826.19
347.08	822.19
347.308	834.19
347.535	853.19
347.763	858.19
347.99	863.19
348.218	848.19
348.445	855.19
348.673	859.19
348.9	857.19
349.128	814.19
349.355	804.19
349.583	798.19
349.81	828.19
350.037	839.19
350.265	808.19
350.492	809.19
350.72	801.19
350.947	801.19
351.174	848.19
351.402	852.19
351.629	840.19
351.856	831.19
352.083	844.19
352.311	819.19
352.538	855.19
352.765	860.19
352.992	857.19
353.22	854.19
353.447	826.19
353.674	816.19
353.901	823.19
354.128	806.19
354.355	800.19
354.583	818.19
354.81	798.19
355.037	821.19
355.264	787.19
355.491	811.19
355.718	813.19
355.945	805.19
356.172	802.19
356.399	782.19
356.626	808.19
356.853	795.19
357.08	785.19
357.307	795.19
357.534	794.19
357.761	802.19
357.988	816.19
358.215	825.19
358.441	822.19
358.668	801.19
358.895	785.19
359.122	842.19
359.349	840.19
359.576	861.19
359.802	883.19
360.029	942.19
360.256	948.19
360.483	923.19
360.709	862.19
360.936	855.19
361.163	829.19
361.39	865.19
361.616	882.19
361.843	867.19
362.07	855.19
362.296	877.19
362.523	843.19
362.749	867.19
362.976	853.19
363.203	835.19
363.429	823.19
363.656	831.19
363.882	829.19
364.109	845.19
364.335	824.19
364.562	848.19
364.788	809.19
365.015	801.19
365.241	839.19
365.468	850.19
365.694	825.19
365.92	857.19
366.147	831.19
366.373	856.19
366.599	824.19
366.826	851.19
367.052	849.19
367.278	833.19
367.505	845.19
367.731	833.19
367.957	851.19
368.184	839.19
368.41	864.19
368.636	880.19
368.862	896.19
369.089	879.19
369.315	850.19
369.541	871.19
369.767	877.19
369.993	858.19
370.219	876.19
370.445	868.19
370.672	853.19
370.898	883.19
371.124	873.19
371.35	872.19
371.576	887.19
371.802	898.19
372.028	883.19
372.254	886.19
372.48	897.19
372.706	889.19
372.932	895.19
373.158	899.19
373.384	898.19
373.61	897.19
373.835	927.19
374.061	930.19
374.287	876.19
374.513	916.19
374.739	940.19
374.965	943.19
375.191	954.19
375.416	988.19
375.642	929.19
375.868	908.19
376.094	942.19
376.319	925.19
376.545	902.19
376.771	908.19
376.997	915.19
377.222	916.19
377.448	905.19
377.674	899.19
377.899	881.19
378.125	867.19
378.35	898.19
378.576	906.19
378.802	873.19
379.027	896.19
379.253	886.19
379.478	874.19
379.704	877.19
379.929	894.19
380.155	893.19
380.38	887.19
380.606	911.19
380.831	903.19
381.057	892.19
381.282	892.19
381.507	889.19
381.733	922.19
381.958	912.19
382.184	928.19
382.409	931.19
382.634	932.19
382.86	959.19
383.085	968.19
383.31	977.19
383.535	972.19
383.761	970.19
383.986	990.19
384.211	1014.19
384.436	1004.19
384.662	1010.19
384.887	1052.19
385.112	1035.19
385.337	1060.19
385.562	1039.19
385.787	1050.19
386.013	1083.19
386.238	1057.19
386.463	1076.19
386.688	1058.19
386.913	1038.19
387.138	1027.19
387.363	1083.19
387.588	1043.19
387.813	1029.19
388.038	1047.19
388.263	1024.19
388.488	1076.19
388.713	1047.19
388.938	1059.19
389.163	1069.19
389.387	1071.19
389.612	1019.19
389.837	1071.19
390.062	1053.19
390.287	1075.19
390.512	1035.19
390.736	1034.19
390.961	1088.19
391.186	1102.19
391.411	1113.19
391.636	1139.19
391.86	1179.19
392.085	1190.19
392.31	1166.19
392.534	1156.19
392.759	1146.19
392.984	1113.19
393.208	1150.19
393.433	1138.19
393.658	1108.19
393.882	1116.19
394.107	1124.19
394.331	1143.19
394.556	1144.19
394.78	1145.19
395.005	1152.19
395.229	1152.19
395.454	1161.19
395.678	1184.19
395.903	1221.19
396.127	1205.19
396.352	1203.19
396.576	1172.19
396.801	1165.19
397.025	1169.19
397.249	1200.19
397.474	1200.19
397.698	1241.19
397.922	1223.19
398.147	1239.19
398.371	1285.19
398.595	1285.19
398.82	1306.19
399.044	1408.19
399.268	1468.19
399.492	1657.19
399.717	1775.19
399.941	1794.19
400.165	1703.19
400.389	1632.19
400.613	1496.19
400.837	1432.19
401.062	1390.19
401.286	1336.19
401.51	1389.19
401.734	1350.19
401.958	1394.19
402.182	1396.19
402.406	1456.19
402.63	1442.19
402.854	1444.19
403.078	1473.19
403.302	1497.19
403.526	1496.19
403.75	1531.19
403.974	1540.19
404.198	1498.19
404.422	1575.19
404.645	1582.19
404.869	1606.19
405.093	1688.19
405.317	1777.19
405.541	1837.19
405.765	1695.19
405.988	1629.19
406.212	1632.19
406.436	1680.19
406.66	1684.19
406.883	1658.19
407.107	1695.19
407.331	1758.19
407.555	1853.19
407.778	1887.19
408.002	1782.19
408.226	1712.19
408.449	1656.19
408.673	1635.19
408.896	1609.19
409.12	1666.19
409.344	1652.19
409.567	1599.19
409.791	1547.19
410.014	1555.19
410.238	1561.19
410.461	1536.19
410.685	1571.19
410.908	1542.19
411.132	1579.19
411.355	1560.19
411.578	1558.19
411.802	1525.19
412.025	1551.19
412.249	1632.19
412.472	1691.19
412.695	1823.19
412.919	1693.19
413.142	1631.19
413.365	1583.19
413.589	1573.19
413.812	1492.19
414.035	1453.19
414.258	1461.19
414.482	1450.19
414.705	1487.19
414.928	1449.19
415.151	1468.19
415.374	1417.19
415.597	1454.19
415.821	1425.19
416.044	1414.19
416.267	1417.19
416.49	1427.19
416.713	1409.19
416.936	1413.19
417.159	1464.19
417.382	1469.19
417.605	1470.19
417.828	1465.19
418.051	1506.19
418.274	1493.19
418.497	1453.19
418.72	1476.19
418.943	1477.19
419.166	1544.19
419.389	1635.19
419.611	1629.19
419.834	1612.19
420.057	1616.19
420.28	1664.19
420.503	1668.19
420.726	1588.19
420.948	1609.19
421.171	1577.19
421.394	1580.19
421.617	1529.19
421.839	1509.19
422.062	1512.19
422.285	1505.19
422.507	1589.19
422.73	1642.19
422.953	1585.19
423.175	1551.19
423.398	1540.19
423.621	1525.19
423.843	1567.19
424.066	1552.19
424.288	1561.19
424.511	1588.19
424.733	1654.19
424.956	1702.19
425.178	1684.19
425.401	1630.19
425.623	1638.19
425.846	1521.19
426.068	1509.19
426.291	1490.19
426.513	1472.19
426.735	1433.19
426.958	1468.19
427.18	1556.19
427.402	1774.19
427.625	1911.19
427.847	1848.19
428.069	1746.19
428.292	1619.19
428.514	1505.19
428.736	1448.19
428.958	1413.19
429.181	1368.19
429.403	1364.19
429.625	1394.19
429.847	1413.19
430.069	1465.19
430.292	1449.19
430.514	1349.19
430.736	1339.19
430.958	1343.19
431.18	1308.19
431.402	1357.19
431.624	1327.19
431.846	1296.19
432.068	1286.19
432.29	1296.19
432.512	1263.19
432.734	1341.19
432.956	1349.19
433.178	1386.19
433.4	1394.19
433.622	1368.19
433.844	1382.19
434.066	1341.19
434.287	1320.19
434.509	1296.19
434.731	1333.19
434.953	1382.19
435.175	1445.19
435.397	1466.19
435.618	1431.19
435.84	1443.19
436.062	1517.19
436.284	1640.19
436.505	1480.19
436.727	1408.19
436.949	1434.19
437.17	1397.19
437.392	1340.19
437.614	1336.19
437.835	1356.19
438.057	1506.19
438.278	1604.19
438.5	1634.19
438.721	1786.19
438.943	1698.19
439.165	1466.19
439.386	1432.19
439.608	1426.19
439.829	1439.19
440.05	1500.19
440.272	1584.19
440.493	1511.19
440.715	1438.19
440.936	1442.19
441.158	1457.19
441.379	1446.19
441.6	1555.19
441.822	1556.19
442.043	1569.19
442.264	1668.19
442.486	1694.19
442.707	1547.19
442.928	1529.19
443.149	1516.19
443.371	1572.19
443.592	1607.19
443.813	1759.19
444.034	1838.19
444.255	1642.19
444.476	1602.19
444.698	1632.19
444.919	1654.19
445.14	1784.19
445.361	1673.19
445.582	1580.19
445.803	1656.19
446.024	1747.19
446.245	1733.19
446.466	1657.19
446.687	1551.19
446.908	1452.19
447.129	1434.19
447.35	1420.19
447.571	1378.19
447.792	1351.19
448.013	1342.19
448.234	1365.19
448.455	1432.19
448.675	1565.19
448.896	1679.19
449.117	1482.19
449.338	1489.19
449.559	1618.19
449.779	1706.19
450	1481.19
450.221	1369.19
450.442	1336.19
450.662	1307.19
450.883	1317.19
451.104	1338.19
451.324	1322.19
451.545	1307.19
451.766	1281.19
451.986	1249.19
452.207	1207.19
452.428	1177.19
452.648	1186.19
452.869	1167.19
453.089	1186.19
453.31	1227.19
453.53	1175.19
453.751	1136.19
453.971	1162.19
454.192	1173.19
454.412	1125.19
454.633	1191.19
454.853	1136.19
455.073	1170.19
455.294	1198.19
455.514	1245.19
455.734	1203.19
455.955	1137.19
456.175	1108.19
456.395	1076.19
456.616	1087.19
456.836	1104.19
457.056	1079.19
457.276	1056.19
457.497	1099.19
457.717	1071.19
457.937	1097.19
458.157	1098.19
458.377	1102.19
458.598	1133.19
458.818	1250.19
459.038	1406.19
459.258	1402.19
459.478	1284.19
459.698	1266.19
459.918	1261.19
460.138	1297.19
460.358	1338.19
460.578	1358.19
460.798	1372.19
461.018	1368.19
461.238	1367.19
461.458	1362.19
461.678	1364.19
461.898	1382.19
462.118	1380.19
462.338	1437.19
462.558	1462.19
462.777	1521.19
462.997	1641.19
463.217	1684.19
463.437	1696.19
463.657	1606.19
463.876	1517.19
464.096	1516.19
464.316	1512.19
464.536	1519.19
464.755	1532.19
464.975	1542.19
465.195	1551.19
465.414	1674.19
465.634	1476.19
465.854	1379.19
466.073	1315.19
466.293	1290.19
466.512	1278.19
466.732	1249.19
466.951	1280.19
467.171	1262.19
467.391	1319.19
467.61	1288.19
467.829	1381.19
468.049	1543.19
468.268	1956.19
468.488	1617.19
468.707	1422.19
468.927	1322.19
469.146	1308.19
469.365	1300.19
469.585	1282.19
469.804	1307.19
470.023	1367.19
470.243	1373.19
470.462	1378.19
470.681	1425.19
470.901	1417.19
471.12	1377.19
471.339	1392.19
471.558	1343.19
471.777	1377.19
471.997	1461.19
472.216	1847.19
472.435	3243.19
472.654	2581.19
472.873	1772.19
473.092	1539.19
473.311	1486.19
473.53	1417.19
473.749	1404.19
473.968	1386.19
474.187	1472.19
474.406	1424.19
474.625	1341.19
474.844	1324.19
475.063	1324.19
475.282	1257.19
475.501	1282.19
475.72	1266.19
475.939	1325.19
476.158	1280.19
476.377	1303.19
476.596	1292.19
476.814	1314.19
477.033	1286.19
477.252	1279.19
477.471	1305.19
477.69	1359.19
477.908	1420.19
478.127	1436.19
478.346	1408.19
478.564	1461.19
478.783	1494.19
479.002	1570.19
479.22	1552.19
479.439	1524.19
479.658	1549.19
479.876	1511.19
480.095	1532.19
480.313	1676.19
480.532	1701.19
480.751	1792.19
480.969	2156.19
481.188	4142.19
481.406	5274.19
481.624	2917.19
481.843	2239.19
482.061	1926.19
482.28	1790.19
482.498	1728.19
482.717	1610.19
482.935	1617.19
483.153	1644.19
483.372	1622.19
483.59	1598.19
483.808	1554.19
484.027	1523.19
484.245	1547.19
484.463	1542.19
484.681	1580.19
484.9	1545.19
485.118	1534.19
485.336	1533.19
485.554	1503.19
485.772	1513.19
485.99	1498.19
486.209	1496.19
486.427	1511.19
486.645	1567.19
486.863	1596.19
487.081	1609.19
487.299	1530.19
487.517	1584.19
487.735	1628.19
487.953	1666.19
488.171	1660.19
488.389	1679.19
488.607	1582.19
488.825	1549.19
489.043	1527.19
489.261	1546.19
489.479	1570.19
489.696	1593.19
489.914	1585.19
490.132	1654.19
490.35	1664.19
490.568	1722.19
490.786	1797.19
491.003	1833.19
491.221	1864.19
491.439	1928.19
491.657	1941.19
491.874	2019.19
492.092	2054.19
492.31	2110.19
492.527	2101.19
492.745	2109.19
492.963	2034.19
493.18	2043.19
493.398	2025.19
493.615	1993.19
493.833	1974.19
494.05	1959.19
494.268	1926.19
494.485	1952.19
494.703	1940.19
494.92	1938.19
495.138	1878.19
495.355	1863.19
495.573	1858.19
495.79	1852.19
496.008	1861.19
496.225	1849.19
496.442	1883.19
496.66	1866.19
496.877	1883.19
497.094	1844.19
497.312	1892.19
497.529	1943.19
497.746	1883.19
497.963	1889.19
498.181	1941.19
498.398	1954.19
498.615	1989.19
498.832	2095.19
499.049	2223.19
499.267	2323.19
499.484	2436.19
499.701	2632.19
499.918	2808.19
500.135	3117.19
500.352	3437.19
500.569	3564.19
500.786	3501.19
501.003	3414.19
501.22	3086.19
501.437	2835.19
501.654	2591.19
501.871	2516.19
502.088	2329.19
502.305	2185.19
502.522	2078.19
502.739	2031.19
502.956	1966.19
503.172	1892.19
503.389	1828.19
503.606	1794.19
503.823	1806.19
504.04	1760.19
504.256	1775.19
504.473	1796.19
504.69	1768.19
504.907	1792.19
505.123	1683.19
505.34	1633.19
505.557	1544.19
505.773	1591.19
505.99	1526.19
506.207	1508.19
506.423	1481.19
506.64	1470.19
506.856	1452.19
507.073	1490.19
507.289	1448.19
507.506	1422.19
507.722	1473.19
507.939	1506.19
508.155	1442.19
508.372	1433.19
508.588	1429.19
508.805	1393.19
509.021	1390.19
509.238	1379.19
509.454	1379.19
509.67	1386.19
509.887	1328.19
510.103	1348.19
510.319	1398.19
510.536	1665.19
510.752	2884.19
510.968	2128.19
511.184	1433.19
511.401	1354.19
511.617	1366.19
511.833	1433.19
512.049	1460.19
512.265	1412.19
512.481	1399.19
512.698	1346.19
512.914	1332.19
513.13	1335.19
513.346	1340.19
513.562	1356.19
513.778	1338.19
513.994	1349.19
514.21	1372.19
514.426	1414.19
514.642	1497.19
514.858	1545.19
515.074	1621.19
515.29	1915.19
515.506	2874.19
515.721	2256.19
515.937	1624.19
516.153	1505.19
516.369	1481.19
516.585	1485.19
516.801	1445.19
517.016	1489.19
517.232	1533.19
517.448	1578.19
517.664	1549.19
517.879	1567.19
518.095	1620.19
518.311	1577.19
518.527	1533.19
518.742	1490.19
518.958	1466.19
519.173	1482.19
519.389	1417.19
519.605	1412.19
519.82	1368.19
520.036	1406.19
520.251	1441.19
520.467	1470.19
520.682	1439.19
520.898	1437.19
521.113	1495.19
521.329	1566.19
521.544	1745.19
521.76	2168.19
521.975	3782.19
522.19	3410.19
522.406	1889.19
522.621	1505.19
522.836	1348.19
523.052	1351.19
523.267	1310.19
523.482	1269.19
523.698	1286.19
523.913	1245.19
524.128	1264.19
524.343	1251.19
524.559	1222.19
524.774	1192.19
524.989	1207.19
525.204	1229.19
525.419	1190.19
525.634	1202.19
525.849	1154.19
526.064	1112.19
526.28	1154.19
526.495	1108.19
526.71	1130.19
526.925	1114.19
527.14	1085.19
527.355	1052.19
527.57	1082.19
527.785	1088.19
527.999	1112.19
528.214	1108.19
528.429	1125.19
528.644	1144.19
528.859	1175.19
529.074	1180.19
529.289	1233.19
529.503	1407.19
529.718	1289.19
529.933	1168.19
530.148	1144.19
530.363	1120.19
530.577	1072.19
530.792	1057.19
531.007	1036.19
531.221	1057.19
531.436	1049.19
531.651	1061.19
531.865	1055.19
532.08	1052.19
532.295	1079.19
532.509	1048.19
532.724	1065.19
532.938	1049.19
533.153	1069.19
533.367	1089.19
533.582	1055.19
533.796	1088.19
534.011	1066.19
534.225	1061.19
534.44	999.19
534.654	1042.19
534.868	1062.19
535.083	1044.19
535.297	1028.19
535.511	1037.19
535.726	1092.19
535.94	1062.19
536.154	1015.19
536.369	996.19
536.583	960.19
536.797	991.19
537.011	979.19
537.225	992.19
537.44	944.19
537.654	964.19
537.868	976.19
538.082	992.19
538.296	985.19
538.51	968.19
538.724	1004.19
538.938	1017.19
539.153	1036.19
539.367	1056.19
539.581	1046.19
539.795	975.19
540.009	1001.19
540.222	965.19
540.436	979.19
540.65	992.19
540.864	1024.19
541.078	1065.19
541.292	1083.19
541.506	1140.19
541.72	1143.19
541.934	1161.19
542.147	1213.19
542.361	1174.19
542.575	1106.19
542.789	1055.19
543.002	1027.19
543.216	1020.19
543.43	1009.19
543.644	1030.19
543.857	1055.19
544.071	1081.19
544.285	1101.19
544.498	1096.19
544.712	1119.19
544.925	1077.19
545.139	1113.19
545.352	1126.19
545.566	1111.19
545.779	1116.19
545.993	1121.19
546.206	1127.19
546.42	1145.19
546.633	1143.19
546.847	1168.19
547.06	1142.19
547.274	1158.19
547.487	1143.19
547.7	1132.19
547.914	1146.19
548.127	1132.19
548.34	1097.19
548.554	1098.19
548.767	1117.19
548.98	1117.19
549.193	1107.19
549.407	1122.19
549.62	1123.19
549.833	1164.19
550.046	1118.19
550.259	1094.19
550.473	1091.19
550.686	1110.19
550.899	1074.19
551.112	1076.19
551.325	1031.19
551.538	1011.19
551.751	993.19
551.964	966.19
552.177	1030.19
552.39	1056.19
552.603	1099.19
552.816	1089.19
553.029	1133.19
553.242	1184.19
553.455	1187.19
553.667	1177.19
553.88	1194.19
554.093	1143.19
554.306	1127.19
554.519	1099.19
554.732	1079.19
554.944	1038.19
555.157	1012.19
555.37	992.19
555.583	1020.19
555.795	1008.19
556.008	968.19
556.221	957.19
556.433	935.19
556.646	945.19
556.859	929.19
557.071	936.19
557.284	948.19
557.496	942.19
557.709	963.19
557.921	935.19
558.134	932.19
558.346	916.19
558.559	934.19
558.771	913.19
558.984	899.19
559.196	902.19
559.409	867.19
559.621	863.19
559.833	863.19
560.046	879.19
560.258	885.19
560.47	882.19
560.683	874.19
560.895	870.19
561.107	860.19
561.32	876.19
561.532	878.19
561.744	870.19
561.956	839.19
562.168	872.19
562.381	870.19
562.593	863.19
562.805	856.19
563.017	872.19
563.229	851.19
563.441	858.19
563.653	863.19
563.865	843.19
564.077	857.19
564.289	823.19
564.501	869.19
564.713	885.19
564.925	884.19
565.137	905.19
565.349	883.19
565.561	930.19
565.773	961.19
565.985	974.19
566.197	1004.19
566.408	1033.19
566.62	1094.19
566.832	1146.19
567.044	1162.19
567.255	1177.19
567.467	1187.19
567.679	1191.19
567.891	1242.19
568.102	1244.19
568.314	1204.19
568.526	1088.19
568.737	1028.19
568.949	944.19
569.161	901.19
569.372	834.19
569.584	838.19
569.795	768.19
570.007	772.19
570.218	876.19
570.43	855.19
570.641	770.19
570.853	760.19
571.064	764.19
571.276	778.19
571.487	770.19
571.698	709.19
571.91	742.19
572.121	708.19
572.333	681.19
572.544	658.19
572.755	658.19
572.966	674.19
573.178	640.19
573.389	643.19
573.6	633.19
573.811	617.19
574.023	628.19
574.234	632.19
574.445	628.19
574.656	609.19
574.867	641.19
575.078	626.19
575.289	622.19
575.501	635.19
575.712	605.19
575.923	612.19
576.134	612.19
576.345	623.19
576.556	626.19
576.767	629.19
576.978	615.19
577.188	617.19
577.399	610.19
577.61	599.19
577.821	593.19
578.032	609.19
578.243	669.19
578.454	1060.19
578.665	793.19
578.875	601.19
579.086	556.19
579.297	562.19
579.508	564.19
579.718	551.19
579.929	556.19
580.14	547.19
580.35	537.19
580.561	543.19
580.772	537.19
580.982	513.19
581.193	528.19
581.403	535.19
581.614	551.19
581.825	531.19
582.035	529.19
582.246	518.19
582.456	520.19
582.667	533.19
582.877	513.19
583.087	521.19
583.298	518.19
583.508	496.19
583.719	543.19
583.929	508.19
584.139	521.19
584.35	513.19
584.56	515.19
584.77	507.19
584.981	515.19
585.191	514.19
585.401	503.19
585.611	501.19
585.821	496.19
586.032	512.19
586.242	498.19
586.452	517.19
586.662	489.19
586.872	503.19
587.082	502.19
587.292	495.19
587.502	509.19
587.713	499.19
587.923	502.19
588.133	506.19
588.343	496.19
588.553	482.19
588.762	494.19
588.972	509.19
589.182	516.19
589.392	489.19
589.602	502.19
589.812	504.19
590.022	506.19
590.232	500.19
590.441	489.19
590.651	480.19
590.861	494.19
591.071	498.19
591.281	485.19
591.49	510.19
591.7	513.19
591.91	518.19
592.119	541.19
592.329	514.19
592.539	534.19
592.748	552.19
592.958	564.19
593.167	580.19
593.377	565.19
593.587	588.19
593.796	565.19
594.006	602.19
594.215	592.19
594.424	597.19
594.634	581.19
594.843	550.19
595.053	543.19
595.262	543.19
595.472	519.19
595.681	505.19
595.89	503.19
596.1	509.19
596.309	488.19
596.518	508.19
596.727	489.19
596.937	500.19
597.146	493.19
597.355	473.19
597.564	464.19
597.774	464.19
597.983	457.19
598.192	430.19
598.401	461.19
598.61	436.19
598.819	442.19
599.028	458.19
599.237	441.19
599.446	433.19
599.655	431.19
599.864	447.19
600.073	436.19
600.282	428.19
600.491	437.19
600.7	441.19
600.909	442.19
601.118	436.19
601.327	475.19
601.536	474.19
601.745	479.19
601.953	470.19
602.162	471.19
602.371	470.19
602.58	470.19
602.789	465.19
602.997	479.19
603.206	463.19
603.415	473.19
603.623	479.19
603.832	449.19
604.041	449.19
604.249	438.19
604.458	452.19
604.666	405.19
604.875	395.19
605.084	420.19
605.292	441.19
605.501	444.19
605.709	461.19
605.918	458.19
606.126	451.19
606.334	430.19
606.543	450.19
606.751	470.19
606.96	462.19
607.168	452.19
607.376	461.19
607.585	444.19
607.793	468.19
608.001	466.19
608.21	471.19
608.418	458.19
608.626	464.19
608.834	474.19
609.043	468.19
609.251	467.19
609.459	465.19
609.667	465.19
609.875	459.19
610.083	469.19
610.291	461.19
610.499	447.19
610.707	465.19
610.916	467.19
611.124	472.19
611.332	483.19
611.54	476.19
611.748	458.19
611.955	456.19
612.163	454.19
612.371	472.19
612.579	455.19
612.787	460.19
612.995	451.19
613.203	442.19
613.411	437.19
613.618	453.19
613.826	450.19
614.034	432.19
614.242	449.19
614.449	438.19
614.657	434.19
614.865	449.19
615.072	431.19
615.28	446.19
615.488	444.19
615.695	442.19
615.903	441.19
616.111	448.19
616.318	445.19
616.526	453.19
616.733	455.19
616.941	462.19
617.148	436.19
617.356	423.19
617.563	437.19
617.771	401.19
617.978	415.19
618.185	412.19
618.393	428.19
618.6	440.19
618.807	426.19
619.015	446.19
619.222	422.19
619.429	426.19
619.637	413.19
619.844	400.19
620.051	383.19
620.258	404.19
620.466	422.19
620.673	390.19
620.88	395.19
621.087	399.19
621.294	398.19
621.501	392.19
621.708	406.19
621.915	391.19
622.122	431.19
622.329	413.19
622.536	389.19
622.743	381.19
622.95	403.19
623.157	394.19
623.364	395.19
623.571	369.19
623.778	383.19
623.985	396.19
624.192	402.19
624.399	384.19
624.606	387.19
624.812	375.19
625.019	372.19
625.226	385.19
625.433	374.19
625.639	364.19
625.846	333.19
626.053	326.19
626.259	335.19
626.466	319.19
626.673	327.19
626.879	320.19
627.086	348.19
627.293	344.19
627.499	376.19
627.706	362.19
627.912	382.19
628.119	374.19
628.325	353.19
628.532	336.19
628.738	359.19
628.945	341.19
629.151	343.19
629.357	344.19
629.564	346.19
629.77	337.19
629.976	343.19
630.183	325.19
630.389	350.19
630.595	331.19
630.802	328.19
631.008	345.19
631.214	351.19
631.42	318.19
631.627	317.19
631.833	331.19
632.039	311.19
632.245	313.19
632.451	336.19
632.657	337.19
632.863	331.19
633.069	326.19
633.275	320.19
633.481	300.19
633.688	309.19
633.893	302.19
634.099	323.19
634.305	336.19
634.511	306.19
634.717	306.19
634.923	288.19
635.129	304.19
635.335	313.19
635.541	307.19
635.747	306.19
635.952	319.19
636.158	341.19
636.364	421.19
636.57	488.19
636.775	422.19
636.981	371.19
637.187	342.19
637.392	347.19
637.598	341.19
637.804	343.19
638.009	326.19
638.215	338.19
638.421	329.19
638.626	313.19
638.832	313.19
639.037	305.19
639.243	324.19
639.448	306.19
639.654	312.19
639.859	286.19
640.065	300.19
640.27	293.19
640.475	282.19
640.681	303.19
640.886	293.19
641.091	311.19
641.297	305.19
641.502	308.19
641.707	295.19
641.913	289.19
642.118	316.19
642.323	279.19
642.528	274.19
642.733	296.19
642.939	278.19
643.144	288.19
643.349	282.19
643.554	284.19
643.759	275.19
643.964	261.19
644.169	286.19
644.374	278.19
644.579	271.19
644.784	279.19
644.989	270.19
645.194	282.19
645.399	293.19
645.604	272.19
645.809	291.19
646.014	287.19
646.219	278.19
646.423	264.19
646.628	274.19
646.833	261.19
647.038	308.19
647.243	265.19
647.447	301.19
647.652	272.19
647.857	258.19
648.062	276.19
648.266	274.19
648.471	279.19
648.676	282.19
648.88	285.19
649.085	270.19
649.289	283.19
649.494	304.19
649.698	321.19
649.903	286.19
650.107	254.19
650.312	258.19
650.516	271.19
650.721	273.19
650.925	270.19
651.13	245.19
651.334	244.19
651.539	248.19
651.743	256.19
651.947	221.19
652.152	236.19
652.356	236.19
652.56	213.19
652.764	230.19
652.969	212.19
653.173	211.19
653.377	220.19
653.581	208.19
653.785	211.19
653.99	207.19
654.194	209.19
654.398	229.19
654.602	199.19
654.806	197.19
655.01	222.19
655.214	214.19
655.418	197.19
655.622	199.19
655.826	204.19
656.03	193.19
656.234	204.19
656.438	200.19
656.642	198.19
656.846	192.19
657.049	188.19
657.253	180.19
657.457	160.19
657.661	153.19
657.865	152.19
658.068	145.19
658.272	149.19
658.476	143.19
658.68	134.19
658.883	148.19
659.087	132.19
659.291	127.19
659.494	126.19
659.698	120.19
659.901	110.19
660.105	122.19
660.309	130.19
660.512	117.19
660.716	118.19
660.919	126.19
661.123	120.19
661.326	103.19
661.53	108.19
661.733	105.19
661.936	114.19
662.14	103.19
662.343	76.19
662.546	89.19
662.75	97.19
662.953	76.19
663.156	81.19
663.36	85.19
663.563	96.19
663.766	86.19
663.969	89.19
664.173	81.19
664.376	79.19
664.579	96.19
664.782	96.19
664.985	76.19
665.188	85.19
665.391	81.19
665.594	83.19
665.797	86.19
666	72.19
666.203	64.19
666.406	82.19
666.609	74.19
666.812	80.19
667.015	67.19
667.218	93.19
667.421	92.19
667.624	84.19
667.827	84.19
668.03	74.19
668.232	80.19
668.435	87.19
668.638	77.19
668.841	83.19
669.043	86.19
669.246	78.19
669.449	79.19
669.651	90.19
669.854	85.19
670.057	87.19
670.259	94.19
670.462	89.19
670.665	80.19
670.867	71.19
671.07	84.19
671.272	87.19
671.475	82.19
671.677	74.19
671.88	85.19
672.082	102.19
672.284	83.19
672.487	76.19
672.689	100.19
672.892	86.19
