223.165	-27
223.4	-27
223.635	-27
223.869	-18
224.104	-9
224.338	-26
224.573	-13
224.808	0
225.042	-10
225.277	-5
225.511	7
225.746	-8
225.98	4
226.215	14
226.449	16
226.683	14
226.918	29
227.152	32
227.387	38
227.621	41
227.856	50
228.09	56
228.324	49
228.559	66
228.793	65
229.027	114
229.262	149
229.496	147
229.73	150
229.964	188
230.199	155
230.433	144
230.667	144
230.901	139
231.136	133
231.37	141
231.604	141
231.838	136
232.072	135
232.306	145
232.541	151
232.775	139
233.009	127
233.243	131
233.477	134
233.711	134
233.945	141
234.179	146
234.413	155
234.647	146
234.881	154
235.115	153
235.349	150
235.583	148
235.817	142
236.051	150
236.285	147
236.519	164
236.753	163
236.987	183
237.221	209
237.455	254
237.689	205
237.922	145
238.156	164
238.39	155
238.624	151
238.858	159
239.091	162
239.325	142
239.559	158
239.793	170
240.027	164
240.26	174
240.494	193
240.728	180
240.961	180
241.195	194
241.429	166
241.662	179
241.896	174
242.13	174
242.363	166
242.597	173
242.83	175
243.064	172
243.298	177
243.531	183
243.765	192
243.998	182
244.232	190
244.465	180
244.699	204
244.932	170
245.166	182
245.399	190
245.633	187
245.866	197
246.099	181
246.333	197
246.566	199
246.8	198
247.033	186
247.266	199
247.5	206
247.733	214
247.966	208
248.2	221
248.433	241
248.666	211
248.899	220
249.133	223
249.366	254
249.599	262
249.832	236
250.066	242
250.299	220
250.532	238
250.765	240
250.998	238
251.231	273
251.465	245
251.698	251
251.931	251
252.164	261
252.397	245
252.63	241
252.863	271
253.096	290
253.329	283
253.562	263
253.795	263
254.028	277
254.261	265
254.494	284
254.727	262
254.96	302
255.193	292
255.426	286
255.659	285
255.892	295
256.124	283
256.357	283
256.59	290
256.823	266
257.056	251
257.289	281
257.521	276
257.754	261
257.987	257
258.22	274
258.452	268
258.685	278
258.918	285
259.151	258
259.383	292
259.616	284
259.849	282
260.081	304
260.314	301
260.547	312
260.779	290
261.012	286
261.244	278
261.477	310
261.71	297
261.942	301
262.175	334
262.407	333
262.64	307
262.872	289
263.105	294
263.337	306
263.57	305
263.802	304
264.035	290
264.267	292
264.499	290
264.732	309
264.964	303
265.197	292
265.429	295
265.661	280
265.894	295
266.126	283
266.358	309
266.591	302
266.823	298
267.055	306
267.287	282
267.52	301
267.752	311
267.984	306
268.216	342
268.448	326
268.681	318
268.913	332
269.145	334
269.377	341
269.609	352
269.841	354
270.073	351
270.306	375
270.538	375
270.77	369
271.002	369
271.234	383
271.466	367
271.698	374
271.93	378
272.162	380
272.394	375
272.626	372
272.858	358
273.09	375
273.322	370
273.553	359
273.785	369
274.017	352
274.249	369
274.481	375
274.713	378
274.945	366
275.176	362
275.408	378
275.64	371
275.872	369
276.104	375
276.335	380
276.567	384
276.799	422
277.031	422
277.262	420
277.494	416
277.726	409
277.957	414
278.189	387
278.421	387
278.652	397
278.884	392
279.115	422
279.347	434
279.579	519
279.81	579
280.042	494
280.273	503
280.505	507
280.736	451
280.968	420
281.199	423
281.431	370
281.662	399
281.894	410
282.125	411
282.356	436
282.588	478
282.819	442
283.051	421
283.282	385
283.513	381
283.745	398
283.976	415
284.207	414
284.439	404
284.67	411
284.901	424
285.132	427
285.364	450
285.595	457
285.826	407
286.057	437
286.288	401
286.52	428
286.751	417
286.982	411
287.213	420
287.444	430
287.675	445
287.906	438
288.138	443
288.369	467
288.6	463
288.831	449
289.062	433
289.293	417
289.524	445
289.755	420
289.986	433
290.217	432
290.448	437
290.679	450
290.91	444
291.141	448
291.371	431
291.602	429
291.833	428
292.064	430
292.295	439
292.526	442
292.757	420
292.987	453
293.218	420
293.449	429
293.68	475
293.91	464
294.141	446
294.372	448
294.603	445
294.833	438
295.064	450
295.295	471
295.525	438
295.756	461
295.987	470
296.217	522
296.448	531
296.679	471
296.909	458
297.14	451
297.37	472
297.601	480
297.831	478
298.062	469
298.292	489
298.523	489
298.753	502
298.984	511
299.214	506
299.445	493
299.675	494
299.905	497
300.136	518
300.366	490
300.597	499
300.827	514
301.057	545
301.288	517
301.518	548
301.748	517
301.979	533
302.209	512
302.439	533
302.669	523
302.9	521
303.13	496
303.36	527
303.59	535
303.82	573
304.051	567
304.281	523
304.511	516
304.741	548
304.971	537
305.201	507
305.431	514
305.661	526
305.891	518
306.121	527
306.352	558
306.582	559
306.812	538
307.042	534
307.272	560
307.502	541
307.731	541
307.961	528
308.191	551
308.421	534
308.651	566
308.881	528
309.111	534
309.341	557
309.571	588
309.8	606
310.03	594
310.26	591
310.49	600
310.72	611
310.949	604
311.179	603
311.409	588
311.639	579
311.868	581
312.098	597
312.328	629
312.557	643
312.787	657
313.017	645
313.246	641
313.476	613
313.706	619
313.935	631
314.165	644
314.394	658
314.624	669
314.853	647
315.083	608
315.312	624
315.542	633
315.771	623
316.001	615
316.23	611
316.46	606
316.689	635
316.919	627
317.148	636
317.377	634
317.607	627
317.836	614
318.065	627
318.295	635
318.524	637
318.753	620
318.983	627
319.212	615
319.441	629
319.67	651
319.9	636
320.129	633
320.358	622
320.587	639
320.816	643
321.046	662
321.275	667
321.504	666
321.733	645
321.962	654
322.191	707
322.42	700
322.649	737
322.878	776
323.108	778
323.337	804
323.566	875
323.795	921
324.024	999
324.253	1236
324.482	1781
324.71	2717
324.939	3758
325.168	2987
325.397	1589
325.626	1178
325.855	991
326.084	901
326.313	912
326.542	913
326.77	984
326.999	1175
327.228	1659
327.457	2529
327.686	2915
327.914	1868
328.143	1305
328.372	1207
328.6	1132
328.829	1005
329.058	1029
329.287	1004
329.515	951
329.744	913
329.972	957
330.201	1108
330.43	1225
330.658	1177
330.887	1114
331.115	1041
331.344	902
331.572	842
331.801	849
332.03	877
332.258	844
332.486	839
332.715	851
332.943	877
333.172	869
333.4	905
333.629	962
333.857	993
334.085	1046
334.314	1171
334.542	1379
334.771	1467
334.999	1137
335.227	975
335.455	943
335.684	883
335.912	851
336.14	851
336.369	875
336.597	858
336.825	856
337.053	863
337.281	827
337.51	850
337.738	795
337.966	795
338.194	812
338.422	826
338.65	797
338.878	785
339.106	771
339.334	779
339.562	766
339.79	767
340.018	754
340.246	747
340.474	787
340.702	766
340.93	775
341.158	767
341.386	764
341.614	774
341.842	769
342.07	749
342.298	737
342.526	750
342.754	723
342.981	723
343.209	743
343.437	771
343.665	800
343.893	839
344.12	857
344.348	857
344.576	820
344.804	813
345.031	817
345.259	818
345.487	795
345.714	780
345.942	761
346.17	759
346.397	737
346.625	737
346.853	759
347.08	757
347.308	759
347.535	761
347.763	797
347.99	736
348.218	788
348.445	776
348.673	778
348.9	747
349.128	763
349.355	727
349.583	716
349.81	745
350.037	737
350.265	728
350.492	730
350.72	738
350.947	751
351.174	776
351.402	771
351.629	776
351.856	773
352.083	772
352.311	776
352.538	798
352.765	814
352.992	776
353.22	771
353.447	756
353.674	723
353.901	706
354.128	721
354.355	748
354.583	715
354.81	725
355.037	731
355.264	693
355.491	711
355.718	731
355.945	717
356.172	703
356.399	711
356.626	725
356.853	714
357.08	713
357.307	736
357.534	725
357.761	707
357.988	755
358.215	747
358.441	742
358.668	763
358.895	761
359.122	741
359.349	759
359.576	795
359.802	818
360.029	889
360.256	883
360.483	835
360.709	823
360.936	811
361.163	802
361.39	772
361.616	810
361.843	807
362.07	769
362.296	795
362.523	791
362.749	775
362.976	779
363.203	765
363.429	756
363.656	769
363.882	763
364.109	771
364.335	778
364.562	781
364.788	746
365.015	740
365.241	780
365.468	777
365.694	788
365.92	793
366.147	776
366.373	777
366.599	758
366.826	758
367.052	770
367.278	770
367.505	774
367.731	788
367.957	767
368.184	783
368.41	811
368.636	813
368.862	823
369.089	794
369.315	806
369.541	809
369.767	798
369.993	810
370.219	797
370.445	835
370.672	806
370.898	818
371.124	821
371.35	829
371.576	823
371.802	830
372.028	828
372.254	806
372.48	845
372.706	835
372.932	836
373.158	849
373.384	841
373.61	834
373.835	842
374.061	855
374.287	853
374.513	877
374.739	889
374.965	898
375.191	918
375.416	907
375.642	896
375.868	854
376.094	891
376.319	853
376.545	848
376.771	849
376.997	850
377.222	852
377.448	851
377.674	838
377.899	827
378.125	851
378.35	846
378.576	863
378.802	837
379.027	850
379.253	833
379.478	815
379.704	828
379.929	829
380.155	818
380.38	838
380.606	874
380.831	871
381.057	885
381.282	878
381.507	843
381.733	863
381.958	845
382.184	885
382.409	889
382.634	913
382.86	890
383.085	925
383.31	971
383.535	942
383.761	962
383.986	979
384.211	973
384.436	964
384.662	982
384.887	1005
385.112	1017
385.337	1043
385.562	1029
385.787	1041
386.013	1051
386.238	1038
386.463	1056
386.688	1073
386.913	1027
387.138	1009
387.363	1025
387.588	1009
387.813	1034
388.038	1026
388.263	1043
388.488	1051
388.713	1006
388.938	992
389.163	993
389.387	982
389.612	986
389.837	982
390.062	995
390.287	1020
390.512	1025
390.736	1021
390.961	1028
391.186	1025
391.411	1055
391.636	1071
391.86	1140
392.085	1118
392.31	1113
392.534	1109
392.759	1131
392.984	1168
393.208	1330
393.433	1688
393.658	1742
393.882	1231
394.107	1116
394.331	1115
394.556	1106
394.78	1089
395.005	1117
395.229	1109
395.454	1136
395.678	1173
395.903	1157
396.127	1173
396.352	1221
396.576	1206
396.801	1345
397.025	1579
397.249	1385
397.474	1199
397.698	1122
397.922	1171
398.147	1193
398.371	1219
398.595	1221
398.82	1265
399.044	1339
399.268	1403
399.492	1610
399.717	1726
399.941	1737
400.165	1631
400.389	1542
400.613	1408
400.837	1350
401.062	1321
401.286	1304
401.51	1323
401.734	1273
401.958	1326
402.182	1349
402.406	1374
402.63	1400
402.854	1370
403.078	1366
403.302	1451
403.526	1413
403.75	1435
403.974	1445
404.198	1437
404.422	1459
404.645	1488
404.869	1469
405.093	1503
405.317	1526
405.541	1577
405.765	1486
405.988	1454
406.212	1493
406.436	1616
406.66	1597
406.883	1556
407.107	1592
407.331	1692
407.555	1791
407.778	1771
408.002	1654
408.226	1620
408.449	1571
408.673	1522
408.896	1558
409.12	1597
409.344	1544
409.567	1493
409.791	1465
410.014	1453
410.238	1422
410.461	1441
410.685	1463
410.908	1441
411.132	1465
411.355	1471
411.578	1422
411.802	1380
412.025	1379
412.249	1433
412.472	1485
412.695	1440
412.919	1413
413.142	1359
413.365	1364
413.589	1351
413.812	1372
414.035	1318
414.258	1348
414.482	1354
414.705	1358
414.928	1347
415.151	1348
415.374	1332
415.597	1306
415.821	1315
416.044	1327
416.267	1330
416.49	1340
416.713	1327
416.936	1322
417.159	1340
417.382	1350
417.605	1342
417.828	1373
418.051	1397
418.274	1375
418.497	1365
418.72	1357
418.943	1373
419.166	1405
419.389	1522
419.611	1491
419.834	1450
420.057	1416
420.28	1423
420.503	1383
420.726	1359
420.948	1398
421.171	1439
421.394	1420
421.617	1385
421.839	1403
422.062	1379
422.285	1417
422.507	1507
422.73	1660
422.953	1746
423.175	1463
423.398	1480
423.621	1431
423.843	1467
424.066	1497
424.288	1465
424.511	1514
424.733	1525
424.956	1583
425.178	1551
425.401	1513
425.623	1614
425.846	1437
426.068	1399
426.291	1383
426.513	1378
426.735	1394
426.958	1442
427.18	1494
427.402	1685
427.625	1818
427.847	1704
428.069	1547
428.292	1451
428.514	1369
428.736	1290
428.958	1331
429.181	1273
429.403	1269
429.625	1289
429.847	1316
430.069	1387
430.292	1383
430.514	1283
430.736	1286
430.958	1249
431.18	1241
431.402	1232
431.624	1214
431.846	1222
432.068	1205
432.29	1198
432.512	1247
432.734	1246
432.956	1270
433.178	1301
433.4	1325
433.622	1281
433.844	1297
434.066	1223
434.287	1231
434.509	1230
434.731	1248
434.953	1309
435.175	1381
435.397	1390
435.618	1325
435.84	1321
436.062	1440
436.284	1511
436.505	1407
436.727	1323
436.949	1302
437.17	1310
437.392	1279
437.614	1266
437.835	1305
438.057	1438
438.278	1533
438.5	1529
438.721	1605
438.943	1541
439.165	1395
439.386	1363
439.608	1371
439.829	1390
440.05	1390
440.272	1488
440.493	1446
440.715	1362
440.936	1361
441.158	1397
441.379	1397
441.6	1451
441.822	1502
442.043	1517
442.264	1599
442.486	1562
442.707	1477
442.928	1441
443.149	1485
443.371	1506
443.592	1555
443.813	1624
444.034	1661
444.255	1582
444.476	1526
444.698	1545
444.919	1601
445.14	1684
445.361	1596
445.582	1537
445.803	1605
446.024	1646
446.245	1613
446.466	1543
446.687	1433
446.908	1393
447.129	1320
447.35	1326
447.571	1293
447.792	1240
448.013	1261
448.234	1301
448.455	1315
448.675	1421
448.896	1529
449.117	1402
449.338	1367
449.559	1457
449.779	1561
450	1356
450.221	1277
450.442	1255
450.662	1280
450.883	1286
451.104	1348
451.324	1301
451.545	1234
451.766	1201
451.986	1196
452.207	1164
452.428	1178
452.648	1155
452.869	1187
453.089	1156
453.31	1174
453.53	1135
453.751	1111
453.971	1143
454.192	1160
454.412	1133
454.633	1120
454.853	1085
455.073	1098
455.294	1142
455.514	1173
455.734	1186
455.955	1045
456.175	1040
456.395	1017
456.616	1044
456.836	1012
457.056	1016
457.276	1007
457.497	1034
457.717	1005
457.937	1015
458.157	1052
458.377	1079
458.598	1117
458.818	1254
459.038	1337
459.258	1326
459.478	1242
459.698	1181
459.918	1222
460.138	1235
460.358	1314
460.578	1287
460.798	1301
461.018	1337
461.238	1305
461.458	1334
461.678	1305
461.898	1301
462.118	1327
462.338	1376
462.558	1403
462.777	1439
462.997	1534
463.217	1631
463.437	1612
463.657	1550
463.876	1496
464.096	1492
464.316	1464
464.536	1498
464.755	1499
464.975	1474
465.195	1565
465.414	1689
465.634	1445
465.854	1282
466.073	1229
466.293	1224
466.512	1184
466.732	1180
466.951	1197
467.171	1185
467.391	1204
467.61	1243
467.829	1266
468.049	1262
468.268	1378
468.488	1264
468.707	1181
468.927	1159
469.146	1167
469.365	1187
469.585	1182
469.804	1223
470.023	1272
470.243	1240
470.462	1259
470.681	1321
470.901	1319
471.12	1240
471.339	1244
471.558	1214
471.777	1190
471.997	1222
472.216	1347
472.435	1759
472.654	1446
472.873	1169
473.092	1143
473.311	1121
473.53	1139
473.749	1165
473.968	1198
474.187	1233
474.406	1245
474.625	1153
474.844	1114
475.063	1097
475.282	1097
475.501	1099
475.72	1125
475.939	1125
476.158	1165
476.377	1166
476.596	1126
476.814	1145
477.033	1141
477.252	1195
477.471	1203
477.69	1234
477.908	1287
478.127	1326
478.346	1298
478.564	1346
478.783	1370
479.002	1369
479.22	1431
479.439	1419
479.658	1421
479.876	1383
480.095	1378
480.313	1451
480.532	1476
480.751	1490
480.969	1580
481.188	2193
481.406	2447
481.624	1591
481.843	1342
482.061	1278
482.28	1302
482.498	1282
482.717	1280
482.935	1305
483.153	1303
483.372	1381
483.59	1347
483.808	1332
484.027	1306
484.245	1330
484.463	1343
484.681	1371
484.9	1366
485.118	1357
485.336	1327
485.554	1333
485.772	1333
485.99	1326
486.209	1310
486.427	1334
486.645	1391
486.863	1455
487.081	1447
487.299	1426
487.517	1455
487.735	1473
487.953	1527
488.171	1509
488.389	1453
488.607	1422
488.825	1383
489.043	1377
489.261	1376
489.479	1351
489.696	1408
489.914	1416
490.132	1415
490.35	1423
490.568	1459
490.786	1504
491.003	1477
491.221	1557
491.439	1551
491.657	1593
491.874	1647
492.092	1680
492.31	1741
492.527	1697
492.745	1658
492.963	1616
493.18	1629
493.398	1621
493.615	1644
493.833	1615
494.05	1588
494.268	1572
494.485	1625
494.703	1623
494.92	1651
495.138	1651
495.355	1598
495.573	1613
495.79	1628
496.008	1653
496.225	1603
496.442	1633
496.66	1642
496.877	1634
497.094	1661
497.312	1677
497.529	1737
497.746	1702
497.963	1684
498.181	1759
498.398	1820
498.615	1901
498.832	1988
499.049	2069
499.267	2183
499.484	2332
499.701	2557
499.918	2778
500.135	3037
500.352	3337
500.569	3468
500.786	3403
501.003	3238
501.22	2986
501.437	2694
501.654	2475
501.871	2365
502.088	2205
502.305	2054
502.522	1949
502.739	1932
502.956	1835
503.172	1756
503.389	1720
503.606	1709
503.823	1682
504.04	1657
504.256	1671
504.473	1661
504.69	1656
504.907	1628
505.123	1589
505.34	1546
505.557	1438
505.773	1474
505.99	1460
506.207	1405
506.423	1398
506.64	1397
506.856	1378
507.073	1331
507.289	1358
507.506	1328
507.722	1366
507.939	1450
508.155	1359
508.372	1319
508.588	1278
508.805	1299
509.021	1269
509.238	1262
509.454	1254
509.67	1301
509.887	1270
510.103	1280
510.319	1301
510.536	1672
510.752	3484
510.968	2381
511.184	1373
511.401	1281
511.617	1263
511.833	1269
512.049	1220
512.265	1231
512.481	1211
512.698	1227
512.914	1228
513.13	1223
513.346	1261
513.562	1227
513.778	1243
513.994	1254
514.21	1323
514.426	1394
514.642	1498
514.858	1536
515.074	1694
515.29	2177
515.506	3746
515.721	2701
515.937	1673
516.153	1514
516.369	1483
516.585	1393
516.801	1483
517.016	1477
517.232	1482
517.448	1552
517.664	1542
517.879	1552
518.095	1554
518.311	1525
518.527	1519
518.742	1469
518.958	1429
519.173	1385
519.389	1412
519.605	1376
519.82	1401
520.036	1388
520.251	1414
520.467	1454
520.682	1464
520.898	1436
521.113	1510
521.329	1615
521.544	1883
521.76	2642
521.975	5178
522.19	4691
522.406	2174
522.621	1571
522.836	1378
523.052	1334
523.267	1255
523.482	1276
523.698	1201
523.913	1214
524.128	1219
524.343	1203
524.559	1170
524.774	1163
524.989	1135
525.204	1173
525.419	1176
525.634	1110
525.849	1139
526.064	1097
526.28	1073
526.495	1054
526.71	1069
526.925	1028
527.14	1039
527.355	1020
527.57	1031
527.785	1015
527.999	1020
528.214	1044
528.429	1036
528.644	1074
528.859	1085
529.074	1133
529.289	1229
529.503	1439
529.718	1298
529.933	1102
530.148	1053
530.363	1051
530.577	1024
530.792	978
531.007	987
531.221	998
531.436	999
531.651	986
531.865	1003
532.08	975
532.295	987
532.509	996
532.724	980
532.938	1025
533.153	994
533.367	1011
533.582	1073
533.796	1054
534.011	1029
534.225	967
534.44	1001
534.654	974
534.868	973
535.083	977
535.297	984
535.511	1009
535.726	1001
535.94	996
536.154	960
536.369	962
536.583	918
536.797	910
537.011	953
537.225	937
537.44	915
537.654	949
537.868	929
538.082	930
538.296	915
538.51	896
538.724	966
538.938	957
539.153	980
539.367	1011
539.581	996
539.795	922
540.009	895
540.222	914
540.436	924
540.65	973
540.864	967
541.078	1004
541.292	1018
541.506	1051
541.72	1099
541.934	1113
542.147	1106
542.361	1087
542.575	1009
542.789	1009
543.002	981
543.216	939
543.43	973
543.644	982
543.857	1011
544.071	1019
544.285	1080
544.498	1077
544.712	1059
544.925	1074
545.139	1067
545.352	1076
545.566	1057
545.779	1075
545.993	1072
546.206	1099
546.42	1049
546.633	1077
546.847	1098
547.06	1085
547.274	1089
547.487	1108
547.7	1076
547.914	1068
548.127	1081
548.34	1087
548.554	1062
548.767	1055
548.98	1071
549.193	1018
549.407	1062
549.62	1071
549.833	1060
550.046	1077
550.259	1037
550.473	1021
550.686	1057
550.899	1017
551.112	1009
551.325	999
551.538	994
551.751	995
551.964	941
552.177	987
552.39	1012
552.603	1057
552.816	1065
553.029	1095
553.242	1139
553.455	1140
553.667	1151
553.88	1163
554.093	1106
554.306	1088
554.519	1056
554.732	1053
554.944	1006
555.157	1003
555.37	983
555.583	969
555.795	915
556.008	919
556.221	891
556.433	907
556.646	901
556.859	897
557.071	897
557.284	907
557.496	893
557.709	898
557.921	867
558.134	897
558.346	864
558.559	885
558.771	865
558.984	875
559.196	907
559.409	871
559.621	849
559.833	841
560.046	827
560.258	852
560.47	836
560.683	834
560.895	832
561.107	831
561.32	845
561.532	837
561.744	830
561.956	839
562.168	842
562.381	838
562.593	830
562.805	827
563.017	817
563.229	809
563.441	819
563.653	825
563.865	833
564.077	827
564.289	822
564.501	822
564.713	869
564.925	883
565.137	887
565.349	884
565.561	885
565.773	892
565.985	926
566.197	978
566.408	1003
566.62	1082
566.832	1132
567.044	1171
567.255	1145
567.467	1182
567.679	1216
567.891	1268
568.102	1295
568.314	1207
568.526	1103
568.737	993
568.949	948
569.161	881
569.372	836
569.584	818
569.795	781
570.007	776
570.218	956
570.43	877
570.641	778
570.853	746
571.064	768
571.276	757
571.487	779
571.698	742
571.91	714
572.121	694
572.333	694
572.544	678
572.755	633
572.966	632
573.178	625
573.389	606
573.6	595
573.811	598
574.023	611
574.234	607
574.445	610
574.656	602
574.867	611
575.078	630
575.289	606
575.501	593
575.712	574
575.923	572
576.134	581
576.345	565
576.556	595
576.767	579
576.978	596
577.188	583
577.399	565
577.61	557
577.821	583
578.032	588
578.243	697
578.454	1397
578.665	851
578.875	592
579.086	553
579.297	525
579.508	535
579.718	527
579.929	526
580.14	529
580.35	516
580.561	557
580.772	521
580.982	539
581.193	520
581.403	542
581.614	532
581.825	511
582.035	513
582.246	519
582.456	549
582.667	540
582.877	498
583.087	501
583.298	499
583.508	509
583.719	492
583.929	497
584.139	513
584.35	476
584.56	492
584.77	510
584.981	467
585.191	507
585.401	477
585.611	511
585.821	495
586.032	499
586.242	502
586.452	476
586.662	484
586.872	485
587.082	462
587.292	477
587.502	480
587.713	501
587.923	487
588.133	474
588.343	483
588.553	465
588.762	487
588.972	499
589.182	792
589.392	714
589.602	530
589.812	705
590.022	595
590.232	480
590.441	489
590.651	501
590.861	470
591.071	509
591.281	495
591.49	516
591.7	502
591.91	538
592.119	501
592.329	530
592.539	555
592.748	540
592.958	580
593.167	563
593.377	607
593.587	595
593.796	560
594.006	590
594.215	597
594.424	603
594.634	575
594.843	577
595.053	553
595.262	538
595.472	526
595.681	515
595.89	494
596.1	481
596.309	459
596.518	453
596.727	496
596.937	473
597.146	466
597.355	446
597.564	453
597.774	457
597.983	436
598.192	434
598.401	425
598.61	428
598.819	422
599.028	422
599.237	437
599.446	427
599.655	415
599.864	417
600.073	432
600.282	434
600.491	435
600.7	430
600.909	449
601.118	408
601.327	447
601.536	454
601.745	450
601.953	465
602.162	456
602.371	444
602.58	443
602.789	436
602.997	446
603.206	462
603.415	448
603.623	459
603.832	443
604.041	418
604.249	431
604.458	411
604.666	417
604.875	406
605.084	415
605.292	436
605.501	458
605.709	461
605.918	466
606.126	455
606.334	452
606.543	466
606.751	475
606.96	445
607.168	431
607.376	437
607.585	439
607.793	442
608.001	459
608.21	439
608.418	442
608.626	454
608.834	465
609.043	441
609.251	445
609.459	448
609.667	458
609.875	465
610.083	474
610.291	451
610.499	427
610.707	467
610.916	429
611.124	445
611.332	451
611.54	429
611.748	434
611.955	435
612.163	430
612.371	468
612.579	444
612.787	438
612.995	430
613.203	441
613.411	410
613.618	415
613.826	446
614.034	428
614.242	436
614.449	442
614.657	428
614.865	439
615.072	447
615.28	439
615.488	431
615.695	435
615.903	473
616.111	428
616.318	471
616.526	467
616.733	452
616.941	417
617.148	455
617.356	441
617.563	414
617.771	437
617.978	429
618.185	428
618.393	429
618.6	428
618.807	432
619.015	439
619.222	427
619.429	421
619.637	386
619.844	387
620.051	383
620.258	406
620.466	399
620.673	417
620.88	391
621.087	388
621.294	388
621.501	374
621.708	380
621.915	394
622.122	394
622.329	402
622.536	405
622.743	401
622.95	397
623.157	379
623.364	391
623.571	381
623.778	384
623.985	381
624.192	362
624.399	397
624.606	385
624.812	377
625.019	370
625.226	358
625.433	351
625.639	353
625.846	339
626.053	336
626.259	309
626.466	330
626.673	330
626.879	308
627.086	322
627.293	330
627.499	368
627.706	355
627.912	358
628.119	356
628.325	383
628.532	365
628.738	365
628.945	341
629.151	339
629.357	355
629.564	353
629.77	343
629.976	337
630.183	330
630.389	316
630.595	353
630.802	325
631.008	326
631.214	358
631.42	326
631.627	324
631.833	316
632.039	327
632.245	340
632.451	319
632.657	335
632.863	315
633.069	315
633.275	319
633.481	312
633.688	300
633.893	301
634.099	316
634.305	308
634.511	311
634.717	294
634.923	289
635.129	292
635.335	275
635.541	289
635.747	307
635.952	334
636.158	326
636.364	351
636.57	377
636.775	339
636.981	334
637.187	324
637.392	320
637.598	306
637.804	316
638.009	315
638.215	318
638.421	301
638.626	310
638.832	300
639.037	281
639.243	291
639.448	305
639.654	296
639.859	276
640.065	284
640.27	291
640.475	281
640.681	302
640.886	287
641.091	294
641.297	291
641.502	281
641.707	300
641.913	296
642.118	307
642.323	290
642.528	304
642.733	286
642.939	265
643.144	268
643.349	276
643.554	273
643.759	272
643.964	288
644.169	284
644.374	269
644.579	277
644.784	263
644.989	284
645.194	275
645.399	261
645.604	286
645.809	282
646.014	250
646.219	274
646.423	272
646.628	269
646.833	269
647.038	270
647.243	293
647.447	290
647.652	274
647.857	289
648.062	278
648.266	283
648.471	294
648.676	301
648.88	285
649.085	276
649.289	300
649.494	293
649.698	311
649.903	295
650.107	272
650.312	251
650.516	257
650.721	260
650.925	263
651.13	255
651.334	239
651.539	250
651.743	253
651.947	233
652.152	236
652.356	241
652.56	228
652.764	236
652.969	230
653.173	243
653.377	220
653.581	230
653.785	217
653.99	229
654.194	215
654.398	219
654.602	206
654.806	215
655.01	235
655.214	215
655.418	215
655.622	214
655.826	221
656.03	226
656.234	220
656.438	221
656.642	208
656.846	220
657.049	192
657.253	197
657.457	187
657.661	167
657.865	175
658.068	155
658.272	165
658.476	147
658.68	150
658.883	117
659.087	122
659.291	147
659.494	125
659.698	124
659.901	120
660.105	122
660.309	109
660.512	116
660.716	114
660.919	84
661.123	111
661.326	93
661.53	107
661.733	99
661.936	97
662.14	75
662.343	96
662.546	100
662.75	83
662.953	92
663.156	102
663.36	96
663.563	81
663.766	85
663.969	87
664.173	81
664.376	79
664.579	96
664.782	84
664.985	90
665.188	70
665.391	82
665.594	74
665.797	76
666	91
666.203	79
666.406	83
666.609	77
666.812	92
667.015	84
667.218	103
667.421	84
667.624	68
667.827	92
668.03	63
668.232	52
668.435	77
668.638	85
668.841	91
669.043	77
669.246	78
669.449	78
669.651	89
669.854	84
670.057	89
670.259	86
670.462	86
670.665	85
670.867	77
671.07	76
671.272	80
671.475	76
671.677	86
671.88	79
672.082	78
672.284	80
672.487	74
672.689	76
672.892	89
