223.165	-22.31
223.4	-22.31
223.635	-22.31
223.869	-22.31
224.104	-29.31
224.338	1.69
224.573	-9.31
224.808	-9.31
225.042	4.69
225.277	-11.31
225.511	-5.31
225.746	-5.31
225.98	3.69
226.215	10.69
226.449	19.69
226.683	18.69
226.918	20.69
227.152	34.69
227.387	24.69
227.621	31.69
227.856	45.69
228.09	35.69
228.324	46.69
228.559	69.69
228.793	67.69
229.027	109.69
229.262	123.69
229.496	120.69
229.73	137.69
229.964	156.69
230.199	139.69
230.433	137.69
230.667	136.69
230.901	125.69
231.136	121.69
231.37	116.69
231.604	127.69
231.838	118.69
232.072	131.69
232.306	127.69
232.541	134.69
232.775	137.69
233.009	136.69
233.243	133.69
233.477	141.69
233.711	128.69
233.945	132.69
234.179	137.69
234.413	137.69
234.647	121.69
234.881	135.69
235.115	137.69
235.349	133.69
235.583	147.69
235.817	143.69
236.051	143.69
236.285	148.69
236.519	127.69
236.753	124.69
236.987	161.69
237.221	186.69
237.455	222.69
237.689	190.69
237.922	168.69
238.156	149.69
238.39	141.69
238.624	153.69
238.858	131.69
239.091	150.69
239.325	145.69
239.559	147.69
239.793	148.69
240.027	137.69
240.26	155.69
240.494	163.69
240.728	166.69
240.961	173.69
241.195	151.69
241.429	167.69
241.662	183.69
241.896	156.69
242.13	165.69
242.363	164.69
242.597	170.69
242.83	175.69
243.064	165.69
243.298	147.69
243.531	163.69
243.765	181.69
243.998	167.69
244.232	180.69
244.465	174.69
244.699	173.69
244.932	181.69
245.166	167.69
245.399	178.69
245.633	183.69
245.866	187.69
246.099	183.69
246.333	176.69
246.566	190.69
246.8	189.69
247.033	185.69
247.266	183.69
247.5	189.69
247.733	207.69
247.966	199.69
248.2	210.69
248.433	213.69
248.666	209.69
248.899	205.69
249.133	227.69
249.366	222.69
249.599	215.69
249.832	220.69
250.066	219.69
250.299	236.69
250.532	226.69
250.765	226.69
250.998	243.69
251.231	253.69
251.465	237.69
251.698	234.69
251.931	236.69
252.164	224.69
252.397	231.69
252.63	233.69
252.863	250.69
253.096	245.69
253.329	259.69
253.562	243.69
253.795	245.69
254.028	256.69
254.261	227.69
254.494	240.69
254.727	271.69
254.96	272.69
255.193	257.69
255.426	284.69
255.659	270.69
255.892	279.69
256.124	303.69
256.357	276.69
256.59	252.69
256.823	248.69
257.056	261.69
257.289	257.69
257.521	252.69
257.754	264.69
257.987	243.69
258.22	249.69
258.452	253.69
258.685	247.69
258.918	256.69
259.151	255.69
259.383	256.69
259.616	262.69
259.849	247.69
260.081	267.69
260.314	279.69
260.547	283.69
260.779	264.69
261.012	284.69
261.244	259.69
261.477	270.69
261.71	282.69
261.942	273.69
262.175	304.69
262.407	286.69
262.64	275.69
262.872	271.69
263.105	272.69
263.337	274.69
263.57	259.69
263.802	262.69
264.035	283.69
264.267	283.69
264.499	277.69
264.732	291.69
264.964	276.69
265.197	282.69
265.429	278.69
265.661	300.69
265.894	288.69
266.126	286.69
266.358	270.69
266.591	280.69
266.823	276.69
267.055	297.69
267.287	279.69
267.52	283.69
267.752	288.69
267.984	293.69
268.216	308.69
268.448	303.69
268.681	320.69
268.913	305.69
269.145	321.69
269.377	328.69
269.609	315.69
269.841	318.69
270.073	318.69
270.306	338.69
270.538	348.69
270.77	325.69
271.002	340.69
271.234	335.69
271.466	336.69
271.698	347.69
271.93	332.69
272.162	344.69
272.394	351.69
272.626	362.69
272.858	338.69
273.09	322.69
273.322	345.69
273.553	359.69
273.785	343.69
274.017	319.69
274.249	345.69
274.481	359.69
274.713	368.69
274.945	346.69
275.176	348.69
275.408	363.69
275.64	362.69
275.872	370.69
276.104	362.69
276.335	341.69
276.567	362.69
276.799	369.69
277.031	379.69
277.262	413.69
277.494	392.69
277.726	375.69
277.957	380.69
278.189	360.69
278.421	352.69
278.652	387.69
278.884	352.69
279.115	385.69
279.347	383.69
279.579	382.69
279.81	389.69
280.042	390.69
280.273	412.69
280.505	399.69
280.736	390.69
280.968	370.69
281.199	363.69
281.431	364.69
281.662	361.69
281.894	371.69
282.125	380.69
282.356	401.69
282.588	421.69
282.819	428.69
283.051	387.69
283.282	376.69
283.513	403.69
283.745	382.69
283.976	380.69
284.207	390.69
284.439	392.69
284.67	386.69
284.901	396.69
285.132	408.69
285.364	392.69
285.595	392.69
285.826	394.69
286.057	404.69
286.288	402.69
286.52	411.69
286.751	395.69
286.982	407.69
287.213	391.69
287.444	400.69
287.675	394.69
287.906	412.69
288.138	399.69
288.369	423.69
288.6	414.69
288.831	405.69
289.062	396.69
289.293	433.69
289.524	400.69
289.755	404.69
289.986	410.69
290.217	409.69
290.448	412.69
290.679	408.69
290.91	422.69
291.141	405.69
291.371	407.69
291.602	425.69
291.833	405.69
292.064	423.69
292.295	432.69
292.526	424.69
292.757	421.69
292.987	407.69
293.218	402.69
293.449	426.69
293.68	433.69
293.91	415.69
294.141	416.69
294.372	420.69
294.603	418.69
294.833	414.69
295.064	405.69
295.295	450.69
295.525	423.69
295.756	413.69
295.987	441.69
296.217	458.69
296.448	447.69
296.679	456.69
296.909	444.69
297.14	437.69
297.37	454.69
297.601	457.69
297.831	453.69
298.062	447.69
298.292	477.69
298.523	461.69
298.753	462.69
298.984	451.69
299.214	467.69
299.445	469.69
299.675	462.69
299.905	478.69
300.136	467.69
300.366	466.69
300.597	482.69
300.827	492.69
301.057	487.69
301.288	492.69
301.518	507.69
301.748	496.69
301.979	494.69
302.209	495.69
302.439	513.69
302.669	465.69
302.9	499.69
303.13	499.69
303.36	507.69
303.59	514.69
303.82	515.69
304.051	512.69
304.281	499.69
304.511	463.69
304.741	509.69
304.971	511.69
305.201	498.69
305.431	485.69
305.661	493.69
305.891	496.69
306.121	501.69
306.352	503.69
306.582	489.69
306.812	477.69
307.042	503.69
307.272	502.69
307.502	531.69
307.731	516.69
307.961	507.69
308.191	508.69
308.421	498.69
308.651	493.69
308.881	503.69
309.111	518.69
309.341	521.69
309.571	517.69
309.8	512.69
310.03	507.69
310.26	541.69
310.49	531.69
310.72	567.69
310.949	559.69
311.179	569.69
311.409	528.69
311.639	562.69
311.868	565.69
312.098	557.69
312.328	570.69
312.557	587.69
312.787	603.69
313.017	593.69
313.246	563.69
313.476	558.69
313.706	563.69
313.935	563.69
314.165	569.69
314.394	591.69
314.624	587.69
314.853	566.69
315.083	561.69
315.312	547.69
315.542	569.69
315.771	567.69
316.001	529.69
316.23	565.69
316.46	552.69
316.689	574.69
316.919	573.69
317.148	569.69
317.377	571.69
317.607	572.69
317.836	563.69
318.065	574.69
318.295	571.69
318.524	581.69
318.753	576.69
318.983	592.69
319.212	570.69
319.441	566.69
319.67	581.69
319.9	576.69
320.129	575.69
320.358	581.69
320.587	586.69
320.816	627.69
321.046	627.69
321.275	596.69
321.504	607.69
321.733	594.69
321.962	604.69
322.191	621.69
322.42	640.69
322.649	641.69
322.878	650.69
323.108	685.69
323.337	708.69
323.566	716.69
323.795	755.69
324.024	796.69
324.253	955.69
324.482	1307.69
324.71	1956.69
324.939	2660.69
325.168	2195.69
325.397	1214.69
325.626	922.69
325.855	833.69
326.084	780.69
326.313	759.69
326.542	783.69
326.77	829.69
326.999	969.69
327.228	1250.69
327.457	1869.69
327.686	2145.69
327.914	1426.69
328.143	1070.69
328.372	1035.69
328.6	918.69
328.829	836.69
329.058	838.69
329.287	832.69
329.515	838.69
329.744	816.69
329.972	900.69
330.201	1051.69
330.43	1192.69
330.658	1106.69
330.887	937.69
331.115	900.69
331.344	817.69
331.572	754.69
331.801	792.69
332.03	769.69
332.258	767.69
332.486	791.69
332.715	803.69
332.943	826.69
333.172	844.69
333.4	856.69
333.629	912.69
333.857	940.69
334.085	1034.69
334.314	1167.69
334.542	1412.69
334.771	1459.69
334.999	1127.69
335.227	926.69
335.455	855.69
335.684	831.69
335.912	815.69
336.14	820.69
336.369	840.69
336.597	824.69
336.825	831.69
337.053	791.69
337.281	774.69
337.51	748.69
337.738	734.69
337.966	763.69
338.194	766.69
338.422	755.69
338.65	737.69
338.878	702.69
339.106	712.69
339.334	732.69
339.562	739.69
339.79	694.69
340.018	723.69
340.246	702.69
340.474	733.69
340.702	726.69
340.93	733.69
341.158	729.69
341.386	724.69
341.614	706.69
341.842	705.69
342.07	675.69
342.298	715.69
342.526	712.69
342.754	693.69
342.981	712.69
343.209	701.69
343.437	738.69
343.665	776.69
343.893	797.69
344.12	826.69
344.348	806.69
344.576	775.69
344.804	751.69
345.031	762.69
345.259	760.69
345.487	757.69
345.714	717.69
345.942	712.69
346.17	707.69
346.397	699.69
346.625	680.69
346.853	708.69
347.08	698.69
347.308	673.69
347.535	700.69
347.763	718.69
347.99	692.69
348.218	756.69
348.445	746.69
348.673	698.69
348.9	697.69
349.128	704.69
349.355	700.69
349.583	687.69
349.81	692.69
350.037	676.69
350.265	689.69
350.492	668.69
350.72	672.69
350.947	695.69
351.174	709.69
351.402	704.69
351.629	710.69
351.856	692.69
352.083	704.69
352.311	707.69
352.538	714.69
352.765	682.69
352.992	703.69
353.22	697.69
353.447	705.69
353.674	687.69
353.901	681.69
354.128	692.69
354.355	702.69
354.583	689.69
354.81	685.69
355.037	697.69
355.264	664.69
355.491	685.69
355.718	656.69
355.945	689.69
356.172	698.69
356.399	683.69
356.626	688.69
356.853	699.69
357.08	686.69
357.307	696.69
357.534	706.69
357.761	675.69
357.988	695.69
358.215	674.69
358.441	701.69
358.668	693.69
358.895	706.69
359.122	697.69
359.349	655.69
359.576	733.69
359.802	753.69
360.029	763.69
360.256	778.69
360.483	754.69
360.709	726.69
360.936	729.69
361.163	712.69
361.39	737.69
361.616	724.69
361.843	705.69
362.07	721.69
362.296	738.69
362.523	712.69
362.749	728.69
362.976	739.69
363.203	722.69
363.429	714.69
363.656	732.69
363.882	728.69
364.109	716.69
364.335	686.69
364.562	713.69
364.788	724.69
365.015	709.69
365.241	729.69
365.468	725.69
365.694	736.69
365.92	720.69
366.147	712.69
366.373	729.69
366.599	734.69
366.826	703.69
367.052	703.69
367.278	732.69
367.505	715.69
367.731	739.69
367.957	716.69
368.184	748.69
368.41	728.69
368.636	727.69
368.862	780.69
369.089	770.69
369.315	722.69
369.541	755.69
369.767	751.69
369.993	774.69
370.219	744.69
370.445	748.69
370.672	763.69
370.898	770.69
371.124	784.69
371.35	796.69
371.576	780.69
371.802	768.69
372.028	767.69
372.254	784.69
372.48	798.69
372.706	812.69
372.932	815.69
373.158	803.69
373.384	799.69
373.61	765.69
373.835	808.69
374.061	773.69
374.287	813.69
374.513	819.69
374.739	835.69
374.965	828.69
375.191	866.69
375.416	844.69
375.642	856.69
375.868	834.69
376.094	821.69
376.319	804.69
376.545	814.69
376.771	817.69
376.997	831.69
377.222	802.69
377.448	811.69
377.674	782.69
377.899	799.69
378.125	809.69
378.35	801.69
378.576	792.69
378.802	799.69
379.027	808.69
379.253	820.69
379.478	788.69
379.704	791.69
379.929	798.69
380.155	785.69
380.38	828.69
380.606	813.69
380.831	818.69
381.057	790.69
381.282	824.69
381.507	802.69
381.733	813.69
381.958	845.69
382.184	821.69
382.409	838.69
382.634	841.69
382.86	851.69
383.085	871.69
383.31	880.69
383.535	893.69
383.761	877.69
383.986	870.69
384.211	920.69
384.436	923.69
384.662	929.69
384.887	964.69
385.112	957.69
385.337	975.69
385.562	959.69
385.787	940.69
386.013	956.69
386.238	990.69
386.463	1003.69
386.688	990.69
386.913	940.69
387.138	952.69
387.363	971.69
387.588	974.69
387.813	954.69
388.038	971.69
388.263	982.69
388.488	989.69
388.713	962.69
388.938	973.69
389.163	935.69
389.387	920.69
389.612	940.69
389.837	922.69
390.062	969.69
390.287	949.69
390.512	973.69
390.736	966.69
390.961	987.69
391.186	1014.69
391.411	1011.69
391.636	1041.69
391.86	1052.69
392.085	1095.69
392.31	1081.69
392.534	1044.69
392.759	1072.69
392.984	1060.69
393.208	1071.69
393.433	1114.69
393.658	1154.69
393.882	1055.69
394.107	1030.69
394.331	1024.69
394.556	1057.69
394.78	1058.69
395.005	1076.69
395.229	1045.69
395.454	1067.69
395.678	1119.69
395.903	1119.69
396.127	1114.69
396.352	1082.69
396.576	1064.69
396.801	1117.69
397.025	1167.69
397.249	1124.69
397.474	1117.69
397.698	1107.69
397.922	1129.69
398.147	1143.69
398.371	1146.69
398.595	1151.69
398.82	1187.69
399.044	1265.69
399.268	1411.69
399.492	1570.69
399.717	1678.69
399.941	1679.69
400.165	1564.69
400.389	1524.69
400.613	1375.69
400.837	1305.69
401.062	1283.69
401.286	1269.69
401.51	1244.69
401.734	1237.69
401.958	1246.69
402.182	1229.69
402.406	1293.69
402.63	1308.69
402.854	1351.69
403.078	1323.69
403.302	1330.69
403.526	1328.69
403.75	1367.69
403.974	1384.69
404.198	1404.69
404.422	1419.69
404.645	1413.69
404.869	1411.69
405.093	1413.69
405.317	1473.69
405.541	1522.69
405.765	1435.69
405.988	1405.69
406.212	1403.69
406.436	1474.69
406.66	1493.69
406.883	1466.69
407.107	1534.69
407.331	1616.69
407.555	1697.69
407.778	1642.69
408.002	1583.69
408.226	1549.69
408.449	1520.69
408.673	1461.69
408.896	1479.69
409.12	1535.69
409.344	1507.69
409.567	1429.69
409.791	1423.69
410.014	1384.69
410.238	1394.69
410.461	1390.69
410.685	1380.69
410.908	1417.69
411.132	1377.69
411.355	1395.69
411.578	1390.69
411.802	1335.69
412.025	1374.69
412.249	1369.69
412.472	1422.69
412.695	1443.69
412.919	1397.69
413.142	1369.69
413.365	1343.69
413.589	1339.69
413.812	1329.69
414.035	1291.69
414.258	1274.69
414.482	1301.69
414.705	1323.69
414.928	1293.69
415.151	1275.69
415.374	1283.69
415.597	1290.69
415.821	1248.69
416.044	1273.69
416.267	1272.69
416.49	1286.69
416.713	1261.69
416.936	1283.69
417.159	1259.69
417.382	1265.69
417.605	1299.69
417.828	1300.69
418.051	1290.69
418.274	1311.69
418.497	1271.69
418.72	1336.69
418.943	1319.69
419.166	1373.69
419.389	1483.69
419.611	1427.69
419.834	1392.69
420.057	1389.69
420.28	1383.69
420.503	1312.69
420.726	1285.69
420.948	1338.69
421.171	1357.69
421.394	1399.69
421.617	1355.69
421.839	1362.69
422.062	1323.69
422.285	1343.69
422.507	1410.69
422.73	1459.69
422.953	1456.69
423.175	1378.69
423.398	1393.69
423.621	1385.69
423.843	1405.69
424.066	1441.69
424.288	1436.69
424.511	1428.69
424.733	1483.69
424.956	1527.69
425.178	1460.69
425.401	1477.69
425.623	1468.69
425.846	1375.69
426.068	1340.69
426.291	1310.69
426.513	1303.69
426.735	1265.69
426.958	1367.69
427.18	1377.69
427.402	1549.69
427.625	1678.69
427.847	1566.69
428.069	1441.69
428.292	1377.69
428.514	1299.69
428.736	1219.69
428.958	1260.69
429.181	1236.69
429.403	1216.69
429.625	1223.69
429.847	1265.69
430.069	1311.69
430.292	1319.69
430.514	1244.69
430.736	1194.69
430.958	1202.69
431.18	1221.69
431.402	1191.69
431.624	1168.69
431.846	1143.69
432.068	1104.69
432.29	1133.69
432.512	1157.69
432.734	1218.69
432.956	1200.69
433.178	1236.69
433.4	1240.69
433.622	1236.69
433.844	1227.69
434.066	1193.69
434.287	1175.69
434.509	1199.69
434.731	1201.69
434.953	1288.69
435.175	1351.69
435.397	1308.69
435.618	1279.69
435.84	1260.69
436.062	1338.69
436.284	1390.69
436.505	1311.69
436.727	1250.69
436.949	1253.69
437.17	1229.69
437.392	1190.69
437.614	1175.69
437.835	1202.69
438.057	1319.69
438.278	1391.69
438.5	1409.69
438.721	1457.69
438.943	1443.69
439.165	1282.69
439.386	1278.69
439.608	1325.69
439.829	1293.69
440.05	1304.69
440.272	1351.69
440.493	1319.69
440.715	1292.69
440.936	1299.69
441.158	1295.69
441.379	1299.69
441.6	1371.69
441.822	1382.69
442.043	1447.69
442.264	1485.69
442.486	1464.69
442.707	1378.69
442.928	1380.69
443.149	1349.69
443.371	1408.69
443.592	1475.69
443.813	1560.69
444.034	1587.69
444.255	1450.69
444.476	1444.69
444.698	1503.69
444.919	1540.69
445.14	1604.69
445.361	1513.69
445.582	1452.69
445.803	1443.69
446.024	1534.69
446.245	1529.69
446.466	1444.69
446.687	1340.69
446.908	1338.69
447.129	1286.69
447.35	1257.69
447.571	1223.69
447.792	1213.69
448.013	1207.69
448.234	1260.69
448.455	1242.69
448.675	1351.69
448.896	1428.69
449.117	1299.69
449.338	1309.69
449.559	1401.69
449.779	1470.69
450	1253.69
450.221	1223.69
450.442	1160.69
450.662	1191.69
450.883	1205.69
451.104	1195.69
451.324	1153.69
451.545	1159.69
451.766	1086.69
451.986	1109.69
452.207	1087.69
452.428	1115.69
452.648	1125.69
452.869	1108.69
453.089	1052.69
453.31	1105.69
453.53	1035.69
453.751	1039.69
453.971	1042.69
454.192	1071.69
454.412	1052.69
454.633	1023.69
454.853	1033.69
455.073	1026.69
455.294	1067.69
455.514	1099.69
455.734	1071.69
455.955	1022.69
456.175	1015.69
456.395	969.69
456.616	963.69
456.836	978.69
457.056	976.69
457.276	959.69
457.497	992.69
457.717	995.69
457.937	1004.69
458.157	1003.69
458.377	1007.69
458.598	1035.69
458.818	1124.69
459.038	1191.69
459.258	1213.69
459.478	1148.69
459.698	1135.69
459.918	1183.69
460.138	1200.69
460.358	1240.69
460.578	1257.69
460.798	1250.69
461.018	1265.69
461.238	1256.69
461.458	1265.69
461.678	1263.69
461.898	1289.69
462.118	1272.69
462.338	1316.69
462.558	1387.69
462.777	1421.69
462.997	1485.69
463.217	1577.69
463.437	1568.69
463.657	1496.69
463.876	1423.69
464.096	1405.69
464.316	1449.69
464.536	1468.69
464.755	1419.69
464.975	1391.69
465.195	1400.69
465.414	1458.69
465.634	1306.69
465.854	1216.69
466.073	1156.69
466.293	1139.69
466.512	1155.69
466.732	1139.69
466.951	1148.69
467.171	1132.69
467.391	1143.69
467.61	1138.69
467.829	1160.69
468.049	1197.69
468.268	1313.69
468.488	1227.69
468.707	1154.69
468.927	1110.69
469.146	1127.69
469.365	1151.69
469.585	1137.69
469.804	1133.69
470.023	1176.69
470.243	1188.69
470.462	1208.69
470.681	1209.69
470.901	1212.69
471.12	1167.69
471.339	1151.69
471.558	1171.69
471.777	1172.69
471.997	1159.69
472.216	1290.69
472.435	1769.69
472.654	1469.69
472.873	1201.69
473.092	1131.69
473.311	1059.69
473.53	1093.69
473.749	1087.69
473.968	1111.69
474.187	1186.69
474.406	1145.69
474.625	1113.69
474.844	1087.69
475.063	1121.69
475.282	1080.69
475.501	1091.69
475.72	1060.69
475.939	1095.69
476.158	1072.69
476.377	1106.69
476.596	1077.69
476.814	1118.69
477.033	1080.69
477.252	1145.69
477.471	1154.69
477.69	1164.69
477.908	1208.69
478.127	1253.69
478.346	1284.69
478.564	1252.69
478.783	1289.69
479.002	1327.69
479.22	1333.69
479.439	1332.69
479.658	1337.69
479.876	1285.69
480.095	1306.69
480.313	1373.69
480.532	1414.69
480.751	1429.69
480.969	1469.69
481.188	2125.69
481.406	2477.69
481.624	1630.69
481.843	1394.69
482.061	1325.69
482.28	1285.69
482.498	1262.69
482.717	1211.69
482.935	1250.69
483.153	1293.69
483.372	1285.69
483.59	1311.69
483.808	1282.69
484.027	1242.69
484.245	1242.69
484.463	1303.69
484.681	1321.69
484.9	1283.69
485.118	1290.69
485.336	1233.69
485.554	1253.69
485.772	1236.69
485.99	1242.69
486.209	1285.69
486.427	1275.69
486.645	1288.69
486.863	1346.69
487.081	1359.69
487.299	1296.69
487.517	1312.69
487.735	1381.69
487.953	1424.69
488.171	1461.69
488.389	1390.69
488.607	1345.69
488.825	1318.69
489.043	1275.69
489.261	1288.69
489.479	1316.69
489.696	1274.69
489.914	1365.69
490.132	1338.69
490.35	1374.69
490.568	1402.69
490.786	1419.69
491.003	1403.69
491.221	1482.69
491.439	1478.69
491.657	1521.69
491.874	1581.69
492.092	1634.69
492.31	1672.69
492.527	1644.69
492.745	1581.69
492.963	1579.69
493.18	1556.69
493.398	1567.69
493.615	1553.69
493.833	1520.69
494.05	1488.69
494.268	1543.69
494.485	1541.69
494.703	1508.69
494.92	1539.69
495.138	1560.69
495.355	1560.69
495.573	1538.69
495.79	1505.69
496.008	1560.69
496.225	1538.69
496.442	1555.69
496.66	1566.69
496.877	1547.69
497.094	1565.69
497.312	1568.69
497.529	1662.69
497.746	1591.69
497.963	1652.69
498.181	1645.69
498.398	1724.69
498.615	1780.69
498.832	1861.69
499.049	1976.69
499.267	2103.69
499.484	2306.69
499.701	2431.69
499.918	2671.69
500.135	2932.69
500.352	3249.69
500.569	3357.69
500.786	3335.69
501.003	3107.69
501.22	2845.69
501.437	2613.69
501.654	2400.69
501.871	2225.69
502.088	2113.69
502.305	1989.69
502.522	1889.69
502.739	1826.69
502.956	1741.69
503.172	1676.69
503.389	1641.69
503.606	1597.69
503.823	1555.69
504.04	1523.69
504.256	1569.69
504.473	1583.69
504.69	1557.69
504.907	1566.69
505.123	1442.69
505.34	1416.69
505.557	1394.69
505.773	1367.69
505.99	1358.69
506.207	1344.69
506.423	1263.69
506.64	1290.69
506.856	1273.69
507.073	1282.69
507.289	1274.69
507.506	1273.69
507.722	1277.69
507.939	1304.69
508.155	1263.69
508.372	1230.69
508.588	1193.69
508.805	1199.69
509.021	1177.69
509.238	1161.69
509.454	1175.69
509.67	1155.69
509.887	1170.69
510.103	1131.69
510.319	1183.69
510.536	1393.69
510.752	2467.69
510.968	1809.69
511.184	1215.69
511.401	1164.69
511.617	1102.69
511.833	1116.69
512.049	1149.69
512.265	1121.69
512.481	1144.69
512.698	1116.69
512.914	1147.69
513.13	1131.69
513.346	1137.69
513.562	1154.69
513.778	1149.69
513.994	1149.69
514.21	1160.69
514.426	1183.69
514.642	1243.69
514.858	1266.69
515.074	1355.69
515.29	1605.69
515.506	2372.69
515.721	1920.69
515.937	1343.69
516.153	1272.69
516.369	1215.69
516.585	1262.69
516.801	1318.69
517.016	1339.69
517.232	1370.69
517.448	1410.69
517.664	1448.69
517.879	1471.69
518.095	1436.69
518.311	1424.69
518.527	1367.69
518.742	1347.69
518.958	1297.69
519.173	1298.69
519.389	1266.69
519.605	1220.69
519.82	1212.69
520.036	1264.69
520.251	1264.69
520.467	1276.69
520.682	1227.69
520.898	1239.69
521.113	1256.69
521.329	1305.69
521.544	1414.69
521.76	1813.69
521.975	3076.69
522.19	2851.69
522.406	1591.69
522.621	1287.69
522.836	1201.69
523.052	1174.69
523.267	1114.69
523.482	1120.69
523.698	1088.69
523.913	1084.69
524.128	1109.69
524.343	1085.69
524.559	1069.69
524.774	1047.69
524.989	1058.69
525.204	1059.69
525.419	1085.69
525.634	1036.69
525.849	988.69
526.064	1026.69
526.28	978.69
526.495	964.69
526.71	954.69
526.925	971.69
527.14	963.69
527.355	947.69
527.57	990.69
527.785	980.69
527.999	978.69
528.214	984.69
528.429	995.69
528.644	997.69
528.859	1043.69
529.074	1075.69
529.289	1138.69
529.503	1200.69
529.718	1132.69
529.933	1050.69
530.148	989.69
530.363	970.69
530.577	963.69
530.792	947.69
531.007	935.69
531.221	920.69
531.436	916.69
531.651	932.69
531.865	937.69
532.08	935.69
532.295	951.69
532.509	939.69
532.724	919.69
532.938	953.69
533.153	953.69
533.367	980.69
533.582	978.69
533.796	987.69
534.011	993.69
534.225	926.69
534.44	924.69
534.654	925.69
534.868	935.69
535.083	900.69
535.297	925.69
535.511	922.69
535.726	942.69
535.94	964.69
536.154	925.69
536.369	897.69
536.583	887.69
536.797	854.69
537.011	884.69
537.225	871.69
537.44	883.69
537.654	882.69
537.868	895.69
538.082	860.69
538.296	884.69
538.51	884.69
538.724	902.69
538.938	903.69
539.153	919.69
539.367	951.69
539.581	918.69
539.795	891.69
540.009	869.69
540.222	886.69
540.436	905.69
540.65	887.69
540.864	939.69
541.078	955.69
541.292	960.69
541.506	995.69
541.72	1029.69
541.934	1074.69
542.147	1083.69
542.361	1041.69
542.575	991.69
542.789	949.69
543.002	903.69
543.216	886.69
543.43	909.69
543.644	903.69
543.857	987.69
544.071	991.69
544.285	992.69
544.498	984.69
544.712	988.69
544.925	1012.69
545.139	1000.69
545.352	1014.69
545.566	1012.69
545.779	1036.69
545.993	1041.69
546.206	1074.69
546.42	1034.69
546.633	1018.69
546.847	1017.69
547.06	1037.69
547.274	1065.69
547.487	1077.69
547.7	1081.69
547.914	1041.69
548.127	1021.69
548.34	1007.69
548.554	1013.69
548.767	1016.69
548.98	1011.69
549.193	1032.69
549.407	1004.69
549.62	1032.69
549.833	1031.69
550.046	1004.69
550.259	1006.69
550.473	975.69
550.686	976.69
550.899	974.69
551.112	977.69
551.325	966.69
551.538	911.69
551.751	882.69
551.964	899.69
552.177	933.69
552.39	975.69
552.603	1021.69
552.816	1036.69
553.029	1056.69
553.242	1077.69
553.455	1106.69
553.667	1085.69
553.88	1098.69
554.093	1054.69
554.306	1058.69
554.519	1029.69
554.732	958.69
554.944	982.69
555.157	921.69
555.37	924.69
555.583	933.69
555.795	929.69
556.008	883.69
556.221	837.69
556.433	861.69
556.646	871.69
556.859	850.69
557.071	856.69
557.284	873.69
557.496	864.69
557.709	851.69
557.921	827.69
558.134	841.69
558.346	852.69
558.559	835.69
558.771	843.69
558.984	800.69
559.196	829.69
559.409	791.69
559.621	803.69
559.833	816.69
560.046	775.69
560.258	809.69
560.47	812.69
560.683	795.69
560.895	791.69
561.107	820.69
561.32	787.69
561.532	798.69
561.744	804.69
561.956	792.69
562.168	796.69
562.381	782.69
562.593	778.69
562.805	804.69
563.017	800.69
563.229	788.69
563.441	797.69
563.653	787.69
563.865	785.69
564.077	780.69
564.289	803.69
564.501	824.69
564.713	810.69
564.925	828.69
565.137	851.69
565.349	848.69
565.561	884.69
565.773	889.69
565.985	915.69
566.197	937.69
566.408	983.69
566.62	1044.69
566.832	1115.69
567.044	1138.69
567.255	1104.69
567.467	1157.69
567.679	1211.69
567.891	1234.69
568.102	1258.69
568.314	1201.69
568.526	1063.69
568.737	992.69
568.949	913.69
569.161	851.69
569.372	802.69
569.584	785.69
569.795	762.69
570.007	754.69
570.218	797.69
570.43	760.69
570.641	721.69
570.853	763.69
571.064	738.69
571.276	740.69
571.487	733.69
571.698	689.69
571.91	707.69
572.121	683.69
572.333	657.69
572.544	632.69
572.755	637.69
572.966	597.69
573.178	573.69
573.389	594.69
573.6	577.69
573.811	588.69
574.023	599.69
574.234	565.69
574.445	589.69
574.656	568.69
574.867	589.69
575.078	599.69
575.289	576.69
575.501	579.69
575.712	554.69
575.923	574.69
576.134	570.69
576.345	561.69
576.556	564.69
576.767	578.69
576.978	549.69
577.188	559.69
577.399	536.69
577.61	553.69
577.821	558.69
578.032	557.69
578.243	590.69
578.454	958.69
578.665	663.69
578.875	551.69
579.086	526.69
579.297	511.69
579.508	527.69
579.718	498.69
579.929	494.69
580.14	480.69
580.35	490.69
580.561	515.69
580.772	497.69
580.982	487.69
581.193	496.69
581.403	489.69
581.614	503.69
581.825	491.69
582.035	500.69
582.246	490.69
582.456	472.69
582.667	493.69
582.877	497.69
583.087	487.69
583.298	479.69
583.508	496.69
583.719	482.69
583.929	477.69
584.139	469.69
584.35	473.69
584.56	489.69
584.77	469.69
584.981	456.69
585.191	468.69
585.401	479.69
585.611	466.69
585.821	474.69
586.032	471.69
586.242	470.69
586.452	477.69
586.662	451.69
586.872	450.69
587.082	456.69
587.292	456.69
587.502	466.69
587.713	459.69
587.923	470.69
588.133	485.69
588.343	463.69
588.553	460.69
588.762	471.69
588.972	460.69
589.182	515.69
589.392	505.69
589.602	464.69
589.812	502.69
590.022	480.69
590.232	461.69
590.441	477.69
590.651	481.69
590.861	459.69
591.071	456.69
591.281	477.69
591.49	466.69
591.7	478.69
591.91	478.69
592.119	490.69
592.329	493.69
592.539	533.69
592.748	532.69
592.958	537.69
593.167	533.69
593.377	561.69
593.587	542.69
593.796	569.69
594.006	574.69
594.215	569.69
594.424	570.69
594.634	568.69
594.843	546.69
595.053	540.69
595.262	524.69
595.472	483.69
595.681	480.69
595.89	476.69
596.1	463.69
596.309	457.69
596.518	447.69
596.727	460.69
596.937	463.69
597.146	458.69
597.355	446.69
597.564	427.69
597.774	428.69
597.983	431.69
598.192	407.69
598.401	400.69
598.61	403.69
598.819	411.69
599.028	399.69
599.237	403.69
599.446	419.69
599.655	401.69
599.864	419.69
600.073	407.69
600.282	408.69
600.491	400.69
600.7	406.69
600.909	400.69
601.118	395.69
601.327	413.69
601.536	444.69
601.745	426.69
601.953	427.69
602.162	450.69
602.371	437.69
602.58	424.69
602.789	433.69
602.997	406.69
603.206	435.69
603.415	427.69
603.623	436.69
603.832	405.69
604.041	414.69
604.249	403.69
604.458	397.69
604.666	395.69
604.875	403.69
605.084	398.69
605.292	446.69
605.501	453.69
605.709	448.69
605.918	442.69
606.126	437.69
606.334	441.69
606.543	448.69
606.751	425.69
606.96	429.69
607.168	410.69
607.376	429.69
607.585	421.69
607.793	433.69
608.001	425.69
608.21	409.69
608.418	446.69
608.626	435.69
608.834	416.69
609.043	441.69
609.251	402.69
609.459	426.69
609.667	424.69
609.875	429.69
610.083	425.69
610.291	435.69
610.499	433.69
610.707	442.69
610.916	427.69
611.124	431.69
611.332	417.69
611.54	443.69
611.748	439.69
611.955	436.69
612.163	415.69
612.371	431.69
612.579	430.69
612.787	431.69
612.995	425.69
613.203	404.69
613.411	419.69
613.618	420.69
613.826	423.69
614.034	421.69
614.242	415.69
614.449	414.69
614.657	410.69
614.865	404.69
615.072	418.69
615.28	393.69
615.488	417.69
615.695	431.69
615.903	403.69
616.111	412.69
616.318	431.69
616.526	421.69
616.733	428.69
616.941	419.69
617.148	409.69
617.356	404.69
617.563	416.69
617.771	417.69
617.978	394.69
618.185	399.69
618.393	404.69
618.6	410.69
618.807	415.69
619.015	403.69
619.222	399.69
619.429	388.69
619.637	373.69
619.844	390.69
620.051	391.69
620.258	379.69
620.466	361.69
620.673	353.69
620.88	367.69
621.087	371.69
621.294	367.69
621.501	371.69
621.708	365.69
621.915	367.69
622.122	369.69
622.329	368.69
622.536	372.69
622.743	369.69
622.95	383.69
623.157	380.69
623.364	379.69
623.571	378.69
623.778	365.69
623.985	385.69
624.192	378.69
624.399	357.69
624.606	377.69
624.812	371.69
625.019	359.69
625.226	352.69
625.433	347.69
625.639	338.69
625.846	325.69
626.053	317.69
626.259	309.69
626.466	306.69
626.673	291.69
626.879	308.69
627.086	331.69
627.293	331.69
627.499	335.69
627.706	345.69
627.912	360.69
628.119	388.69
628.325	348.69
628.532	345.69
628.738	341.69
628.945	334.69
629.151	335.69
629.357	336.69
629.564	320.69
629.77	324.69
629.976	308.69
630.183	314.69
630.389	309.69
630.595	334.69
630.802	334.69
631.008	327.69
631.214	296.69
631.42	302.69
631.627	309.69
631.833	313.69
632.039	296.69
632.245	293.69
632.451	304.69
632.657	316.69
632.863	294.69
633.069	293.69
633.275	291.69
633.481	293.69
633.688	304.69
633.893	298.69
634.099	306.69
634.305	312.69
634.511	302.69
634.717	303.69
634.923	276.69
635.129	258.69
635.335	272.69
635.541	279.69
635.747	296.69
635.952	284.69
636.158	313.69
636.364	311.69
636.57	340.69
636.775	331.69
636.981	339.69
637.187	313.69
637.392	297.69
637.598	315.69
637.804	309.69
638.009	287.69
638.215	292.69
638.421	287.69
638.626	299.69
638.832	280.69
639.037	273.69
639.243	285.69
639.448	287.69
639.654	288.69
639.859	282.69
640.065	265.69
640.27	284.69
640.475	283.69
640.681	272.69
640.886	275.69
641.091	281.69
641.297	297.69
641.502	292.69
641.707	287.69
641.913	261.69
642.118	283.69
642.323	274.69
642.528	290.69
642.733	259.69
642.939	270.69
643.144	256.69
643.349	271.69
643.554	266.69
643.759	264.69
643.964	277.69
644.169	261.69
644.374	275.69
644.579	261.69
644.784	279.69
644.989	271.69
645.194	288.69
645.399	260.69
645.604	265.69
645.809	260.69
646.014	259.69
646.219	274.69
646.423	266.69
646.628	257.69
646.833	255.69
647.038	261.69
647.243	273.69
647.447	270.69
647.652	286.69
647.857	278.69
648.062	274.69
648.266	258.69
648.471	280.69
648.676	281.69
648.88	280.69
649.085	295.69
649.289	287.69
649.494	291.69
649.698	294.69
649.903	279.69
650.107	267.69
650.312	267.69
650.516	256.69
650.721	245.69
650.925	244.69
651.13	244.69
651.334	242.69
651.539	241.69
651.743	236.69
651.947	216.69
652.152	230.69
652.356	211.69
652.56	227.69
652.764	215.69
652.969	221.69
653.173	207.69
653.377	215.69
653.581	204.69
653.785	211.69
653.99	214.69
654.194	213.69
654.398	200.69
654.602	199.69
654.806	209.69
655.01	200.69
655.214	207.69
655.418	197.69
655.622	212.69
655.826	204.69
656.03	211.69
656.234	199.69
656.438	213.69
656.642	200.69
656.846	194.69
657.049	196.69
657.253	181.69
657.457	178.69
657.661	159.69
657.865	152.69
658.068	155.69
658.272	132.69
658.476	143.69
658.68	143.69
658.883	131.69
659.087	138.69
659.291	129.69
659.494	125.69
659.698	130.69
659.901	135.69
660.105	139.69
660.309	108.69
660.512	123.69
660.716	119.69
660.919	99.69
661.123	107.69
661.326	108.69
661.53	90.69
661.733	105.69
661.936	92.69
662.14	101.69
662.343	95.69
662.546	98.69
662.75	88.69
662.953	92.69
663.156	93.69
663.36	88.69
663.563	108.69
663.766	88.69
663.969	89.69
664.173	83.69
664.376	88.69
664.579	76.69
664.782	74.69
664.985	96.69
665.188	94.69
665.391	90.69
665.594	69.69
665.797	74.69
666	75.69
666.203	86.69
666.406	79.69
666.609	74.69
666.812	80.69
667.015	77.69
667.218	75.69
667.421	80.69
667.624	70.69
667.827	85.69
668.03	98.69
668.232	85.69
668.435	80.69
668.638	96.69
668.841	76.69
669.043	90.69
669.246	89.69
669.449	71.69
669.651	82.69
669.854	80.69
670.057	83.69
670.259	80.69
670.462	93.69
670.665	76.69
670.867	78.69
671.07	77.69
671.272	66.69
671.475	80.69
671.677	87.69
671.88	81.69
672.082	77.69
672.284	75.69
672.487	78.69
672.689	75.69
672.892	65.69
