223.165	-6.12
223.4	-6.12
223.635	-6.12
223.869	-1.12
224.104	-21.12
224.338	-16.12
224.573	-2.12
224.808	-22.12
225.042	-0.12
225.277	-12.12
225.511	-6.12
225.746	2.88
225.98	-3.12
226.215	18.88
226.449	23.88
226.683	11.88
226.918	23.88
227.152	8.88
227.387	31.88
227.621	41.88
227.856	43.88
228.09	44.88
228.324	43.88
228.559	48.88
228.793	61.88
229.027	106.88
229.262	125.88
229.496	143.88
229.73	161.88
229.964	190.88
230.199	151.88
230.433	135.88
230.667	129.88
230.901	142.88
231.136	133.88
231.37	125.88
231.604	126.88
231.838	139.88
232.072	139.88
232.306	142.88
232.541	145.88
232.775	133.88
233.009	130.88
233.243	128.88
233.477	141.88
233.711	160.88
233.945	139.88
234.179	143.88
234.413	144.88
234.647	141.88
234.881	130.88
235.115	130.88
235.349	149.88
235.583	154.88
235.817	154.88
236.051	141.88
236.285	157.88
236.519	163.88
236.753	178.88
236.987	177.88
237.221	217.88
237.455	264.88
237.689	211.88
237.922	168.88
238.156	147.88
238.39	157.88
238.624	154.88
238.858	157.88
239.091	150.88
239.325	153.88
239.559	176.88
239.793	153.88
240.027	165.88
240.26	179.88
240.494	181.88
240.728	207.88
240.961	184.88
241.195	169.88
241.429	170.88
241.662	165.88
241.896	172.88
242.13	169.88
242.363	162.88
242.597	171.88
242.83	191.88
243.064	172.88
243.298	165.88
243.531	183.88
243.765	198.88
243.998	172.88
244.232	188.88
244.465	187.88
244.699	183.88
244.932	182.88
245.166	194.88
245.399	202.88
245.633	201.88
245.866	202.88
246.099	174.88
246.333	198.88
246.566	191.88
246.8	214.88
247.033	207.88
247.266	216.88
247.5	202.88
247.733	214.88
247.966	225.88
248.2	210.88
248.433	222.88
248.666	241.88
248.899	233.88
249.133	251.88
249.366	258.88
249.599	277.88
249.832	247.88
250.066	266.88
250.299	279.88
250.532	331.88
250.765	362.88
250.998	338.88
251.231	317.88
251.465	306.88
251.698	273.88
251.931	285.88
252.164	279.88
252.397	277.88
252.63	285.88
252.863	262.88
253.096	275.88
253.329	277.88
253.562	295.88
253.795	287.88
254.028	295.88
254.261	290.88
254.494	286.88
254.727	304.88
254.96	337.88
255.193	331.88
255.426	334.88
255.659	350.88
255.892	394.88
256.124	517.88
256.357	549.88
256.59	444.88
256.823	388.88
257.056	342.88
257.289	338.88
257.521	349.88
257.754	325.88
257.987	329.88
258.22	305.88
258.452	299.88
258.685	302.88
258.918	305.88
259.151	305.88
259.383	304.88
259.616	300.88
259.849	311.88
260.081	305.88
260.314	319.88
260.547	331.88
260.779	322.88
261.012	309.88
261.244	303.88
261.477	312.88
261.71	303.88
261.942	336.88
262.175	345.88
262.407	319.88
262.64	299.88
262.872	296.88
263.105	313.88
263.337	305.88
263.57	314.88
263.802	298.88
264.035	310.88
264.267	299.88
264.499	294.88
264.732	311.88
264.964	312.88
265.197	298.88
265.429	310.88
265.661	302.88
265.894	307.88
266.126	317.88
266.358	321.88
266.591	321.88
266.823	325.88
267.055	296.88
267.287	320.88
267.52	319.88
267.752	342.88
267.984	318.88
268.216	309.88
268.448	332.88
268.681	327.88
268.913	342.88
269.145	359.88
269.377	357.88
269.609	378.88
269.841	340.88
270.073	339.88
270.306	381.88
270.538	366.88
270.77	399.88
271.002	385.88
271.234	372.88
271.466	381.88
271.698	389.88
271.93	397.88
272.162	396.88
272.394	393.88
272.626	375.88
272.858	372.88
273.09	385.88
273.322	378.88
273.553	373.88
273.785	391.88
274.017	374.88
274.249	402.88
274.481	385.88
274.713	384.88
274.945	401.88
275.176	385.88
275.408	406.88
275.64	403.88
275.872	391.88
276.104	410.88
276.335	407.88
276.567	416.88
276.799	429.88
277.031	467.88
277.262	489.88
277.494	471.88
277.726	446.88
277.957	447.88
278.189	410.88
278.421	407.88
278.652	408.88
278.884	395.88
279.115	408.88
279.347	418.88
279.579	422.88
279.81	432.88
280.042	458.88
280.273	471.88
280.505	486.88
280.736	457.88
280.968	455.88
281.199	431.88
281.431	435.88
281.662	433.88
281.894	413.88
282.125	417.88
282.356	448.88
282.588	475.88
282.819	491.88
283.051	427.88
283.282	419.88
283.513	425.88
283.745	397.88
283.976	405.88
284.207	443.88
284.439	430.88
284.67	409.88
284.901	429.88
285.132	425.88
285.364	433.88
285.595	437.88
285.826	450.88
286.057	444.88
286.288	434.88
286.52	433.88
286.751	410.88
286.982	439.88
287.213	435.88
287.444	457.88
287.675	448.88
287.906	463.88
288.138	458.88
288.369	463.88
288.6	469.88
288.831	457.88
289.062	446.88
289.293	464.88
289.524	465.88
289.755	443.88
289.986	429.88
290.217	454.88
290.448	446.88
290.679	458.88
290.91	451.88
291.141	430.88
291.371	460.88
291.602	465.88
291.833	463.88
292.064	473.88
292.295	446.88
292.526	468.88
292.757	469.88
292.987	459.88
293.218	457.88
293.449	472.88
293.68	447.88
293.91	471.88
294.141	477.88
294.372	463.88
294.603	448.88
294.833	477.88
295.064	447.88
295.295	462.88
295.525	453.88
295.756	469.88
295.987	478.88
296.217	508.88
296.448	543.88
296.679	497.88
296.909	470.88
297.14	469.88
297.37	489.88
297.601	498.88
297.831	481.88
298.062	483.88
298.292	488.88
298.523	505.88
298.753	497.88
298.984	483.88
299.214	507.88
299.445	499.88
299.675	519.88
299.905	531.88
300.136	514.88
300.366	520.88
300.597	491.88
300.827	521.88
301.057	530.88
301.288	552.88
301.518	531.88
301.748	521.88
301.979	533.88
302.209	534.88
302.439	550.88
302.669	541.88
302.9	533.88
303.13	516.88
303.36	549.88
303.59	565.88
303.82	561.88
304.051	581.88
304.281	578.88
304.511	537.88
304.741	538.88
304.971	540.88
305.201	547.88
305.431	540.88
305.661	543.88
305.891	537.88
306.121	532.88
306.352	553.88
306.582	551.88
306.812	543.88
307.042	570.88
307.272	583.88
307.502	591.88
307.731	577.88
307.961	587.88
308.191	549.88
308.421	566.88
308.651	578.88
308.881	550.88
309.111	549.88
309.341	573.88
309.571	565.88
309.8	582.88
310.03	579.88
310.26	593.88
310.49	578.88
310.72	602.88
310.949	633.88
311.179	633.88
311.409	615.88
311.639	612.88
311.868	600.88
312.098	620.88
312.328	635.88
312.557	651.88
312.787	660.88
313.017	649.88
313.246	622.88
313.476	623.88
313.706	611.88
313.935	633.88
314.165	667.88
314.394	702.88
314.624	653.88
314.853	645.88
315.083	641.88
315.312	611.88
315.542	618.88
315.771	597.88
316.001	612.88
316.23	621.88
316.46	607.88
316.689	640.88
316.919	637.88
317.148	658.88
317.377	639.88
317.607	636.88
317.836	664.88
318.065	639.88
318.295	645.88
318.524	629.88
318.753	640.88
318.983	647.88
319.212	659.88
319.441	674.88
319.67	672.88
319.9	648.88
320.129	668.88
320.358	666.88
320.587	681.88
320.816	686.88
321.046	715.88
321.275	707.88
321.504	694.88
321.733	669.88
321.962	710.88
322.191	712.88
322.42	750.88
322.649	766.88
322.878	795.88
323.108	777.88
323.337	846.88
323.566	867.88
323.795	905.88
324.024	1003.88
324.253	1189.88
324.482	1623.88
324.71	2465.88
324.939	3457.88
325.168	2799.88
325.397	1570.88
325.626	1184.88
325.855	1026.88
326.084	964.88
326.313	930.88
326.542	958.88
326.77	1061.88
326.999	1200.88
327.228	1604.88
327.457	2375.88
327.686	2754.88
327.914	1923.88
328.143	1533.88
328.372	1648.88
328.6	1439.88
328.829	1199.88
329.058	1178.88
329.287	1202.88
329.515	1199.88
329.744	1239.88
329.972	1506.88
330.201	1873.88
330.43	2325.88
330.658	1988.88
330.887	1478.88
331.115	1294.88
331.344	1101.88
331.572	1032.88
331.801	1043.88
332.03	1036.88
332.258	1009.88
332.486	1016.88
332.715	1030.88
332.943	1058.88
333.172	1104.88
333.4	1183.88
333.629	1263.88
333.857	1417.88
334.085	1618.88
334.314	2152.88
334.542	2862.88
334.771	3000.88
334.999	1962.88
335.227	1387.88
335.455	1233.88
335.684	1151.88
335.912	1091.88
336.14	1017.88
336.369	987.88
336.597	1015.88
336.825	980.88
337.053	953.88
337.281	904.88
337.51	877.88
337.738	896.88
337.966	898.88
338.194	863.88
338.422	863.88
338.65	830.88
338.878	831.88
339.106	841.88
339.334	836.88
339.562	821.88
339.79	810.88
340.018	811.88
340.246	813.88
340.474	832.88
340.702	826.88
340.93	820.88
341.158	811.88
341.386	781.88
341.614	800.88
341.842	818.88
342.07	798.88
342.298	784.88
342.526	775.88
342.754	789.88
342.981	792.88
343.209	794.88
343.437	789.88
343.665	850.88
343.893	870.88
344.12	886.88
344.348	870.88
344.576	846.88
344.804	825.88
345.031	846.88
345.259	830.88
345.487	817.88
345.714	799.88
345.942	794.88
346.17	780.88
346.397	763.88
346.625	774.88
346.853	769.88
347.08	760.88
347.308	777.88
347.535	782.88
347.763	775.88
347.99	794.88
348.218	812.88
348.445	802.88
348.673	780.88
348.9	793.88
349.128	764.88
349.355	757.88
349.583	770.88
349.81	787.88
350.037	759.88
350.265	751.88
350.492	768.88
350.72	720.88
350.947	783.88
351.174	777.88
351.402	778.88
351.629	778.88
351.856	766.88
352.083	789.88
352.311	805.88
352.538	805.88
352.765	770.88
352.992	790.88
353.22	772.88
353.447	733.88
353.674	766.88
353.901	746.88
354.128	730.88
354.355	758.88
354.583	757.88
354.81	743.88
355.037	730.88
355.264	715.88
355.491	735.88
355.718	754.88
355.945	738.88
356.172	726.88
356.399	726.88
356.626	733.88
356.853	749.88
357.08	719.88
357.307	744.88
357.534	761.88
357.761	726.88
357.988	730.88
358.215	741.88
358.441	741.88
358.668	747.88
358.895	755.88
359.122	758.88
359.349	775.88
359.576	782.88
359.802	833.88
360.029	855.88
360.256	869.88
360.483	847.88
360.709	787.88
360.936	814.88
361.163	796.88
361.39	809.88
361.616	782.88
361.843	775.88
362.07	807.88
362.296	818.88
362.523	807.88
362.749	800.88
362.976	800.88
363.203	781.88
363.429	763.88
363.656	755.88
363.882	775.88
364.109	788.88
364.335	759.88
364.562	781.88
364.788	775.88
365.015	766.88
365.241	771.88
365.468	785.88
365.694	794.88
365.92	786.88
366.147	787.88
366.373	772.88
366.599	771.88
366.826	765.88
367.052	792.88
367.278	765.88
367.505	784.88
367.731	783.88
367.957	769.88
368.184	789.88
368.41	794.88
368.636	834.88
368.862	824.88
369.089	798.88
369.315	833.88
369.541	823.88
369.767	831.88
369.993	811.88
370.219	818.88
370.445	808.88
370.672	797.88
370.898	825.88
371.124	821.88
371.35	814.88
371.576	824.88
371.802	814.88
372.028	825.88
372.254	811.88
372.48	821.88
372.706	829.88
372.932	854.88
373.158	847.88
373.384	850.88
373.61	833.88
373.835	833.88
374.061	811.88
374.287	856.88
374.513	842.88
374.739	865.88
374.965	875.88
375.191	881.88
375.416	888.88
375.642	871.88
375.868	874.88
376.094	851.88
376.319	855.88
376.545	830.88
376.771	837.88
376.997	821.88
377.222	825.88
377.448	850.88
377.674	839.88
377.899	842.88
378.125	817.88
378.35	825.88
378.576	830.88
378.802	832.88
379.027	829.88
379.253	814.88
379.478	831.88
379.704	826.88
379.929	837.88
380.155	821.88
380.38	811.88
380.606	878.88
380.831	837.88
381.057	863.88
381.282	843.88
381.507	850.88
381.733	845.88
381.958	848.88
382.184	873.88
382.409	848.88
382.634	887.88
382.86	885.88
383.085	867.88
383.31	883.88
383.535	927.88
383.761	906.88
383.986	915.88
384.211	912.88
384.436	963.88
384.662	944.88
384.887	951.88
385.112	960.88
385.337	955.88
385.562	953.88
385.787	969.88
386.013	1032.88
386.238	1012.88
386.463	1004.88
386.688	996.88
386.913	992.88
387.138	981.88
387.363	957.88
387.588	1013.88
387.813	1011.88
388.038	962.88
388.263	1001.88
388.488	1007.88
388.713	973.88
388.938	993.88
389.163	967.88
389.387	999.88
389.612	985.88
389.837	971.88
390.062	977.88
390.287	998.88
390.512	960.88
390.736	992.88
390.961	1008.88
391.186	1010.88
391.411	1071.88
391.636	1067.88
391.86	1098.88
392.085	1084.88
392.31	1110.88
392.534	1109.88
392.759	1087.88
392.984	1058.88
393.208	1057.88
393.433	1063.88
393.658	1053.88
393.882	1028.88
394.107	1057.88
394.331	1068.88
394.556	1047.88
394.78	1065.88
395.005	1091.88
395.229	1074.88
395.454	1089.88
395.678	1115.88
395.903	1105.88
396.127	1118.88
396.352	1138.88
396.576	1107.88
396.801	1101.88
397.025	1090.88
397.249	1111.88
397.474	1106.88
397.698	1149.88
397.922	1166.88
398.147	1152.88
398.371	1182.88
398.595	1198.88
398.82	1197.88
399.044	1319.88
399.268	1372.88
399.492	1559.88
399.717	1671.88
399.941	1687.88
400.165	1610.88
400.389	1533.88
400.613	1407.88
400.837	1347.88
401.062	1307.88
401.286	1269.88
401.51	1264.88
401.734	1273.88
401.958	1251.88
402.182	1320.88
402.406	1334.88
402.63	1352.88
402.854	1351.88
403.078	1361.88
403.302	1375.88
403.526	1400.88
403.75	1405.88
403.974	1436.88
404.198	1453.88
404.422	1479.88
404.645	1526.88
404.869	1511.88
405.093	1572.88
405.317	1638.88
405.541	1694.88
405.765	1632.88
405.988	1528.88
406.212	1535.88
406.436	1546.88
406.66	1595.88
406.883	1510.88
407.107	1622.88
407.331	1622.88
407.555	1758.88
407.778	1753.88
408.002	1656.88
408.226	1541.88
408.449	1549.88
408.673	1512.88
408.896	1570.88
409.12	1572.88
409.344	1499.88
409.567	1479.88
409.791	1439.88
410.014	1452.88
410.238	1432.88
410.461	1447.88
410.685	1446.88
410.908	1451.88
411.132	1477.88
411.355	1445.88
411.578	1430.88
411.802	1421.88
412.025	1434.88
412.249	1497.88
412.472	1540.88
412.695	1703.88
412.919	1627.88
413.142	1559.88
413.365	1497.88
413.589	1449.88
413.812	1388.88
414.035	1346.88
414.258	1385.88
414.482	1380.88
414.705	1396.88
414.928	1354.88
415.151	1349.88
415.374	1311.88
415.597	1360.88
415.821	1317.88
416.044	1339.88
416.267	1339.88
416.49	1326.88
416.713	1304.88
416.936	1341.88
417.159	1349.88
417.382	1354.88
417.605	1356.88
417.828	1384.88
418.051	1387.88
418.274	1388.88
418.497	1365.88
418.72	1385.88
418.943	1397.88
419.166	1454.88
419.389	1532.88
419.611	1538.88
419.834	1502.88
420.057	1528.88
420.28	1550.88
420.503	1522.88
420.726	1485.88
420.948	1484.88
421.171	1486.88
421.394	1494.88
421.617	1413.88
421.839	1422.88
422.062	1446.88
422.285	1381.88
422.507	1498.88
422.73	1535.88
422.953	1514.88
423.175	1445.88
423.398	1457.88
423.621	1386.88
423.843	1438.88
424.066	1455.88
424.288	1446.88
424.511	1497.88
424.733	1529.88
424.956	1599.88
425.178	1562.88
425.401	1561.88
425.623	1567.88
425.846	1427.88
426.068	1402.88
426.291	1374.88
426.513	1342.88
426.735	1380.88
426.958	1400.88
427.18	1478.88
427.402	1625.88
427.625	1837.88
427.847	1717.88
428.069	1646.88
428.292	1488.88
428.514	1381.88
428.736	1348.88
428.958	1350.88
429.181	1275.88
429.403	1307.88
429.625	1311.88
429.847	1306.88
430.069	1423.88
430.292	1354.88
430.514	1263.88
430.736	1273.88
430.958	1260.88
431.18	1248.88
431.402	1241.88
431.624	1246.88
431.846	1231.88
432.068	1205.88
432.29	1183.88
432.512	1193.88
432.734	1256.88
432.956	1279.88
433.178	1293.88
433.4	1286.88
433.622	1243.88
433.844	1307.88
434.066	1266.88
434.287	1152.88
434.509	1214.88
434.731	1248.88
434.953	1314.88
435.175	1365.88
435.397	1358.88
435.618	1321.88
435.84	1333.88
436.062	1447.88
436.284	1546.88
436.505	1379.88
436.727	1337.88
436.949	1320.88
437.17	1304.88
437.392	1276.88
437.614	1256.88
437.835	1257.88
438.057	1433.88
438.278	1479.88
438.5	1511.88
438.721	1636.88
438.943	1554.88
439.165	1348.88
439.386	1303.88
439.608	1359.88
439.829	1315.88
440.05	1373.88
440.272	1467.88
440.493	1409.88
440.715	1360.88
440.936	1369.88
441.158	1321.88
441.379	1387.88
441.6	1473.88
441.822	1465.88
442.043	1485.88
442.264	1611.88
442.486	1561.88
442.707	1469.88
442.928	1394.88
443.149	1414.88
443.371	1447.88
443.592	1499.88
443.813	1649.88
444.034	1639.88
444.255	1547.88
444.476	1509.88
444.698	1534.88
444.919	1536.88
445.14	1686.88
445.361	1557.88
445.582	1509.88
445.803	1538.88
446.024	1610.88
446.245	1622.88
446.466	1547.88
446.687	1438.88
446.908	1385.88
447.129	1322.88
447.35	1297.88
447.571	1305.88
447.792	1273.88
448.013	1294.88
448.234	1279.88
448.455	1342.88
448.675	1475.88
448.896	1577.88
449.117	1415.88
449.338	1378.88
449.559	1520.88
449.779	1596.88
450	1359.88
450.221	1267.88
450.442	1226.88
450.662	1232.88
450.883	1255.88
451.104	1293.88
451.324	1253.88
451.545	1202.88
451.766	1159.88
451.986	1155.88
452.207	1116.88
452.428	1115.88
452.648	1151.88
452.869	1092.88
453.089	1101.88
453.31	1087.88
453.53	1080.88
453.751	1082.88
453.971	1067.88
454.192	1115.88
454.412	1081.88
454.633	1076.88
454.853	1082.88
455.073	1061.88
455.294	1107.88
455.514	1178.88
455.734	1144.88
455.955	1031.88
456.175	1031.88
456.395	1015.88
456.616	990.88
456.836	1000.88
457.056	1006.88
457.276	986.88
457.497	1016.88
457.717	1000.88
457.937	1017.88
458.157	1048.88
458.377	1033.88
458.598	1101.88
458.818	1182.88
459.038	1302.88
459.258	1273.88
459.478	1199.88
459.698	1175.88
459.918	1175.88
460.138	1228.88
460.358	1273.88
460.578	1273.88
460.798	1314.88
461.018	1295.88
461.238	1290.88
461.458	1286.88
461.678	1294.88
461.898	1262.88
462.118	1290.88
462.338	1345.88
462.558	1381.88
462.777	1398.88
462.997	1486.88
463.217	1564.88
463.437	1575.88
463.657	1490.88
463.876	1435.88
464.096	1412.88
464.316	1423.88
464.536	1497.88
464.755	1458.88
464.975	1435.88
465.195	1450.88
465.414	1582.88
465.634	1375.88
465.854	1223.88
466.073	1229.88
466.293	1217.88
466.512	1195.88
466.732	1197.88
466.951	1195.88
467.171	1178.88
467.391	1177.88
467.61	1275.88
467.829	1289.88
468.049	1453.88
468.268	1827.88
468.488	1507.88
468.707	1278.88
468.927	1259.88
469.146	1216.88
469.365	1232.88
469.585	1186.88
469.804	1254.88
470.023	1272.88
470.243	1250.88
470.462	1274.88
470.681	1341.88
470.901	1338.88
471.12	1260.88
471.339	1273.88
471.558	1248.88
471.777	1305.88
471.997	1352.88
472.216	1740.88
472.435	2973.88
472.654	2333.88
472.873	1610.88
473.092	1425.88
473.311	1333.88
473.53	1273.88
473.749	1245.88
473.968	1262.88
474.187	1330.88
474.406	1330.88
474.625	1233.88
474.844	1210.88
475.063	1229.88
475.282	1194.88
475.501	1166.88
475.72	1148.88
475.939	1161.88
476.158	1202.88
476.377	1231.88
476.596	1179.88
476.814	1188.88
477.033	1165.88
477.252	1211.88
477.471	1245.88
477.69	1293.88
477.908	1308.88
478.127	1334.88
478.346	1334.88
478.564	1361.88
478.783	1375.88
479.002	1417.88
479.22	1415.88
479.439	1455.88
479.658	1445.88
479.876	1435.88
480.095	1457.88
480.313	1552.88
480.532	1577.88
480.751	1695.88
480.969	2008.88
481.188	3824.88
481.406	4848.88
481.624	2633.88
481.843	1995.88
482.061	1753.88
482.28	1663.88
482.498	1570.88
482.717	1499.88
482.935	1477.88
483.153	1509.88
483.372	1511.88
483.59	1484.88
483.808	1429.88
484.027	1415.88
484.245	1386.88
484.463	1440.88
484.681	1459.88
484.9	1439.88
485.118	1404.88
485.336	1423.88
485.554	1427.88
485.772	1399.88
485.99	1335.88
486.209	1431.88
486.427	1422.88
486.645	1434.88
486.863	1494.88
487.081	1492.88
487.299	1453.88
487.517	1450.88
487.735	1535.88
487.953	1589.88
488.171	1545.88
488.389	1536.88
488.607	1500.88
488.825	1438.88
489.043	1434.88
489.261	1451.88
489.479	1481.88
489.696	1499.88
489.914	1492.88
490.132	1523.88
490.35	1538.88
490.568	1621.88
490.786	1659.88
491.003	1651.88
491.221	1724.88
491.439	1752.88
491.657	1797.88
491.874	1852.88
492.092	1921.88
492.31	2009.88
492.527	1930.88
492.745	1927.88
492.963	1939.88
493.18	1891.88
493.398	1902.88
493.615	1884.88
493.833	1839.88
494.05	1778.88
494.268	1820.88
494.485	1766.88
494.703	1791.88
494.92	1763.88
495.138	1759.88
495.355	1749.88
495.573	1737.88
495.79	1749.88
496.008	1753.88
496.225	1726.88
496.442	1688.88
496.66	1737.88
496.877	1729.88
497.094	1727.88
497.312	1739.88
497.529	1765.88
497.746	1757.88
497.963	1774.88
498.181	1819.88
498.398	1798.88
498.615	1871.88
498.832	2000.88
499.049	2072.88
499.267	2215.88
499.484	2290.88
499.701	2497.88
499.918	2685.88
500.135	2962.88
500.352	3249.88
500.569	3343.88
500.786	3359.88
501.003	3207.88
501.22	2940.88
501.437	2676.88
501.654	2445.88
501.871	2329.88
502.088	2179.88
502.305	2063.88
502.522	1958.88
502.739	1931.88
502.956	1807.88
503.172	1750.88
503.389	1673.88
503.606	1705.88
503.823	1670.88
504.04	1620.88
504.256	1644.88
504.473	1619.88
504.69	1646.88
504.907	1644.88
505.123	1542.88
505.34	1465.88
505.557	1472.88
505.773	1419.88
505.99	1448.88
506.207	1402.88
506.423	1409.88
506.64	1399.88
506.856	1378.88
507.073	1342.88
507.289	1366.88
507.506	1355.88
507.722	1369.88
507.939	1420.88
508.155	1358.88
508.372	1292.88
508.588	1272.88
508.805	1275.88
509.021	1240.88
509.238	1291.88
509.454	1290.88
509.67	1243.88
509.887	1274.88
510.103	1242.88
510.319	1271.88
510.536	1534.88
510.752	2709.88
510.968	2004.88
511.184	1297.88
511.401	1228.88
511.617	1272.88
511.833	1307.88
512.049	1294.88
512.265	1317.88
512.481	1300.88
512.698	1240.88
512.914	1233.88
513.13	1237.88
513.346	1244.88
513.562	1224.88
513.778	1261.88
513.994	1253.88
514.21	1278.88
514.426	1334.88
514.642	1368.88
514.858	1421.88
515.074	1525.88
515.29	1799.88
515.506	2743.88
515.721	2113.88
515.937	1497.88
516.153	1428.88
516.369	1379.88
516.585	1374.88
516.801	1383.88
517.016	1389.88
517.232	1450.88
517.448	1432.88
517.664	1468.88
517.879	1477.88
518.095	1470.88
518.311	1449.88
518.527	1414.88
518.742	1410.88
518.958	1344.88
519.173	1350.88
519.389	1341.88
519.605	1307.88
519.82	1301.88
520.036	1329.88
520.251	1353.88
520.467	1383.88
520.682	1378.88
520.898	1410.88
521.113	1371.88
521.329	1477.88
521.544	1642.88
521.76	2064.88
521.975	3631.88
522.19	3262.88
522.406	1784.88
522.621	1407.88
522.836	1287.88
523.052	1230.88
523.267	1222.88
523.482	1177.88
523.698	1147.88
523.913	1177.88
524.128	1139.88
524.343	1161.88
524.559	1116.88
524.774	1133.88
524.989	1111.88
525.204	1125.88
525.419	1145.88
525.634	1112.88
525.849	1062.88
526.064	1055.88
526.28	1049.88
526.495	1042.88
526.71	1011.88
526.925	986.88
527.14	996.88
527.355	999.88
527.57	980.88
527.785	1025.88
527.999	1018.88
528.214	1018.88
528.429	1080.88
528.644	1065.88
528.859	1085.88
529.074	1124.88
529.289	1165.88
529.503	1318.88
529.718	1228.88
529.933	1067.88
530.148	1021.88
530.363	990.88
530.577	1007.88
530.792	987.88
531.007	966.88
531.221	1021.88
531.436	987.88
531.651	973.88
531.865	944.88
532.08	977.88
532.295	969.88
532.509	982.88
532.724	965.88
532.938	979.88
533.153	938.88
533.367	1000.88
533.582	997.88
533.796	1005.88
534.011	991.88
534.225	974.88
534.44	948.88
534.654	939.88
534.868	967.88
535.083	958.88
535.297	984.88
535.511	985.88
535.726	967.88
535.94	967.88
536.154	987.88
536.369	946.88
536.583	907.88
536.797	898.88
537.011	924.88
537.225	917.88
537.44	913.88
537.654	898.88
537.868	931.88
538.082	906.88
538.296	908.88
538.51	931.88
538.724	938.88
538.938	966.88
539.153	974.88
539.367	968.88
539.581	946.88
539.795	936.88
540.009	903.88
540.222	885.88
540.436	935.88
540.65	924.88
540.864	963.88
541.078	1007.88
541.292	1049.88
541.506	1037.88
541.72	1068.88
541.934	1095.88
542.147	1115.88
542.361	1061.88
542.575	1005.88
542.789	983.88
543.002	951.88
543.216	923.88
543.43	930.88
543.644	949.88
543.857	987.88
544.071	1031.88
544.285	1055.88
544.498	1016.88
544.712	1058.88
544.925	1048.88
545.139	1074.88
545.352	1067.88
545.566	1040.88
545.779	1056.88
545.993	1072.88
546.206	1068.88
546.42	1056.88
546.633	1067.88
546.847	1071.88
547.06	1069.88
547.274	1086.88
547.487	1078.88
547.7	1083.88
547.914	1046.88
548.127	1063.88
548.34	1055.88
548.554	1046.88
548.767	1047.88
548.98	1036.88
549.193	1014.88
549.407	1044.88
549.62	1047.88
549.833	1049.88
550.046	1071.88
550.259	1063.88
550.473	994.88
550.686	1007.88
550.899	983.88
551.112	994.88
551.325	985.88
551.538	969.88
551.751	913.88
551.964	921.88
552.177	937.88
552.39	995.88
552.603	1039.88
552.816	1060.88
553.029	1051.88
553.242	1099.88
553.455	1095.88
553.667	1131.88
553.88	1115.88
554.093	1060.88
554.306	1051.88
554.519	1045.88
554.732	1004.88
554.944	976.88
555.157	959.88
555.37	968.88
555.583	958.88
555.795	949.88
556.008	897.88
556.221	884.88
556.433	893.88
556.646	885.88
556.859	905.88
557.071	865.88
557.284	880.88
557.496	877.88
557.709	880.88
557.921	887.88
558.134	870.88
558.346	864.88
558.559	858.88
558.771	864.88
558.984	842.88
559.196	857.88
559.409	827.88
559.621	811.88
559.833	818.88
560.046	809.88
560.258	824.88
560.47	832.88
560.683	849.88
560.895	819.88
561.107	800.88
561.32	817.88
561.532	847.88
561.744	805.88
561.956	809.88
562.168	811.88
562.381	814.88
562.593	830.88
562.805	780.88
563.017	771.88
563.229	790.88
563.441	784.88
563.653	803.88
563.865	831.88
564.077	807.88
564.289	793.88
564.501	830.88
564.713	827.88
564.925	816.88
565.137	826.88
565.349	869.88
565.561	849.88
565.773	888.88
565.985	925.88
566.197	947.88
566.408	984.88
566.62	1045.88
566.832	1098.88
567.044	1113.88
567.255	1095.88
567.467	1118.88
567.679	1119.88
567.891	1208.88
568.102	1215.88
568.314	1130.88
568.526	1038.88
568.737	941.88
568.949	905.88
569.161	842.88
569.372	814.88
569.584	779.88
569.795	750.88
570.007	735.88
570.218	838.88
570.43	785.88
570.641	730.88
570.853	730.88
571.064	733.88
571.276	730.88
571.487	730.88
571.698	699.88
571.91	677.88
572.121	665.88
572.333	664.88
572.544	657.88
572.755	659.88
572.966	593.88
573.178	602.88
573.389	592.88
573.6	586.88
573.811	584.88
574.023	572.88
574.234	575.88
574.445	559.88
574.656	590.88
574.867	600.88
575.078	619.88
575.289	590.88
575.501	585.88
575.712	556.88
575.923	585.88
576.134	559.88
576.345	579.88
576.556	568.88
576.767	559.88
576.978	574.88
577.188	575.88
577.399	543.88
577.61	541.88
577.821	560.88
578.032	551.88
578.243	619.88
578.454	990.88
578.665	720.88
578.875	542.88
579.086	515.88
579.297	503.88
579.508	496.88
579.718	531.88
579.929	514.88
580.14	520.88
580.35	507.88
580.561	507.88
580.772	499.88
580.982	511.88
581.193	502.88
581.403	510.88
581.614	496.88
581.825	496.88
582.035	482.88
582.246	511.88
582.456	487.88
582.667	505.88
582.877	502.88
583.087	505.88
583.298	491.88
583.508	466.88
583.719	489.88
583.929	472.88
584.139	489.88
584.35	469.88
584.56	493.88
584.77	450.88
584.981	475.88
585.191	466.88
585.401	470.88
585.611	469.88
585.821	475.88
586.032	462.88
586.242	453.88
586.452	492.88
586.662	461.88
586.872	451.88
587.082	456.88
587.292	457.88
587.502	460.88
587.713	457.88
587.923	462.88
588.133	473.88
588.343	442.88
588.553	453.88
588.762	470.88
588.972	480.88
589.182	474.88
589.392	479.88
589.602	481.88
589.812	476.88
590.022	487.88
590.232	476.88
590.441	442.88
590.651	490.88
590.861	456.88
591.071	489.88
591.281	472.88
591.49	483.88
591.7	474.88
591.91	466.88
592.119	493.88
592.329	496.88
592.539	497.88
592.748	517.88
592.958	507.88
593.167	529.88
593.377	505.88
593.587	562.88
593.796	544.88
594.006	541.88
594.215	514.88
594.424	552.88
594.634	525.88
594.843	539.88
595.053	523.88
595.262	528.88
595.472	481.88
595.681	479.88
595.89	456.88
596.1	457.88
596.309	428.88
596.518	461.88
596.727	450.88
596.937	443.88
597.146	450.88
597.355	447.88
597.564	424.88
597.774	437.88
597.983	415.88
598.192	438.88
598.401	412.88
598.61	404.88
598.819	392.88
599.028	405.88
599.237	434.88
599.446	423.88
599.655	409.88
599.864	411.88
600.073	407.88
600.282	423.88
600.491	425.88
600.7	403.88
600.909	412.88
601.118	421.88
601.327	397.88
601.536	423.88
601.745	434.88
601.953	441.88
602.162	447.88
602.371	435.88
602.58	435.88
602.789	456.88
602.997	423.88
603.206	435.88
603.415	429.88
603.623	419.88
603.832	418.88
604.041	429.88
604.249	399.88
604.458	404.88
604.666	393.88
604.875	406.88
605.084	401.88
605.292	394.88
605.501	433.88
605.709	437.88
605.918	434.88
606.126	453.88
606.334	423.88
606.543	432.88
606.751	455.88
606.96	437.88
607.168	447.88
607.376	413.88
607.585	417.88
607.793	434.88
608.001	421.88
608.21	432.88
608.418	427.88
608.626	438.88
608.834	439.88
609.043	429.88
609.251	434.88
609.459	413.88
609.667	450.88
609.875	422.88
610.083	430.88
610.291	451.88
610.499	429.88
610.707	419.88
610.916	438.88
611.124	439.88
611.332	449.88
611.54	463.88
611.748	453.88
611.955	446.88
612.163	430.88
612.371	430.88
612.579	425.88
612.787	421.88
612.995	408.88
613.203	420.88
613.411	430.88
613.618	418.88
613.826	423.88
614.034	417.88
614.242	431.88
614.449	437.88
614.657	427.88
614.865	430.88
615.072	419.88
615.28	411.88
615.488	424.88
615.695	405.88
615.903	424.88
616.111	409.88
616.318	417.88
616.526	433.88
616.733	399.88
616.941	431.88
617.148	418.88
617.356	415.88
617.563	418.88
617.771	429.88
617.978	409.88
618.185	404.88
618.393	403.88
618.6	417.88
618.807	392.88
619.015	406.88
619.222	390.88
619.429	378.88
619.637	399.88
619.844	382.88
620.051	354.88
620.258	382.88
620.466	361.88
620.673	354.88
620.88	369.88
621.087	375.88
621.294	367.88
621.501	373.88
621.708	374.88
621.915	357.88
622.122	382.88
622.329	391.88
622.536	375.88
622.743	397.88
622.95	367.88
623.157	372.88
623.364	382.88
623.571	377.88
623.778	372.88
623.985	357.88
624.192	357.88
624.399	376.88
624.606	368.88
624.812	370.88
625.019	335.88
625.226	325.88
625.433	334.88
625.639	337.88
625.846	332.88
626.053	338.88
626.259	315.88
626.466	308.88
626.673	291.88
626.879	309.88
627.086	300.88
627.293	324.88
627.499	327.88
627.706	344.88
627.912	344.88
628.119	353.88
628.325	360.88
628.532	338.88
628.738	333.88
628.945	334.88
629.151	336.88
629.357	318.88
629.564	323.88
629.77	325.88
629.976	323.88
630.183	306.88
630.389	315.88
630.595	331.88
630.802	313.88
631.008	325.88
631.214	327.88
631.42	299.88
631.627	330.88
631.833	306.88
632.039	317.88
632.245	301.88
632.451	317.88
632.657	286.88
632.863	314.88
633.069	304.88
633.275	291.88
633.481	281.88
633.688	301.88
633.893	305.88
634.099	279.88
634.305	303.88
634.511	303.88
634.717	283.88
634.923	259.88
635.129	269.88
635.335	290.88
635.541	293.88
635.747	279.88
635.952	328.88
636.158	351.88
636.364	403.88
636.57	463.88
636.775	387.88
636.981	352.88
637.187	327.88
637.392	321.88
637.598	327.88
637.804	312.88
638.009	319.88
638.215	317.88
638.421	309.88
638.626	299.88
638.832	283.88
639.037	291.88
639.243	273.88
639.448	283.88
639.654	285.88
639.859	271.88
640.065	281.88
640.27	286.88
640.475	278.88
640.681	285.88
640.886	265.88
641.091	264.88
641.297	274.88
641.502	288.88
641.707	295.88
641.913	272.88
642.118	275.88
642.323	268.88
642.528	275.88
642.733	272.88
642.939	255.88
643.144	256.88
643.349	236.88
643.554	272.88
643.759	237.88
643.964	255.88
644.169	264.88
644.374	267.88
644.579	266.88
644.784	273.88
644.989	275.88
645.194	274.88
645.399	254.88
645.604	265.88
645.809	252.88
646.014	265.88
646.219	265.88
646.423	259.88
646.628	265.88
646.833	258.88
647.038	256.88
647.243	249.88
647.447	258.88
647.652	254.88
647.857	266.88
648.062	258.88
648.266	286.88
648.471	267.88
648.676	273.88
648.88	254.88
649.085	259.88
649.289	264.88
649.494	271.88
649.698	301.88
649.903	280.88
650.107	255.88
650.312	233.88
650.516	255.88
650.721	233.88
650.925	248.88
651.13	221.88
651.334	232.88
651.539	247.88
651.743	211.88
651.947	218.88
652.152	226.88
652.356	223.88
652.56	214.88
652.764	200.88
652.969	200.88
653.173	207.88
653.377	192.88
653.581	194.88
653.785	198.88
653.99	192.88
654.194	208.88
654.398	194.88
654.602	188.88
654.806	211.88
655.01	201.88
655.214	183.88
655.418	180.88
655.622	184.88
655.826	187.88
656.03	205.88
656.234	169.88
656.438	183.88
656.642	185.88
656.846	171.88
657.049	161.88
657.253	149.88
657.457	158.88
657.661	149.88
657.865	150.88
658.068	154.88
658.272	142.88
658.476	130.88
658.68	136.88
658.883	129.88
659.087	132.88
659.291	117.88
659.494	122.88
659.698	110.88
659.901	109.88
660.105	116.88
660.309	106.88
660.512	110.88
660.716	122.88
660.919	105.88
661.123	101.88
661.326	106.88
661.53	87.88
661.733	89.88
661.936	101.88
662.14	86.88
662.343	94.88
662.546	93.88
662.75	94.88
662.953	91.88
663.156	82.88
663.36	70.88
663.563	70.88
663.766	82.88
663.969	64.88
664.173	71.88
664.376	86.88
664.579	86.88
664.782	75.88
664.985	98.88
665.188	82.88
665.391	73.88
665.594	77.88
665.797	73.88
666	91.88
666.203	74.88
666.406	89.88
666.609	96.88
666.812	73.88
667.015	82.88
667.218	59.88
667.421	69.88
667.624	80.88
667.827	79.88
668.03	83.88
668.232	77.88
668.435	93.88
668.638	85.88
668.841	88.88
669.043	79.88
669.246	81.88
669.449	67.88
669.651	91.88
669.854	83.88
670.057	64.88
670.259	85.88
670.462	90.88
670.665	82.88
670.867	78.88
671.07	81.88
671.272	80.88
671.475	73.88
671.677	77.88
671.88	82.88
672.082	92.88
672.284	83.88
672.487	77.88
672.689	69.88
672.892	108.88
