223.165	-4.56
223.4	-4.56
223.635	-4.56
223.869	-22.56
224.104	-16.56
224.338	-15.56
224.573	-12.56
224.808	-10.56
225.042	1.44
225.277	-11.56
225.511	-3.56
225.746	12.44
225.98	-0.56
226.215	3.44
226.449	16.44
226.683	28.44
226.918	21.44
227.152	14.44
227.387	42.44
227.621	26.44
227.856	40.44
228.09	40.44
228.324	56.44
228.559	54.44
228.793	71.44
229.027	132.44
229.262	131.44
229.496	132.44
229.73	155.44
229.964	169.44
230.199	156.44
230.433	148.44
230.667	131.44
230.901	158.44
231.136	141.44
231.37	138.44
231.604	151.44
231.838	152.44
232.072	156.44
232.306	144.44
232.541	143.44
232.775	148.44
233.009	158.44
233.243	148.44
233.477	145.44
233.711	143.44
233.945	140.44
234.179	153.44
234.413	148.44
234.647	152.44
234.881	139.44
235.115	153.44
235.349	156.44
235.583	142.44
235.817	139.44
236.051	158.44
236.285	164.44
236.519	153.44
236.753	164.44
236.987	181.44
237.221	225.44
237.455	272.44
237.689	224.44
237.922	174.44
238.156	154.44
238.39	186.44
238.624	171.44
238.858	160.44
239.091	163.44
239.325	172.44
239.559	177.44
239.793	177.44
240.027	188.44
240.26	176.44
240.494	194.44
240.728	208.44
240.961	185.44
241.195	188.44
241.429	196.44
241.662	204.44
241.896	191.44
242.13	179.44
242.363	188.44
242.597	198.44
242.83	220.44
243.064	195.44
243.298	217.44
243.531	204.44
243.765	190.44
243.998	213.44
244.232	203.44
244.465	194.44
244.699	226.44
244.932	213.44
245.166	219.44
245.399	212.44
245.633	213.44
245.866	204.44
246.099	214.44
246.333	219.44
246.566	220.44
246.8	232.44
247.033	218.44
247.266	212.44
247.5	235.44
247.733	245.44
247.966	237.44
248.2	236.44
248.433	247.44
248.666	246.44
248.899	268.44
249.133	266.44
249.366	296.44
249.599	276.44
249.832	285.44
250.066	285.44
250.299	321.44
250.532	387.44
250.765	415.44
250.998	384.44
251.231	344.44
251.465	332.44
251.698	296.44
251.931	326.44
252.164	314.44
252.397	313.44
252.63	283.44
252.863	308.44
253.096	322.44
253.329	301.44
253.562	310.44
253.795	302.44
254.028	303.44
254.261	314.44
254.494	318.44
254.727	339.44
254.96	350.44
255.193	348.44
255.426	353.44
255.659	388.44
255.892	487.44
256.124	585.44
256.357	610.44
256.59	511.44
256.823	452.44
257.056	397.44
257.289	366.44
257.521	380.44
257.754	366.44
257.987	352.44
258.22	342.44
258.452	338.44
258.685	338.44
258.918	345.44
259.151	332.44
259.383	326.44
259.616	309.44
259.849	330.44
260.081	339.44
260.314	358.44
260.547	349.44
260.779	348.44
261.012	343.44
261.244	373.44
261.477	348.44
261.71	352.44
261.942	363.44
262.175	370.44
262.407	354.44
262.64	341.44
262.872	332.44
263.105	325.44
263.337	340.44
263.57	339.44
263.802	337.44
264.035	323.44
264.267	336.44
264.499	331.44
264.732	322.44
264.964	332.44
265.197	341.44
265.429	346.44
265.661	327.44
265.894	354.44
266.126	342.44
266.358	324.44
266.591	354.44
266.823	348.44
267.055	358.44
267.287	339.44
267.52	353.44
267.752	349.44
267.984	345.44
268.216	347.44
268.448	357.44
268.681	370.44
268.913	372.44
269.145	361.44
269.377	381.44
269.609	399.44
269.841	372.44
270.073	404.44
270.306	404.44
270.538	440.44
270.77	434.44
271.002	410.44
271.234	397.44
271.466	416.44
271.698	443.44
271.93	435.44
272.162	443.44
272.394	441.44
272.626	433.44
272.858	428.44
273.09	406.44
273.322	419.44
273.553	407.44
273.785	412.44
274.017	420.44
274.249	417.44
274.481	430.44
274.713	410.44
274.945	416.44
275.176	448.44
275.408	434.44
275.64	450.44
275.872	442.44
276.104	436.44
276.335	440.44
276.567	447.44
276.799	455.44
277.031	514.44
277.262	544.44
277.494	552.44
277.726	501.44
277.957	479.44
278.189	480.44
278.421	457.44
278.652	476.44
278.884	452.44
279.115	449.44
279.347	457.44
279.579	451.44
279.81	508.44
280.042	498.44
280.273	533.44
280.505	547.44
280.736	504.44
280.968	496.44
281.199	493.44
281.431	482.44
281.662	468.44
281.894	437.44
282.125	486.44
282.356	477.44
282.588	516.44
282.819	522.44
283.051	480.44
283.282	476.44
283.513	480.44
283.745	484.44
283.976	480.44
284.207	462.44
284.439	484.44
284.67	469.44
284.901	477.44
285.132	460.44
285.364	464.44
285.595	491.44
285.826	491.44
286.057	469.44
286.288	494.44
286.52	481.44
286.751	490.44
286.982	480.44
287.213	483.44
287.444	468.44
287.675	501.44
287.906	486.44
288.138	490.44
288.369	493.44
288.6	511.44
288.831	483.44
289.062	489.44
289.293	494.44
289.524	481.44
289.755	500.44
289.986	504.44
290.217	484.44
290.448	473.44
290.679	486.44
290.91	494.44
291.141	508.44
291.371	496.44
291.602	516.44
291.833	505.44
292.064	492.44
292.295	482.44
292.526	524.44
292.757	499.44
292.987	482.44
293.218	494.44
293.449	500.44
293.68	496.44
293.91	508.44
294.141	493.44
294.372	489.44
294.603	504.44
294.833	498.44
295.064	518.44
295.295	484.44
295.525	496.44
295.756	519.44
295.987	534.44
296.217	578.44
296.448	584.44
296.679	534.44
296.909	558.44
297.14	539.44
297.37	536.44
297.601	552.44
297.831	536.44
298.062	540.44
298.292	537.44
298.523	553.44
298.753	541.44
298.984	556.44
299.214	566.44
299.445	529.44
299.675	528.44
299.905	558.44
300.136	538.44
300.366	558.44
300.597	525.44
300.827	555.44
301.057	580.44
301.288	594.44
301.518	592.44
301.748	581.44
301.979	605.44
302.209	607.44
302.439	576.44
302.669	606.44
302.9	591.44
303.13	572.44
303.36	597.44
303.59	626.44
303.82	629.44
304.051	637.44
304.281	604.44
304.511	588.44
304.741	577.44
304.971	578.44
305.201	589.44
305.431	593.44
305.661	569.44
305.891	598.44
306.121	570.44
306.352	620.44
306.582	608.44
306.812	610.44
307.042	599.44
307.272	624.44
307.502	635.44
307.731	650.44
307.961	636.44
308.191	625.44
308.421	600.44
308.651	600.44
308.881	621.44
309.111	632.44
309.341	618.44
309.571	636.44
309.8	618.44
310.03	656.44
310.26	653.44
310.49	643.44
310.72	691.44
310.949	703.44
311.179	703.44
311.409	683.44
311.639	680.44
311.868	683.44
312.098	688.44
312.328	688.44
312.557	697.44
312.787	695.44
313.017	725.44
313.246	716.44
313.476	684.44
313.706	682.44
313.935	697.44
314.165	705.44
314.394	693.44
314.624	701.44
314.853	697.44
315.083	724.44
315.312	698.44
315.542	709.44
315.771	692.44
316.001	691.44
316.23	666.44
316.46	684.44
316.689	694.44
316.919	690.44
317.148	710.44
317.377	689.44
317.607	700.44
317.836	698.44
318.065	703.44
318.295	715.44
318.524	712.44
318.753	693.44
318.983	708.44
319.212	725.44
319.441	713.44
319.67	709.44
319.9	723.44
320.129	726.44
320.358	734.44
320.587	754.44
320.816	740.44
321.046	752.44
321.275	769.44
321.504	768.44
321.733	777.44
321.962	765.44
322.191	792.44
322.42	813.44
322.649	822.44
322.878	858.44
323.108	862.44
323.337	932.44
323.566	955.44
323.795	1020.44
324.024	1063.44
324.253	1264.44
324.482	1733.44
324.71	2621.44
324.939	3634.44
325.168	2947.44
325.397	1712.44
325.626	1274.44
325.855	1123.44
326.084	1020.44
326.313	1066.44
326.542	1105.44
326.77	1187.44
326.999	1316.44
327.228	1738.44
327.457	2514.44
327.686	2957.44
327.914	2115.44
328.143	1792.44
328.372	1800.44
328.6	1646.44
328.829	1356.44
329.058	1344.44
329.287	1363.44
329.515	1381.44
329.744	1451.44
329.972	1727.44
330.201	2188.44
330.43	2746.44
330.658	2282.44
330.887	1672.44
331.115	1417.44
331.344	1228.44
331.572	1171.44
331.801	1147.44
332.03	1161.44
332.258	1155.44
332.486	1144.44
332.715	1158.44
332.943	1176.44
333.172	1242.44
333.4	1307.44
333.629	1434.44
333.857	1596.44
334.085	1888.44
334.314	2470.44
334.542	3284.44
334.771	3446.44
334.999	2314.44
335.227	1643.44
335.455	1378.44
335.684	1247.44
335.912	1185.44
336.14	1139.44
336.369	1111.44
336.597	1088.44
336.825	1069.44
337.053	1060.44
337.281	994.44
337.51	1016.44
337.738	982.44
337.966	955.44
338.194	997.44
338.422	956.44
338.65	957.44
338.878	887.44
339.106	905.44
339.334	929.44
339.562	914.44
339.79	908.44
340.018	912.44
340.246	884.44
340.474	890.44
340.702	873.44
340.93	904.44
341.158	890.44
341.386	894.44
341.614	897.44
341.842	876.44
342.07	877.44
342.298	857.44
342.526	874.44
342.754	856.44
342.981	848.44
343.209	867.44
343.437	896.44
343.665	906.44
343.893	946.44
344.12	983.44
344.348	952.44
344.576	932.44
344.804	922.44
345.031	904.44
345.259	912.44
345.487	885.44
345.714	848.44
345.942	866.44
346.17	854.44
346.397	857.44
346.625	838.44
346.853	858.44
347.08	832.44
347.308	838.44
347.535	852.44
347.763	872.44
347.99	853.44
348.218	883.44
348.445	870.44
348.673	879.44
348.9	857.44
349.128	867.44
349.355	815.44
349.583	815.44
349.81	820.44
350.037	816.44
350.265	845.44
350.492	837.44
350.72	814.44
350.947	812.44
351.174	845.44
351.402	858.44
351.629	848.44
351.856	845.44
352.083	848.44
352.311	852.44
352.538	872.44
352.765	853.44
352.992	822.44
353.22	837.44
353.447	867.44
353.674	853.44
353.901	829.44
354.128	840.44
354.355	767.44
354.583	793.44
354.81	834.44
355.037	798.44
355.264	824.44
355.491	784.44
355.718	789.44
355.945	808.44
356.172	816.44
356.399	821.44
356.626	824.44
356.853	829.44
357.08	827.44
357.307	808.44
357.534	808.44
357.761	834.44
357.988	842.44
358.215	829.44
358.441	843.44
358.668	817.44
358.895	837.44
359.122	834.44
359.349	862.44
359.576	876.44
359.802	884.44
360.029	909.44
360.256	947.44
360.483	910.44
360.709	869.44
360.936	885.44
361.163	866.44
361.39	857.44
361.616	852.44
361.843	857.44
362.07	861.44
362.296	857.44
362.523	870.44
362.749	848.44
362.976	847.44
363.203	861.44
363.429	856.44
363.656	840.44
363.882	866.44
364.109	849.44
364.335	850.44
364.562	833.44
364.788	846.44
365.015	845.44
365.241	846.44
365.468	841.44
365.694	854.44
365.92	828.44
366.147	836.44
366.373	850.44
366.599	831.44
366.826	859.44
367.052	863.44
367.278	847.44
367.505	880.44
367.731	880.44
367.957	847.44
368.184	839.44
368.41	862.44
368.636	901.44
368.862	882.44
369.089	883.44
369.315	862.44
369.541	870.44
369.767	874.44
369.993	894.44
370.219	885.44
370.445	890.44
370.672	913.44
370.898	883.44
371.124	915.44
371.35	933.44
371.576	926.44
371.802	926.44
372.028	895.44
372.254	941.44
372.48	908.44
372.706	944.44
372.932	928.44
373.158	937.44
373.384	914.44
373.61	913.44
373.835	909.44
374.061	913.44
374.287	907.44
374.513	933.44
374.739	934.44
374.965	974.44
375.191	977.44
375.416	963.44
375.642	949.44
375.868	942.44
376.094	930.44
376.319	926.44
376.545	917.44
376.771	921.44
376.997	902.44
377.222	932.44
377.448	885.44
377.674	918.44
377.899	908.44
378.125	907.44
378.35	888.44
378.576	903.44
378.802	884.44
379.027	899.44
379.253	916.44
379.478	879.44
379.704	886.44
379.929	902.44
380.155	916.44
380.38	905.44
380.606	918.44
380.831	924.44
381.057	913.44
381.282	920.44
381.507	899.44
381.733	929.44
381.958	939.44
382.184	934.44
382.409	952.44
382.634	948.44
382.86	938.44
383.085	953.44
383.31	964.44
383.535	969.44
383.761	996.44
383.986	990.44
384.211	1014.44
384.436	1046.44
384.662	1057.44
384.887	1069.44
385.112	1060.44
385.337	1086.44
385.562	1062.44
385.787	1065.44
386.013	1074.44
386.238	1102.44
386.463	1098.44
386.688	1091.44
386.913	1068.44
387.138	1048.44
387.363	1066.44
387.588	1087.44
387.813	1051.44
388.038	1051.44
388.263	1085.44
388.488	1097.44
388.713	1064.44
388.938	1086.44
389.163	1049.44
389.387	1086.44
389.612	1059.44
389.837	1068.44
390.062	1052.44
390.287	1082.44
390.512	1068.44
390.736	1090.44
390.961	1095.44
391.186	1123.44
391.411	1137.44
391.636	1154.44
391.86	1166.44
392.085	1168.44
392.31	1205.44
392.534	1149.44
392.759	1178.44
392.984	1174.44
393.208	1130.44
393.433	1131.44
393.658	1132.44
393.882	1100.44
394.107	1156.44
394.331	1146.44
394.556	1167.44
394.78	1158.44
395.005	1154.44
395.229	1182.44
395.454	1221.44
395.678	1216.44
395.903	1229.44
396.127	1227.44
396.352	1235.44
396.576	1222.44
396.801	1166.44
397.025	1187.44
397.249	1221.44
397.474	1223.44
397.698	1257.44
397.922	1274.44
398.147	1284.44
398.371	1293.44
398.595	1288.44
398.82	1333.44
399.044	1401.44
399.268	1528.44
399.492	1678.44
399.717	1802.44
399.941	1841.44
400.165	1725.44
400.389	1680.44
400.613	1544.44
400.837	1474.44
401.062	1422.44
401.286	1404.44
401.51	1382.44
401.734	1364.44
401.958	1379.44
402.182	1442.44
402.406	1466.44
402.63	1457.44
402.854	1493.44
403.078	1497.44
403.302	1533.44
403.526	1505.44
403.75	1574.44
403.974	1585.44
404.198	1582.44
404.422	1565.44
404.645	1620.44
404.869	1620.44
405.093	1700.44
405.317	1788.44
405.541	1777.44
405.765	1671.44
405.988	1645.44
406.212	1664.44
406.436	1687.44
406.66	1715.44
406.883	1631.44
407.107	1714.44
407.331	1789.44
407.555	1854.44
407.778	1876.44
408.002	1795.44
408.226	1680.44
408.449	1689.44
408.673	1627.44
408.896	1685.44
409.12	1702.44
409.344	1687.44
409.567	1584.44
409.791	1592.44
410.014	1613.44
410.238	1552.44
410.461	1548.44
410.685	1582.44
410.908	1569.44
411.132	1616.44
411.355	1557.44
411.578	1575.44
411.802	1510.44
412.025	1566.44
412.249	1637.44
412.472	1745.44
412.695	1826.44
412.919	1760.44
413.142	1661.44
413.365	1669.44
413.589	1584.44
413.812	1557.44
414.035	1485.44
414.258	1474.44
414.482	1518.44
414.705	1485.44
414.928	1476.44
415.151	1466.44
415.374	1450.44
415.597	1490.44
415.821	1435.44
416.044	1462.44
416.267	1450.44
416.49	1441.44
416.713	1424.44
416.936	1437.44
417.159	1463.44
417.382	1453.44
417.605	1500.44
417.828	1527.44
418.051	1547.44
418.274	1508.44
418.497	1462.44
418.72	1500.44
418.943	1508.44
419.166	1581.44
419.389	1660.44
419.611	1610.44
419.834	1623.44
420.057	1612.44
420.28	1680.44
420.503	1704.44
420.726	1626.44
420.948	1594.44
421.171	1656.44
421.394	1637.44
421.617	1579.44
421.839	1564.44
422.062	1518.44
422.285	1535.44
422.507	1579.44
422.73	1652.44
422.953	1617.44
423.175	1544.44
423.398	1540.44
423.621	1576.44
423.843	1592.44
424.066	1588.44
424.288	1585.44
424.511	1586.44
424.733	1633.44
424.956	1762.44
425.178	1707.44
425.401	1669.44
425.623	1728.44
425.846	1547.44
426.068	1520.44
426.291	1492.44
426.513	1497.44
426.735	1523.44
426.958	1525.44
427.18	1637.44
427.402	1790.44
427.625	1917.44
427.847	1892.44
428.069	1795.44
428.292	1632.44
428.514	1486.44
428.736	1446.44
428.958	1460.44
429.181	1368.44
429.403	1385.44
429.625	1416.44
429.847	1419.44
430.069	1504.44
430.292	1484.44
430.514	1400.44
430.736	1396.44
430.958	1363.44
431.18	1333.44
431.402	1349.44
431.624	1316.44
431.846	1303.44
432.068	1277.44
432.29	1287.44
432.512	1288.44
432.734	1377.44
432.956	1341.44
433.178	1392.44
433.4	1366.44
433.622	1390.44
433.844	1393.44
434.066	1340.44
434.287	1320.44
434.509	1346.44
434.731	1361.44
434.953	1414.44
435.175	1478.44
435.397	1487.44
435.618	1422.44
435.84	1469.44
436.062	1582.44
436.284	1614.44
436.505	1481.44
436.727	1442.44
436.949	1393.44
437.17	1358.44
437.392	1388.44
437.614	1370.44
437.835	1347.44
438.057	1504.44
438.278	1596.44
438.5	1612.44
438.721	1760.44
438.943	1710.44
439.165	1507.44
439.386	1470.44
439.608	1481.44
439.829	1504.44
440.05	1542.44
440.272	1614.44
440.493	1501.44
440.715	1469.44
440.936	1492.44
441.158	1457.44
441.379	1467.44
441.6	1516.44
441.822	1592.44
442.043	1638.44
442.264	1722.44
442.486	1662.44
442.707	1579.44
442.928	1524.44
443.149	1540.44
443.371	1590.44
443.592	1595.44
443.813	1747.44
444.034	1808.44
444.255	1689.44
444.476	1604.44
444.698	1662.44
444.919	1681.44
445.14	1771.44
445.361	1666.44
445.582	1617.44
445.803	1689.44
446.024	1748.44
446.245	1754.44
446.466	1641.44
446.687	1542.44
446.908	1484.44
447.129	1408.44
447.35	1426.44
447.571	1401.44
447.792	1353.44
448.013	1353.44
448.234	1361.44
448.455	1407.44
448.675	1568.44
448.896	1678.44
449.117	1473.44
449.338	1482.44
449.559	1658.44
449.779	1721.44
450	1487.44
450.221	1386.44
450.442	1340.44
450.662	1333.44
450.883	1324.44
451.104	1388.44
451.324	1348.44
451.545	1288.44
451.766	1277.44
451.986	1242.44
452.207	1247.44
452.428	1225.44
452.648	1234.44
452.869	1189.44
453.089	1204.44
453.31	1205.44
453.53	1185.44
453.751	1176.44
453.971	1180.44
454.192	1203.44
454.412	1165.44
454.633	1163.44
454.853	1187.44
455.073	1172.44
455.294	1222.44
455.514	1272.44
455.734	1222.44
455.955	1132.44
456.175	1137.44
456.395	1080.44
456.616	1077.44
456.836	1090.44
457.056	1106.44
457.276	1054.44
457.497	1122.44
457.717	1080.44
457.937	1121.44
458.157	1126.44
458.377	1103.44
458.598	1111.44
458.818	1274.44
459.038	1369.44
459.258	1371.44
459.478	1283.44
459.698	1249.44
459.918	1249.44
460.138	1336.44
460.358	1379.44
460.578	1361.44
460.798	1365.44
461.018	1411.44
461.238	1396.44
461.458	1390.44
461.678	1403.44
461.898	1426.44
462.118	1400.44
462.338	1465.44
462.558	1512.44
462.777	1532.44
462.997	1625.44
463.217	1692.44
463.437	1724.44
463.657	1620.44
463.876	1571.44
464.096	1577.44
464.316	1549.44
464.536	1516.44
464.755	1534.44
464.975	1511.44
465.195	1566.44
465.414	1657.44
465.634	1475.44
465.854	1350.44
466.073	1362.44
466.293	1322.44
466.512	1296.44
466.732	1288.44
466.951	1276.44
467.171	1272.44
467.391	1297.44
467.61	1356.44
467.829	1408.44
468.049	1606.44
468.268	2017.44
468.488	1670.44
468.707	1440.44
468.927	1393.44
469.146	1331.44
469.365	1320.44
469.585	1310.44
469.804	1354.44
470.023	1397.44
470.243	1375.44
470.462	1358.44
470.681	1429.44
470.901	1387.44
471.12	1397.44
471.339	1369.44
471.558	1398.44
471.777	1383.44
471.997	1514.44
472.216	1950.44
472.435	3438.44
472.654	2666.44
472.873	1846.44
473.092	1606.44
473.311	1490.44
473.53	1450.44
473.749	1391.44
473.968	1412.44
474.187	1472.44
474.406	1449.44
474.625	1363.44
474.844	1322.44
475.063	1278.44
475.282	1286.44
475.501	1276.44
475.72	1274.44
475.939	1309.44
476.158	1320.44
476.377	1286.44
476.596	1308.44
476.814	1295.44
477.033	1295.44
477.252	1326.44
477.471	1362.44
477.69	1401.44
477.908	1420.44
478.127	1465.44
478.346	1453.44
478.564	1456.44
478.783	1503.44
479.002	1509.44
479.22	1546.44
479.439	1561.44
479.658	1599.44
479.876	1591.44
480.095	1619.44
480.313	1680.44
480.532	1754.44
480.751	1885.44
480.969	2266.44
481.188	4337.44
481.406	5531.44
481.624	3076.44
481.843	2278.44
482.061	2009.44
482.28	1855.44
482.498	1748.44
482.717	1662.44
482.935	1653.44
483.153	1664.44
483.372	1640.44
483.59	1600.44
483.808	1582.44
484.027	1577.44
484.245	1548.44
484.463	1584.44
484.681	1602.44
484.9	1577.44
485.118	1586.44
485.336	1533.44
485.554	1550.44
485.772	1505.44
485.99	1524.44
486.209	1518.44
486.427	1542.44
486.645	1543.44
486.863	1652.44
487.081	1620.44
487.299	1614.44
487.517	1584.44
487.735	1661.44
487.953	1685.44
488.171	1695.44
488.389	1648.44
488.607	1597.44
488.825	1610.44
489.043	1578.44
489.261	1602.44
489.479	1610.44
489.696	1620.44
489.914	1686.44
490.132	1673.44
490.35	1694.44
490.568	1763.44
490.786	1817.44
491.003	1844.44
491.221	1887.44
491.439	1922.44
491.657	1948.44
491.874	2013.44
492.092	2106.44
492.31	2106.44
492.527	2195.44
492.745	2178.44
492.963	2100.44
493.18	2105.44
493.398	2068.44
493.615	2060.44
493.833	1960.44
494.05	1991.44
494.268	2000.44
494.485	1952.44
494.703	1921.44
494.92	1946.44
495.138	1931.44
495.355	1920.44
495.573	1894.44
495.79	1875.44
496.008	1923.44
496.225	1910.44
496.442	1914.44
496.66	1896.44
496.877	1900.44
497.094	1860.44
497.312	1905.44
497.529	1886.44
497.746	1926.44
497.963	1930.44
498.181	1955.44
498.398	2005.44
498.615	2053.44
498.832	2154.44
499.049	2227.44
499.267	2372.44
499.484	2501.44
499.701	2685.44
499.918	2872.44
500.135	3176.44
500.352	3459.44
500.569	3615.44
500.786	3598.44
501.003	3424.44
501.22	3120.44
501.437	2888.44
501.654	2608.44
501.871	2480.44
502.088	2351.44
502.305	2188.44
502.522	2095.44
502.739	2044.44
502.956	1948.44
503.172	1911.44
503.389	1817.44
503.606	1857.44
503.823	1857.44
504.04	1780.44
504.256	1763.44
504.473	1778.44
504.69	1798.44
504.907	1737.44
505.123	1672.44
505.34	1652.44
505.557	1603.44
505.773	1564.44
505.99	1577.44
506.207	1552.44
506.423	1536.44
506.64	1532.44
506.856	1489.44
507.073	1504.44
507.289	1457.44
507.506	1500.44
507.722	1488.44
507.939	1527.44
508.155	1484.44
508.372	1415.44
508.588	1424.44
508.805	1409.44
509.021	1386.44
509.238	1381.44
509.454	1400.44
509.67	1392.44
509.887	1409.44
510.103	1379.44
510.319	1415.44
510.536	1590.44
510.752	2870.44
510.968	2126.44
511.184	1414.44
511.401	1360.44
511.617	1362.44
511.833	1417.44
512.049	1442.44
512.265	1414.44
512.481	1410.44
512.698	1348.44
512.914	1382.44
513.13	1369.44
513.346	1361.44
513.562	1346.44
513.778	1338.44
513.994	1357.44
514.21	1386.44
514.426	1425.44
514.642	1495.44
514.858	1563.44
515.074	1631.44
515.29	1892.44
515.506	2796.44
515.721	2255.44
515.937	1626.44
516.153	1513.44
516.369	1481.44
516.585	1459.44
516.801	1445.44
517.016	1530.44
517.232	1563.44
517.448	1577.44
517.664	1631.44
517.879	1642.44
518.095	1601.44
518.311	1603.44
518.527	1562.44
518.742	1511.44
518.958	1464.44
519.173	1444.44
519.389	1476.44
519.605	1440.44
519.82	1406.44
520.036	1425.44
520.251	1454.44
520.467	1464.44
520.682	1449.44
520.898	1472.44
521.113	1501.44
521.329	1564.44
521.544	1731.44
521.76	2093.44
521.975	3606.44
522.19	3370.44
522.406	1869.44
522.621	1508.44
522.836	1417.44
523.052	1330.44
523.267	1306.44
523.482	1283.44
523.698	1254.44
523.913	1298.44
524.128	1275.44
524.343	1274.44
524.559	1238.44
524.774	1238.44
524.989	1220.44
525.204	1269.44
525.419	1230.44
525.634	1194.44
525.849	1162.44
526.064	1121.44
526.28	1144.44
526.495	1122.44
526.71	1110.44
526.925	1098.44
527.14	1099.44
527.355	1100.44
527.57	1127.44
527.785	1114.44
527.999	1100.44
528.214	1106.44
528.429	1123.44
528.644	1129.44
528.859	1196.44
529.074	1177.44
529.289	1261.44
529.503	1376.44
529.718	1308.44
529.933	1180.44
530.148	1150.44
530.363	1109.44
530.577	1076.44
530.792	1088.44
531.007	1089.44
531.221	1057.44
531.436	1085.44
531.651	1071.44
531.865	1096.44
532.08	1030.44
532.295	1049.44
532.509	1074.44
532.724	1069.44
532.938	1076.44
533.153	1094.44
533.367	1099.44
533.582	1099.44
533.796	1092.44
534.011	1085.44
534.225	1046.44
534.44	1036.44
534.654	1048.44
534.868	1023.44
535.083	1040.44
535.297	1069.44
535.511	1070.44
535.726	1078.44
535.94	1067.44
536.154	1044.44
536.369	1056.44
536.583	1006.44
536.797	1040.44
537.011	978.44
537.225	992.44
537.44	1005.44
537.654	1006.44
537.868	997.44
538.082	1002.44
538.296	976.44
538.51	990.44
538.724	1042.44
538.938	1064.44
539.153	1026.44
539.367	1066.44
539.581	1030.44
539.795	990.44
540.009	968.44
540.222	989.44
540.436	1034.44
540.65	1025.44
540.864	1057.44
541.078	1080.44
541.292	1119.44
541.506	1136.44
541.72	1149.44
541.934	1189.44
542.147	1194.44
542.361	1160.44
542.575	1107.44
542.789	1088.44
543.002	1051.44
543.216	1037.44
543.43	1054.44
543.644	1046.44
543.857	1082.44
544.071	1116.44
544.285	1137.44
544.498	1113.44
544.712	1102.44
544.925	1144.44
545.139	1159.44
545.352	1116.44
545.566	1143.44
545.779	1125.44
545.993	1120.44
546.206	1137.44
546.42	1140.44
546.633	1153.44
546.847	1135.44
547.06	1120.44
547.274	1153.44
547.487	1151.44
547.7	1164.44
547.914	1162.44
548.127	1125.44
548.34	1138.44
548.554	1162.44
548.767	1137.44
548.98	1152.44
549.193	1128.44
549.407	1124.44
549.62	1119.44
549.833	1144.44
550.046	1155.44
550.259	1129.44
550.473	1098.44
550.686	1106.44
550.899	1121.44
551.112	1094.44
551.325	1056.44
551.538	1025.44
551.751	966.44
551.964	1009.44
552.177	994.44
552.39	1076.44
552.603	1113.44
552.816	1132.44
553.029	1148.44
553.242	1158.44
553.455	1188.44
553.667	1181.44
553.88	1191.44
554.093	1140.44
554.306	1144.44
554.519	1107.44
554.732	1101.44
554.944	1049.44
555.157	1047.44
555.37	1060.44
555.583	1023.44
555.795	1041.44
556.008	973.44
556.221	955.44
556.433	985.44
556.646	951.44
556.859	958.44
557.071	949.44
557.284	956.44
557.496	961.44
557.709	951.44
557.921	930.44
558.134	959.44
558.346	915.44
558.559	918.44
558.771	930.44
558.984	917.44
559.196	893.44
559.409	890.44
559.621	897.44
559.833	885.44
560.046	897.44
560.258	886.44
560.47	888.44
560.683	896.44
560.895	884.44
561.107	896.44
561.32	876.44
561.532	900.44
561.744	866.44
561.956	868.44
562.168	881.44
562.381	886.44
562.593	842.44
562.805	851.44
563.017	866.44
563.229	870.44
563.441	866.44
563.653	874.44
563.865	880.44
564.077	881.44
564.289	866.44
564.501	881.44
564.713	901.44
564.925	915.44
565.137	917.44
565.349	884.44
565.561	918.44
565.773	957.44
565.985	981.44
566.197	1038.44
566.408	1067.44
566.62	1105.44
566.832	1179.44
567.044	1156.44
567.255	1152.44
567.467	1204.44
567.679	1244.44
567.891	1283.44
568.102	1305.44
568.314	1200.44
568.526	1108.44
568.737	1026.44
568.949	960.44
569.161	894.44
569.372	862.44
569.584	816.44
569.795	777.44
570.007	794.44
570.218	891.44
570.43	840.44
570.641	764.44
570.853	781.44
571.064	808.44
571.276	765.44
571.487	773.44
571.698	737.44
571.91	742.44
572.121	723.44
572.333	706.44
572.544	675.44
572.755	654.44
572.966	661.44
573.178	648.44
573.389	648.44
573.6	614.44
573.811	645.44
574.023	620.44
574.234	639.44
574.445	636.44
574.656	656.44
574.867	628.44
575.078	640.44
575.289	642.44
575.501	636.44
575.712	617.44
575.923	609.44
576.134	636.44
576.345	581.44
576.556	611.44
576.767	617.44
576.978	624.44
577.188	609.44
577.399	611.44
577.61	594.44
577.821	605.44
578.032	598.44
578.243	653.44
578.454	1032.44
578.665	742.44
578.875	586.44
579.086	582.44
579.297	568.44
579.508	546.44
579.718	552.44
579.929	557.44
580.14	547.44
580.35	546.44
580.561	527.44
580.772	540.44
580.982	562.44
581.193	562.44
581.403	550.44
581.614	564.44
581.825	578.44
582.035	522.44
582.246	549.44
582.456	535.44
582.667	563.44
582.877	528.44
583.087	539.44
583.298	544.44
583.508	524.44
583.719	530.44
583.929	510.44
584.139	495.44
584.35	536.44
584.56	532.44
584.77	518.44
584.981	518.44
585.191	526.44
585.401	514.44
585.611	501.44
585.821	508.44
586.032	514.44
586.242	517.44
586.452	486.44
586.662	501.44
586.872	502.44
587.082	491.44
587.292	480.44
587.502	512.44
587.713	493.44
587.923	488.44
588.133	488.44
588.343	491.44
588.553	512.44
588.762	510.44
588.972	499.44
589.182	515.44
589.392	513.44
589.602	528.44
589.812	513.44
590.022	515.44
590.232	510.44
590.441	496.44
590.651	505.44
590.861	504.44
591.071	501.44
591.281	500.44
591.49	508.44
591.7	538.44
591.91	523.44
592.119	536.44
592.329	522.44
592.539	525.44
592.748	538.44
592.958	545.44
593.167	565.44
593.377	570.44
593.587	579.44
593.796	580.44
594.006	555.44
594.215	596.44
594.424	615.44
594.634	595.44
594.843	577.44
595.053	570.44
595.262	549.44
595.472	505.44
595.681	507.44
595.89	491.44
596.1	473.44
596.309	498.44
596.518	502.44
596.727	485.44
596.937	482.44
597.146	498.44
597.355	488.44
597.564	469.44
597.774	453.44
597.983	466.44
598.192	460.44
598.401	453.44
598.61	454.44
598.819	460.44
599.028	462.44
599.237	462.44
599.446	447.44
599.655	424.44
599.864	452.44
600.073	446.44
600.282	456.44
600.491	461.44
600.7	446.44
600.909	445.44
601.118	444.44
601.327	459.44
601.536	458.44
601.745	479.44
601.953	479.44
602.162	485.44
602.371	454.44
602.58	480.44
602.789	500.44
602.997	460.44
603.206	468.44
603.415	472.44
603.623	472.44
603.832	482.44
604.041	467.44
604.249	428.44
604.458	429.44
604.666	427.44
604.875	433.44
605.084	446.44
605.292	444.44
605.501	455.44
605.709	480.44
605.918	458.44
606.126	452.44
606.334	474.44
606.543	473.44
606.751	469.44
606.96	476.44
607.168	461.44
607.376	462.44
607.585	467.44
607.793	460.44
608.001	478.44
608.21	460.44
608.418	457.44
608.626	476.44
608.834	455.44
609.043	474.44
609.251	475.44
609.459	480.44
609.667	448.44
609.875	485.44
610.083	474.44
610.291	474.44
610.499	475.44
610.707	451.44
610.916	473.44
611.124	475.44
611.332	459.44
611.54	453.44
611.748	465.44
611.955	454.44
612.163	447.44
612.371	461.44
612.579	463.44
612.787	473.44
612.995	462.44
613.203	453.44
613.411	457.44
613.618	457.44
613.826	451.44
614.034	461.44
614.242	436.44
614.449	437.44
614.657	471.44
614.865	441.44
615.072	454.44
615.28	443.44
615.488	452.44
615.695	444.44
615.903	449.44
616.111	454.44
616.318	457.44
616.526	446.44
616.733	436.44
616.941	449.44
617.148	446.44
617.356	439.44
617.563	427.44
617.771	430.44
617.978	423.44
618.185	451.44
618.393	420.44
618.6	424.44
618.807	436.44
619.015	435.44
619.222	436.44
619.429	399.44
619.637	407.44
619.844	398.44
620.051	415.44
620.258	417.44
620.466	406.44
620.673	408.44
620.88	396.44
621.087	400.44
621.294	410.44
621.501	387.44
621.708	388.44
621.915	418.44
622.122	404.44
622.329	413.44
622.536	400.44
622.743	410.44
622.95	372.44
623.157	388.44
623.364	408.44
623.571	399.44
623.778	389.44
623.985	395.44
624.192	381.44
624.399	376.44
624.606	366.44
624.812	368.44
625.019	394.44
625.226	385.44
625.433	382.44
625.639	364.44
625.846	346.44
626.053	330.44
626.259	337.44
626.466	316.44
626.673	349.44
626.879	322.44
627.086	344.44
627.293	356.44
627.499	362.44
627.706	370.44
627.912	369.44
628.119	361.44
628.325	390.44
628.532	375.44
628.738	356.44
628.945	353.44
629.151	355.44
629.357	335.44
629.564	339.44
629.77	343.44
629.976	353.44
630.183	320.44
630.389	328.44
630.595	341.44
630.802	345.44
631.008	330.44
631.214	342.44
631.42	331.44
631.627	330.44
631.833	329.44
632.039	320.44
632.245	341.44
632.451	325.44
632.657	325.44
632.863	334.44
633.069	325.44
633.275	316.44
633.481	322.44
633.688	290.44
633.893	313.44
634.099	313.44
634.305	310.44
634.511	293.44
634.717	306.44
634.923	308.44
635.129	304.44
635.335	290.44
635.541	320.44
635.747	313.44
635.952	322.44
636.158	353.44
636.364	444.44
636.57	522.44
636.775	422.44
636.981	408.44
637.187	376.44
637.392	360.44
637.598	324.44
637.804	330.44
638.009	342.44
638.215	324.44
638.421	324.44
638.626	335.44
638.832	316.44
639.037	307.44
639.243	287.44
639.448	291.44
639.654	305.44
639.859	293.44
640.065	300.44
640.27	306.44
640.475	305.44
640.681	289.44
640.886	274.44
641.091	283.44
641.297	293.44
641.502	303.44
641.707	302.44
641.913	270.44
642.118	300.44
642.323	283.44
642.528	282.44
642.733	291.44
642.939	300.44
643.144	272.44
643.349	275.44
643.554	278.44
643.759	283.44
643.964	285.44
644.169	286.44
644.374	273.44
644.579	268.44
644.784	280.44
644.989	270.44
645.194	266.44
645.399	284.44
645.604	278.44
645.809	280.44
646.014	264.44
646.219	276.44
646.423	278.44
646.628	279.44
646.833	272.44
647.038	273.44
647.243	253.44
647.447	289.44
647.652	280.44
647.857	277.44
648.062	280.44
648.266	284.44
648.471	284.44
648.676	287.44
648.88	292.44
649.085	285.44
649.289	290.44
649.494	284.44
649.698	306.44
649.903	272.44
650.107	285.44
650.312	254.44
650.516	273.44
650.721	255.44
650.925	249.44
651.13	249.44
651.334	265.44
651.539	249.44
651.743	247.44
651.947	237.44
652.152	211.44
652.356	235.44
652.56	207.44
652.764	242.44
652.969	218.44
653.173	201.44
653.377	207.44
653.581	212.44
653.785	211.44
653.99	218.44
654.194	212.44
654.398	206.44
654.602	202.44
654.806	194.44
655.01	220.44
655.214	195.44
655.418	193.44
655.622	190.44
655.826	205.44
656.03	199.44
656.234	194.44
656.438	190.44
656.642	207.44
656.846	185.44
657.049	184.44
657.253	165.44
657.457	174.44
657.661	162.44
657.865	157.44
658.068	158.44
658.272	134.44
658.476	132.44
658.68	142.44
658.883	124.44
659.087	137.44
659.291	108.44
659.494	129.44
659.698	126.44
659.901	129.44
660.105	116.44
660.309	117.44
660.512	115.44
660.716	112.44
660.919	112.44
661.123	99.44
661.326	112.44
661.53	95.44
661.733	90.44
661.936	101.44
662.14	104.44
662.343	88.44
662.546	84.44
662.75	94.44
662.953	93.44
663.156	96.44
663.36	88.44
663.563	83.44
663.766	75.44
663.969	74.44
664.173	63.44
664.376	85.44
664.579	89.44
664.782	88.44
664.985	84.44
665.188	92.44
665.391	85.44
665.594	92.44
665.797	84.44
666	80.44
666.203	73.44
666.406	85.44
666.609	89.44
666.812	79.44
667.015	70.44
667.218	74.44
667.421	79.44
667.624	85.44
667.827	77.44
668.03	73.44
668.232	84.44
668.435	104.44
668.638	65.44
668.841	88.44
669.043	78.44
669.246	80.44
669.449	78.44
669.651	70.44
669.854	95.44
670.057	80.44
670.259	73.44
670.462	77.44
670.665	68.44
670.867	83.44
671.07	80.44
671.272	84.44
671.475	82.44
671.677	87.44
671.88	73.44
672.082	81.44
672.284	81.44
672.487	97.44
672.689	83.44
672.892	75.44
