223.165 22.69
223.4 22.69
223.635 22.69
223.869 14.69
224.104 12.69
224.338 4.69
224.573 14.69
224.808 14.69
225.042 0.69
225.277 12.69
225.511 0.69
225.746 0.31
225.98 3.69
226.215 16.31
226.449 13.31
226.683 30.31
226.918 12.31
227.152 29.31
227.387 33.31
227.621 44.31
227.856 48.31
228.09 49.31
228.324 50.31
228.559 58.31
228.793 80.31
229.027 156.31
229.262 142.31
229.496 160.31
229.73 174.31
229.964 172.31
230.199 177.31
230.433 186.31
230.667 169.31
230.901 195.31
231.136 191.31
231.37 190.31
231.604 205.31
231.838 215.31
232.072 207.31
232.306 202.31
232.541 226.31
232.775 194.31
233.009 214.31
233.243 211.31
233.477 203.31
233.711 222.31
233.945 219.31
234.179 228.31
234.413 220.31
234.647 221.31
234.881 228.31
235.115 239.31
235.349 230.31
235.583 235.31
235.817 234.31
236.051 233.31
236.285 229.31
236.519 234.31
236.753 236.31
236.987 233.31
237.221 239.31
237.455 236.31
237.689 245.31
237.922 250.31
238.156 248.31
238.39 246.31
238.624 278.31
238.858 281.31
239.091 279.31
239.325 279.31
239.559 278.31
239.793 268.31
240.027 276.31
240.26 273.31
240.494 298.31
240.728 280.31
240.961 266.31
241.195 297.31
241.429 301.31
241.662 314.31
241.896 304.31
242.13 323.31
242.363 312.31
242.597 349.31
242.83 340.31
243.064 320.31
243.298 328.31
243.531 350.31
243.765 304.31
243.998 354.31
244.232 330.31
244.465 354.31
244.699 350.31
244.932 352.31
245.166 366.31
245.399 356.31
245.633 357.31
245.866 379.31
246.099 380.31
246.333 385.31
246.566 362.31
246.8 385.31
247.033 408.31
247.266 401.31
247.5 408.31
247.733 397.31
247.966 408.31
248.2 433.31
248.433 433.31
248.666 429.31
248.899 448.31
249.133 467.31
249.366 470.31
249.599 492.31
249.832 493.31
250.066 564.31
250.299 682.31
250.532 870.31
250.765 971.31
250.998 824.31
251.231 703.31
251.465 638.31
251.698 598.31
251.931 586.31
252.164 555.31
252.397 558.31
252.63 569.31
252.863 568.31
253.096 565.31
253.329 563.31
253.562 569.31
253.795 576.31
254.028 589.31
254.261 585.31
254.494 601.31
254.727 601.31
254.96 618.31
255.193 657.31
255.426 725.31
255.659 836.31
255.892 1091.31
256.124 1506.31
256.357 1622.31
256.59 1313.31
256.823 1063.31
257.056 892.31
257.289 858.31
257.521 785.31
257.754 770.31
257.987 733.31
258.22 713.31
258.452 726.31
258.685 712.31
258.918 677.31
259.151 654.31
259.383 668.31
259.616 701.31
259.849 657.31
260.081 644.31
260.314 666.31
260.547 666.31
260.779 675.31
261.012 682.31
261.244 684.31
261.477 684.31
261.71 677.31
261.942 643.31
262.175 672.31
262.407 659.31
262.64 650.31
262.872 648.31
263.105 641.31
263.337 646.31
263.57 673.31
263.802 671.31
264.035 666.31
264.267 690.31
264.499 664.31
264.732 678.31
264.964 659.31
265.197 666.31
265.429 694.31
265.661 701.31
265.894 716.31
266.126 693.31
266.358 725.31
266.591 697.31
266.823 725.31
267.055 675.31
267.287 737.31
267.52 711.31
267.752 705.31
267.984 720.31
268.216 707.31
268.448 731.31
268.681 747.31
268.913 729.31
269.145 718.31
269.377 735.31
269.609 757.31
269.841 733.31
270.073 753.31
270.306 734.31
270.538 774.31
270.77 784.31
271.002 752.31
271.234 779.31
271.466 781.31
271.698 793.31
271.93 792.31
272.162 783.31
272.394 784.31
272.626 803.31
272.858 836.31
273.09 851.31
273.322 829.31
273.553 832.31
273.785 842.31
274.017 860.31
274.249 858.31
274.481 888.31
274.713 911.31
274.945 904.31
275.176 910.31
275.408 925.31
275.64 954.31
275.872 972.31
276.104 1012.31
276.335 994.31
276.567 988.31
276.799 1024.31
277.031 1112.31
277.262 1219.31
277.494 1212.31
277.726 1130.31
277.957 1082.31
278.189 1048.31
278.421 1052.31
278.652 1037.31
278.884 1036.31
279.115 1012.31
279.347 1036.31
279.579 1076.31
279.81 1177.31
280.042 1263.31
280.273 1397.31
280.505 1385.31
280.736 1259.31
280.968 1153.31
281.199 1120.31
281.431 1088.31
281.662 1066.31
281.894 1038.31
282.125 1061.31
282.356 1027.31
282.588 1039.31
282.819 1011.31
283.051 1040.31
283.282 1010.31
283.513 1000.31
283.745 1040.31
283.976 1000.31
284.207 1021.31
284.439 1018.31
284.67 1019.31
284.901 1024.31
285.132 1045.31
285.364 1018.31
285.595 1054.31
285.826 1051.31
286.057 1069.31
286.288 1051.31
286.52 1053.31
286.751 1093.31
286.982 1061.31
287.213 1072.31
287.444 1060.31
287.675 1052.31
287.906 1066.31
288.138 1084.31
288.369 1072.31
288.6 1080.31
288.831 1071.31
289.062 1069.31
289.293 1099.31
289.524 1098.31
289.755 1086.31
289.986 1058.31
290.217 1062.31
290.448 1060.31
290.679 1084.31
290.91 1115.31
291.141 1093.31
291.371 1072.31
291.602 1082.31
291.833 1056.31
292.064 1058.31
292.295 1082.31
292.526 1089.31
292.757 1080.31
292.987 1086.31
293.218 1062.31
293.449 1065.31
293.68 1049.31
293.91 1100.31
294.141 1092.31
294.372 1065.31
294.603 1040.31
294.833 1074.31
295.064 1088.31
295.295 1099.31
295.525 1095.31
295.756 1108.31
295.987 1103.31
296.217 1109.31
296.448 1117.31
296.679 1120.31
296.909 1100.31
297.14 1127.31
297.37 1148.31
297.601 1160.31
297.831 1132.31
298.062 1127.31
298.292 1145.31
298.523 1160.31
298.753 1154.31
298.984 1100.31
299.214 1155.31
299.445 1161.31
299.675 1162.31
299.905 1184.31
300.136 1176.31
300.366 1174.31
300.597 1202.31
300.827 1220.31
301.057 1227.31
301.288 1184.31
301.518 1232.31
301.748 1254.31
301.979 1263.31
302.209 1257.31
302.439 1243.31
302.669 1248.31
302.9 1239.31
303.13 1227.31
303.36 1263.31
303.59 1290.31
303.82 1356.31
304.051 1323.31
304.281 1318.31
304.511 1286.31
304.741 1253.31
304.971 1254.31
305.201 1240.31
305.431 1237.31
305.661 1243.31
305.891 1239.31
306.121 1191.31
306.352 1281.31
306.582 1201.31
306.812 1286.31
307.042 1296.31
307.272 1401.31
307.502 1482.31
307.731 1492.31
307.961 1408.31
308.191 1316.31
308.421 1284.31
308.651 1251.31
308.881 1259.31
309.111 1254.31
309.341 1206.31
309.571 1196.31
309.8 1258.31
310.03 1272.31
310.26 1277.31
310.49 1261.31
310.72 1281.31
310.949 1282.31
311.179 1278.31
311.409 1270.31
311.639 1298.31
311.868 1308.31
312.098 1282.31
312.328 1320.31
312.557 1301.31
312.787 1308.31
313.017 1312.31
313.246 1343.31
313.476 1304.31
313.706 1359.31
313.935 1349.31
314.165 1357.31
314.394 1316.31
314.624 1361.31
314.853 1316.31
315.083 1312.31
315.312 1357.31
315.542 1344.31
315.771 1315.31
316.001 1347.31
316.23 1345.31
316.46 1337.31
316.689 1337.31
316.919 1321.31
317.148 1367.31
317.377 1356.31
317.607 1315.31
317.836 1334.31
318.065 1348.31
318.295 1401.31
318.524 1362.31
318.753 1362.31
318.983 1385.31
319.212 1378.31
319.441 1390.31
319.67 1347.31
319.9 1361.31
320.129 1376.31
320.358 1410.31
320.587 1400.31
320.816 1397.31
321.046 1406.31
321.275 1403.31
321.504 1433.31
321.733 1446.31
321.962 1444.31
322.191 1461.31
322.42 1445.31
322.649 1487.31
322.878 1518.31
323.108 1474.31
323.337 1521.31
323.566 1566.31
323.795 1588.31
324.024 1591.31
324.253 1597.31
324.482 1620.31
324.71 1615.31
324.939 1613.31
325.168 1684.31
325.397 1666.31
325.626 1699.31
325.855 1790.31
326.084 1789.31
326.313 1859.31
326.542 1833.31
326.77 1888.31
326.999 1933.31
327.228 1987.31
327.457 2136.31
327.686 2433.31
327.914 2840.31
328.143 3585.31
328.372 4276.31
328.6 3880.31
328.829 2942.31
329.058 2623.31
329.287 2682.31
329.515 2949.31
329.744 3389.31
329.972 4548.31
330.201 6124.31
330.43 7349.31
330.658 6016.31
330.887 3832.31
331.115 2928.31
331.344 2663.31
331.572 2491.31
331.801 2474.31
332.03 2421.31
332.258 2375.31
332.486 2468.31
332.715 2575.31
332.943 2651.31
333.172 2853.31
333.4 3068.31
333.629 3441.31
333.857 4016.31
334.085 5065.31
334.314 6900.31
334.542 9011.31
334.771 9504.31
334.999 6356.31
335.227 4115.31
335.455 3301.31
335.684 2856.31
335.912 2628.31
336.14 2408.31
336.369 2318.31
336.597 2218.31
336.825 2142.31
337.053 2092.31
337.281 2012.31
337.51 1978.31
337.738 1945.31
337.966 1912.31
338.194 1825.31
338.422 1814.31
338.65 1770.31
338.878 1823.31
339.106 1751.31
339.334 1712.31
339.562 1715.31
339.79 1642.31
340.018 1630.31
340.246 1603.31
340.474 1586.31
340.702 1602.31
340.93 1591.31
341.158 1567.31
341.386 1601.31
341.614 1593.31
341.842 1559.31
342.07 1562.31
342.298 1552.31
342.526 1569.31
342.754 1545.31
342.981 1533.31
343.209 1560.31
343.437 1604.31
343.665 1696.31
343.893 1783.31
344.12 1840.31
344.348 1770.31
344.576 1663.31
344.804 1644.31
345.031 1554.31
345.259 1514.31
345.487 1535.31
345.714 1497.31
345.942 1500.31
346.17 1481.31
346.397 1491.31
346.625 1465.31
346.853 1436.31
347.08 1414.31
347.308 1466.31
347.535 1424.31
347.763 1418.31
347.99 1459.31
348.218 1442.31
348.445 1413.31
348.673 1438.31
348.9 1420.31
349.128 1386.31
349.355 1419.31
349.583 1432.31
349.81 1420.31
350.037 1392.31
350.265 1429.31
350.492 1405.31
350.72 1391.31
350.947 1391.31
351.174 1388.31
351.402 1361.31
351.629 1390.31
351.856 1368.31
352.083 1388.31
352.311 1383.31
352.538 1368.31
352.765 1394.31
352.992 1388.31
353.22 1366.31
353.447 1373.31
353.674 1381.31
353.901 1390.31
354.128 1378.31
354.355 1378.31
354.583 1366.31
354.81 1405.31
355.037 1336.31
355.264 1363.31
355.491 1362.31
355.718 1377.31
355.945 1355.31
356.172 1393.31
356.399 1362.31
356.626 1382.31
356.853 1386.31
357.08 1369.31
357.307 1363.31
357.534 1346.31
357.761 1354.31
357.988 1379.31
358.215 1350.31
358.441 1325.31
358.668 1338.31
358.895 1342.31
359.122 1347.31
359.349 1389.31
359.576 1342.31
359.802 1357.31
360.029 1362.31
360.256 1352.31
360.483 1361.31
360.709 1311.31
360.936 1340.31
361.163 1368.31
361.39 1349.31
361.616 1322.31
361.843 1352.31
362.07 1341.31
362.296 1343.31
362.523 1311.31
362.749 1366.31
362.976 1343.31
363.203 1368.31
363.429 1352.31
363.656 1315.31
363.882 1306.31
364.109 1312.31
364.335 1342.31
364.562 1327.31
364.788 1304.31
365.015 1344.31
365.241 1330.31
365.468 1357.31
365.694 1353.31
365.92 1321.31
366.147 1318.31
366.373 1320.31
366.599 1318.31
366.826 1333.31
367.052 1328.31
367.278 1346.31
367.505 1328.31
367.731 1345.31
367.957 1342.31
368.184 1344.31
368.41 1361.31
368.636 1346.31
368.862 1368.31
369.089 1341.31
369.315 1354.31
369.541 1336.31
369.767 1352.31
369.993 1376.31
370.219 1356.31
370.445 1368.31
370.672 1406.31
370.898 1382.31
371.124 1410.31
371.35 1405.31
371.576 1432.31
371.802 1402.31
372.028 1386.31
372.254 1412.31
372.48 1424.31
372.706 1416.31
372.932 1452.31
373.158 1431.31
373.384 1383.31
373.61 1426.31
373.835 1418.31
374.061 1417.31
374.287 1430.31
374.513 1432.31
374.739 1481.31
374.965 1509.31
375.191 1508.31
375.416 1536.31
375.642 1447.31
375.868 1445.31
376.094 1414.31
376.319 1440.31
376.545 1420.31
376.771 1395.31
376.997 1402.31
377.222 1395.31
377.448 1389.31
377.674 1408.31
377.899 1378.31
378.125 1365.31
378.35 1364.31
378.576 1373.31
378.802 1361.31
379.027 1368.31
379.253 1364.31
379.478 1360.31
379.704 1384.31
379.929 1377.31
380.155 1364.31
380.38 1380.31
380.606 1396.31
380.831 1400.31
381.057 1392.31
381.282 1373.31
381.507 1407.31
381.733 1409.31
381.958 1426.31
382.184 1434.31
382.409 1438.31
382.634 1446.31
382.86 1446.31
383.085 1474.31
383.31 1473.31
383.535 1492.31
383.761 1505.31
383.986 1571.31
384.211 1561.31
384.436 1606.31
384.662 1600.31
384.887 1636.31
385.112 1596.31
385.337 1628.31
385.562 1660.31
385.787 1635.31
386.013 1675.31
386.238 1628.31
386.463 1652.31
386.688 1684.31
386.913 1637.31
387.138 1597.31
387.363 1637.31
387.588 1618.31
387.813 1593.31
388.038 1624.31
388.263 1609.31
388.488 1627.31
388.713 1634.31
388.938 1579.31
389.163 1594.31
389.387 1603.31
389.612 1580.31
389.837 1586.31
390.062 1624.31
390.287 1582.31
390.512 1588.31
390.736 1626.31
390.961 1676.31
391.186 1673.31
391.411 1692.31
391.636 1737.31
391.86 1791.31
392.085 1798.31
392.31 1800.31
392.534 1765.31
392.759 1722.31
392.984 1701.31
393.208 1675.31
393.433 1669.31
393.658 1675.31
393.882 1676.31
394.107 1674.31
394.331 1681.31
394.556 1704.31
394.78 1672.31
395.005 1720.31
395.229 1722.31
395.454 1750.31
395.678 1794.31
395.903 1803.31
396.127 1805.31
396.352 1738.31
396.576 1686.31
396.801 1682.31
397.025 1733.31
397.249 1734.31
397.474 1789.31
397.698 1803.31
397.922 1836.31
398.147 1803.31
398.371 1836.31
398.595 1921.31
398.82 1966.31
399.044 2095.31
399.268 2280.31
399.492 2586.31
399.717 2812.31
399.941 2749.31
400.165 2543.31
400.389 2380.31
400.613 2200.31
400.837 2068.31
401.062 2034.31
401.286 2009.31
401.51 1996.31
401.734 1987.31
401.958 2026.31
402.182 2040.31
402.406 2026.31
402.63 2086.31
402.854 2122.31
403.078 2163.31
403.302 2189.31
403.526 2222.31
403.75 2219.31
403.974 2294.31
404.198 2302.31
404.422 2336.31
404.645 2370.31
404.869 2399.31
405.093 2527.31
405.317 2673.31
405.541 2652.31
405.765 2537.31
405.988 2361.31
406.212 2356.31
406.436 2286.31
406.66 2278.31
406.883 2298.31
407.107 2389.31
407.331 2378.31
407.555 2485.31
407.778 2460.31
408.002 2387.31
408.226 2358.31
408.449 2353.31
408.673 2273.31
408.896 2213.31
409.12 2195.31
409.344 2217.31
409.567 2120.31
409.791 2156.31
410.014 2129.31
410.238 2155.31
410.461 2149.31
410.685 2141.31
410.908 2126.31
411.132 2114.31
411.355 2072.31
411.578 2117.31
411.802 2162.31
412.025 2171.31
412.249 2303.31
412.472 2421.31
412.695 2570.31
412.919 2527.31
413.142 2391.31
413.365 2276.31
413.589 2253.31
413.812 2134.31
414.035 2142.31
414.258 2101.31
414.482 2083.31
414.705 2091.31
414.928 2074.31
415.151 2075.31
415.374 2022.31
415.597 2036.31
415.821 1992.31
416.044 2013.31
416.267 1987.31
416.49 1958.31
416.713 1965.31
416.936 2003.31
417.159 1984.31
417.382 2029.31
417.605 2152.31
417.828 2129.31
418.051 2084.31
418.274 2011.31
418.497 1995.31
418.72 2031.31
418.943 2051.31
419.166 2154.31
419.389 2262.31
419.611 2308.31
419.834 2300.31
420.057 2302.31
420.28 2433.31
420.503 2389.31
420.726 2278.31
420.948 2230.31
421.171 2184.31
421.394 2113.31
421.617 2054.31
421.839 2059.31
422.062 2073.31
422.285 2008.31
422.507 2028.31
422.73 2050.31
422.953 2020.31
423.175 1989.31
423.398 2073.31
423.621 2044.31
423.843 2055.31
424.066 2075.31
424.288 2042.31
424.511 1980.31
424.733 1984.31
424.956 1968.31
425.178 1992.31
425.401 2004.31
425.623 1963.31
425.846 1935.31
426.068 1918.31
426.291 1886.31
426.513 1885.31
426.735 1873.31
426.958 1949.31
427.18 1901.31
427.402 1956.31
427.625 2094.31
427.847 2203.31
428.069 2353.31
428.292 2228.31
428.514 2037.31
428.736 1918.31
428.958 1872.31
429.181 1840.31
429.403 1816.31
429.625 1787.31
429.847 1759.31
430.069 1741.31
430.292 1699.31
430.514 1765.31
430.736 1716.31
430.958 1723.31
431.18 1746.31
431.402 1709.31
431.624 1675.31
431.846 1697.31
432.068 1709.31
432.29 1713.31
432.512 1681.31
432.734 1693.31
432.956 1718.31
433.178 1707.31
433.4 1718.31
433.622 1735.31
433.844 1744.31
434.066 1730.31
434.287 1736.31
434.509 1834.31
434.731 1851.31
434.953 1876.31
435.175 1868.31
435.397 1906.31
435.618 1791.31
435.84 1771.31
436.062 1740.31
436.284 1698.31
436.505 1691.31
436.727 1693.31
436.949 1713.31
437.17 1684.31
437.392 1682.31
437.614 1666.31
437.835 1646.31
438.057 1621.31
438.278 1608.31
438.5 1575.31
438.721 1601.31
438.943 1657.31
439.165 1620.31
439.386 1644.31
439.608 1678.31
439.829 1679.31
440.05 1664.31
440.272 1679.31
440.493 1720.31
440.715 1690.31
440.936 1723.31
441.158 1757.31
441.379 1778.31
441.6 1816.31
441.822 1853.31
442.043 1889.31
442.264 1817.31
442.486 1810.31
442.707 1842.31
442.928 1841.31
443.149 1842.31
443.371 1835.31
443.592 1857.31
443.813 1847.31
444.034 1873.31
444.255 1932.31
444.476 2004.31
444.698 2122.31
444.919 2210.31
445.14 2246.31
445.361 2062.31
445.582 1930.31
445.803 1843.31
446.024 1782.31
446.245 1789.31
446.466 1756.31
446.687 1689.31
446.908 1722.31
447.129 1594.31
447.35 1611.31
447.571 1618.31
447.792 1591.31
448.013 1588.31
448.234 1547.31
448.455 1587.31
448.675 1543.31
448.896 1564.31
449.117 1553.31
449.338 1560.31
449.559 1536.31
449.779 1513.31
450 1497.31
450.221 1526.31
450.442 1529.31
450.662 1517.31
450.883 1548.31
451.104 1539.31
451.324 1523.31
451.545 1521.31
451.766 1532.31
451.986 1551.31
452.207 1534.31
452.428 1509.31
452.648 1498.31
452.869 1492.31
453.089 1484.31
453.31 1492.31
453.53 1471.31
453.751 1460.31
453.971 1438.31
454.192 1464.31
454.412 1404.31
454.633 1434.31
454.853 1441.31
455.073 1448.31
455.294 1439.31
455.514 1461.31
455.734 1397.31
455.955 1434.31
456.175 1444.31
456.395 1440.31
456.616 1448.31
456.836 1442.31
457.056 1454.31
457.276 1437.31
457.497 1474.31
457.717 1471.31
457.937 1500.31
458.157 1501.31
458.377 1510.31
458.598 1528.31
458.818 1570.31
459.038 1590.31
459.258 1617.31
459.478 1699.31
459.698 1706.31
459.918 1727.31
460.138 1829.31
460.358 1878.31
460.578 1907.31
460.798 1940.31
461.018 1983.31
461.238 1907.31
461.458 1898.31
461.678 1951.31
461.898 1944.31
462.118 1969.31
462.338 2068.31
462.558 2118.31
462.777 2192.31
462.997 2344.31
463.217 2494.31
463.437 2470.31
463.657 2301.31
463.876 2232.31
464.096 2182.31
464.316 2170.31
464.536 2227.31
464.755 2123.31
464.975 2099.31
465.195 1987.31
465.414 1915.31
465.634 1803.31
465.854 1797.31
466.073 1764.31
466.293 1761.31
466.512 1714.31
466.732 1685.31
466.951 1682.31
467.171 1729.31
467.391 1750.31
467.61 1811.31
467.829 1994.31
468.049 2718.31
468.268 3960.31
468.488 2965.31
468.707 2245.31
468.927 2021.31
469.146 1902.31
469.365 1864.31
469.585 1795.31
469.804 1764.31
470.023 1802.31
470.243 1818.31
470.462 1820.31
470.681 1851.31
470.901 1861.31
471.12 1885.31
471.339 1893.31
471.558 1925.31
471.777 2053.31
471.997 2454.31
472.216 3794.31
472.435 7108.31
472.654 5446.31
472.873 3518.31
473.092 2825.31
473.311 2437.31
473.53 2264.31
473.749 2103.31
473.968 2025.31
474.187 1964.31
474.406 1928.31
474.625 1840.31
474.844 1828.31
475.063 1787.31
475.282 1811.31
475.501 1811.31
475.72 1809.31
475.939 1818.31
476.158 1806.31
476.377 1872.31
476.596 1826.31
476.814 1823.31
477.033 1863.31
477.252 1861.31
477.471 1884.31
477.69 1956.31
477.908 1926.31
478.127 2008.31
478.346 2014.31
478.564 2099.31
478.783 2113.31
479.002 2186.31
479.22 2171.31
479.439 2185.31
479.658 2232.31
479.876 2307.31
480.095 2330.31
480.313 2526.31
480.532 2756.31
480.751 3216.31
480.969 4492.31
481.188 9269.31
481.406 11249.31
481.624 6299.31
481.843 4566.31
482.061 3717.31
482.28 3218.31
482.498 2965.31
482.717 2704.31
482.935 2560.31
483.153 2520.31
483.372 2365.31
483.59 2368.31
483.808 2306.31
484.027 2272.31
484.245 2300.31
484.463 2232.31
484.681 2290.31
484.9 2211.31
485.118 2224.31
485.336 2170.31
485.554 2208.31
485.772 2220.31
485.99 2289.31
486.209 2208.31
486.427 2164.31
486.645 2191.31
486.863 2223.31
487.081 2206.31
487.299 2212.31
487.517 2229.31
487.735 2202.31
487.953 2213.31
488.171 2202.31
488.389 2222.31
488.607 2195.31
488.825 2184.31
489.043 2216.31
489.261 2256.31
489.479 2286.31
489.696 2287.31
489.914 2350.31
490.132 2372.31
490.35 2406.31
490.568 2450.31
490.786 2527.31
491.003 2559.31
491.221 2726.31
491.439 2787.31
491.657 2859.31
491.874 2886.31
492.092 2926.31
492.31 2891.31
492.527 2994.31
492.745 3133.31
492.963 3109.31
493.18 3084.31
493.398 2982.31
493.615 3030.31
493.833 2918.31
494.05 2860.31
494.268 2857.31
494.485 2737.31
494.703 2725.31
494.92 2691.31
495.138 2692.31
495.355 2622.31
495.573 2679.31
495.79 2569.31
496.008 2544.31
496.225 2516.31
496.442 2581.31
496.66 2561.31
496.877 2569.31
497.094 2529.31
497.312 2547.31
497.529 2640.31
497.746 2592.31
497.963 2649.31
498.181 2761.31
498.398 2802.31
498.615 2956.31
498.832 3089.31
499.049 3193.31
499.267 3384.31
499.484 3689.31
499.701 3878.31
499.918 4188.31
500.135 4683.31
500.352 5093.31
500.569 5276.31
500.786 5381.31
501.003 5114.31
501.22 4524.31
501.437 4141.31
501.654 3820.31
501.871 3518.31
502.088 3309.31
502.305 3100.31
502.522 2984.31
502.739 2835.31
502.956 2714.31
503.172 2615.31
503.389 2502.31
503.606 2467.31
503.823 2458.31
504.04 2417.31
504.256 2445.31
504.473 2506.31
504.69 2481.31
504.907 2430.31
505.123 2338.31
505.34 2226.31
505.557 2188.31
505.773 2108.31
505.99 2046.31
506.207 2037.31
506.423 1994.31
506.64 2030.31
506.856 1964.31
507.073 1963.31
507.289 1954.31
507.506 1961.31
507.722 1920.31
507.939 1891.31
508.155 1892.31
508.372 1861.31
508.588 1831.31
508.805 1835.31
509.021 1837.31
509.238 1829.31
509.454 1811.31
509.67 1826.31
509.887 1764.31
510.103 1764.31
510.319 1788.31
510.536 1809.31
510.752 1767.31
510.968 1811.31
511.184 1818.31
511.401 1874.31
511.617 1930.31
511.833 2171.31
512.049 2238.31
512.265 2155.31
512.481 2040.31
512.698 1950.31
512.914 1890.31
513.13 1884.31
513.346 1861.31
513.562 1858.31
513.778 1839.31
513.994 1804.31
514.21 1812.31
514.426 1773.31
514.642 1797.31
514.858 1812.31
515.074 1777.31
515.29 1788.31
515.506 1858.31
515.721 1859.31
515.937 1849.31
516.153 1888.31
516.369 1903.31
516.585 1934.31
516.801 1970.31
517.016 2084.31
517.232 2135.31
517.448 2197.31
517.664 2252.31
517.879 2233.31
518.095 2260.31
518.311 2232.31
518.527 2177.31
518.742 2129.31
518.958 2057.31
519.173 1946.31
519.389 1885.31
519.605 1860.31
519.82 1850.31
520.036 1828.31
520.251 1764.31
520.467 1717.31
520.682 1744.31
520.898 1692.31
521.113 1694.31
521.329 1669.31
521.544 1682.31
521.76 1667.31
521.975 1659.31
522.19 1650.31
522.406 1611.31
522.621 1619.31
522.836 1641.31
523.052 1631.31
523.267 1630.31
523.482 1569.31
523.698 1553.31
523.913 1552.31
524.128 1567.31
524.343 1565.31
524.559 1591.31
524.774 1562.31
524.989 1569.31
525.204 1547.31
525.419 1556.31
525.634 1533.31
525.849 1528.31
526.064 1508.31
526.28 1549.31
526.495 1506.31
526.71 1547.31
526.925 1512.31
527.14 1537.31
527.355 1523.31
527.57 1529.31
527.785 1544.31
527.999 1521.31
528.214 1539.31
528.429 1522.31
528.644 1550.31
528.859 1540.31
529.074 1514.31
529.289 1543.31
529.503 1525.31
529.718 1526.31
529.933 1540.31
530.148 1521.31
530.363 1524.31
530.577 1517.31
530.792 1515.31
531.007 1508.31
531.221 1513.31
531.436 1517.31
531.651 1517.31
531.865 1527.31
532.08 1522.31
532.295 1530.31
532.509 1515.31
532.724 1516.31
532.938 1550.31
533.153 1513.31
533.367 1566.31
533.582 1504.31
533.796 1491.31
534.011 1564.31
534.225 1507.31
534.44 1505.31
534.654 1500.31
534.868 1465.31
535.083 1466.31
535.297 1499.31
535.511 1507.31
535.726 1461.31
535.94 1481.31
536.154 1469.31
536.369 1436.31
536.583 1444.31
536.797 1415.31
537.011 1424.31
537.225 1416.31
537.44 1435.31
537.654 1429.31
537.868 1404.31
538.082 1405.31
538.296 1387.31
538.51 1388.31
538.724 1424.31
538.938 1408.31
539.153 1388.31
539.367 1395.31
539.581 1405.31
539.795 1395.31
540.009 1376.31
540.222 1363.31
540.436 1369.31
540.65 1363.31
540.864 1418.31
541.078 1400.31
541.292 1392.31
541.506 1396.31
541.72 1392.31
541.934 1391.31
542.147 1403.31
542.361 1385.31
542.575 1378.31
542.789 1415.31
543.002 1388.31
543.216 1397.31
543.43 1366.31
543.644 1387.31
543.857 1404.31
544.071 1377.31
544.285 1379.31
544.498 1405.31
544.712 1386.31
544.925 1435.31
545.139 1427.31
545.352 1421.31
545.566 1428.31
545.779 1424.31
545.993 1419.31
546.206 1436.31
546.42 1453.31
546.633 1408.31
546.847 1416.31
547.06 1412.31
547.274 1375.31
547.487 1414.31
547.7 1431.31
547.914 1428.31
548.127 1411.31
548.34 1428.31
548.554 1427.31
548.767 1416.31
548.98 1425.31
549.193 1441.31
549.407 1444.31
549.62 1485.31
549.833 1452.31
550.046 1402.31
550.259 1425.31
550.473 1416.31
550.686 1372.31
550.899 1393.31
551.112 1402.31
551.325 1406.31
551.538 1422.31
551.751 1351.31
551.964 1375.31
552.177 1432.31
552.39 1472.31
552.603 1470.31
552.816 1488.31
553.029 1475.31
553.242 1532.31
553.455 1531.31
553.667 1532.31
553.88 1537.31
554.093 1473.31
554.306 1495.31
554.519 1472.31
554.732 1429.31
554.944 1376.31
555.157 1396.31
555.37 1386.31
555.583 1340.31
555.795 1330.31
556.008 1281.31
556.221 1263.31
556.433 1238.31
556.646 1224.31
556.859 1238.31
557.071 1243.31
557.284 1218.31
557.496 1214.31
557.709 1208.31
557.921 1220.31
558.134 1171.31
558.346 1178.31
558.559 1168.31
558.771 1207.31
558.984 1196.31
559.196 1186.31
559.409 1163.31
559.621 1172.31
559.833 1215.31
560.046 1191.31
560.258 1205.31
560.47 1268.31
560.683 1224.31
560.895 1200.31
561.107 1180.31
561.32 1150.31
561.532 1179.31
561.744 1177.31
561.956 1193.31
562.168 1166.31
562.381 1158.31
562.593 1149.31
562.805 1174.31
563.017 1181.31
563.229 1198.31
563.441 1174.31
563.653 1171.31
563.865 1213.31
564.077 1194.31
564.289 1215.31
564.501 1221.31
564.713 1258.31
564.925 1244.31
565.137 1293.31
565.349 1339.31
565.561 1315.31
565.773 1363.31
565.985 1429.31
566.197 1537.31
566.408 1643.31
566.62 1717.31
566.832 1776.31
567.044 1810.31
567.255 1806.31
567.467 1898.31
567.679 1927.31
567.891 2036.31
568.102 2074.31
568.314 1946.31
568.526 1771.31
568.737 1675.31
568.949 1504.31
569.161 1436.31
569.372 1374.31
569.584 1314.31
569.795 1244.31
570.007 1224.31
570.218 1216.31
570.43 1181.31
570.641 1180.31
570.853 1185.31
571.064 1184.31
571.276 1208.31
571.487 1188.31
571.698 1124.31
571.91 1105.31
572.121 1086.31
572.333 1082.31
572.544 1036.31
572.755 1022.31
572.966 995.31
573.178 1000.31
573.389 967.31
573.6 1005.31
573.811 988.31
574.023 956.31
574.234 979.31
574.445 979.31
574.656 949.31
574.867 984.31
575.078 984.31
575.289 978.31
575.501 946.31
575.712 959.31
575.923 922.31
576.134 927.31
576.345 922.31
576.556 936.31
576.767 939.31
576.978 918.31
577.188 916.31
577.399 939.31
577.61 912.31
577.821 930.31
578.032 895.31
578.243 866.31
578.454 870.31
578.665 879.31
578.875 880.31
579.086 877.31
579.297 868.31
579.508 880.31
579.718 859.31
579.929 878.31
580.14 866.31
580.35 881.31
580.561 874.31
580.772 829.31
580.982 853.31
581.193 847.31
581.403 849.31
581.614 850.31
581.825 816.31
582.035 821.31
582.246 850.31
582.456 853.31
582.667 841.31
582.877 862.31
583.087 807.31
583.298 819.31
583.508 807.31
583.719 828.31
583.929 821.31
584.139 825.31
584.35 822.31
584.56 829.31
584.77 793.31
584.981 821.31
585.191 819.31
585.401 824.31
585.611 808.31
585.821 796.31
586.032 818.31
586.242 798.31
586.452 832.31
586.662 803.31
586.872 785.31
587.082 780.31
587.292 778.31
587.502 798.31
587.713 816.31
587.923 784.31
588.133 805.31
588.343 810.31
588.553 815.31
588.762 824.31
588.972 824.31
589.182 795.31
589.392 829.31
589.602 873.31
589.812 880.31
590.022 876.31
590.232 818.31
590.441 816.31
590.651 825.31
590.861 827.31
591.071 834.31
591.281 849.31
591.49 844.31
591.7 857.31
591.91 866.31
592.119 833.31
592.329 885.31
592.539 928.31
592.748 928.31
592.958 951.31
593.167 977.31
593.377 985.31
593.587 1009.31
593.796 976.31
594.006 1020.31
594.215 995.31
594.424 980.31
594.634 988.31
594.843 942.31
595.053 900.31
595.262 909.31
595.472 904.31
595.681 835.31
595.89 827.31
596.1 814.31
596.309 805.31
596.518 768.31
596.727 777.31
596.937 784.31
597.146 762.31
597.355 749.31
597.564 738.31
597.774 726.31
597.983 715.31
598.192 705.31
598.401 730.31
598.61 693.31
598.819 734.31
599.028 697.31
599.237 722.31
599.446 696.31
599.655 695.31
599.864 716.31
600.073 668.31
600.282 719.31
600.491 695.31
600.7 689.31
600.909 699.31
601.118 690.31
601.327 670.31
601.536 699.31
601.745 706.31
601.953 680.31
602.162 692.31
602.371 681.31
602.58 690.31
602.789 691.31
602.997 690.31
603.206 667.31
603.415 699.31
603.623 676.31
603.832 670.31
604.041 673.31
604.249 673.31
604.458 674.31
604.666 673.31
604.875 629.31
605.084 638.31
605.292 664.31
605.501 658.31
605.709 673.31
605.918 673.31
606.126 659.31
606.334 648.31
606.543 641.31
606.751 656.31
606.96 649.31
607.168 642.31
607.376 658.31
607.585 626.31
607.793 676.31
608.001 668.31
608.21 656.31
608.418 648.31
608.626 644.31
608.834 634.31
609.043 637.31
609.251 645.31
609.459 645.31
609.667 673.31
609.875 650.31
610.083 644.31
610.291 654.31
610.499 673.31
610.707 680.31
610.916 657.31
611.124 668.31
611.332 667.31
611.54 671.31
611.748 678.31
611.955 664.31
612.163 645.31
612.371 633.31
612.579 633.31
612.787 641.31
612.995 637.31
613.203 638.31
613.411 616.31
613.618 637.31
613.826 620.31
614.034 608.31
614.242 626.31
614.449 630.31
614.657 625.31
614.865 610.31
615.072 612.31
615.28 632.31
615.488 625.31
615.695 624.31
615.903 602.31
616.111 589.31
616.318 597.31
616.526 595.31
616.733 628.31
616.941 603.31
617.148 575.31
617.356 600.31
617.563 593.31
617.771 588.31
617.978 587.31
618.185 596.31
618.393 601.31
618.6 616.31
618.807 588.31
619.015 579.31
619.222 584.31
619.429 572.31
619.637 585.31
619.844 560.31
620.051 574.31
620.258 552.31
620.466 559.31
620.673 553.31
620.88 529.31
621.087 549.31
621.294 560.31
621.501 540.31
621.708 556.31
621.915 528.31
622.122 534.31
622.329 530.31
622.536 538.31
622.743 514.31
622.95 542.31
623.157 510.31
623.364 513.31
623.571 516.31
623.778 538.31
623.985 522.31
624.192 520.31
624.399 522.31
624.606 505.31
624.812 508.31
625.019 505.31
625.226 518.31
625.433 495.31
625.639 507.31
625.846 482.31
626.053 467.31
626.259 494.31
626.466 499.31
626.673 466.31
626.879 497.31
627.086 491.31
627.293 484.31
627.499 480.31
627.706 469.31
627.912 476.31
628.119 502.31
628.325 494.31
628.532 467.31
628.738 484.31
628.945 474.31
629.151 477.31
629.357 467.31
629.564 479.31
629.77 475.31
629.976 460.31
630.183 450.31
630.389 426.31
630.595 468.31
630.802 447.31
631.008 457.31
631.214 472.31
631.42 467.31
631.627 454.31
631.833 452.31
632.039 445.31
632.245 456.31
632.451 457.31
632.657 446.31
632.863 446.31
633.069 440.31
633.275 461.31
633.481 470.31
633.688 461.31
633.893 449.31
634.099 434.31
634.305 460.31
634.511 442.31
634.717 474.31
634.923 464.31
635.129 472.31
635.335 470.31
635.541 509.31
635.747 506.31
635.952 577.31
636.158 623.31
636.364 985.31
636.57 1250.31
636.775 909.31
636.981 747.31
637.187 648.31
637.392 604.31
637.598 574.31
637.804 515.31
638.009 532.31
638.215 501.31
638.421 482.31
638.626 492.31
638.832 474.31
639.037 435.31
639.243 444.31
639.448 444.31
639.654 441.31
639.859 423.31
640.065 421.31
640.27 412.31
640.475 420.31
640.681 397.31
640.886 398.31
641.091 381.31
641.297 408.31
641.502 404.31
641.707 400.31
641.913 389.31
642.118 404.31
642.323 390.31
642.528 405.31
642.733 373.31
642.939 376.31
643.144 375.31
643.349 396.31
643.554 377.31
643.759 388.31
643.964 375.31
644.169 364.31
644.374 385.31
644.579 366.31
644.784 361.31
644.989 339.31
645.194 346.31
645.399 377.31
645.604 360.31
645.809 367.31
646.014 381.31
646.219 370.31
646.423 376.31
646.628 377.31
646.833 376.31
647.038 369.31
647.243 388.31
647.447 357.31
647.652 363.31
647.857 385.31
648.062 380.31
648.266 380.31
648.471 397.31
648.676 377.31
648.88 387.31
649.085 365.31
649.289 371.31
649.494 372.31
649.698 358.31
649.903 340.31
650.107 333.31
650.312 333.31
650.516 346.31
650.721 335.31
650.925 344.31
651.13 324.31
651.334 329.31
651.539 323.31
651.743 305.31
651.947 292.31
652.152 309.31
652.356 297.31
652.56 298.31
652.764 272.31
652.969 280.31
653.173 292.31
653.377 293.31
653.581 280.31
653.785 261.31
653.99 257.31
654.194 270.31
654.398 271.31
654.602 256.31
654.806 277.31
655.01 251.31
655.214 251.31
655.418 256.31
655.622 262.31
655.826 257.31
656.03 277.31
656.234 269.31
656.438 265.31
656.642 284.31
656.846 278.31
657.049 243.31
657.253 218.31
657.457 224.31
657.661 205.31
657.865 188.31
658.068 186.31
658.272 182.31
658.476 166.31
658.68 177.31
658.883 154.31
659.087 152.31
659.291 150.31
659.494 152.31
659.698 146.31
659.901 139.31
660.105 153.31
660.309 132.31
660.512 138.31
660.716 144.31
660.919 111.31
661.123 122.31
661.326 123.31
661.53 120.31
661.733 104.31
661.936 115.31
662.14 93.31
662.343 96.31
662.546 107.31
662.75 109.31
662.953 97.31
663.156 84.31
663.36 98.31
663.563 93.31
663.766 89.31
663.969 97.31
664.173 85.31
664.376 91.31
664.579 95.31
664.782 91.31
664.985 105.31
665.188 95.31
665.391 86.31
665.594 99.31
665.797 93.31
666 98.31
666.203 93.31
666.406 83.31
666.609 90.31
666.812 95.31
667.015 85.31
667.218 84.31
667.421 83.31
667.624 78.31
667.827 97.31
668.03 80.31
668.232 85.31
668.435 91.31
668.638 94.31
668.841 96.31
669.043 77.31
669.246 94.31
669.449 88.31
669.651 97.31
669.854 83.31
670.057 98.31
670.259 86.31
670.462 89.31
670.665 89.31
670.867 79.31
671.07 89.31
671.272 79.31
671.475 98.31
671.677 82.31
671.88 84.31
672.082 107.31
672.284 98.31
672.487 89.31
672.689 89.31
672.892 85.31
