223.165	-8.94
223.4	-8.94
223.635	-8.94
223.869	-21.94
224.104	-8.94
224.338	-0.94
224.573	-16.94
224.808	-2.94
225.042	-4.94
225.277	-13.94
225.511	-12.94
225.746	-1.94
225.98	8.06
226.215	7.06
226.449	15.06
226.683	11.06
226.918	32.06
227.152	21.06
227.387	42.06
227.621	40.06
227.856	24.06
228.09	50.06
228.324	60.06
228.559	43.06
228.793	79.06
229.027	133.06
229.262	146.06
229.496	156.06
229.73	196.06
229.964	196.06
230.199	163.06
230.433	153.06
230.667	153.06
230.901	159.06
231.136	155.06
231.37	156.06
231.604	141.06
231.838	164.06
232.072	160.06
232.306	156.06
232.541	162.06
232.775	151.06
233.009	143.06
233.243	150.06
233.477	168.06
233.711	154.06
233.945	169.06
234.179	165.06
234.413	165.06
234.647	132.06
234.881	164.06
235.115	156.06
235.349	174.06
235.583	169.06
235.817	180.06
236.051	172.06
236.285	177.06
236.519	162.06
236.753	183.06
236.987	201.06
237.221	272.06
237.455	312.06
237.689	261.06
237.922	202.06
238.156	195.06
238.39	180.06
238.624	184.06
238.858	195.06
239.091	177.06
239.325	177.06
239.559	196.06
239.793	196.06
240.027	184.06
240.26	197.06
240.494	215.06
240.728	209.06
240.961	221.06
241.195	208.06
241.429	206.06
241.662	202.06
241.896	216.06
242.13	207.06
242.363	199.06
242.597	212.06
242.83	231.06
243.064	218.06
243.298	231.06
243.531	231.06
243.765	213.06
243.998	226.06
244.232	226.06
244.465	245.06
244.699	230.06
244.932	224.06
245.166	241.06
245.399	241.06
245.633	235.06
245.866	220.06
246.099	247.06
246.333	236.06
246.566	231.06
246.8	255.06
247.033	242.06
247.266	263.06
247.5	242.06
247.733	276.06
247.966	269.06
248.2	281.06
248.433	274.06
248.666	288.06
248.899	281.06
249.133	289.06
249.366	326.06
249.599	330.06
249.832	317.06
250.066	320.06
250.299	364.06
250.532	425.06
250.765	472.06
250.998	432.06
251.231	403.06
251.465	377.06
251.698	348.06
251.931	343.06
252.164	323.06
252.397	333.06
252.63	336.06
252.863	327.06
253.096	338.06
253.329	337.06
253.562	344.06
253.795	360.06
254.028	343.06
254.261	348.06
254.494	340.06
254.727	385.06
254.96	402.06
255.193	402.06
255.426	413.06
255.659	447.06
255.892	541.06
256.124	675.06
256.357	713.06
256.59	594.06
256.823	500.06
257.056	453.06
257.289	431.06
257.521	409.06
257.754	400.06
257.987	399.06
258.22	388.06
258.452	388.06
258.685	392.06
258.918	360.06
259.151	370.06
259.383	369.06
259.616	398.06
259.849	393.06
260.081	368.06
260.314	396.06
260.547	399.06
260.779	389.06
261.012	406.06
261.244	395.06
261.477	377.06
261.71	363.06
261.942	389.06
262.175	384.06
262.407	381.06
262.64	359.06
262.872	371.06
263.105	378.06
263.337	370.06
263.57	376.06
263.802	372.06
264.035	364.06
264.267	366.06
264.499	381.06
264.732	364.06
264.964	364.06
265.197	360.06
265.429	353.06
265.661	364.06
265.894	379.06
266.126	373.06
266.358	401.06
266.591	396.06
266.823	383.06
267.055	393.06
267.287	388.06
267.52	371.06
267.752	390.06
267.984	385.06
268.216	404.06
268.448	393.06
268.681	441.06
268.913	430.06
269.145	445.06
269.377	441.06
269.609	444.06
269.841	454.06
270.073	447.06
270.306	464.06
270.538	492.06
270.77	476.06
271.002	471.06
271.234	463.06
271.466	476.06
271.698	479.06
271.93	470.06
272.162	478.06
272.394	503.06
272.626	457.06
272.858	463.06
273.09	477.06
273.322	442.06
273.553	476.06
273.785	480.06
274.017	462.06
274.249	470.06
274.481	465.06
274.713	483.06
274.945	488.06
275.176	463.06
275.408	477.06
275.64	492.06
275.872	485.06
276.104	468.06
276.335	509.06
276.567	522.06
276.799	534.06
277.031	563.06
277.262	563.06
277.494	572.06
277.726	559.06
277.957	537.06
278.189	519.06
278.421	504.06
278.652	503.06
278.884	516.06
279.115	489.06
279.347	506.06
279.579	536.06
279.81	535.06
280.042	575.06
280.273	584.06
280.505	564.06
280.736	535.06
280.968	531.06
281.199	507.06
281.431	523.06
281.662	522.06
281.894	513.06
282.125	525.06
282.356	559.06
282.588	584.06
282.819	563.06
283.051	539.06
283.282	504.06
283.513	510.06
283.745	494.06
283.976	515.06
284.207	530.06
284.439	503.06
284.67	521.06
284.901	540.06
285.132	527.06
285.364	531.06
285.595	512.06
285.826	532.06
286.057	545.06
286.288	538.06
286.52	528.06
286.751	533.06
286.982	548.06
287.213	537.06
287.444	547.06
287.675	556.06
287.906	568.06
288.138	579.06
288.369	569.06
288.6	580.06
288.831	567.06
289.062	565.06
289.293	567.06
289.524	571.06
289.755	556.06
289.986	546.06
290.217	553.06
290.448	547.06
290.679	545.06
290.91	540.06
291.141	550.06
291.371	574.06
291.602	572.06
291.833	567.06
292.064	559.06
292.295	551.06
292.526	556.06
292.757	569.06
292.987	534.06
293.218	548.06
293.449	560.06
293.68	558.06
293.91	549.06
294.141	552.06
294.372	567.06
294.603	579.06
294.833	561.06
295.064	589.06
295.295	588.06
295.525	571.06
295.756	584.06
295.987	602.06
296.217	617.06
296.448	651.06
296.679	607.06
296.909	583.06
297.14	580.06
297.37	581.06
297.601	593.06
297.831	604.06
298.062	596.06
298.292	611.06
298.523	619.06
298.753	610.06
298.984	608.06
299.214	606.06
299.445	629.06
299.675	619.06
299.905	633.06
300.136	635.06
300.366	629.06
300.597	608.06
300.827	631.06
301.057	661.06
301.288	670.06
301.518	653.06
301.748	622.06
301.979	662.06
302.209	670.06
302.439	684.06
302.669	649.06
302.9	651.06
303.13	650.06
303.36	662.06
303.59	696.06
303.82	735.06
304.051	693.06
304.281	691.06
304.511	667.06
304.741	653.06
304.971	655.06
305.201	654.06
305.431	659.06
305.661	655.06
305.891	672.06
306.121	664.06
306.352	664.06
306.582	684.06
306.812	686.06
307.042	667.06
307.272	711.06
307.502	697.06
307.731	729.06
307.961	702.06
308.191	674.06
308.421	683.06
308.651	701.06
308.881	711.06
309.111	682.06
309.341	704.06
309.571	697.06
309.8	716.06
310.03	745.06
310.26	732.06
310.49	748.06
310.72	751.06
310.949	761.06
311.179	785.06
311.409	763.06
311.639	741.06
311.868	743.06
312.098	749.06
312.328	766.06
312.557	794.06
312.787	808.06
313.017	797.06
313.246	778.06
313.476	772.06
313.706	773.06
313.935	790.06
314.165	804.06
314.394	801.06
314.624	815.06
314.853	777.06
315.083	803.06
315.312	789.06
315.542	780.06
315.771	739.06
316.001	777.06
316.23	779.06
316.46	763.06
316.689	779.06
316.919	783.06
317.148	785.06
317.377	814.06
317.607	789.06
317.836	787.06
318.065	793.06
318.295	767.06
318.524	772.06
318.753	788.06
318.983	799.06
319.212	811.06
319.441	799.06
319.67	804.06
319.9	789.06
320.129	805.06
320.358	826.06
320.587	819.06
320.816	820.06
321.046	852.06
321.275	852.06
321.504	833.06
321.733	861.06
321.962	881.06
322.191	889.06
322.42	880.06
322.649	943.06
322.878	957.06
323.108	967.06
323.337	996.06
323.566	1050.06
323.795	1116.06
324.024	1213.06
324.253	1438.06
324.482	1987.06
324.71	2991.06
324.939	4123.06
325.168	3369.06
325.397	1855.06
325.626	1435.06
325.855	1255.06
326.084	1193.06
326.313	1189.06
326.542	1199.06
326.77	1287.06
326.999	1420.06
327.228	1929.06
327.457	2857.06
327.686	3283.06
327.914	2331.06
328.143	1868.06
328.372	1904.06
328.6	1787.06
328.829	1433.06
329.058	1393.06
329.287	1450.06
329.515	1429.06
329.744	1479.06
329.972	1733.06
330.201	2252.06
330.43	2714.06
330.658	2327.06
330.887	1752.06
331.115	1554.06
331.344	1346.06
331.572	1273.06
331.801	1286.06
332.03	1248.06
332.258	1240.06
332.486	1235.06
332.715	1263.06
332.943	1308.06
333.172	1362.06
333.4	1422.06
333.629	1489.06
333.857	1661.06
334.085	1935.06
334.314	2451.06
334.542	3289.06
334.771	3501.06
334.999	2270.06
335.227	1673.06
335.455	1418.06
335.684	1333.06
335.912	1283.06
336.14	1214.06
336.369	1201.06
336.597	1202.06
336.825	1165.06
337.053	1161.06
337.281	1085.06
337.51	1103.06
337.738	1071.06
337.966	1066.06
338.194	1084.06
338.422	1072.06
338.65	1047.06
338.878	1000.06
339.106	1012.06
339.334	1003.06
339.562	993.06
339.79	1027.06
340.018	1008.06
340.246	969.06
340.474	1007.06
340.702	1014.06
340.93	982.06
341.158	995.06
341.386	988.06
341.614	1007.06
341.842	969.06
342.07	956.06
342.298	935.06
342.526	957.06
342.754	919.06
342.981	945.06
343.209	958.06
343.437	1035.06
343.665	1037.06
343.893	1071.06
344.12	1099.06
344.348	1079.06
344.576	1039.06
344.804	1073.06
345.031	1034.06
345.259	1019.06
345.487	1018.06
345.714	948.06
345.942	976.06
346.17	944.06
346.397	942.06
346.625	945.06
346.853	937.06
347.08	946.06
347.308	971.06
347.535	976.06
347.763	994.06
347.99	969.06
348.218	977.06
348.445	1038.06
348.673	946.06
348.9	953.06
349.128	948.06
349.355	922.06
349.583	931.06
349.81	932.06
350.037	927.06
350.265	947.06
350.492	936.06
350.72	896.06
350.947	908.06
351.174	934.06
351.402	983.06
351.629	949.06
351.856	948.06
352.083	963.06
352.311	953.06
352.538	959.06
352.765	970.06
352.992	953.06
353.22	982.06
353.447	948.06
353.674	942.06
353.901	937.06
354.128	915.06
354.355	915.06
354.583	910.06
354.81	928.06
355.037	900.06
355.264	906.06
355.491	899.06
355.718	889.06
355.945	904.06
356.172	926.06
356.399	894.06
356.626	949.06
356.853	919.06
357.08	877.06
357.307	881.06
357.534	905.06
357.761	937.06
357.988	926.06
358.215	910.06
358.441	931.06
358.668	937.06
358.895	914.06
359.122	934.06
359.349	929.06
359.576	951.06
359.802	1006.06
360.029	1037.06
360.256	1053.06
360.483	1027.06
360.709	987.06
360.936	960.06
361.163	999.06
361.39	980.06
361.616	1000.06
361.843	956.06
362.07	963.06
362.296	971.06
362.523	964.06
362.749	965.06
362.976	932.06
363.203	933.06
363.429	946.06
363.656	957.06
363.882	959.06
364.109	935.06
364.335	941.06
364.562	969.06
364.788	950.06
365.015	966.06
365.241	939.06
365.468	978.06
365.694	978.06
365.92	959.06
366.147	952.06
366.373	953.06
366.599	964.06
366.826	942.06
367.052	927.06
367.278	952.06
367.505	955.06
367.731	984.06
367.957	959.06
368.184	961.06
368.41	959.06
368.636	1008.06
368.862	1001.06
369.089	983.06
369.315	1007.06
369.541	988.06
369.767	995.06
369.993	958.06
370.219	997.06
370.445	1004.06
370.672	995.06
370.898	1023.06
371.124	1034.06
371.35	1017.06
371.576	1033.06
371.802	1023.06
372.028	1039.06
372.254	1029.06
372.48	1011.06
372.706	1050.06
372.932	1051.06
373.158	1031.06
373.384	1024.06
373.61	1050.06
373.835	1034.06
374.061	1017.06
374.287	1039.06
374.513	1064.06
374.739	1088.06
374.965	1100.06
375.191	1116.06
375.416	1101.06
375.642	1053.06
375.868	1074.06
376.094	1054.06
376.319	1059.06
376.545	1047.06
376.771	1043.06
376.997	1038.06
377.222	1033.06
377.448	1008.06
377.674	1035.06
377.899	992.06
378.125	991.06
378.35	1007.06
378.576	1020.06
378.802	1053.06
379.027	1005.06
379.253	1020.06
379.478	1002.06
379.704	1045.06
379.929	1017.06
380.155	981.06
380.38	1021.06
380.606	1035.06
380.831	1029.06
381.057	1033.06
381.282	1031.06
381.507	1053.06
381.733	1071.06
381.958	1051.06
382.184	1069.06
382.409	1049.06
382.634	1074.06
382.86	1071.06
383.085	1086.06
383.31	1113.06
383.535	1153.06
383.761	1141.06
383.986	1147.06
384.211	1178.06
384.436	1164.06
384.662	1176.06
384.887	1179.06
385.112	1188.06
385.337	1224.06
385.562	1210.06
385.787	1214.06
386.013	1250.06
386.238	1267.06
386.463	1267.06
386.688	1239.06
386.913	1231.06
387.138	1176.06
387.363	1232.06
387.588	1189.06
387.813	1193.06
388.038	1217.06
388.263	1213.06
388.488	1212.06
388.713	1234.06
388.938	1218.06
389.163	1220.06
389.387	1229.06
389.612	1226.06
389.837	1217.06
390.062	1193.06
390.287	1216.06
390.512	1212.06
390.736	1260.06
390.961	1255.06
391.186	1286.06
391.411	1303.06
391.636	1338.06
391.86	1370.06
392.085	1363.06
392.31	1327.06
392.534	1355.06
392.759	1321.06
392.984	1323.06
393.208	1287.06
393.433	1272.06
393.658	1302.06
393.882	1294.06
394.107	1311.06
394.331	1333.06
394.556	1304.06
394.78	1344.06
395.005	1337.06
395.229	1334.06
395.454	1395.06
395.678	1381.06
395.903	1392.06
396.127	1433.06
396.352	1376.06
396.576	1336.06
396.801	1350.06
397.025	1345.06
397.249	1380.06
397.474	1379.06
397.698	1400.06
397.922	1441.06
398.147	1440.06
398.371	1470.06
398.595	1464.06
398.82	1531.06
399.044	1636.06
399.268	1739.06
399.492	1929.06
399.717	2123.06
399.941	2127.06
400.165	2007.06
400.389	1868.06
400.613	1775.06
400.837	1656.06
401.062	1648.06
401.286	1623.06
401.51	1586.06
401.734	1577.06
401.958	1597.06
402.182	1609.06
402.406	1669.06
402.63	1698.06
402.854	1688.06
403.078	1672.06
403.302	1734.06
403.526	1752.06
403.75	1797.06
403.974	1829.06
404.198	1812.06
404.422	1857.06
404.645	1885.06
404.869	1919.06
405.093	2041.06
405.317	2072.06
405.541	2109.06
405.765	2016.06
405.988	1933.06
406.212	1887.06
406.436	1931.06
406.66	1953.06
406.883	1943.06
407.107	2004.06
407.331	2037.06
407.555	2199.06
407.778	2199.06
408.002	2027.06
408.226	1943.06
408.449	1892.06
408.673	1897.06
408.896	1871.06
409.12	1905.06
409.344	1899.06
409.567	1761.06
409.791	1799.06
410.014	1779.06
410.238	1776.06
410.461	1793.06
410.685	1768.06
410.908	1811.06
411.132	1781.06
411.355	1827.06
411.578	1808.06
411.802	1775.06
412.025	1840.06
412.249	1906.06
412.472	2007.06
412.695	2116.06
412.919	2085.06
413.142	1959.06
413.365	1926.06
413.589	1860.06
413.812	1767.06
414.035	1746.06
414.258	1724.06
414.482	1747.06
414.705	1717.06
414.928	1710.06
415.151	1692.06
415.374	1683.06
415.597	1695.06
415.821	1669.06
416.044	1695.06
416.267	1683.06
416.49	1642.06
416.713	1667.06
416.936	1712.06
417.159	1655.06
417.382	1687.06
417.605	1749.06
417.828	1786.06
418.051	1749.06
418.274	1730.06
418.497	1710.06
418.72	1763.06
418.943	1764.06
419.166	1869.06
419.389	1978.06
419.611	1933.06
419.834	1915.06
420.057	1939.06
420.28	2023.06
420.503	1993.06
420.726	1928.06
420.948	1876.06
421.171	1887.06
421.394	1940.06
421.617	1854.06
421.839	1806.06
422.062	1811.06
422.285	1793.06
422.507	1919.06
422.73	1969.06
422.953	1925.06
423.175	1806.06
423.398	1815.06
423.621	1788.06
423.843	1890.06
424.066	1888.06
424.288	1847.06
424.511	1882.06
424.733	1986.06
424.956	2015.06
425.178	2016.06
425.401	1940.06
425.623	1994.06
425.846	1795.06
426.068	1798.06
426.291	1728.06
426.513	1709.06
426.735	1715.06
426.958	1805.06
427.18	1923.06
427.402	2120.06
427.625	2287.06
427.847	2119.06
428.069	2063.06
428.292	1875.06
428.514	1748.06
428.736	1724.06
428.958	1697.06
429.181	1648.06
429.403	1588.06
429.625	1639.06
429.847	1696.06
430.069	1731.06
430.292	1731.06
430.514	1604.06
430.736	1595.06
430.958	1606.06
431.18	1579.06
431.402	1553.06
431.624	1525.06
431.846	1505.06
432.068	1439.06
432.29	1447.06
432.512	1503.06
432.734	1554.06
432.956	1616.06
433.178	1598.06
433.4	1647.06
433.622	1665.06
433.844	1603.06
434.066	1559.06
434.287	1511.06
434.509	1469.06
434.731	1531.06
434.953	1627.06
435.175	1676.06
435.397	1743.06
435.618	1663.06
435.84	1634.06
436.062	1772.06
436.284	1967.06
436.505	1742.06
436.727	1731.06
436.949	1651.06
437.17	1617.06
437.392	1563.06
437.614	1564.06
437.835	1596.06
438.057	1761.06
438.278	1893.06
438.5	1941.06
438.721	2063.06
438.943	1999.06
439.165	1787.06
439.386	1738.06
439.608	1745.06
439.829	1791.06
440.05	1789.06
440.272	1874.06
440.493	1846.06
440.715	1790.06
440.936	1735.06
441.158	1779.06
441.379	1761.06
441.6	1865.06
441.822	1863.06
442.043	1946.06
442.264	2007.06
442.486	2064.06
442.707	1880.06
442.928	1795.06
443.149	1867.06
443.371	1880.06
443.592	1980.06
443.813	2073.06
444.034	2171.06
444.255	1983.06
444.476	1941.06
444.698	1983.06
444.919	2035.06
445.14	2118.06
445.361	2008.06
445.582	1956.06
445.803	2036.06
446.024	2129.06
446.245	2097.06
446.466	1980.06
446.687	1882.06
446.908	1855.06
447.129	1761.06
447.35	1753.06
447.571	1707.06
447.792	1653.06
448.013	1639.06
448.234	1679.06
448.455	1703.06
448.675	1891.06
448.896	2026.06
449.117	1845.06
449.338	1724.06
449.559	1903.06
449.779	2069.06
450	1832.06
450.221	1659.06
450.442	1569.06
450.662	1615.06
450.883	1604.06
451.104	1621.06
451.324	1610.06
451.545	1547.06
451.766	1495.06
451.986	1477.06
452.207	1464.06
452.428	1461.06
452.648	1445.06
452.869	1393.06
453.089	1361.06
453.31	1412.06
453.53	1341.06
453.751	1309.06
453.971	1300.06
454.192	1340.06
454.412	1374.06
454.633	1345.06
454.853	1394.06
455.073	1377.06
455.294	1428.06
455.514	1482.06
455.734	1443.06
455.955	1338.06
456.175	1297.06
456.395	1260.06
456.616	1226.06
456.836	1231.06
457.056	1262.06
457.276	1218.06
457.497	1248.06
457.717	1255.06
457.937	1277.06
458.157	1271.06
458.377	1275.06
458.598	1316.06
458.818	1432.06
459.038	1557.06
459.258	1540.06
459.478	1423.06
459.698	1367.06
459.918	1425.06
460.138	1495.06
460.358	1581.06
460.578	1619.06
460.798	1624.06
461.018	1579.06
461.238	1597.06
461.458	1593.06
461.678	1554.06
461.898	1617.06
462.118	1600.06
462.338	1682.06
462.558	1721.06
462.777	1756.06
462.997	1827.06
463.217	1922.06
463.437	1915.06
463.657	1810.06
463.876	1750.06
464.096	1726.06
464.316	1762.06
464.536	1827.06
464.755	1741.06
464.975	1770.06
465.195	1827.06
465.414	1910.06
465.634	1671.06
465.854	1604.06
466.073	1588.06
466.293	1500.06
466.512	1483.06
466.732	1534.06
466.951	1546.06
467.171	1546.06
467.391	1548.06
467.61	1620.06
467.829	1623.06
468.049	1820.06
468.268	2184.06
468.488	1799.06
468.707	1659.06
468.927	1629.06
469.146	1583.06
469.365	1577.06
469.585	1601.06
469.804	1624.06
470.023	1659.06
470.243	1685.06
470.462	1671.06
470.681	1723.06
470.901	1712.06
471.12	1673.06
471.339	1681.06
471.558	1648.06
471.777	1661.06
471.997	1733.06
472.216	2089.06
472.435	3453.06
472.654	2616.06
472.873	1860.06
473.092	1702.06
473.311	1642.06
473.53	1598.06
473.749	1554.06
473.968	1597.06
474.187	1708.06
474.406	1666.06
474.625	1615.06
474.844	1567.06
475.063	1541.06
475.282	1539.06
475.501	1464.06
475.72	1444.06
475.939	1459.06
476.158	1529.06
476.377	1563.06
476.596	1535.06
476.814	1493.06
477.033	1451.06
477.252	1525.06
477.471	1587.06
477.69	1657.06
477.908	1760.06
478.127	1765.06
478.346	1733.06
478.564	1763.06
478.783	1732.06
479.002	1816.06
479.22	1813.06
479.439	1800.06
479.658	1834.06
479.876	1772.06
480.095	1746.06
480.313	1856.06
480.532	1960.06
480.751	2013.06
480.969	2297.06
481.188	4292.06
481.406	5259.06
481.624	2877.06
481.843	2295.06
482.061	2018.06
482.28	1961.06
482.498	1895.06
482.717	1802.06
482.935	1843.06
483.153	1932.06
483.372	1947.06
483.59	1927.06
483.808	1843.06
484.027	1774.06
484.245	1805.06
484.463	1826.06
484.681	1869.06
484.9	1837.06
485.118	1851.06
485.336	1771.06
485.554	1689.06
485.772	1695.06
485.99	1690.06
486.209	1700.06
486.427	1725.06
486.645	1811.06
486.863	1961.06
487.081	1941.06
487.299	1863.06
487.517	1884.06
487.735	2050.06
487.953	2148.06
488.171	2179.06
488.389	2082.06
488.607	1964.06
488.825	1914.06
489.043	1831.06
489.261	1863.06
489.479	1951.06
489.696	1977.06
489.914	1961.06
490.132	1999.06
490.35	2142.06
490.568	2225.06
490.786	2294.06
491.003	2396.06
491.221	2443.06
491.439	2604.06
491.657	2617.06
491.874	2746.06
492.092	2891.06
492.31	3066.06
492.527	2975.06
492.745	2875.06
492.963	2798.06
493.18	2719.06
493.398	2725.06
493.615	2694.06
493.833	2621.06
494.05	2577.06
494.268	2599.06
494.485	2551.06
494.703	2480.06
494.92	2533.06
495.138	2487.06
495.355	2467.06
495.573	2453.06
495.79	2444.06
496.008	2420.06
496.225	2434.06
496.442	2370.06
496.66	2420.06
496.877	2368.06
497.094	2415.06
497.312	2369.06
497.529	2356.06
497.746	2304.06
497.963	2285.06
498.181	2288.06
498.398	2317.06
498.615	2345.06
498.832	2442.06
499.049	2519.06
499.267	2655.06
499.484	2875.06
499.701	3095.06
499.918	3319.06
500.135	3642.06
500.352	4057.06
500.569	4223.06
500.786	4204.06
501.003	4004.06
501.22	3667.06
501.437	3374.06
501.654	3045.06
501.871	2940.06
502.088	2731.06
502.305	2593.06
502.522	2471.06
502.739	2430.06
502.956	2319.06
503.172	2221.06
503.389	2127.06
503.606	2094.06
503.823	2108.06
504.04	2059.06
504.256	2081.06
504.473	2066.06
504.69	2066.06
504.907	2016.06
505.123	1954.06
505.34	1919.06
505.557	1918.06
505.773	1891.06
505.99	1818.06
506.207	1811.06
506.423	1803.06
506.64	1748.06
506.856	1742.06
507.073	1741.06
507.289	1738.06
507.506	1732.06
507.722	1763.06
507.939	1783.06
508.155	1707.06
508.372	1690.06
508.588	1611.06
508.805	1605.06
509.021	1579.06
509.238	1585.06
509.454	1619.06
509.67	1561.06
509.887	1549.06
510.103	1523.06
510.319	1595.06
510.536	1875.06
510.752	3410.06
510.968	2502.06
511.184	1585.06
511.401	1527.06
511.617	1556.06
511.833	1600.06
512.049	1619.06
512.265	1651.06
512.481	1623.06
512.698	1559.06
512.914	1515.06
513.13	1496.06
513.346	1489.06
513.562	1464.06
513.778	1497.06
513.994	1497.06
514.21	1552.06
514.426	1570.06
514.642	1675.06
514.858	1723.06
515.074	1789.06
515.29	2181.06
515.506	3513.06
515.721	2629.06
515.937	1780.06
516.153	1665.06
516.369	1667.06
516.585	1611.06
516.801	1650.06
517.016	1646.06
517.232	1715.06
517.448	1802.06
517.664	1770.06
517.879	1797.06
518.095	1773.06
518.311	1775.06
518.527	1723.06
518.742	1665.06
518.958	1669.06
519.173	1643.06
519.389	1649.06
519.605	1580.06
519.82	1595.06
520.036	1610.06
520.251	1621.06
520.467	1670.06
520.682	1621.06
520.898	1626.06
521.113	1640.06
521.329	1739.06
521.544	1931.06
521.76	2489.06
521.975	4586.06
522.19	4143.06
522.406	2137.06
522.621	1659.06
522.836	1557.06
523.052	1513.06
523.267	1478.06
523.482	1486.06
523.698	1461.06
523.913	1471.06
524.128	1493.06
524.343	1468.06
524.559	1451.06
524.774	1430.06
524.989	1431.06
525.204	1465.06
525.419	1409.06
525.634	1356.06
525.849	1310.06
526.064	1314.06
526.28	1288.06
526.495	1220.06
526.71	1233.06
526.925	1215.06
527.14	1195.06
527.355	1183.06
527.57	1196.06
527.785	1207.06
527.999	1233.06
528.214	1253.06
528.429	1326.06
528.644	1399.06
528.859	1442.06
529.074	1515.06
529.289	1663.06
529.503	1808.06
529.718	1618.06
529.933	1399.06
530.148	1291.06
530.363	1229.06
530.577	1168.06
530.792	1188.06
531.007	1167.06
531.221	1159.06
531.436	1165.06
531.651	1141.06
531.865	1133.06
532.08	1153.06
532.295	1172.06
532.509	1181.06
532.724	1183.06
532.938	1171.06
533.153	1196.06
533.367	1253.06
533.582	1298.06
533.796	1303.06
534.011	1240.06
534.225	1200.06
534.44	1148.06
534.654	1181.06
534.868	1193.06
535.083	1167.06
535.297	1195.06
535.511	1183.06
535.726	1217.06
535.94	1209.06
536.154	1179.06
536.369	1143.06
536.583	1129.06
536.797	1121.06
537.011	1079.06
537.225	1076.06
537.44	1088.06
537.654	1098.06
537.868	1118.06
538.082	1091.06
538.296	1117.06
538.51	1142.06
538.724	1208.06
538.938	1234.06
539.153	1283.06
539.367	1260.06
539.581	1242.06
539.795	1161.06
540.009	1083.06
540.222	1095.06
540.436	1139.06
540.65	1209.06
540.864	1261.06
541.078	1362.06
541.292	1474.06
541.506	1527.06
541.72	1655.06
541.934	1758.06
542.147	1844.06
542.361	1670.06
542.575	1522.06
542.789	1438.06
543.002	1312.06
543.216	1278.06
543.43	1289.06
543.644	1332.06
543.857	1409.06
544.071	1535.06
544.285	1556.06
544.498	1578.06
544.712	1572.06
544.925	1550.06
545.139	1609.06
545.352	1607.06
545.566	1605.06
545.779	1615.06
545.993	1654.06
546.206	1681.06
546.42	1668.06
546.633	1643.06
546.847	1665.06
547.06	1662.06
547.274	1683.06
547.487	1715.06
547.7	1729.06
547.914	1693.06
548.127	1692.06
548.34	1647.06
548.554	1635.06
548.767	1593.06
548.98	1595.06
549.193	1599.06
549.407	1617.06
549.62	1593.06
549.833	1592.06
550.046	1617.06
550.259	1596.06
550.473	1543.06
550.686	1552.06
550.899	1497.06
551.112	1483.06
551.325	1434.06
551.538	1377.06
551.751	1258.06
551.964	1233.06
552.177	1325.06
552.39	1451.06
552.603	1534.06
552.816	1583.06
553.029	1645.06
553.242	1668.06
553.455	1710.06
553.667	1685.06
553.88	1691.06
554.093	1629.06
554.306	1539.06
554.519	1558.06
554.732	1493.06
554.944	1492.06
555.157	1435.06
555.37	1437.06
555.583	1432.06
555.795	1377.06
556.008	1319.06
556.221	1283.06
556.433	1309.06
556.646	1301.06
556.859	1281.06
557.071	1311.06
557.284	1299.06
557.496	1356.06
557.709	1360.06
557.921	1326.06
558.134	1317.06
558.346	1274.06
558.559	1309.06
558.771	1271.06
558.984	1253.06
559.196	1212.06
559.409	1231.06
559.621	1189.06
559.833	1195.06
560.046	1180.06
560.258	1210.06
560.47	1228.06
560.683	1205.06
560.895	1208.06
561.107	1165.06
561.32	1183.06
561.532	1181.06
561.744	1242.06
561.956	1180.06
562.168	1188.06
562.381	1186.06
562.593	1181.06
562.805	1203.06
563.017	1143.06
563.229	1176.06
563.441	1138.06
563.653	1147.06
563.865	1143.06
564.077	1155.06
564.289	1138.06
564.501	1121.06
564.713	1135.06
564.925	1161.06
565.137	1164.06
565.349	1178.06
565.561	1169.06
565.773	1204.06
565.985	1202.06
566.197	1291.06
566.408	1307.06
566.62	1409.06
566.832	1475.06
567.044	1454.06
567.255	1440.06
567.467	1423.06
567.679	1488.06
567.891	1531.06
568.102	1477.06
568.314	1400.06
568.526	1231.06
568.737	1140.06
568.949	1025.06
569.161	984.06
569.372	944.06
569.584	902.06
569.795	887.06
570.007	854.06
570.218	983.06
570.43	937.06
570.641	847.06
570.853	911.06
571.064	968.06
571.276	971.06
571.487	920.06
571.698	918.06
571.91	898.06
572.121	877.06
572.333	848.06
572.544	793.06
572.755	781.06
572.966	744.06
573.178	702.06
573.389	727.06
573.6	697.06
573.811	688.06
574.023	685.06
574.234	681.06
574.445	687.06
574.656	738.06
574.867	723.06
575.078	752.06
575.289	741.06
575.501	719.06
575.712	703.06
575.923	724.06
576.134	722.06
576.345	720.06
576.556	734.06
576.767	750.06
576.978	723.06
577.188	733.06
577.399	668.06
577.61	662.06
577.821	663.06
578.032	687.06
578.243	779.06
578.454	1257.06
578.665	861.06
578.875	666.06
579.086	613.06
579.297	612.06
579.508	607.06
579.718	574.06
579.929	602.06
580.14	588.06
580.35	586.06
580.561	604.06
580.772	644.06
580.982	615.06
581.193	640.06
581.403	652.06
581.614	627.06
581.825	603.06
582.035	622.06
582.246	617.06
582.456	608.06
582.667	629.06
582.877	599.06
583.087	595.06
583.298	599.06
583.508	570.06
583.719	556.06
583.929	566.06
584.139	551.06
584.35	540.06
584.56	557.06
584.77	558.06
584.981	541.06
585.191	578.06
585.401	561.06
585.611	573.06
585.821	547.06
586.032	577.06
586.242	571.06
586.452	555.06
586.662	560.06
586.872	533.06
587.082	521.06
587.292	514.06
587.502	515.06
587.713	549.06
587.923	563.06
588.133	545.06
588.343	535.06
588.553	530.06
588.762	543.06
588.972	536.06
589.182	537.06
589.392	519.06
589.602	551.06
589.812	560.06
590.022	531.06
590.232	527.06
590.441	545.06
590.651	560.06
590.861	536.06
591.071	545.06
591.281	552.06
591.49	551.06
591.7	565.06
591.91	551.06
592.119	573.06
592.329	582.06
592.539	611.06
592.748	620.06
592.958	617.06
593.167	630.06
593.377	651.06
593.587	637.06
593.796	656.06
594.006	653.06
594.215	668.06
594.424	669.06
594.634	670.06
594.843	667.06
595.053	662.06
595.262	652.06
595.472	598.06
595.681	564.06
595.89	559.06
596.1	561.06
596.309	585.06
596.518	586.06
596.727	607.06
596.937	590.06
597.146	579.06
597.355	570.06
597.564	569.06
597.774	560.06
597.983	520.06
598.192	497.06
598.401	509.06
598.61	501.06
598.819	499.06
599.028	533.06
599.237	544.06
599.446	528.06
599.655	496.06
599.864	546.06
600.073	511.06
600.282	511.06
600.491	522.06
600.7	515.06
600.909	563.06
601.118	592.06
601.327	633.06
601.536	647.06
601.745	670.06
601.953	671.06
602.162	659.06
602.371	691.06
602.58	712.06
602.789	693.06
602.997	693.06
603.206	705.06
603.415	704.06
603.623	682.06
603.832	679.06
604.041	656.06
604.249	604.06
604.458	583.06
604.666	541.06
604.875	545.06
605.084	604.06
605.292	638.06
605.501	690.06
605.709	730.06
605.918	715.06
606.126	721.06
606.334	744.06
606.543	736.06
606.751	748.06
606.96	738.06
607.168	714.06
607.376	703.06
607.585	727.06
607.793	715.06
608.001	728.06
608.21	743.06
608.418	759.06
608.626	748.06
608.834	753.06
609.043	763.06
609.251	733.06
609.459	759.06
609.667	761.06
609.875	811.06
610.083	799.06
610.291	783.06
610.499	745.06
610.707	773.06
610.916	761.06
611.124	778.06
611.332	781.06
611.54	783.06
611.748	760.06
611.955	752.06
612.163	748.06
612.371	764.06
612.579	763.06
612.787	763.06
612.995	728.06
613.203	772.06
613.411	735.06
613.618	749.06
613.826	734.06
614.034	730.06
614.242	715.06
614.449	722.06
614.657	734.06
614.865	737.06
615.072	750.06
615.28	728.06
615.488	743.06
615.695	738.06
615.903	721.06
616.111	725.06
616.318	751.06
616.526	755.06
616.733	730.06
616.941	728.06
617.148	733.06
617.356	732.06
617.563	703.06
617.771	681.06
617.978	681.06
618.185	695.06
618.393	707.06
618.6	713.06
618.807	732.06
619.015	734.06
619.222	700.06
619.429	683.06
619.637	620.06
619.844	575.06
620.051	611.06
620.258	639.06
620.466	650.06
620.673	656.06
620.88	637.06
621.087	624.06
621.294	631.06
621.501	615.06
621.708	581.06
621.915	639.06
622.122	662.06
622.329	647.06
622.536	664.06
622.743	643.06
622.95	662.06
623.157	627.06
623.364	651.06
623.571	656.06
623.778	661.06
623.985	675.06
624.192	658.06
624.399	639.06
624.606	631.06
624.812	623.06
625.019	625.06
625.226	594.06
625.433	576.06
625.639	542.06
625.846	477.06
626.053	453.06
626.259	444.06
626.466	429.06
626.673	425.06
626.879	409.06
627.086	462.06
627.293	513.06
627.499	561.06
627.706	601.06
627.912	602.06
628.119	629.06
628.325	604.06
628.532	602.06
628.738	599.06
628.945	575.06
629.151	552.06
629.357	527.06
629.564	564.06
629.77	542.06
629.976	530.06
630.183	514.06
630.389	533.06
630.595	548.06
630.802	557.06
631.008	575.06
631.214	543.06
631.42	519.06
631.627	477.06
631.833	505.06
632.039	499.06
632.245	512.06
632.451	529.06
632.657	516.06
632.863	516.06
633.069	512.06
633.275	511.06
633.481	482.06
633.688	501.06
633.893	482.06
634.099	483.06
634.305	484.06
634.511	479.06
634.717	451.06
634.923	436.06
635.129	405.06
635.335	453.06
635.541	448.06
635.747	453.06
635.952	503.06
636.158	539.06
636.364	606.06
636.57	695.06
636.775	622.06
636.981	565.06
637.187	545.06
637.392	548.06
637.598	553.06
637.804	533.06
638.009	535.06
638.215	525.06
638.421	500.06
638.626	492.06
638.832	502.06
639.037	487.06
639.243	468.06
639.448	474.06
639.654	470.06
639.859	450.06
640.065	467.06
640.27	460.06
640.475	454.06
640.681	478.06
640.886	480.06
641.091	477.06
641.297	489.06
641.502	496.06
641.707	483.06
641.913	472.06
642.118	497.06
642.323	474.06
642.528	461.06
642.733	456.06
642.939	461.06
643.144	450.06
643.349	450.06
643.554	466.06
643.759	445.06
643.964	452.06
644.169	438.06
644.374	450.06
644.579	447.06
644.784	453.06
644.989	463.06
645.194	471.06
645.399	456.06
645.604	446.06
645.809	458.06
646.014	455.06
646.219	471.06
646.423	453.06
646.628	465.06
646.833	450.06
647.038	465.06
647.243	455.06
647.447	452.06
647.652	433.06
647.857	437.06
648.062	446.06
648.266	432.06
648.471	452.06
648.676	451.06
648.88	457.06
649.085	429.06
649.289	441.06
649.494	452.06
649.698	492.06
649.903	463.06
650.107	425.06
650.312	427.06
650.516	399.06
650.721	420.06
650.925	425.06
651.13	393.06
651.334	378.06
651.539	388.06
651.743	390.06
651.947	370.06
652.152	377.06
652.356	367.06
652.56	354.06
652.764	377.06
652.969	349.06
653.173	343.06
653.377	340.06
653.581	328.06
653.785	324.06
653.99	309.06
654.194	321.06
654.398	299.06
654.602	317.06
654.806	320.06
655.01	316.06
655.214	319.06
655.418	288.06
655.622	310.06
655.826	283.06
656.03	282.06
656.234	282.06
656.438	279.06
656.642	271.06
656.846	272.06
657.049	277.06
657.253	238.06
657.457	241.06
657.661	232.06
657.865	219.06
658.068	207.06
658.272	212.06
658.476	197.06
658.68	195.06
658.883	182.06
659.087	186.06
659.291	164.06
659.494	179.06
659.698	174.06
659.901	171.06
660.105	173.06
660.309	152.06
660.512	164.06
660.716	144.06
660.919	155.06
661.123	141.06
661.326	120.06
661.53	127.06
661.733	127.06
661.936	115.06
662.14	114.06
662.343	109.06
662.546	107.06
662.75	90.06
662.953	98.06
663.156	104.06
663.36	98.06
663.563	73.06
663.766	105.06
663.969	90.06
664.173	83.06
664.376	94.06
664.579	91.06
664.782	82.06
664.985	75.06
665.188	91.06
665.391	73.06
665.594	70.06
665.797	74.06
666	82.06
666.203	87.06
666.406	69.06
666.609	70.06
666.812	79.06
667.015	70.06
667.218	77.06
667.421	81.06
667.624	78.06
667.827	79.06
668.03	82.06
668.232	87.06
668.435	77.06
668.638	79.06
668.841	79.06
669.043	77.06
669.246	95.06
669.449	90.06
669.651	72.06
669.854	81.06
670.057	80.06
670.259	85.06
670.462	79.06
670.665	84.06
670.867	76.06
671.07	79.06
671.272	88.06
671.475	87.06
671.677	78.06
671.88	95.06
672.082	78.06
672.284	79.06
672.487	82.06
672.689	62.06
672.892	83.06
