223.165	-14.75
223.4	-14.75
223.635	-14.75
223.869	-12.75
224.104	-25.75
224.338	-12.75
224.573	-16.75
224.808	-4.75
225.042	-13.75
225.277	1.25
225.511	0.25
225.746	-1.75
225.98	-0.75
226.215	8.25
226.449	19.25
226.683	27.25
226.918	17.25
227.152	30.25
227.387	39.25
227.621	56.25
227.856	50.25
228.09	50.25
228.324	45.25
228.559	51.25
228.793	77.25
229.027	126.25
229.262	156.25
229.496	155.25
229.73	173.25
229.964	191.25
230.199	175.25
230.433	146.25
230.667	158.25
230.901	158.25
231.136	153.25
231.37	147.25
231.604	146.25
231.838	151.25
232.072	151.25
232.306	156.25
232.541	137.25
232.775	144.25
233.009	160.25
233.243	149.25
233.477	168.25
233.711	157.25
233.945	157.25
234.179	150.25
234.413	135.25
234.647	157.25
234.881	161.25
235.115	150.25
235.349	167.25
235.583	174.25
235.817	157.25
236.051	180.25
236.285	171.25
236.519	184.25
236.753	177.25
236.987	197.25
237.221	252.25
237.455	289.25
237.689	230.25
237.922	192.25
238.156	182.25
238.39	196.25
238.624	192.25
238.858	175.25
239.091	174.25
239.325	168.25
239.559	176.25
239.793	190.25
240.027	202.25
240.26	199.25
240.494	210.25
240.728	225.25
240.961	214.25
241.195	198.25
241.429	223.25
241.662	197.25
241.896	198.25
242.13	211.25
242.363	215.25
242.597	199.25
242.83	199.25
243.064	192.25
243.298	192.25
243.531	204.25
243.765	211.25
243.998	209.25
244.232	224.25
244.465	212.25
244.699	234.25
244.932	228.25
245.166	210.25
245.399	198.25
245.633	231.25
245.866	211.25
246.099	215.25
246.333	227.25
246.566	222.25
246.8	224.25
247.033	237.25
247.266	239.25
247.5	247.25
247.733	239.25
247.966	243.25
248.2	242.25
248.433	244.25
248.666	255.25
248.899	256.25
249.133	284.25
249.366	288.25
249.599	278.25
249.832	272.25
250.066	274.25
250.299	286.25
250.532	293.25
250.765	329.25
250.998	311.25
251.231	314.25
251.465	312.25
251.698	308.25
251.931	313.25
252.164	306.25
252.397	301.25
252.63	308.25
252.863	297.25
253.096	317.25
253.329	308.25
253.562	312.25
253.795	311.25
254.028	324.25
254.261	319.25
254.494	317.25
254.727	354.25
254.96	367.25
255.193	368.25
255.426	375.25
255.659	347.25
255.892	366.25
256.124	379.25
256.357	405.25
256.59	371.25
256.823	349.25
257.056	329.25
257.289	331.25
257.521	329.25
257.754	327.25
257.987	321.25
258.22	328.25
258.452	311.25
258.685	337.25
258.918	339.25
259.151	335.25
259.383	334.25
259.616	333.25
259.849	324.25
260.081	326.25
260.314	356.25
260.547	369.25
260.779	347.25
261.012	330.25
261.244	349.25
261.477	355.25
261.71	338.25
261.942	344.25
262.175	367.25
262.407	370.25
262.64	328.25
262.872	338.25
263.105	331.25
263.337	343.25
263.57	345.25
263.802	321.25
264.035	339.25
264.267	335.25
264.499	331.25
264.732	341.25
264.964	349.25
265.197	338.25
265.429	325.25
265.661	364.25
265.894	358.25
266.126	355.25
266.358	340.25
266.591	349.25
266.823	353.25
267.055	356.25
267.287	372.25
267.52	364.25
267.752	375.25
267.984	358.25
268.216	400.25
268.448	377.25
268.681	364.25
268.913	380.25
269.145	389.25
269.377	399.25
269.609	397.25
269.841	394.25
270.073	419.25
270.306	415.25
270.538	456.25
270.77	464.25
271.002	451.25
271.234	434.25
271.466	441.25
271.698	460.25
271.93	441.25
272.162	466.25
272.394	455.25
272.626	456.25
272.858	443.25
273.09	441.25
273.322	447.25
273.553	412.25
273.785	428.25
274.017	419.25
274.249	417.25
274.481	416.25
274.713	427.25
274.945	424.25
275.176	434.25
275.408	427.25
275.64	432.25
275.872	431.25
276.104	462.25
276.335	453.25
276.567	439.25
276.799	458.25
277.031	492.25
277.262	492.25
277.494	470.25
277.726	483.25
277.957	435.25
278.189	451.25
278.421	453.25
278.652	446.25
278.884	459.25
279.115	433.25
279.347	441.25
279.579	467.25
279.81	444.25
280.042	457.25
280.273	456.25
280.505	476.25
280.736	452.25
280.968	454.25
281.199	460.25
281.431	471.25
281.662	478.25
281.894	462.25
282.125	471.25
282.356	489.25
282.588	511.25
282.819	532.25
283.051	468.25
283.282	469.25
283.513	482.25
283.745	490.25
283.976	448.25
284.207	489.25
284.439	482.25
284.67	475.25
284.901	491.25
285.132	480.25
285.364	484.25
285.595	468.25
285.826	454.25
286.057	502.25
286.288	475.25
286.52	495.25
286.751	489.25
286.982	508.25
287.213	483.25
287.444	487.25
287.675	505.25
287.906	496.25
288.138	526.25
288.369	501.25
288.6	509.25
288.831	498.25
289.062	515.25
289.293	511.25
289.524	532.25
289.755	511.25
289.986	514.25
290.217	501.25
290.448	501.25
290.679	514.25
290.91	500.25
291.141	495.25
291.371	514.25
291.602	507.25
291.833	512.25
292.064	530.25
292.295	531.25
292.526	532.25
292.757	521.25
292.987	507.25
293.218	524.25
293.449	516.25
293.68	535.25
293.91	525.25
294.141	535.25
294.372	520.25
294.603	525.25
294.833	510.25
295.064	541.25
295.295	518.25
295.525	525.25
295.756	544.25
295.987	567.25
296.217	593.25
296.448	610.25
296.679	566.25
296.909	542.25
297.14	545.25
297.37	562.25
297.601	574.25
297.831	553.25
298.062	581.25
298.292	592.25
298.523	569.25
298.753	584.25
298.984	585.25
299.214	573.25
299.445	572.25
299.675	593.25
299.905	595.25
300.136	580.25
300.366	590.25
300.597	576.25
300.827	609.25
301.057	610.25
301.288	625.25
301.518	633.25
301.748	617.25
301.979	596.25
302.209	613.25
302.439	642.25
302.669	611.25
302.9	584.25
303.13	607.25
303.36	623.25
303.59	619.25
303.82	635.25
304.051	640.25
304.281	614.25
304.511	607.25
304.741	645.25
304.971	614.25
305.201	587.25
305.431	611.25
305.661	626.25
305.891	603.25
306.121	625.25
306.352	627.25
306.582	651.25
306.812	615.25
307.042	632.25
307.272	613.25
307.502	635.25
307.731	617.25
307.961	625.25
308.191	631.25
308.421	607.25
308.651	630.25
308.881	645.25
309.111	631.25
309.341	652.25
309.571	666.25
309.8	664.25
310.03	653.25
310.26	684.25
310.49	684.25
310.72	672.25
310.949	707.25
311.179	736.25
311.409	687.25
311.639	679.25
311.868	679.25
312.098	676.25
312.328	702.25
312.557	734.25
312.787	781.25
313.017	732.25
313.246	723.25
313.476	712.25
313.706	695.25
313.935	719.25
314.165	751.25
314.394	738.25
314.624	763.25
314.853	713.25
315.083	712.25
315.312	723.25
315.542	693.25
315.771	715.25
316.001	695.25
316.23	725.25
316.46	718.25
316.689	734.25
316.919	719.25
317.148	734.25
317.377	719.25
317.607	718.25
317.836	697.25
318.065	716.25
318.295	706.25
318.524	698.25
318.753	719.25
318.983	735.25
319.212	747.25
319.441	750.25
319.67	755.25
319.9	732.25
320.129	706.25
320.358	740.25
320.587	742.25
320.816	751.25
321.046	759.25
321.275	761.25
321.504	765.25
321.733	782.25
321.962	761.25
322.191	802.25
322.42	802.25
322.649	834.25
322.878	844.25
323.108	863.25
323.337	896.25
323.566	948.25
323.795	978.25
324.024	1061.25
324.253	1229.25
324.482	1657.25
324.71	2489.25
324.939	3435.25
325.168	2763.25
325.397	1568.25
325.626	1204.25
325.855	1096.25
326.084	1024.25
326.313	1009.25
326.542	1006.25
326.77	1064.25
326.999	1233.25
327.228	1625.25
327.457	2398.25
327.686	2696.25
327.914	1815.25
328.143	1330.25
328.372	1183.25
328.6	1095.25
328.829	1063.25
329.058	1082.25
329.287	1108.25
329.515	1035.25
329.744	1035.25
329.972	998.25
330.201	1054.25
330.43	1187.25
330.658	1155.25
330.887	1148.25
331.115	1118.25
331.344	1013.25
331.572	994.25
331.801	988.25
332.03	996.25
332.258	968.25
332.486	965.25
332.715	999.25
332.943	1000.25
333.172	1015.25
333.4	1103.25
333.629	1102.25
333.857	1144.25
334.085	1160.25
334.314	1213.25
334.542	1319.25
334.771	1332.25
334.999	1170.25
335.227	1078.25
335.455	1045.25
335.684	1019.25
335.912	1032.25
336.14	983.25
336.369	982.25
336.597	994.25
336.825	999.25
337.053	952.25
337.281	958.25
337.51	953.25
337.738	923.25
337.966	953.25
338.194	948.25
338.422	911.25
338.65	904.25
338.878	923.25
339.106	907.25
339.334	933.25
339.562	899.25
339.79	905.25
340.018	908.25
340.246	899.25
340.474	888.25
340.702	903.25
340.93	896.25
341.158	903.25
341.386	895.25
341.614	896.25
341.842	897.25
342.07	881.25
342.298	886.25
342.526	877.25
342.754	891.25
342.981	867.25
343.209	860.25
343.437	905.25
343.665	933.25
343.893	1021.25
344.12	1030.25
344.348	995.25
344.576	970.25
344.804	941.25
345.031	927.25
345.259	937.25
345.487	883.25
345.714	916.25
345.942	890.25
346.17	878.25
346.397	897.25
346.625	884.25
346.853	862.25
347.08	891.25
347.308	872.25
347.535	884.25
347.763	909.25
347.99	901.25
348.218	881.25
348.445	889.25
348.673	876.25
348.9	904.25
349.128	864.25
349.355	854.25
349.583	846.25
349.81	885.25
350.037	856.25
350.265	825.25
350.492	829.25
350.72	853.25
350.947	865.25
351.174	869.25
351.402	905.25
351.629	860.25
351.856	895.25
352.083	889.25
352.311	858.25
352.538	895.25
352.765	899.25
352.992	862.25
353.22	886.25
353.447	861.25
353.674	859.25
353.901	853.25
354.128	859.25
354.355	828.25
354.583	834.25
354.81	856.25
355.037	834.25
355.264	852.25
355.491	881.25
355.718	849.25
355.945	850.25
356.172	824.25
356.399	813.25
356.626	812.25
356.853	852.25
357.08	875.25
357.307	835.25
357.534	864.25
357.761	860.25
357.988	844.25
358.215	841.25
358.441	848.25
358.668	863.25
358.895	868.25
359.122	857.25
359.349	868.25
359.576	897.25
359.802	930.25
360.029	978.25
360.256	991.25
360.483	992.25
360.709	934.25
360.936	918.25
361.163	896.25
361.39	927.25
361.616	916.25
361.843	899.25
362.07	894.25
362.296	892.25
362.523	883.25
362.749	906.25
362.976	912.25
363.203	896.25
363.429	889.25
363.656	880.25
363.882	865.25
364.109	855.25
364.335	860.25
364.562	883.25
364.788	870.25
365.015	898.25
365.241	898.25
365.468	877.25
365.694	889.25
365.92	902.25
366.147	894.25
366.373	878.25
366.599	889.25
366.826	897.25
367.052	881.25
367.278	880.25
367.505	891.25
367.731	906.25
367.957	895.25
368.184	907.25
368.41	922.25
368.636	935.25
368.862	913.25
369.089	934.25
369.315	928.25
369.541	956.25
369.767	922.25
369.993	912.25
370.219	924.25
370.445	941.25
370.672	946.25
370.898	957.25
371.124	956.25
371.35	959.25
371.576	948.25
371.802	931.25
372.028	944.25
372.254	936.25
372.48	978.25
372.706	979.25
372.932	1005.25
373.158	982.25
373.384	984.25
373.61	928.25
373.835	966.25
374.061	941.25
374.287	975.25
374.513	975.25
374.739	1044.25
374.965	1071.25
375.191	1059.25
375.416	1037.25
375.642	1006.25
375.868	1024.25
376.094	997.25
376.319	973.25
376.545	988.25
376.771	982.25
376.997	964.25
377.222	958.25
377.448	983.25
377.674	967.25
377.899	963.25
378.125	988.25
378.35	965.25
378.576	967.25
378.802	978.25
379.027	939.25
379.253	965.25
379.478	966.25
379.704	986.25
379.929	979.25
380.155	950.25
380.38	977.25
380.606	969.25
380.831	992.25
381.057	1028.25
381.282	975.25
381.507	964.25
381.733	994.25
381.958	1014.25
382.184	1015.25
382.409	1036.25
382.634	1044.25
382.86	1037.25
383.085	1042.25
383.31	1051.25
383.535	1054.25
383.761	1077.25
383.986	1054.25
384.211	1111.25
384.436	1123.25
384.662	1106.25
384.887	1167.25
385.112	1149.25
385.337	1142.25
385.562	1159.25
385.787	1127.25
386.013	1202.25
386.238	1213.25
386.463	1152.25
386.688	1184.25
386.913	1154.25
387.138	1169.25
387.363	1145.25
387.588	1170.25
387.813	1150.25
388.038	1168.25
388.263	1169.25
388.488	1161.25
388.713	1157.25
388.938	1163.25
389.163	1152.25
389.387	1165.25
389.612	1128.25
389.837	1156.25
390.062	1150.25
390.287	1151.25
390.512	1181.25
390.736	1181.25
390.961	1207.25
391.186	1200.25
391.411	1227.25
391.636	1264.25
391.86	1328.25
392.085	1337.25
392.31	1280.25
392.534	1255.25
392.759	1261.25
392.984	1248.25
393.208	1264.25
393.433	1279.25
393.658	1247.25
393.882	1234.25
394.107	1239.25
394.331	1254.25
394.556	1281.25
394.78	1284.25
395.005	1299.25
395.229	1285.25
395.454	1323.25
395.678	1335.25
395.903	1334.25
396.127	1353.25
396.352	1337.25
396.576	1294.25
396.801	1330.25
397.025	1323.25
397.249	1301.25
397.474	1350.25
397.698	1377.25
397.922	1417.25
398.147	1396.25
398.371	1404.25
398.595	1415.25
398.82	1471.25
399.044	1531.25
399.268	1669.25
399.492	1882.25
399.717	2089.25
399.941	2061.25
400.165	1916.25
400.389	1828.25
400.613	1678.25
400.837	1582.25
401.062	1515.25
401.286	1545.25
401.51	1492.25
401.734	1512.25
401.958	1516.25
402.182	1551.25
402.406	1600.25
402.63	1618.25
402.854	1603.25
403.078	1653.25
403.302	1656.25
403.526	1703.25
403.75	1727.25
403.974	1715.25
404.198	1687.25
404.422	1756.25
404.645	1768.25
404.869	1753.25
405.093	1812.25
405.317	1821.25
405.541	1854.25
405.765	1788.25
405.988	1748.25
406.212	1793.25
406.436	1787.25
406.66	1847.25
406.883	1810.25
407.107	1902.25
407.331	1967.25
407.555	2080.25
407.778	2099.25
408.002	1976.25
408.226	1871.25
408.449	1852.25
408.673	1811.25
408.896	1815.25
409.12	1843.25
409.344	1855.25
409.567	1762.25
409.791	1737.25
410.014	1704.25
410.238	1703.25
410.461	1712.25
410.685	1684.25
410.908	1677.25
411.132	1767.25
411.355	1750.25
411.578	1726.25
411.802	1672.25
412.025	1655.25
412.249	1683.25
412.472	1734.25
412.695	1762.25
412.919	1764.25
413.142	1671.25
413.365	1661.25
413.589	1651.25
413.812	1583.25
414.035	1578.25
414.258	1598.25
414.482	1600.25
414.705	1633.25
414.928	1608.25
415.151	1598.25
415.374	1608.25
415.597	1574.25
415.821	1575.25
416.044	1573.25
416.267	1545.25
416.49	1556.25
416.713	1579.25
416.936	1595.25
417.159	1608.25
417.382	1541.25
417.605	1621.25
417.828	1653.25
418.051	1691.25
418.274	1649.25
418.497	1650.25
418.72	1654.25
418.943	1677.25
419.166	1767.25
419.389	1841.25
419.611	1802.25
419.834	1779.25
420.057	1747.25
420.28	1712.25
420.503	1699.25
420.726	1718.25
420.948	1711.25
421.171	1745.25
421.394	1747.25
421.617	1705.25
421.839	1705.25
422.062	1672.25
422.285	1681.25
422.507	1791.25
422.73	1883.25
422.953	1847.25
423.175	1752.25
423.398	1727.25
423.621	1733.25
423.843	1755.25
424.066	1798.25
424.288	1824.25
424.511	1828.25
424.733	1879.25
424.956	1991.25
425.178	1924.25
425.401	1903.25
425.623	1952.25
425.846	1719.25
426.068	1696.25
426.291	1661.25
426.513	1661.25
426.735	1648.25
426.958	1730.25
427.18	1811.25
427.402	2027.25
427.625	2171.25
427.847	1974.25
428.069	1827.25
428.292	1686.25
428.514	1584.25
428.736	1602.25
428.958	1578.25
429.181	1550.25
429.403	1500.25
429.625	1540.25
429.847	1574.25
430.069	1669.25
430.292	1661.25
430.514	1531.25
430.736	1543.25
430.958	1516.25
431.18	1469.25
431.402	1520.25
431.624	1465.25
431.846	1431.25
432.068	1390.25
432.29	1421.25
432.512	1421.25
432.734	1481.25
432.956	1542.25
433.178	1572.25
433.4	1618.25
433.622	1556.25
433.844	1518.25
434.066	1473.25
434.287	1394.25
434.509	1429.25
434.731	1435.25
434.953	1547.25
435.175	1645.25
435.397	1683.25
435.618	1583.25
435.84	1563.25
436.062	1669.25
436.284	1837.25
436.505	1655.25
436.727	1629.25
436.949	1587.25
437.17	1559.25
437.392	1548.25
437.614	1501.25
437.835	1473.25
438.057	1681.25
438.278	1764.25
438.5	1821.25
438.721	1988.25
438.943	1912.25
439.165	1708.25
439.386	1647.25
439.608	1721.25
439.829	1681.25
440.05	1741.25
440.272	1800.25
440.493	1743.25
440.715	1657.25
440.936	1670.25
441.158	1681.25
441.379	1747.25
441.6	1792.25
441.822	1865.25
442.043	1896.25
442.264	1933.25
442.486	1908.25
442.707	1814.25
442.928	1791.25
443.149	1823.25
443.371	1812.25
443.592	1861.25
443.813	2052.25
444.034	2116.25
444.255	1930.25
444.476	1909.25
444.698	1965.25
444.919	1936.25
445.14	2054.25
445.361	1947.25
445.582	1907.25
445.803	1950.25
446.024	2054.25
446.245	1989.25
446.466	1949.25
446.687	1760.25
446.908	1759.25
447.129	1712.25
447.35	1633.25
447.571	1664.25
447.792	1624.25
448.013	1601.25
448.234	1620.25
448.455	1726.25
448.675	1839.25
448.896	1980.25
449.117	1727.25
449.338	1705.25
449.559	1891.25
449.779	1984.25
450	1711.25
450.221	1587.25
450.442	1558.25
450.662	1504.25
450.883	1525.25
451.104	1549.25
451.324	1544.25
451.545	1497.25
451.766	1487.25
451.986	1430.25
452.207	1417.25
452.428	1411.25
452.648	1400.25
452.869	1348.25
453.089	1324.25
453.31	1352.25
453.53	1269.25
453.751	1273.25
453.971	1232.25
454.192	1317.25
454.412	1289.25
454.633	1316.25
454.853	1312.25
455.073	1290.25
455.294	1353.25
455.514	1409.25
455.734	1384.25
455.955	1277.25
456.175	1224.25
456.395	1215.25
456.616	1185.25
456.836	1161.25
457.056	1174.25
457.276	1165.25
457.497	1191.25
457.717	1194.25
457.937	1202.25
458.157	1216.25
458.377	1230.25
458.598	1269.25
458.818	1307.25
459.038	1467.25
459.258	1453.25
459.478	1369.25
459.698	1333.25
459.918	1367.25
460.138	1421.25
460.358	1494.25
460.578	1539.25
460.798	1550.25
461.018	1540.25
461.238	1540.25
461.458	1533.25
461.678	1511.25
461.898	1538.25
462.118	1556.25
462.338	1610.25
462.558	1606.25
462.777	1693.25
462.997	1759.25
463.217	1907.25
463.437	1883.25
463.657	1723.25
463.876	1696.25
464.096	1717.25
464.316	1665.25
464.536	1736.25
464.755	1720.25
464.975	1703.25
465.195	1763.25
465.414	1814.25
465.634	1643.25
465.854	1486.25
466.073	1489.25
466.293	1457.25
466.512	1468.25
466.732	1439.25
466.951	1449.25
467.171	1452.25
467.391	1485.25
467.61	1495.25
467.829	1503.25
468.049	1520.25
468.268	1513.25
468.488	1504.25
468.707	1431.25
468.927	1411.25
469.146	1441.25
469.365	1488.25
469.585	1459.25
469.804	1472.25
470.023	1564.25
470.243	1583.25
470.462	1561.25
470.681	1616.25
470.901	1566.25
471.12	1491.25
471.339	1538.25
471.558	1535.25
471.777	1488.25
471.997	1472.25
472.216	1476.25
472.435	1582.25
472.654	1419.25
472.873	1320.25
473.092	1327.25
473.311	1318.25
473.53	1375.25
473.749	1370.25
473.968	1372.25
474.187	1521.25
474.406	1533.25
474.625	1436.25
474.844	1407.25
475.063	1398.25
475.282	1364.25
475.501	1320.25
475.72	1316.25
475.939	1364.25
476.158	1436.25
476.377	1420.25
476.596	1383.25
476.814	1379.25
477.033	1352.25
477.252	1392.25
477.471	1482.25
477.69	1540.25
477.908	1567.25
478.127	1624.25
478.346	1601.25
478.564	1627.25
478.783	1629.25
479.002	1718.25
479.22	1683.25
479.439	1679.25
479.658	1660.25
479.876	1559.25
480.095	1605.25
480.313	1681.25
480.532	1681.25
480.751	1635.25
480.969	1573.25
481.188	1808.25
481.406	1944.25
481.624	1533.25
481.843	1461.25
482.061	1439.25
482.28	1462.25
482.498	1473.25
482.717	1441.25
482.935	1509.25
483.153	1586.25
483.372	1681.25
483.59	1692.25
483.808	1624.25
484.027	1549.25
484.245	1575.25
484.463	1618.25
484.681	1679.25
484.9	1603.25
485.118	1630.25
485.336	1591.25
485.554	1557.25
485.772	1490.25
485.99	1493.25
486.209	1566.25
486.427	1555.25
486.645	1606.25
486.863	1724.25
487.081	1769.25
487.299	1665.25
487.517	1691.25
487.735	1876.25
487.953	2002.25
488.171	1991.25
488.389	1890.25
488.607	1809.25
488.825	1673.25
489.043	1635.25
489.261	1684.25
489.479	1718.25
489.696	1715.25
489.914	1755.25
490.132	1812.25
490.35	1927.25
490.568	1960.25
490.786	2017.25
491.003	2116.25
491.221	2157.25
491.439	2213.25
491.657	2248.25
491.874	2356.25
492.092	2480.25
492.31	2622.25
492.527	2531.25
492.745	2398.25
492.963	2323.25
493.18	2316.25
493.398	2253.25
493.615	2209.25
493.833	2240.25
494.05	2174.25
494.268	2239.25
494.485	2209.25
494.703	2205.25
494.92	2200.25
495.138	2203.25
495.355	2163.25
495.573	2171.25
495.79	2179.25
496.008	2212.25
496.225	2221.25
496.442	2142.25
496.66	2147.25
496.877	2161.25
497.094	2152.25
497.312	2170.25
497.529	2137.25
497.746	2095.25
497.963	2085.25
498.181	2129.25
498.398	2131.25
498.615	2186.25
498.832	2295.25
499.049	2435.25
499.267	2560.25
499.484	2729.25
499.701	2991.25
499.918	3161.25
500.135	3575.25
500.352	3977.25
500.569	4125.25
500.786	4158.25
501.003	3855.25
501.22	3523.25
501.437	3219.25
501.654	2871.25
501.871	2776.25
502.088	2575.25
502.305	2416.25
502.522	2325.25
502.739	2195.25
502.956	2130.25
503.172	2094.25
503.389	2014.25
503.606	1959.25
503.823	1957.25
504.04	1890.25
504.256	1906.25
504.473	1911.25
504.69	1923.25
504.907	1907.25
505.123	1852.25
505.34	1772.25
505.557	1750.25
505.773	1726.25
505.99	1720.25
506.207	1711.25
506.423	1687.25
506.64	1662.25
506.856	1646.25
507.073	1664.25
507.289	1592.25
507.506	1574.25
507.722	1596.25
507.939	1633.25
508.155	1595.25
508.372	1541.25
508.588	1512.25
508.805	1520.25
509.021	1495.25
509.238	1436.25
509.454	1443.25
509.67	1451.25
509.887	1383.25
510.103	1424.25
510.319	1438.25
510.536	1681.25
510.752	3088.25
510.968	2208.25
511.184	1466.25
511.401	1381.25
511.617	1344.25
511.833	1357.25
512.049	1358.25
512.265	1374.25
512.481	1377.25
512.698	1361.25
512.914	1372.25
513.13	1353.25
513.346	1359.25
513.562	1369.25
513.778	1389.25
513.994	1397.25
514.21	1392.25
514.426	1429.25
514.642	1513.25
514.858	1553.25
515.074	1616.25
515.29	1962.25
515.506	3086.25
515.721	2405.25
515.937	1631.25
516.153	1526.25
516.369	1483.25
516.585	1529.25
516.801	1547.25
517.016	1551.25
517.232	1614.25
517.448	1630.25
517.664	1683.25
517.879	1705.25
518.095	1747.25
518.311	1654.25
518.527	1627.25
518.742	1616.25
518.958	1576.25
519.173	1541.25
519.389	1555.25
519.605	1516.25
519.82	1503.25
520.036	1503.25
520.251	1543.25
520.467	1535.25
520.682	1488.25
520.898	1467.25
521.113	1512.25
521.329	1576.25
521.544	1755.25
521.76	2191.25
521.975	4015.25
522.19	3711.25
522.406	1931.25
522.621	1545.25
522.836	1428.25
523.052	1400.25
523.267	1358.25
523.482	1336.25
523.698	1357.25
523.913	1366.25
524.128	1384.25
524.343	1359.25
524.559	1338.25
524.774	1327.25
524.989	1340.25
525.204	1325.25
525.419	1337.25
525.634	1247.25
525.849	1251.25
526.064	1213.25
526.28	1190.25
526.495	1157.25
526.71	1137.25
526.925	1104.25
527.14	1107.25
527.355	1133.25
527.57	1119.25
527.785	1092.25
527.999	1167.25
528.214	1187.25
528.429	1268.25
528.644	1294.25
528.859	1361.25
529.074	1442.25
529.289	1583.25
529.503	1686.25
529.718	1494.25
529.933	1285.25
530.148	1175.25
530.363	1153.25
530.577	1115.25
530.792	1099.25
531.007	1095.25
531.221	1109.25
531.436	1077.25
531.651	1094.25
531.865	1069.25
532.08	1096.25
532.295	1068.25
532.509	1121.25
532.724	1100.25
532.938	1109.25
533.153	1125.25
533.367	1191.25
533.582	1249.25
533.796	1239.25
534.011	1185.25
534.225	1108.25
534.44	1094.25
534.654	1046.25
534.868	1083.25
535.083	1094.25
535.297	1100.25
535.511	1136.25
535.726	1146.25
535.94	1152.25
536.154	1077.25
536.369	1094.25
536.583	1033.25
536.797	1017.25
537.011	1031.25
537.225	1024.25
537.44	1047.25
537.654	1030.25
537.868	1045.25
538.082	1017.25
538.296	1048.25
538.51	1107.25
538.724	1129.25
538.938	1165.25
539.153	1175.25
539.367	1172.25
539.581	1147.25
539.795	1103.25
540.009	1033.25
540.222	1045.25
540.436	1069.25
540.65	1119.25
540.864	1224.25
541.078	1307.25
541.292	1417.25
541.506	1483.25
541.72	1554.25
541.934	1686.25
542.147	1750.25
542.361	1645.25
542.575	1481.25
542.789	1362.25
543.002	1283.25
543.216	1213.25
543.43	1221.25
543.644	1259.25
543.857	1378.25
544.071	1416.25
544.285	1498.25
544.498	1515.25
544.712	1493.25
544.925	1511.25
545.139	1575.25
545.352	1542.25
545.566	1558.25
545.779	1548.25
545.993	1559.25
546.206	1615.25
546.42	1629.25
546.633	1616.25
546.847	1584.25
547.06	1565.25
547.274	1636.25
547.487	1700.25
547.7	1700.25
547.914	1625.25
548.127	1645.25
548.34	1583.25
548.554	1553.25
548.767	1584.25
548.98	1574.25
549.193	1541.25
549.407	1555.25
549.62	1532.25
549.833	1580.25
550.046	1509.25
550.259	1506.25
550.473	1474.25
550.686	1476.25
550.899	1420.25
551.112	1435.25
551.325	1361.25
551.538	1314.25
551.751	1199.25
551.964	1188.25
552.177	1250.25
552.39	1392.25
552.603	1460.25
552.816	1549.25
553.029	1550.25
553.242	1608.25
553.455	1647.25
553.667	1618.25
553.88	1595.25
554.093	1565.25
554.306	1524.25
554.519	1516.25
554.732	1477.25
554.944	1467.25
555.157	1438.25
555.37	1392.25
555.583	1379.25
555.795	1321.25
556.008	1263.25
556.221	1245.25
556.433	1250.25
556.646	1271.25
556.859	1233.25
557.071	1296.25
557.284	1278.25
557.496	1265.25
557.709	1263.25
557.921	1265.25
558.134	1284.25
558.346	1241.25
558.559	1264.25
558.771	1235.25
558.984	1185.25
559.196	1176.25
559.409	1158.25
559.621	1171.25
559.833	1133.25
560.046	1115.25
560.258	1117.25
560.47	1180.25
560.683	1157.25
560.895	1167.25
561.107	1145.25
561.32	1124.25
561.532	1171.25
561.744	1179.25
561.956	1138.25
562.168	1163.25
562.381	1112.25
562.593	1126.25
562.805	1111.25
563.017	1142.25
563.229	1083.25
563.441	1111.25
563.653	1088.25
563.865	1124.25
564.077	1092.25
564.289	1077.25
564.501	1099.25
564.713	1109.25
564.925	1119.25
565.137	1148.25
565.349	1116.25
565.561	1118.25
565.773	1192.25
565.985	1184.25
566.197	1229.25
566.408	1286.25
566.62	1359.25
566.832	1444.25
567.044	1472.25
567.255	1427.25
567.467	1396.25
567.679	1428.25
567.891	1490.25
568.102	1469.25
568.314	1391.25
568.526	1228.25
568.737	1119.25
568.949	1030.25
569.161	954.25
569.372	914.25
569.584	848.25
569.795	851.25
570.007	830.25
570.218	926.25
570.43	911.25
570.641	844.25
570.853	884.25
571.064	899.25
571.276	934.25
571.487	909.25
571.698	849.25
571.91	898.25
572.121	817.25
572.333	808.25
572.544	771.25
572.755	730.25
572.966	690.25
573.178	678.25
573.389	658.25
573.6	645.25
573.811	644.25
574.023	651.25
574.234	661.25
574.445	681.25
574.656	670.25
574.867	696.25
575.078	733.25
575.289	725.25
575.501	698.25
575.712	691.25
575.923	675.25
576.134	681.25
576.345	714.25
576.556	719.25
576.767	697.25
576.978	719.25
577.188	674.25
577.399	632.25
577.61	650.25
577.821	672.25
578.032	673.25
578.243	736.25
578.454	1226.25
578.665	833.25
578.875	653.25
579.086	587.25
579.297	583.25
579.508	560.25
579.718	557.25
579.929	556.25
580.14	551.25
580.35	555.25
580.561	543.25
580.772	578.25
580.982	601.25
581.193	600.25
581.403	594.25
581.614	616.25
581.825	583.25
582.035	593.25
582.246	594.25
582.456	599.25
582.667	591.25
582.877	600.25
583.087	564.25
583.298	573.25
583.508	543.25
583.719	546.25
583.929	553.25
584.139	552.25
584.35	535.25
584.56	528.25
584.77	546.25
584.981	555.25
585.191	542.25
585.401	558.25
585.611	535.25
585.821	549.25
586.032	540.25
586.242	531.25
586.452	542.25
586.662	519.25
586.872	490.25
587.082	530.25
587.292	539.25
587.502	521.25
587.713	520.25
587.923	517.25
588.133	529.25
588.343	510.25
588.553	479.25
588.762	516.25
588.972	519.25
589.182	527.25
589.392	539.25
589.602	523.25
589.812	540.25
590.022	522.25
590.232	505.25
590.441	527.25
590.651	531.25
590.861	507.25
591.071	531.25
591.281	507.25
591.49	537.25
591.7	531.25
591.91	547.25
592.119	553.25
592.329	558.25
592.539	588.25
592.748	597.25
592.958	617.25
593.167	618.25
593.377	607.25
593.587	618.25
593.796	623.25
594.006	632.25
594.215	642.25
594.424	653.25
594.634	648.25
594.843	645.25
595.053	630.25
595.262	619.25
595.472	590.25
595.681	552.25
595.89	558.25
596.1	545.25
596.309	556.25
596.518	561.25
596.727	581.25
596.937	580.25
597.146	561.25
597.355	556.25
597.564	527.25
597.774	516.25
597.983	507.25
598.192	486.25
598.401	457.25
598.61	473.25
598.819	484.25
599.028	485.25
599.237	517.25
599.446	486.25
599.655	481.25
599.864	504.25
600.073	491.25
600.282	500.25
600.491	505.25
600.7	510.25
600.909	552.25
601.118	578.25
601.327	596.25
601.536	616.25
601.745	628.25
601.953	672.25
602.162	661.25
602.371	688.25
602.58	665.25
602.789	671.25
602.997	671.25
603.206	683.25
603.415	657.25
603.623	670.25
603.832	678.25
604.041	637.25
604.249	575.25
604.458	541.25
604.666	527.25
604.875	518.25
605.084	577.25
605.292	613.25
605.501	683.25
605.709	734.25
605.918	710.25
606.126	747.25
606.334	732.25
606.543	725.25
606.751	724.25
606.96	731.25
607.168	724.25
607.376	661.25
607.585	707.25
607.793	727.25
608.001	727.25
608.21	756.25
608.418	720.25
608.626	736.25
608.834	755.25
609.043	723.25
609.251	712.25
609.459	753.25
609.667	756.25
609.875	771.25
610.083	776.25
610.291	740.25
610.499	745.25
610.707	754.25
610.916	776.25
611.124	757.25
611.332	731.25
611.54	756.25
611.748	755.25
611.955	761.25
612.163	768.25
612.371	750.25
612.579	748.25
612.787	726.25
612.995	723.25
613.203	741.25
613.411	733.25
613.618	744.25
613.826	751.25
614.034	740.25
614.242	721.25
614.449	741.25
614.657	716.25
614.865	734.25
615.072	735.25
615.28	748.25
615.488	740.25
615.695	750.25
615.903	707.25
616.111	721.25
616.318	735.25
616.526	759.25
616.733	763.25
616.941	726.25
617.148	719.25
617.356	721.25
617.563	691.25
617.771	669.25
617.978	653.25
618.185	689.25
618.393	697.25
618.6	740.25
618.807	714.25
619.015	741.25
619.222	704.25
619.429	677.25
619.637	625.25
619.844	565.25
620.051	609.25
620.258	640.25
620.466	642.25
620.673	644.25
620.88	627.25
621.087	622.25
621.294	623.25
621.501	591.25
621.708	596.25
621.915	612.25
622.122	656.25
622.329	655.25
622.536	680.25
622.743	657.25
622.95	634.25
623.157	633.25
623.364	658.25
623.571	673.25
623.778	657.25
623.985	691.25
624.192	629.25
624.399	656.25
624.606	627.25
624.812	602.25
625.019	587.25
625.226	598.25
625.433	558.25
625.639	515.25
625.846	487.25
626.053	451.25
626.259	431.25
626.466	438.25
626.673	420.25
626.879	407.25
627.086	443.25
627.293	499.25
627.499	571.25
627.706	609.25
627.912	591.25
628.119	627.25
628.325	627.25
628.532	591.25
628.738	590.25
628.945	562.25
629.151	558.25
629.357	552.25
629.564	528.25
629.77	543.25
629.976	525.25
630.183	479.25
630.389	521.25
630.595	541.25
630.802	552.25
631.008	552.25
631.214	534.25
631.42	537.25
631.627	483.25
631.833	495.25
632.039	493.25
632.245	495.25
632.451	516.25
632.657	499.25
632.863	517.25
633.069	498.25
633.275	495.25
633.481	478.25
633.688	503.25
633.893	471.25
634.099	488.25
634.305	477.25
634.511	486.25
634.717	449.25
634.923	419.25
635.129	416.25
635.335	415.25
635.541	429.25
635.747	433.25
635.952	461.25
636.158	495.25
636.364	510.25
636.57	516.25
636.775	519.25
636.981	518.25
637.187	509.25
637.392	515.25
637.598	507.25
637.804	536.25
638.009	525.25
638.215	537.25
638.421	505.25
638.626	509.25
638.832	485.25
639.037	462.25
639.243	451.25
639.448	447.25
639.654	465.25
639.859	462.25
640.065	465.25
640.27	473.25
640.475	468.25
640.681	455.25
640.886	471.25
641.091	484.25
641.297	483.25
641.502	483.25
641.707	480.25
641.913	480.25
642.118	472.25
642.323	467.25
642.528	480.25
642.733	480.25
642.939	463.25
643.144	442.25
643.349	453.25
643.554	456.25
643.759	456.25
643.964	463.25
644.169	456.25
644.374	454.25
644.579	441.25
644.784	454.25
644.989	455.25
645.194	465.25
645.399	471.25
645.604	440.25
645.809	441.25
646.014	448.25
646.219	446.25
646.423	456.25
646.628	456.25
646.833	456.25
647.038	454.25
647.243	459.25
647.447	450.25
647.652	456.25
647.857	442.25
648.062	460.25
648.266	456.25
648.471	478.25
648.676	465.25
648.88	453.25
649.085	454.25
649.289	443.25
649.494	470.25
649.698	461.25
649.903	443.25
650.107	454.25
650.312	424.25
650.516	433.25
650.721	432.25
650.925	413.25
651.13	397.25
651.334	414.25
651.539	419.25
651.743	381.25
651.947	390.25
652.152	387.25
652.356	373.25
652.56	369.25
652.764	356.25
652.969	360.25
653.173	331.25
653.377	335.25
653.581	371.25
653.785	369.25
653.99	339.25
654.194	341.25
654.398	333.25
654.602	318.25
654.806	309.25
655.01	313.25
655.214	312.25
655.418	310.25
655.622	292.25
655.826	299.25
656.03	299.25
656.234	282.25
656.438	275.25
656.642	277.25
656.846	277.25
657.049	264.25
657.253	260.25
657.457	247.25
657.661	226.25
657.865	228.25
658.068	219.25
658.272	217.25
658.476	215.25
658.68	196.25
658.883	185.25
659.087	189.25
659.291	187.25
659.494	184.25
659.698	181.25
659.901	157.25
660.105	169.25
660.309	162.25
660.512	172.25
660.716	150.25
660.919	145.25
661.123	137.25
661.326	138.25
661.53	137.25
661.733	137.25
661.936	116.25
662.14	116.25
662.343	102.25
662.546	93.25
662.75	99.25
662.953	117.25
663.156	103.25
663.36	105.25
663.563	100.25
663.766	93.25
663.969	105.25
664.173	110.25
664.376	99.25
664.579	94.25
664.782	73.25
664.985	86.25
665.188	97.25
665.391	94.25
665.594	81.25
665.797	96.25
666	88.25
666.203	90.25
666.406	90.25
666.609	89.25
666.812	74.25
667.015	81.25
667.218	77.25
667.421	101.25
667.624	78.25
667.827	81.25
668.03	93.25
668.232	89.25
668.435	79.25
668.638	96.25
668.841	84.25
669.043	84.25
669.246	85.25
669.449	88.25
669.651	79.25
669.854	81.25
670.057	78.25
670.259	92.25
670.462	90.25
670.665	89.25
670.867	77.25
671.07	81.25
671.272	88.25
671.475	84.25
671.677	83.25
671.88	88.25
672.082	83.25
672.284	89.25
672.487	93.25
672.689	79.25
672.892	86.25
