223.165	-23.44
223.4	-23.44
223.635	-23.44
223.869	-29.44
224.104	-19.44
224.338	-6.44
224.573	-4.44
224.808	-14.44
225.042	-10.44
225.277	-3.44
225.511	-2.44
225.746	-1.44
225.98	7.56
226.215	13.56
226.449	16.56
226.683	26.56
226.918	26.56
227.152	24.56
227.387	31.56
227.621	36.56
227.856	53.56
228.09	48.56
228.324	46.56
228.559	66.56
228.793	81.56
229.027	124.56
229.262	160.56
229.496	153.56
229.73	168.56
229.964	221.56
230.199	192.56
230.433	151.56
230.667	160.56
230.901	156.56
231.136	149.56
231.37	154.56
231.604	148.56
231.838	160.56
232.072	156.56
232.306	146.56
232.541	157.56
232.775	176.56
233.009	156.56
233.243	157.56
233.477	177.56
233.711	166.56
233.945	170.56
234.179	179.56
234.413	172.56
234.647	158.56
234.881	166.56
235.115	160.56
235.349	162.56
235.583	169.56
235.817	168.56
236.051	179.56
236.285	180.56
236.519	197.56
236.753	199.56
236.987	209.56
237.221	260.56
237.455	309.56
237.689	250.56
237.922	206.56
238.156	190.56
238.39	184.56
238.624	191.56
238.858	184.56
239.091	175.56
239.325	184.56
239.559	173.56
239.793	190.56
240.027	193.56
240.26	206.56
240.494	224.56
240.728	214.56
240.961	210.56
241.195	203.56
241.429	217.56
241.662	200.56
241.896	208.56
242.13	223.56
242.363	219.56
242.597	223.56
242.83	238.56
243.064	215.56
243.298	223.56
243.531	209.56
243.765	219.56
243.998	228.56
244.232	243.56
244.465	247.56
244.699	244.56
244.932	238.56
245.166	240.56
245.399	238.56
245.633	233.56
245.866	229.56
246.099	244.56
246.333	242.56
246.566	259.56
246.8	251.56
247.033	266.56
247.266	264.56
247.5	263.56
247.733	260.56
247.966	284.56
248.2	280.56
248.433	277.56
248.666	273.56
248.899	276.56
249.133	303.56
249.366	313.56
249.599	330.56
249.832	305.56
250.066	328.56
250.299	377.56
250.532	430.56
250.765	474.56
250.998	432.56
251.231	412.56
251.465	384.56
251.698	353.56
251.931	357.56
252.164	350.56
252.397	329.56
252.63	313.56
252.863	347.56
253.096	380.56
253.329	355.56
253.562	364.56
253.795	348.56
254.028	324.56
254.261	355.56
254.494	373.56
254.727	396.56
254.96	401.56
255.193	417.56
255.426	405.56
255.659	434.56
255.892	549.56
256.124	684.56
256.357	723.56
256.59	629.56
256.823	532.56
257.056	456.56
257.289	418.56
257.521	435.56
257.754	413.56
257.987	388.56
258.22	395.56
258.452	376.56
258.685	366.56
258.918	382.56
259.151	387.56
259.383	376.56
259.616	365.56
259.849	372.56
260.081	409.56
260.314	415.56
260.547	401.56
260.779	390.56
261.012	393.56
261.244	381.56
261.477	398.56
261.71	393.56
261.942	412.56
262.175	407.56
262.407	408.56
262.64	387.56
262.872	384.56
263.105	376.56
263.337	370.56
263.57	374.56
263.802	366.56
264.035	356.56
264.267	375.56
264.499	386.56
264.732	394.56
264.964	380.56
265.197	376.56
265.429	367.56
265.661	392.56
265.894	357.56
266.126	382.56
266.358	386.56
266.591	371.56
266.823	389.56
267.055	417.56
267.287	419.56
267.52	399.56
267.752	404.56
267.984	401.56
268.216	399.56
268.448	400.56
268.681	420.56
268.913	416.56
269.145	437.56
269.377	462.56
269.609	452.56
269.841	434.56
270.073	426.56
270.306	472.56
270.538	482.56
270.77	468.56
271.002	481.56
271.234	458.56
271.466	475.56
271.698	502.56
271.93	485.56
272.162	481.56
272.394	498.56
272.626	486.56
272.858	475.56
273.09	445.56
273.322	463.56
273.553	471.56
273.785	481.56
274.017	454.56
274.249	481.56
274.481	478.56
274.713	469.56
274.945	484.56
275.176	492.56
275.408	474.56
275.64	486.56
275.872	486.56
276.104	495.56
276.335	496.56
276.567	483.56
276.799	551.56
277.031	562.56
277.262	609.56
277.494	601.56
277.726	556.56
277.957	560.56
278.189	534.56
278.421	536.56
278.652	521.56
278.884	501.56
279.115	508.56
279.347	519.56
279.579	500.56
279.81	535.56
280.042	549.56
280.273	600.56
280.505	590.56
280.736	544.56
280.968	534.56
281.199	523.56
281.431	509.56
281.662	522.56
281.894	518.56
282.125	536.56
282.356	562.56
282.588	572.56
282.819	581.56
283.051	543.56
283.282	520.56
283.513	506.56
283.745	550.56
283.976	522.56
284.207	518.56
284.439	545.56
284.67	538.56
284.901	529.56
285.132	536.56
285.364	536.56
285.595	514.56
285.826	516.56
286.057	536.56
286.288	535.56
286.52	545.56
286.751	538.56
286.982	544.56
287.213	542.56
287.444	553.56
287.675	551.56
287.906	566.56
288.138	598.56
288.369	544.56
288.6	590.56
288.831	576.56
289.062	562.56
289.293	564.56
289.524	551.56
289.755	572.56
289.986	574.56
290.217	547.56
290.448	585.56
290.679	574.56
290.91	558.56
291.141	564.56
291.371	542.56
291.602	591.56
291.833	545.56
292.064	547.56
292.295	547.56
292.526	577.56
292.757	560.56
292.987	567.56
293.218	576.56
293.449	590.56
293.68	593.56
293.91	554.56
294.141	572.56
294.372	572.56
294.603	585.56
294.833	569.56
295.064	577.56
295.295	552.56
295.525	585.56
295.756	606.56
295.987	597.56
296.217	639.56
296.448	672.56
296.679	626.56
296.909	580.56
297.14	609.56
297.37	636.56
297.601	597.56
297.831	601.56
298.062	617.56
298.292	601.56
298.523	600.56
298.753	619.56
298.984	593.56
299.214	626.56
299.445	638.56
299.675	638.56
299.905	646.56
300.136	634.56
300.366	640.56
300.597	624.56
300.827	672.56
301.057	669.56
301.288	668.56
301.518	662.56
301.748	669.56
301.979	681.56
302.209	693.56
302.439	690.56
302.669	664.56
302.9	654.56
303.13	678.56
303.36	656.56
303.59	692.56
303.82	701.56
304.051	703.56
304.281	670.56
304.511	704.56
304.741	671.56
304.971	684.56
305.201	692.56
305.431	682.56
305.661	682.56
305.891	647.56
306.121	681.56
306.352	696.56
306.582	697.56
306.812	693.56
307.042	703.56
307.272	737.56
307.502	731.56
307.731	742.56
307.961	712.56
308.191	692.56
308.421	677.56
308.651	689.56
308.881	682.56
309.111	710.56
309.341	704.56
309.571	733.56
309.8	713.56
310.03	729.56
310.26	741.56
310.49	765.56
310.72	751.56
310.949	783.56
311.179	779.56
311.409	781.56
311.639	777.56
311.868	774.56
312.098	772.56
312.328	796.56
312.557	799.56
312.787	819.56
313.017	832.56
313.246	790.56
313.476	802.56
313.706	809.56
313.935	792.56
314.165	808.56
314.394	839.56
314.624	806.56
314.853	816.56
315.083	794.56
315.312	790.56
315.542	784.56
315.771	778.56
316.001	777.56
316.23	792.56
316.46	794.56
316.689	799.56
316.919	788.56
317.148	798.56
317.377	830.56
317.607	824.56
317.836	796.56
318.065	776.56
318.295	777.56
318.524	779.56
318.753	796.56
318.983	797.56
319.212	789.56
319.441	841.56
319.67	828.56
319.9	816.56
320.129	839.56
320.358	838.56
320.587	842.56
320.816	838.56
321.046	873.56
321.275	858.56
321.504	865.56
321.733	900.56
321.962	892.56
322.191	896.56
322.42	933.56
322.649	942.56
322.878	960.56
323.108	986.56
323.337	1033.56
323.566	1048.56
323.795	1123.56
324.024	1196.56
324.253	1479.56
324.482	2017.56
324.71	3040.56
324.939	4165.56
325.168	3358.56
325.397	1897.56
325.626	1387.56
325.855	1246.56
326.084	1162.56
326.313	1165.56
326.542	1190.56
326.77	1304.56
326.999	1493.56
327.228	1985.56
327.457	2846.56
327.686	3301.56
327.914	2336.56
328.143	1908.56
328.372	1937.56
328.6	1800.56
328.829	1480.56
329.058	1454.56
329.287	1471.56
329.515	1452.56
329.744	1565.56
329.972	1802.56
330.201	2253.56
330.43	2806.56
330.658	2397.56
330.887	1751.56
331.115	1530.56
331.344	1349.56
331.572	1290.56
331.801	1301.56
332.03	1317.56
332.258	1256.56
332.486	1255.56
332.715	1273.56
332.943	1276.56
333.172	1366.56
333.4	1467.56
333.629	1532.56
333.857	1702.56
334.085	1966.56
334.314	2538.56
334.542	3413.56
334.771	3609.56
334.999	2402.56
335.227	1718.56
335.455	1469.56
335.684	1358.56
335.912	1318.56
336.14	1256.56
336.369	1202.56
336.597	1190.56
336.825	1204.56
337.053	1167.56
337.281	1154.56
337.51	1117.56
337.738	1110.56
337.966	1096.56
338.194	1081.56
338.422	1072.56
338.65	1071.56
338.878	1057.56
339.106	1001.56
339.334	1010.56
339.562	1043.56
339.79	996.56
340.018	997.56
340.246	989.56
340.474	1020.56
340.702	1004.56
340.93	985.56
341.158	1004.56
341.386	1006.56
341.614	998.56
341.842	990.56
342.07	999.56
342.298	946.56
342.526	982.56
342.754	956.56
342.981	997.56
343.209	970.56
343.437	997.56
343.665	1048.56
343.893	1114.56
344.12	1123.56
344.348	1084.56
344.576	1020.56
344.804	1037.56
345.031	1061.56
345.259	1020.56
345.487	1020.56
345.714	1014.56
345.942	988.56
346.17	976.56
346.397	951.56
346.625	950.56
346.853	959.56
347.08	943.56
347.308	956.56
347.535	976.56
347.763	980.56
347.99	982.56
348.218	994.56
348.445	964.56
348.673	980.56
348.9	964.56
349.128	954.56
349.355	942.56
349.583	946.56
349.81	932.56
350.037	912.56
350.265	905.56
350.492	981.56
350.72	916.56
350.947	928.56
351.174	962.56
351.402	970.56
351.629	964.56
351.856	969.56
352.083	929.56
352.311	1002.56
352.538	983.56
352.765	1003.56
352.992	994.56
353.22	980.56
353.447	980.56
353.674	937.56
353.901	920.56
354.128	928.56
354.355	905.56
354.583	932.56
354.81	930.56
355.037	919.56
355.264	896.56
355.491	911.56
355.718	924.56
355.945	907.56
356.172	900.56
356.399	943.56
356.626	952.56
356.853	914.56
357.08	898.56
357.307	905.56
357.534	892.56
357.761	912.56
357.988	940.56
358.215	924.56
358.441	918.56
358.668	924.56
358.895	944.56
359.122	934.56
359.349	948.56
359.576	975.56
359.802	1000.56
360.029	1029.56
360.256	1080.56
360.483	1038.56
360.709	968.56
360.936	947.56
361.163	987.56
361.39	997.56
361.616	1024.56
361.843	969.56
362.07	976.56
362.296	989.56
362.523	976.56
362.749	1007.56
362.976	998.56
363.203	982.56
363.429	971.56
363.656	950.56
363.882	973.56
364.109	967.56
364.335	968.56
364.562	963.56
364.788	968.56
365.015	976.56
365.241	956.56
365.468	981.56
365.694	976.56
365.92	984.56
366.147	978.56
366.373	983.56
366.599	962.56
366.826	967.56
367.052	990.56
367.278	975.56
367.505	991.56
367.731	1000.56
367.957	988.56
368.184	1012.56
368.41	991.56
368.636	1005.56
368.862	1020.56
369.089	1057.56
369.315	1013.56
369.541	1024.56
369.767	996.56
369.993	1025.56
370.219	1012.56
370.445	1005.56
370.672	1017.56
370.898	997.56
371.124	999.56
371.35	1023.56
371.576	1045.56
371.802	1019.56
372.028	998.56
372.254	1001.56
372.48	1041.56
372.706	1063.56
372.932	1064.56
373.158	1076.56
373.384	1044.56
373.61	1049.56
373.835	1062.56
374.061	1033.56
374.287	1041.56
374.513	1052.56
374.739	1101.56
374.965	1102.56
375.191	1080.56
375.416	1109.56
375.642	1080.56
375.868	1088.56
376.094	1041.56
376.319	1026.56
376.545	1076.56
376.771	1048.56
376.997	1033.56
377.222	1035.56
377.448	1048.56
377.674	1047.56
377.899	1030.56
378.125	1028.56
378.35	1040.56
378.576	1035.56
378.802	1029.56
379.027	1018.56
379.253	1032.56
379.478	1026.56
379.704	1037.56
379.929	1051.56
380.155	1071.56
380.38	1038.56
380.606	1028.56
380.831	1032.56
381.057	1047.56
381.282	1048.56
381.507	1059.56
381.733	1048.56
381.958	1064.56
382.184	1081.56
382.409	1080.56
382.634	1118.56
382.86	1102.56
383.085	1108.56
383.31	1102.56
383.535	1136.56
383.761	1137.56
383.986	1157.56
384.211	1153.56
384.436	1189.56
384.662	1185.56
384.887	1202.56
385.112	1176.56
385.337	1222.56
385.562	1229.56
385.787	1218.56
386.013	1234.56
386.238	1272.56
386.463	1245.56
386.688	1246.56
386.913	1229.56
387.138	1209.56
387.363	1236.56
387.588	1224.56
387.813	1220.56
388.038	1216.56
388.263	1239.56
388.488	1223.56
388.713	1236.56
388.938	1234.56
389.163	1196.56
389.387	1220.56
389.612	1226.56
389.837	1189.56
390.062	1251.56
390.287	1218.56
390.512	1218.56
390.736	1237.56
390.961	1264.56
391.186	1256.56
391.411	1301.56
391.636	1336.56
391.86	1337.56
392.085	1382.56
392.31	1368.56
392.534	1348.56
392.759	1318.56
392.984	1320.56
393.208	1329.56
393.433	1336.56
393.658	1281.56
393.882	1362.56
394.107	1306.56
394.331	1325.56
394.556	1326.56
394.78	1342.56
395.005	1370.56
395.229	1346.56
395.454	1410.56
395.678	1389.56
395.903	1422.56
396.127	1387.56
396.352	1402.56
396.576	1347.56
396.801	1357.56
397.025	1390.56
397.249	1427.56
397.474	1416.56
397.698	1442.56
397.922	1444.56
398.147	1472.56
398.371	1493.56
398.595	1543.56
398.82	1541.56
399.044	1615.56
399.268	1744.56
399.492	1985.56
399.717	2132.56
399.941	2119.56
400.165	2017.56
400.389	1916.56
400.613	1764.56
400.837	1650.56
401.062	1600.56
401.286	1581.56
401.51	1590.56
401.734	1632.56
401.958	1612.56
402.182	1629.56
402.406	1715.56
402.63	1696.56
402.854	1718.56
403.078	1742.56
403.302	1725.56
403.526	1776.56
403.75	1824.56
403.974	1839.56
404.198	1826.56
404.422	1874.56
404.645	1885.56
404.869	1926.56
405.093	2002.56
405.317	2058.56
405.541	2113.56
405.765	2030.56
405.988	1932.56
406.212	1916.56
406.436	1972.56
406.66	1971.56
406.883	1938.56
407.107	1996.56
407.331	2052.56
407.555	2197.56
407.778	2166.56
408.002	2050.56
408.226	1971.56
408.449	1961.56
408.673	1906.56
408.896	1943.56
409.12	1959.56
409.344	1930.56
409.567	1809.56
409.791	1830.56
410.014	1822.56
410.238	1778.56
410.461	1792.56
410.685	1806.56
410.908	1834.56
411.132	1872.56
411.355	1846.56
411.578	1864.56
411.802	1747.56
412.025	1845.56
412.249	1907.56
412.472	2024.56
412.695	2115.56
412.919	2112.56
413.142	1965.56
413.365	1892.56
413.589	1840.56
413.812	1801.56
414.035	1758.56
414.258	1721.56
414.482	1741.56
414.705	1748.56
414.928	1734.56
415.151	1688.56
415.374	1704.56
415.597	1709.56
415.821	1712.56
416.044	1696.56
416.267	1667.56
416.49	1672.56
416.713	1672.56
416.936	1726.56
417.159	1728.56
417.382	1722.56
417.605	1734.56
417.828	1736.56
418.051	1802.56
418.274	1754.56
418.497	1720.56
418.72	1750.56
418.943	1731.56
419.166	1871.56
419.389	1975.56
419.611	1916.56
419.834	1913.56
420.057	1934.56
420.28	2009.56
420.503	2042.56
420.726	1920.56
420.948	1888.56
421.171	1929.56
421.394	1925.56
421.617	1859.56
421.839	1848.56
422.062	1806.56
422.285	1841.56
422.507	1903.56
422.73	1980.56
422.953	1885.56
423.175	1832.56
423.398	1835.56
423.621	1844.56
423.843	1875.56
424.066	1890.56
424.288	1864.56
424.511	1874.56
424.733	1987.56
424.956	2096.56
425.178	1987.56
425.401	1983.56
425.623	2050.56
425.846	1860.56
426.068	1764.56
426.291	1761.56
426.513	1722.56
426.735	1787.56
426.958	1852.56
427.18	1886.56
427.402	2094.56
427.625	2302.56
427.847	2164.56
428.069	2068.56
428.292	1918.56
428.514	1767.56
428.736	1705.56
428.958	1721.56
429.181	1605.56
429.403	1626.56
429.625	1656.56
429.847	1655.56
430.069	1738.56
430.292	1660.56
430.514	1616.56
430.736	1609.56
430.958	1588.56
431.18	1584.56
431.402	1586.56
431.624	1541.56
431.846	1456.56
432.068	1462.56
432.29	1440.56
432.512	1494.56
432.734	1611.56
432.956	1580.56
433.178	1637.56
433.4	1682.56
433.622	1668.56
433.844	1633.56
434.066	1578.56
434.287	1464.56
434.509	1461.56
434.731	1536.56
434.953	1630.56
435.175	1718.56
435.397	1712.56
435.618	1689.56
435.84	1672.56
436.062	1800.56
436.284	1914.56
436.505	1712.56
436.727	1717.56
436.949	1627.56
437.17	1618.56
437.392	1594.56
437.614	1584.56
437.835	1587.56
438.057	1758.56
438.278	1869.56
438.5	1911.56
438.721	2055.56
438.943	2015.56
439.165	1798.56
439.386	1741.56
439.608	1759.56
439.829	1777.56
440.05	1822.56
440.272	1920.56
440.493	1798.56
440.715	1765.56
440.936	1757.56
441.158	1763.56
441.379	1812.56
441.6	1859.56
441.822	1890.56
442.043	1942.56
442.264	2022.56
442.486	2028.56
442.707	1900.56
442.928	1856.56
443.149	1916.56
443.371	1927.56
443.592	2001.56
443.813	2096.56
444.034	2137.56
444.255	1998.56
444.476	1949.56
444.698	1999.56
444.919	2038.56
445.14	2096.56
445.361	2003.56
445.582	1972.56
445.803	2058.56
446.024	2173.56
446.245	2128.56
446.466	2025.56
446.687	1874.56
446.908	1840.56
447.129	1825.56
447.35	1746.56
447.571	1700.56
447.792	1651.56
448.013	1639.56
448.234	1682.56
448.455	1732.56
448.675	1911.56
448.896	2058.56
449.117	1828.56
449.338	1778.56
449.559	1970.56
449.779	2077.56
450	1788.56
450.221	1672.56
450.442	1589.56
450.662	1568.56
450.883	1584.56
451.104	1659.56
451.324	1603.56
451.545	1549.56
451.766	1526.56
451.986	1470.56
452.207	1445.56
452.428	1465.56
452.648	1448.56
452.869	1440.56
453.089	1396.56
453.31	1399.56
453.53	1367.56
453.751	1309.56
453.971	1321.56
454.192	1372.56
454.412	1377.56
454.633	1340.56
454.853	1372.56
455.073	1378.56
455.294	1393.56
455.514	1488.56
455.734	1443.56
455.955	1348.56
456.175	1319.56
456.395	1297.56
456.616	1234.56
456.836	1255.56
457.056	1277.56
457.276	1228.56
457.497	1249.56
457.717	1263.56
457.937	1281.56
458.157	1291.56
458.377	1290.56
458.598	1326.56
458.818	1445.56
459.038	1565.56
459.258	1555.56
459.478	1434.56
459.698	1438.56
459.918	1434.56
460.138	1501.56
460.358	1633.56
460.578	1619.56
460.798	1617.56
461.018	1652.56
461.238	1630.56
461.458	1604.56
461.678	1564.56
461.898	1576.56
462.118	1626.56
462.338	1660.56
462.558	1718.56
462.777	1738.56
462.997	1880.56
463.217	1978.56
463.437	1960.56
463.657	1831.56
463.876	1767.56
464.096	1778.56
464.316	1760.56
464.536	1807.56
464.755	1775.56
464.975	1777.56
465.195	1822.56
465.414	1905.56
465.634	1678.56
465.854	1586.56
466.073	1569.56
466.293	1562.56
466.512	1528.56
466.732	1540.56
466.951	1533.56
467.171	1538.56
467.391	1571.56
467.61	1608.56
467.829	1641.56
468.049	1866.56
468.268	2293.56
468.488	1882.56
468.707	1673.56
468.927	1668.56
469.146	1608.56
469.365	1604.56
469.585	1573.56
469.804	1629.56
470.023	1685.56
470.243	1656.56
470.462	1711.56
470.681	1744.56
470.901	1706.56
471.12	1679.56
471.339	1701.56
471.558	1684.56
471.777	1672.56
471.997	1697.56
472.216	2163.56
472.435	3581.56
472.654	2634.56
472.873	1894.56
473.092	1684.56
473.311	1640.56
473.53	1591.56
473.749	1634.56
473.968	1674.56
474.187	1704.56
474.406	1676.56
474.625	1554.56
474.844	1572.56
475.063	1581.56
475.282	1481.56
475.501	1498.56
475.72	1469.56
475.939	1481.56
476.158	1514.56
476.377	1592.56
476.596	1498.56
476.814	1492.56
477.033	1453.56
477.252	1552.56
477.471	1609.56
477.69	1629.56
477.908	1711.56
478.127	1729.56
478.346	1748.56
478.564	1757.56
478.783	1785.56
479.002	1862.56
479.22	1862.56
479.439	1859.56
479.658	1801.56
479.876	1816.56
480.095	1793.56
480.313	1915.56
480.532	1970.56
480.751	2000.56
480.969	2380.56
481.188	4442.56
481.406	5480.56
481.624	2996.56
481.843	2330.56
482.061	2088.56
482.28	2021.56
482.498	1897.56
482.717	1814.56
482.935	1869.56
483.153	1945.56
483.372	1973.56
483.59	1933.56
483.808	1885.56
484.027	1808.56
484.245	1800.56
484.463	1863.56
484.681	1913.56
484.9	1868.56
485.118	1855.56
485.336	1801.56
485.554	1746.56
485.772	1697.56
485.99	1700.56
486.209	1698.56
486.427	1750.56
486.645	1848.56
486.863	1951.56
487.081	1930.56
487.299	1897.56
487.517	1916.56
487.735	2107.56
487.953	2182.56
488.171	2155.56
488.389	2095.56
488.607	1967.56
488.825	1908.56
489.043	1847.56
489.261	1880.56
489.479	1973.56
489.696	1985.56
489.914	1992.56
490.132	2037.56
490.35	2097.56
490.568	2270.56
490.786	2329.56
491.003	2468.56
491.221	2476.56
491.439	2601.56
491.657	2594.56
491.874	2728.56
492.092	2876.56
492.31	3044.56
492.527	2996.56
492.745	2879.56
492.963	2791.56
493.18	2775.56
493.398	2713.56
493.615	2722.56
493.833	2641.56
494.05	2612.56
494.268	2567.56
494.485	2585.56
494.703	2541.56
494.92	2549.56
495.138	2536.56
495.355	2487.56
495.573	2488.56
495.79	2443.56
496.008	2462.56
496.225	2415.56
496.442	2427.56
496.66	2407.56
496.877	2416.56
497.094	2387.56
497.312	2364.56
497.529	2425.56
497.746	2315.56
497.963	2280.56
498.181	2284.56
498.398	2360.56
498.615	2375.56
498.832	2458.56
499.049	2637.56
499.267	2722.56
499.484	2964.56
499.701	3129.56
499.918	3324.56
500.135	3740.56
500.352	4126.56
500.569	4191.56
500.786	4256.56
501.003	4023.56
501.22	3646.56
501.437	3430.56
501.654	3079.56
501.871	2892.56
502.088	2760.56
502.305	2588.56
502.522	2467.56
502.739	2443.56
502.956	2313.56
503.172	2270.56
503.389	2167.56
503.606	2153.56
503.823	2116.56
504.04	2069.56
504.256	2068.56
504.473	2066.56
504.69	2049.56
504.907	2061.56
505.123	2015.56
505.34	1952.56
505.557	1900.56
505.773	1852.56
505.99	1841.56
506.207	1825.56
506.423	1816.56
506.64	1765.56
506.856	1754.56
507.073	1744.56
507.289	1729.56
507.506	1708.56
507.722	1766.56
507.939	1757.56
508.155	1694.56
508.372	1662.56
508.588	1633.56
508.805	1626.56
509.021	1574.56
509.238	1596.56
509.454	1571.56
509.67	1563.56
509.887	1522.56
510.103	1538.56
510.319	1569.56
510.536	1882.56
510.752	3454.56
510.968	2444.56
511.184	1586.56
511.401	1532.56
511.617	1542.56
511.833	1638.56
512.049	1639.56
512.265	1647.56
512.481	1607.56
512.698	1552.56
512.914	1561.56
513.13	1480.56
513.346	1510.56
513.562	1502.56
513.778	1507.56
513.994	1518.56
514.21	1537.56
514.426	1598.56
514.642	1684.56
514.858	1724.56
515.074	1797.56
515.29	2177.56
515.506	3360.56
515.721	2579.56
515.937	1811.56
516.153	1662.56
516.369	1614.56
516.585	1644.56
516.801	1631.56
517.016	1656.56
517.232	1689.56
517.448	1766.56
517.664	1829.56
517.879	1872.56
518.095	1816.56
518.311	1799.56
518.527	1744.56
518.742	1690.56
518.958	1656.56
519.173	1640.56
519.389	1669.56
519.605	1600.56
519.82	1591.56
520.036	1605.56
520.251	1645.56
520.467	1650.56
520.682	1631.56
520.898	1606.56
521.113	1646.56
521.329	1718.56
521.544	1919.56
521.76	2456.56
521.975	4492.56
522.19	4079.56
522.406	2128.56
522.621	1676.56
522.836	1555.56
523.052	1528.56
523.267	1499.56
523.482	1444.56
523.698	1450.56
523.913	1499.56
524.128	1472.56
524.343	1465.56
524.559	1496.56
524.774	1446.56
524.989	1430.56
525.204	1425.56
525.419	1401.56
525.634	1384.56
525.849	1332.56
526.064	1335.56
526.28	1343.56
526.495	1269.56
526.71	1224.56
526.925	1208.56
527.14	1208.56
527.355	1215.56
527.57	1194.56
527.785	1254.56
527.999	1219.56
528.214	1287.56
528.429	1321.56
528.644	1390.56
528.859	1458.56
529.074	1518.56
529.289	1645.56
529.503	1811.56
529.718	1589.56
529.933	1410.56
530.148	1305.56
530.363	1237.56
530.577	1201.56
530.792	1208.56
531.007	1187.56
531.221	1187.56
531.436	1202.56
531.651	1208.56
531.865	1152.56
532.08	1176.56
532.295	1186.56
532.509	1152.56
532.724	1192.56
532.938	1186.56
533.153	1257.56
533.367	1305.56
533.582	1333.56
533.796	1335.56
534.011	1270.56
534.225	1216.56
534.44	1166.56
534.654	1116.56
534.868	1214.56
535.083	1197.56
535.297	1176.56
535.511	1185.56
535.726	1237.56
535.94	1215.56
536.154	1180.56
536.369	1104.56
536.583	1125.56
536.797	1103.56
537.011	1108.56
537.225	1077.56
537.44	1092.56
537.654	1107.56
537.868	1119.56
538.082	1101.56
538.296	1101.56
538.51	1125.56
538.724	1181.56
538.938	1267.56
539.153	1295.56
539.367	1261.56
539.581	1241.56
539.795	1172.56
540.009	1121.56
540.222	1110.56
540.436	1151.56
540.65	1230.56
540.864	1332.56
541.078	1436.56
541.292	1487.56
541.506	1566.56
541.72	1660.56
541.934	1735.56
542.147	1815.56
542.361	1696.56
542.575	1554.56
542.789	1460.56
543.002	1361.56
543.216	1288.56
543.43	1296.56
543.644	1322.56
543.857	1443.56
544.071	1544.56
544.285	1555.56
544.498	1563.56
544.712	1569.56
544.925	1586.56
545.139	1605.56
545.352	1624.56
545.566	1647.56
545.779	1638.56
545.993	1644.56
546.206	1658.56
546.42	1652.56
546.633	1650.56
546.847	1680.56
547.06	1653.56
547.274	1692.56
547.487	1734.56
547.7	1729.56
547.914	1657.56
548.127	1669.56
548.34	1675.56
548.554	1642.56
548.767	1612.56
548.98	1589.56
549.193	1597.56
549.407	1589.56
549.62	1608.56
549.833	1650.56
550.046	1603.56
550.259	1600.56
550.473	1528.56
550.686	1550.56
550.899	1488.56
551.112	1511.56
551.325	1439.56
551.538	1409.56
551.751	1272.56
551.964	1246.56
552.177	1371.56
552.39	1399.56
552.603	1515.56
552.816	1567.56
553.029	1600.56
553.242	1664.56
553.455	1726.56
553.667	1713.56
553.88	1686.56
554.093	1618.56
554.306	1617.56
554.519	1584.56
554.732	1555.56
554.944	1531.56
555.157	1492.56
555.37	1469.56
555.583	1414.56
555.795	1393.56
556.008	1343.56
556.221	1292.56
556.433	1305.56
556.646	1315.56
556.859	1339.56
557.071	1343.56
557.284	1337.56
557.496	1362.56
557.709	1320.56
557.921	1358.56
558.134	1354.56
558.346	1302.56
558.559	1329.56
558.771	1314.56
558.984	1273.56
559.196	1214.56
559.409	1218.56
559.621	1228.56
559.833	1154.56
560.046	1192.56
560.258	1222.56
560.47	1235.56
560.683	1221.56
560.895	1198.56
561.107	1230.56
561.32	1221.56
561.532	1200.56
561.744	1218.56
561.956	1213.56
562.168	1221.56
562.381	1201.56
562.593	1202.56
562.805	1177.56
563.017	1154.56
563.229	1168.56
563.441	1149.56
563.653	1166.56
563.865	1183.56
564.077	1166.56
564.289	1129.56
564.501	1156.56
564.713	1156.56
564.925	1158.56
565.137	1178.56
565.349	1176.56
565.561	1209.56
565.773	1210.56
565.985	1225.56
566.197	1254.56
566.408	1344.56
566.62	1425.56
566.832	1462.56
567.044	1486.56
567.255	1449.56
567.467	1482.56
567.679	1480.56
567.891	1556.56
568.102	1512.56
568.314	1432.56
568.526	1309.56
568.737	1148.56
568.949	1075.56
569.161	1018.56
569.372	966.56
569.584	896.56
569.795	876.56
570.007	873.56
570.218	1008.56
570.43	962.56
570.641	911.56
570.853	912.56
571.064	942.56
571.276	956.56
571.487	960.56
571.698	921.56
571.91	906.56
572.121	846.56
572.333	844.56
572.544	841.56
572.755	764.56
572.966	726.56
573.178	735.56
573.389	718.56
573.6	695.56
573.811	706.56
574.023	700.56
574.234	719.56
574.445	711.56
574.656	719.56
574.867	737.56
575.078	739.56
575.289	768.56
575.501	711.56
575.712	704.56
575.923	719.56
576.134	703.56
576.345	725.56
576.556	766.56
576.767	764.56
576.978	766.56
577.188	721.56
577.399	688.56
577.61	706.56
577.821	725.56
578.032	709.56
578.243	781.56
578.454	1267.56
578.665	869.56
578.875	674.56
579.086	605.56
579.297	628.56
579.508	584.56
579.718	610.56
579.929	600.56
580.14	610.56
580.35	592.56
580.561	624.56
580.772	605.56
580.982	642.56
581.193	622.56
581.403	620.56
581.614	633.56
581.825	633.56
582.035	620.56
582.246	618.56
582.456	617.56
582.667	624.56
582.877	626.56
583.087	622.56
583.298	585.56
583.508	596.56
583.719	569.56
583.929	572.56
584.139	570.56
584.35	559.56
584.56	562.56
584.77	569.56
584.981	598.56
585.191	601.56
585.401	575.56
585.611	564.56
585.821	586.56
586.032	572.56
586.242	578.56
586.452	552.56
586.662	560.56
586.872	535.56
587.082	557.56
587.292	551.56
587.502	561.56
587.713	558.56
587.923	550.56
588.133	549.56
588.343	550.56
588.553	542.56
588.762	540.56
588.972	577.56
589.182	563.56
589.392	562.56
589.602	564.56
589.812	574.56
590.022	560.56
590.232	550.56
590.441	550.56
590.651	563.56
590.861	560.56
591.071	565.56
591.281	519.56
591.49	579.56
591.7	576.56
591.91	561.56
592.119	582.56
592.329	606.56
592.539	639.56
592.748	633.56
592.958	648.56
593.167	656.56
593.377	641.56
593.587	657.56
593.796	633.56
594.006	667.56
594.215	652.56
594.424	668.56
594.634	697.56
594.843	670.56
595.053	670.56
595.262	647.56
595.472	612.56
595.681	578.56
595.89	551.56
596.1	578.56
596.309	624.56
596.518	625.56
596.727	617.56
596.937	600.56
597.146	579.56
597.355	584.56
597.564	568.56
597.774	542.56
597.983	533.56
598.192	511.56
598.401	496.56
598.61	510.56
598.819	527.56
599.028	520.56
599.237	532.56
599.446	521.56
599.655	528.56
599.864	508.56
600.073	521.56
600.282	563.56
600.491	550.56
600.7	540.56
600.909	556.56
601.118	586.56
601.327	639.56
601.536	657.56
601.745	664.56
601.953	704.56
602.162	695.56
602.371	723.56
602.58	688.56
602.789	675.56
602.997	694.56
603.206	719.56
603.415	677.56
603.623	682.56
603.832	692.56
604.041	681.56
604.249	632.56
604.458	565.56
604.666	578.56
604.875	562.56
605.084	615.56
605.292	645.56
605.501	694.56
605.709	738.56
605.918	726.56
606.126	735.56
606.334	755.56
606.543	752.56
606.751	718.56
606.96	743.56
607.168	728.56
607.376	724.56
607.585	714.56
607.793	727.56
608.001	755.56
608.21	743.56
608.418	719.56
608.626	748.56
608.834	735.56
609.043	762.56
609.251	741.56
609.459	743.56
609.667	739.56
609.875	797.56
610.083	797.56
610.291	787.56
610.499	761.56
610.707	756.56
610.916	748.56
611.124	782.56
611.332	773.56
611.54	754.56
611.748	776.56
611.955	775.56
612.163	777.56
612.371	756.56
612.579	754.56
612.787	768.56
612.995	768.56
613.203	747.56
613.411	751.56
613.618	730.56
613.826	760.56
614.034	744.56
614.242	731.56
614.449	740.56
614.657	732.56
614.865	742.56
615.072	763.56
615.28	762.56
615.488	768.56
615.695	738.56
615.903	736.56
616.111	734.56
616.318	775.56
616.526	776.56
616.733	770.56
616.941	772.56
617.148	740.56
617.356	743.56
617.563	713.56
617.771	702.56
617.978	709.56
618.185	689.56
618.393	700.56
618.6	716.56
618.807	720.56
619.015	764.56
619.222	702.56
619.429	671.56
619.637	646.56
619.844	580.56
620.051	613.56
620.258	655.56
620.466	670.56
620.673	651.56
620.88	636.56
621.087	642.56
621.294	618.56
621.501	604.56
621.708	593.56
621.915	623.56
622.122	659.56
622.329	692.56
622.536	656.56
622.743	679.56
622.95	652.56
623.157	650.56
623.364	650.56
623.571	645.56
623.778	672.56
623.985	679.56
624.192	664.56
624.399	638.56
624.606	634.56
624.812	605.56
625.019	596.56
625.226	581.56
625.433	552.56
625.639	537.56
625.846	502.56
626.053	467.56
626.259	450.56
626.466	436.56
626.673	440.56
626.879	420.56
627.086	469.56
627.293	509.56
627.499	583.56
627.706	597.56
627.912	632.56
628.119	638.56
628.325	614.56
628.532	612.56
628.738	612.56
628.945	575.56
629.151	583.56
629.357	557.56
629.564	538.56
629.77	537.56
629.976	553.56
630.183	500.56
630.389	510.56
630.595	541.56
630.802	547.56
631.008	550.56
631.214	542.56
631.42	540.56
631.627	504.56
631.833	509.56
632.039	497.56
632.245	523.56
632.451	534.56
632.657	525.56
632.863	503.56
633.069	508.56
633.275	506.56
633.481	513.56
633.688	466.56
633.893	500.56
634.099	506.56
634.305	510.56
634.511	479.56
634.717	447.56
634.923	428.56
635.129	433.56
635.335	472.56
635.541	460.56
635.747	463.56
635.952	517.56
636.158	553.56
636.364	604.56
636.57	718.56
636.775	615.56
636.981	562.56
637.187	556.56
637.392	548.56
637.598	553.56
637.804	531.56
638.009	523.56
638.215	512.56
638.421	511.56
638.626	504.56
638.832	499.56
639.037	505.56
639.243	468.56
639.448	497.56
639.654	477.56
639.859	466.56
640.065	487.56
640.27	470.56
640.475	452.56
640.681	473.56
640.886	482.56
641.091	496.56
641.297	478.56
641.502	483.56
641.707	471.56
641.913	479.56
642.118	475.56
642.323	473.56
642.528	466.56
642.733	478.56
642.939	467.56
643.144	436.56
643.349	442.56
643.554	466.56
643.759	451.56
643.964	461.56
644.169	450.56
644.374	449.56
644.579	448.56
644.784	471.56
644.989	456.56
645.194	455.56
645.399	452.56
645.604	472.56
645.809	456.56
646.014	455.56
646.219	469.56
646.423	453.56
646.628	468.56
646.833	453.56
647.038	433.56
647.243	484.56
647.447	460.56
647.652	445.56
647.857	459.56
648.062	452.56
648.266	465.56
648.471	466.56
648.676	450.56
648.88	452.56
649.085	460.56
649.289	465.56
649.494	472.56
649.698	474.56
649.903	459.56
650.107	446.56
650.312	430.56
650.516	424.56
650.721	416.56
650.925	414.56
651.13	412.56
651.334	402.56
651.539	414.56
651.743	384.56
651.947	404.56
652.152	389.56
652.356	380.56
652.56	370.56
652.764	370.56
652.969	350.56
653.173	347.56
653.377	359.56
653.581	339.56
653.785	326.56
653.99	326.56
654.194	327.56
654.398	308.56
654.602	320.56
654.806	304.56
655.01	333.56
655.214	316.56
655.418	295.56
655.622	304.56
655.826	304.56
656.03	271.56
656.234	286.56
656.438	304.56
656.642	283.56
656.846	287.56
657.049	258.56
657.253	247.56
657.457	248.56
657.661	230.56
657.865	212.56
658.068	218.56
658.272	193.56
658.476	212.56
658.68	198.56
658.883	184.56
659.087	182.56
659.291	189.56
659.494	176.56
659.698	177.56
659.901	166.56
660.105	161.56
660.309	162.56
660.512	156.56
660.716	164.56
660.919	147.56
661.123	147.56
661.326	129.56
661.53	117.56
661.733	129.56
661.936	127.56
662.14	116.56
662.343	110.56
662.546	114.56
662.75	118.56
662.953	115.56
663.156	99.56
663.36	82.56
663.563	98.56
663.766	105.56
663.969	108.56
664.173	95.56
664.376	90.56
664.579	80.56
664.782	88.56
664.985	82.56
665.188	97.56
665.391	92.56
665.594	74.56
665.797	87.56
666	81.56
666.203	95.56
666.406	93.56
666.609	87.56
666.812	73.56
667.015	76.56
667.218	78.56
667.421	96.56
667.624	84.56
667.827	77.56
668.03	94.56
668.232	88.56
668.435	78.56
668.638	81.56
668.841	88.56
669.043	88.56
669.246	89.56
669.449	81.56
669.651	90.56
669.854	83.56
670.057	87.56
670.259	80.56
670.462	81.56
670.665	75.56
670.867	86.56
671.07	83.56
671.272	102.56
671.475	81.56
671.677	85.56
671.88	89.56
672.082	86.56
672.284	78.56
672.487	83.56
672.689	72.56
672.892	84.56
