223.165	-25.94
223.4	-25.94
223.635	-25.94
223.869	-10.94
224.104	-6.94
224.338	-3.94
224.573	-20.94
224.808	6.06
225.042	-6.94
225.277	5.06
225.511	-1.94
225.746	-3.94
225.98	2.06
226.215	7.06
226.449	-4.94
226.683	24.06
226.918	15.06
227.152	27.06
227.387	37.06
227.621	40.06
227.856	29.06
228.09	32.06
228.324	49.06
228.559	53.06
228.793	78.06
229.027	118.06
229.262	143.06
229.496	134.06
229.73	172.06
229.964	209.06
230.199	162.06
230.433	130.06
230.667	169.06
230.901	157.06
231.136	151.06
231.37	149.06
231.604	150.06
231.838	158.06
232.072	145.06
232.306	144.06
232.541	153.06
232.775	149.06
233.009	146.06
233.243	174.06
233.477	160.06
233.711	133.06
233.945	163.06
234.179	154.06
234.413	169.06
234.647	166.06
234.881	160.06
235.115	161.06
235.349	157.06
235.583	160.06
235.817	169.06
236.051	157.06
236.285	183.06
236.519	172.06
236.753	178.06
236.987	216.06
237.221	249.06
237.455	308.06
237.689	237.06
237.922	195.06
238.156	189.06
238.39	193.06
238.624	190.06
238.858	186.06
239.091	202.06
239.325	199.06
239.559	184.06
239.793	189.06
240.027	195.06
240.26	196.06
240.494	226.06
240.728	205.06
240.961	216.06
241.195	205.06
241.429	211.06
241.662	201.06
241.896	208.06
242.13	203.06
242.363	213.06
242.597	208.06
242.83	206.06
243.064	203.06
243.298	228.06
243.531	213.06
243.765	213.06
243.998	228.06
244.232	214.06
244.465	227.06
244.699	217.06
244.932	229.06
245.166	215.06
245.399	232.06
245.633	229.06
245.866	237.06
246.099	223.06
246.333	239.06
246.566	253.06
246.8	240.06
247.033	256.06
247.266	261.06
247.5	252.06
247.733	268.06
247.966	303.06
248.2	277.06
248.433	265.06
248.666	286.06
248.899	295.06
249.133	299.06
249.366	322.06
249.599	316.06
249.832	290.06
250.066	309.06
250.299	359.06
250.532	407.06
250.765	468.06
250.998	430.06
251.231	399.06
251.465	357.06
251.698	358.06
251.931	345.06
252.164	337.06
252.397	335.06
252.63	334.06
252.863	348.06
253.096	336.06
253.329	351.06
253.562	345.06
253.795	337.06
254.028	350.06
254.261	329.06
254.494	358.06
254.727	385.06
254.96	401.06
255.193	407.06
255.426	404.06
255.659	442.06
255.892	533.06
256.124	663.06
256.357	686.06
256.59	581.06
256.823	513.06
257.056	442.06
257.289	429.06
257.521	400.06
257.754	402.06
257.987	391.06
258.22	365.06
258.452	363.06
258.685	376.06
258.918	358.06
259.151	390.06
259.383	373.06
259.616	373.06
259.849	373.06
260.081	387.06
260.314	402.06
260.547	372.06
260.779	387.06
261.012	383.06
261.244	381.06
261.477	373.06
261.71	392.06
261.942	395.06
262.175	414.06
262.407	402.06
262.64	363.06
262.872	353.06
263.105	365.06
263.337	373.06
263.57	379.06
263.802	384.06
264.035	369.06
264.267	348.06
264.499	365.06
264.732	353.06
264.964	368.06
265.197	367.06
265.429	360.06
265.661	381.06
265.894	382.06
266.126	388.06
266.358	382.06
266.591	367.06
266.823	385.06
267.055	391.06
267.287	387.06
267.52	385.06
267.752	405.06
267.984	384.06
268.216	407.06
268.448	407.06
268.681	392.06
268.913	406.06
269.145	443.06
269.377	433.06
269.609	458.06
269.841	414.06
270.073	445.06
270.306	455.06
270.538	479.06
270.77	474.06
271.002	465.06
271.234	477.06
271.466	479.06
271.698	497.06
271.93	508.06
272.162	485.06
272.394	476.06
272.626	485.06
272.858	483.06
273.09	472.06
273.322	468.06
273.553	458.06
273.785	467.06
274.017	473.06
274.249	466.06
274.481	468.06
274.713	476.06
274.945	490.06
275.176	477.06
275.408	490.06
275.64	519.06
275.872	486.06
276.104	513.06
276.335	511.06
276.567	520.06
276.799	530.06
277.031	550.06
277.262	578.06
277.494	574.06
277.726	547.06
277.957	524.06
278.189	524.06
278.421	518.06
278.652	489.06
278.884	520.06
279.115	511.06
279.347	519.06
279.579	529.06
279.81	492.06
280.042	544.06
280.273	597.06
280.505	602.06
280.736	565.06
280.968	545.06
281.199	517.06
281.431	501.06
281.662	518.06
281.894	509.06
282.125	515.06
282.356	550.06
282.588	587.06
282.819	576.06
283.051	533.06
283.282	509.06
283.513	521.06
283.745	530.06
283.976	521.06
284.207	505.06
284.439	547.06
284.67	513.06
284.901	531.06
285.132	515.06
285.364	544.06
285.595	526.06
285.826	529.06
286.057	538.06
286.288	561.06
286.52	550.06
286.751	560.06
286.982	550.06
287.213	538.06
287.444	534.06
287.675	567.06
287.906	585.06
288.138	569.06
288.369	540.06
288.6	577.06
288.831	567.06
289.062	571.06
289.293	571.06
289.524	524.06
289.755	565.06
289.986	559.06
290.217	562.06
290.448	545.06
290.679	566.06
290.91	560.06
291.141	561.06
291.371	561.06
291.602	576.06
291.833	581.06
292.064	565.06
292.295	544.06
292.526	561.06
292.757	557.06
292.987	562.06
293.218	571.06
293.449	569.06
293.68	550.06
293.91	577.06
294.141	562.06
294.372	545.06
294.603	544.06
294.833	585.06
295.064	589.06
295.295	551.06
295.525	573.06
295.756	580.06
295.987	582.06
296.217	638.06
296.448	652.06
296.679	628.06
296.909	594.06
297.14	606.06
297.37	606.06
297.601	610.06
297.831	605.06
298.062	597.06
298.292	621.06
298.523	632.06
298.753	630.06
298.984	618.06
299.214	615.06
299.445	631.06
299.675	631.06
299.905	625.06
300.136	637.06
300.366	619.06
300.597	637.06
300.827	657.06
301.057	659.06
301.288	672.06
301.518	673.06
301.748	658.06
301.979	666.06
302.209	686.06
302.439	675.06
302.669	655.06
302.9	679.06
303.13	658.06
303.36	682.06
303.59	697.06
303.82	711.06
304.051	706.06
304.281	673.06
304.511	669.06
304.741	647.06
304.971	661.06
305.201	661.06
305.431	670.06
305.661	684.06
305.891	662.06
306.121	677.06
306.352	682.06
306.582	669.06
306.812	679.06
307.042	689.06
307.272	713.06
307.502	714.06
307.731	734.06
307.961	716.06
308.191	701.06
308.421	664.06
308.651	666.06
308.881	666.06
309.111	697.06
309.341	689.06
309.571	719.06
309.8	701.06
310.03	731.06
310.26	774.06
310.49	763.06
310.72	764.06
310.949	772.06
311.179	779.06
311.409	758.06
311.639	743.06
311.868	759.06
312.098	787.06
312.328	778.06
312.557	788.06
312.787	811.06
313.017	831.06
313.246	798.06
313.476	782.06
313.706	786.06
313.935	812.06
314.165	806.06
314.394	827.06
314.624	819.06
314.853	793.06
315.083	771.06
315.312	774.06
315.542	797.06
315.771	773.06
316.001	767.06
316.23	758.06
316.46	796.06
316.689	791.06
316.919	812.06
317.148	821.06
317.377	819.06
317.607	826.06
317.836	785.06
318.065	784.06
318.295	806.06
318.524	795.06
318.753	762.06
318.983	802.06
319.212	778.06
319.441	806.06
319.67	851.06
319.9	793.06
320.129	825.06
320.358	814.06
320.587	829.06
320.816	835.06
321.046	873.06
321.275	845.06
321.504	860.06
321.733	883.06
321.962	893.06
322.191	897.06
322.42	933.06
322.649	954.06
322.878	957.06
323.108	962.06
323.337	1042.06
323.566	1085.06
323.795	1116.06
324.024	1235.06
324.253	1494.06
324.482	2005.06
324.71	3050.06
324.939	4205.06
325.168	3373.06
325.397	1901.06
325.626	1472.06
325.855	1284.06
326.084	1207.06
326.313	1179.06
326.542	1213.06
326.77	1321.06
326.999	1488.06
327.228	1977.06
327.457	2896.06
327.686	3352.06
327.914	2302.06
328.143	1903.06
328.372	1876.06
328.6	1703.06
328.829	1451.06
329.058	1431.06
329.287	1452.06
329.515	1433.06
329.744	1473.06
329.972	1742.06
330.201	2193.06
330.43	2622.06
330.658	2271.06
330.887	1762.06
331.115	1527.06
331.344	1344.06
331.572	1277.06
331.801	1278.06
332.03	1285.06
332.258	1258.06
332.486	1258.06
332.715	1282.06
332.943	1267.06
333.172	1321.06
333.4	1386.06
333.629	1497.06
333.857	1635.06
334.085	1897.06
334.314	2401.06
334.542	3217.06
334.771	3440.06
334.999	2283.06
335.227	1642.06
335.455	1446.06
335.684	1364.06
335.912	1279.06
336.14	1247.06
336.369	1175.06
336.597	1181.06
336.825	1189.06
337.053	1174.06
337.281	1117.06
337.51	1118.06
337.738	1117.06
337.966	1065.06
338.194	1088.06
338.422	1085.06
338.65	1037.06
338.878	1001.06
339.106	1045.06
339.334	1007.06
339.562	1007.06
339.79	1019.06
340.018	997.06
340.246	998.06
340.474	1009.06
340.702	990.06
340.93	1002.06
341.158	976.06
341.386	1027.06
341.614	985.06
341.842	991.06
342.07	982.06
342.298	979.06
342.526	931.06
342.754	973.06
342.981	959.06
343.209	940.06
343.437	1000.06
343.665	1038.06
343.893	1061.06
344.12	1109.06
344.348	1082.06
344.576	1032.06
344.804	1033.06
345.031	1041.06
345.259	1051.06
345.487	1024.06
345.714	1014.06
345.942	978.06
346.17	958.06
346.397	937.06
346.625	935.06
346.853	959.06
347.08	956.06
347.308	973.06
347.535	971.06
347.763	974.06
347.99	972.06
348.218	959.06
348.445	940.06
348.673	964.06
348.9	986.06
349.128	966.06
349.355	946.06
349.583	937.06
349.81	942.06
350.037	929.06
350.265	924.06
350.492	956.06
350.72	933.06
350.947	921.06
351.174	958.06
351.402	994.06
351.629	965.06
351.856	981.06
352.083	987.06
352.311	1008.06
352.538	995.06
352.765	993.06
352.992	979.06
353.22	963.06
353.447	955.06
353.674	938.06
353.901	928.06
354.128	920.06
354.355	935.06
354.583	925.06
354.81	908.06
355.037	934.06
355.264	937.06
355.491	935.06
355.718	919.06
355.945	917.06
356.172	914.06
356.399	875.06
356.626	913.06
356.853	925.06
357.08	930.06
357.307	939.06
357.534	904.06
357.761	937.06
357.988	925.06
358.215	921.06
358.441	921.06
358.668	914.06
358.895	935.06
359.122	948.06
359.349	973.06
359.576	1004.06
359.802	1021.06
360.029	1076.06
360.256	1097.06
360.483	1057.06
360.709	985.06
360.936	992.06
361.163	966.06
361.39	1003.06
361.616	994.06
361.843	977.06
362.07	988.06
362.296	1009.06
362.523	984.06
362.749	988.06
362.976	966.06
363.203	982.06
363.429	959.06
363.656	981.06
363.882	967.06
364.109	946.06
364.335	950.06
364.562	981.06
364.788	965.06
365.015	958.06
365.241	977.06
365.468	987.06
365.694	998.06
365.92	999.06
366.147	1001.06
366.373	963.06
366.599	963.06
366.826	962.06
367.052	976.06
367.278	982.06
367.505	978.06
367.731	975.06
367.957	976.06
368.184	983.06
368.41	1026.06
368.636	1017.06
368.862	1061.06
369.089	1026.06
369.315	1003.06
369.541	986.06
369.767	1003.06
369.993	987.06
370.219	1031.06
370.445	1002.06
370.672	994.06
370.898	1021.06
371.124	1018.06
371.35	1003.06
371.576	1002.06
371.802	1019.06
372.028	1018.06
372.254	1034.06
372.48	1059.06
372.706	1050.06
372.932	1061.06
373.158	1047.06
373.384	1039.06
373.61	1048.06
373.835	1056.06
374.061	1009.06
374.287	1065.06
374.513	1063.06
374.739	1079.06
374.965	1109.06
375.191	1109.06
375.416	1108.06
375.642	1075.06
375.868	1090.06
376.094	1083.06
376.319	1065.06
376.545	1047.06
376.771	1054.06
376.997	1026.06
377.222	1036.06
377.448	1045.06
377.674	1050.06
377.899	1015.06
378.125	1042.06
378.35	1051.06
378.576	1042.06
378.802	1025.06
379.027	1040.06
379.253	1035.06
379.478	1026.06
379.704	1039.06
379.929	1067.06
380.155	1061.06
380.38	1038.06
380.606	1068.06
380.831	1046.06
381.057	1075.06
381.282	1057.06
381.507	1047.06
381.733	1073.06
381.958	1081.06
382.184	1059.06
382.409	1088.06
382.634	1068.06
382.86	1109.06
383.085	1105.06
383.31	1149.06
383.535	1102.06
383.761	1130.06
383.986	1181.06
384.211	1155.06
384.436	1169.06
384.662	1192.06
384.887	1225.06
385.112	1237.06
385.337	1233.06
385.562	1263.06
385.787	1232.06
386.013	1247.06
386.238	1287.06
386.463	1241.06
386.688	1253.06
386.913	1221.06
387.138	1231.06
387.363	1237.06
387.588	1249.06
387.813	1238.06
388.038	1215.06
388.263	1243.06
388.488	1234.06
388.713	1237.06
388.938	1225.06
389.163	1209.06
389.387	1234.06
389.612	1237.06
389.837	1185.06
390.062	1215.06
390.287	1214.06
390.512	1221.06
390.736	1201.06
390.961	1304.06
391.186	1285.06
391.411	1299.06
391.636	1304.06
391.86	1362.06
392.085	1391.06
392.31	1381.06
392.534	1355.06
392.759	1328.06
392.984	1342.06
393.208	1342.06
393.433	1330.06
393.658	1351.06
393.882	1317.06
394.107	1347.06
394.331	1361.06
394.556	1356.06
394.78	1357.06
395.005	1354.06
395.229	1318.06
395.454	1417.06
395.678	1408.06
395.903	1435.06
396.127	1432.06
396.352	1419.06
396.576	1368.06
396.801	1367.06
397.025	1392.06
397.249	1425.06
397.474	1452.06
397.698	1423.06
397.922	1448.06
398.147	1465.06
398.371	1512.06
398.595	1510.06
398.82	1549.06
399.044	1662.06
399.268	1733.06
399.492	1975.06
399.717	2159.06
399.941	2167.06
400.165	2007.06
400.389	1914.06
400.613	1799.06
400.837	1641.06
401.062	1631.06
401.286	1647.06
401.51	1626.06
401.734	1613.06
401.958	1599.06
402.182	1646.06
402.406	1719.06
402.63	1724.06
402.854	1722.06
403.078	1751.06
403.302	1744.06
403.526	1755.06
403.75	1807.06
403.974	1833.06
404.198	1843.06
404.422	1832.06
404.645	1920.06
404.869	1917.06
405.093	1958.06
405.317	2125.06
405.541	2137.06
405.765	2029.06
405.988	1904.06
406.212	1905.06
406.436	1938.06
406.66	1985.06
406.883	1940.06
407.107	2003.06
407.331	2106.06
407.555	2223.06
407.778	2190.06
408.002	2083.06
408.226	1951.06
408.449	1944.06
408.673	1894.06
408.896	1932.06
409.12	2005.06
409.344	1905.06
409.567	1834.06
409.791	1844.06
410.014	1865.06
410.238	1803.06
410.461	1799.06
410.685	1816.06
410.908	1818.06
411.132	1857.06
411.355	1871.06
411.578	1874.06
411.802	1774.06
412.025	1810.06
412.249	1955.06
412.472	2055.06
412.695	2115.06
412.919	2082.06
413.142	1996.06
413.365	1881.06
413.589	1830.06
413.812	1770.06
414.035	1737.06
414.258	1770.06
414.482	1753.06
414.705	1728.06
414.928	1729.06
415.151	1724.06
415.374	1709.06
415.597	1674.06
415.821	1651.06
416.044	1699.06
416.267	1687.06
416.49	1690.06
416.713	1635.06
416.936	1739.06
417.159	1693.06
417.382	1684.06
417.605	1742.06
417.828	1802.06
418.051	1794.06
418.274	1774.06
418.497	1774.06
418.72	1813.06
418.943	1748.06
419.166	1849.06
419.389	1930.06
419.611	1952.06
419.834	1897.06
420.057	1906.06
420.28	1982.06
420.503	1972.06
420.726	1985.06
420.948	1921.06
421.171	1955.06
421.394	1939.06
421.617	1854.06
421.839	1899.06
422.062	1789.06
422.285	1779.06
422.507	1899.06
422.73	2003.06
422.953	1941.06
423.175	1832.06
423.398	1821.06
423.621	1818.06
423.843	1921.06
424.066	1873.06
424.288	1909.06
424.511	1917.06
424.733	2026.06
424.956	2093.06
425.178	2037.06
425.401	1987.06
425.623	2016.06
425.846	1842.06
426.068	1809.06
426.291	1743.06
426.513	1757.06
426.735	1751.06
426.958	1821.06
427.18	1923.06
427.402	2096.06
427.625	2322.06
427.847	2197.06
428.069	2081.06
428.292	1946.06
428.514	1795.06
428.736	1709.06
428.958	1693.06
429.181	1650.06
429.403	1677.06
429.625	1646.06
429.847	1676.06
430.069	1823.06
430.292	1792.06
430.514	1655.06
430.736	1659.06
430.958	1654.06
431.18	1585.06
431.402	1570.06
431.624	1526.06
431.846	1531.06
432.068	1439.06
432.29	1457.06
432.512	1495.06
432.734	1596.06
432.956	1637.06
433.178	1657.06
433.4	1662.06
433.622	1641.06
433.844	1642.06
434.066	1563.06
434.287	1490.06
434.509	1487.06
434.731	1540.06
434.953	1627.06
435.175	1727.06
435.397	1761.06
435.618	1680.06
435.84	1691.06
436.062	1831.06
436.284	1950.06
436.505	1792.06
436.727	1726.06
436.949	1697.06
437.17	1654.06
437.392	1629.06
437.614	1603.06
437.835	1598.06
438.057	1771.06
438.278	1922.06
438.5	1959.06
438.721	2068.06
438.943	2055.06
439.165	1801.06
439.386	1742.06
439.608	1745.06
439.829	1757.06
440.05	1831.06
440.272	1924.06
440.493	1845.06
440.715	1770.06
440.936	1789.06
441.158	1806.06
441.379	1818.06
441.6	1886.06
441.822	1927.06
442.043	1939.06
442.264	2013.06
442.486	2044.06
442.707	1905.06
442.928	1878.06
443.149	1927.06
443.371	1948.06
443.592	1956.06
443.813	2109.06
444.034	2213.06
444.255	2051.06
444.476	2011.06
444.698	2017.06
444.919	2079.06
445.14	2101.06
445.361	2055.06
445.582	1992.06
445.803	2086.06
446.024	2138.06
446.245	2145.06
446.466	2082.06
446.687	1866.06
446.908	1829.06
447.129	1787.06
447.35	1699.06
447.571	1710.06
447.792	1673.06
448.013	1697.06
448.234	1721.06
448.455	1773.06
448.675	1937.06
448.896	2081.06
449.117	1833.06
449.338	1758.06
449.559	2000.06
449.779	2085.06
450	1815.06
450.221	1654.06
450.442	1656.06
450.662	1585.06
450.883	1605.06
451.104	1668.06
451.324	1623.06
451.545	1597.06
451.766	1531.06
451.986	1485.06
452.207	1512.06
452.428	1461.06
452.648	1442.06
452.869	1434.06
453.089	1429.06
453.31	1432.06
453.53	1365.06
453.751	1345.06
453.971	1357.06
454.192	1409.06
454.412	1363.06
454.633	1363.06
454.853	1377.06
455.073	1363.06
455.294	1454.06
455.514	1514.06
455.734	1467.06
455.955	1373.06
456.175	1323.06
456.395	1262.06
456.616	1287.06
456.836	1274.06
457.056	1286.06
457.276	1231.06
457.497	1239.06
457.717	1256.06
457.937	1290.06
458.157	1286.06
458.377	1298.06
458.598	1360.06
458.818	1449.06
459.038	1610.06
459.258	1564.06
459.478	1434.06
459.698	1380.06
459.918	1451.06
460.138	1546.06
460.358	1611.06
460.578	1650.06
460.798	1608.06
461.018	1626.06
461.238	1653.06
461.458	1589.06
461.678	1620.06
461.898	1631.06
462.118	1580.06
462.338	1690.06
462.558	1697.06
462.777	1754.06
462.997	1825.06
463.217	1983.06
463.437	1952.06
463.657	1806.06
463.876	1798.06
464.096	1777.06
464.316	1800.06
464.536	1812.06
464.755	1789.06
464.975	1763.06
465.195	1845.06
465.414	1907.06
465.634	1694.06
465.854	1606.06
466.073	1568.06
466.293	1569.06
466.512	1567.06
466.732	1550.06
466.951	1533.06
467.171	1525.06
467.391	1561.06
467.61	1621.06
467.829	1674.06
468.049	1849.06
468.268	2153.06
468.488	1859.06
468.707	1665.06
468.927	1580.06
469.146	1595.06
469.365	1621.06
469.585	1579.06
469.804	1640.06
470.023	1693.06
470.243	1705.06
470.462	1733.06
470.681	1747.06
470.901	1743.06
471.12	1662.06
471.339	1680.06
471.558	1667.06
471.777	1675.06
471.997	1728.06
472.216	2101.06
472.435	3369.06
472.654	2533.06
472.873	1855.06
473.092	1651.06
473.311	1602.06
473.53	1604.06
473.749	1582.06
473.968	1584.06
474.187	1717.06
474.406	1709.06
474.625	1619.06
474.844	1568.06
475.063	1574.06
475.282	1504.06
475.501	1492.06
475.72	1485.06
475.939	1512.06
476.158	1585.06
476.377	1591.06
476.596	1547.06
476.814	1509.06
477.033	1434.06
477.252	1506.06
477.471	1595.06
477.69	1701.06
477.908	1692.06
478.127	1785.06
478.346	1749.06
478.564	1774.06
478.783	1770.06
479.002	1871.06
479.22	1877.06
479.439	1842.06
479.658	1825.06
479.876	1787.06
480.095	1813.06
480.313	1894.06
480.532	1973.06
480.751	1993.06
480.969	2280.06
481.188	4217.06
481.406	5113.06
481.624	2797.06
481.843	2169.06
482.061	1961.06
482.28	1951.06
482.498	1894.06
482.717	1801.06
482.935	1854.06
483.153	1957.06
483.372	1948.06
483.59	1937.06
483.808	1838.06
484.027	1805.06
484.245	1794.06
484.463	1814.06
484.681	1919.06
484.9	1862.06
485.118	1835.06
485.336	1795.06
485.554	1709.06
485.772	1692.06
485.99	1685.06
486.209	1704.06
486.427	1750.06
486.645	1876.06
486.863	1965.06
487.081	1961.06
487.299	1903.06
487.517	1900.06
487.735	2050.06
487.953	2170.06
488.171	2199.06
488.389	2049.06
488.607	2010.06
488.825	1927.06
489.043	1845.06
489.261	1884.06
489.479	1933.06
489.696	1974.06
489.914	2027.06
490.132	2048.06
490.35	2097.06
490.568	2227.06
490.786	2285.06
491.003	2393.06
491.221	2479.06
491.439	2565.06
491.657	2632.06
491.874	2730.06
492.092	2942.06
492.31	3038.06
492.527	2988.06
492.745	2859.06
492.963	2823.06
493.18	2739.06
493.398	2719.06
493.615	2663.06
493.833	2669.06
494.05	2617.06
494.268	2592.06
494.485	2538.06
494.703	2509.06
494.92	2554.06
495.138	2517.06
495.355	2524.06
495.573	2486.06
495.79	2496.06
496.008	2454.06
496.225	2418.06
496.442	2407.06
496.66	2442.06
496.877	2359.06
497.094	2401.06
497.312	2382.06
497.529	2399.06
497.746	2347.06
497.963	2270.06
498.181	2379.06
498.398	2358.06
498.615	2411.06
498.832	2470.06
499.049	2531.06
499.267	2715.06
499.484	2924.06
499.701	3153.06
499.918	3408.06
500.135	3767.06
500.352	4112.06
500.569	4241.06
500.786	4245.06
501.003	4014.06
501.22	3728.06
501.437	3418.06
501.654	3072.06
501.871	2968.06
502.088	2799.06
502.305	2622.06
502.522	2507.06
502.739	2412.06
502.956	2330.06
503.172	2231.06
503.389	2216.06
503.606	2149.06
503.823	2115.06
504.04	2073.06
504.256	2039.06
504.473	2114.06
504.69	2110.06
504.907	2080.06
505.123	2003.06
505.34	1937.06
505.557	1919.06
505.773	1899.06
505.99	1879.06
506.207	1829.06
506.423	1795.06
506.64	1779.06
506.856	1760.06
507.073	1773.06
507.289	1753.06
507.506	1715.06
507.722	1744.06
507.939	1785.06
508.155	1707.06
508.372	1666.06
508.588	1660.06
508.805	1631.06
509.021	1597.06
509.238	1605.06
509.454	1631.06
509.67	1552.06
509.887	1552.06
510.103	1525.06
510.319	1577.06
510.536	1891.06
510.752	3518.06
510.968	2465.06
511.184	1596.06
511.401	1531.06
511.617	1555.06
511.833	1616.06
512.049	1654.06
512.265	1656.06
512.481	1576.06
512.698	1571.06
512.914	1565.06
513.13	1511.06
513.346	1511.06
513.562	1529.06
513.778	1527.06
513.994	1514.06
514.21	1549.06
514.426	1624.06
514.642	1681.06
514.858	1737.06
515.074	1846.06
515.29	2244.06
515.506	3550.06
515.721	2675.06
515.937	1767.06
516.153	1714.06
516.369	1673.06
516.585	1629.06
516.801	1623.06
517.016	1692.06
517.232	1733.06
517.448	1771.06
517.664	1794.06
517.879	1794.06
518.095	1803.06
518.311	1811.06
518.527	1758.06
518.742	1703.06
518.958	1665.06
519.173	1668.06
519.389	1656.06
519.605	1642.06
519.82	1597.06
520.036	1629.06
520.251	1689.06
520.467	1679.06
520.682	1622.06
520.898	1667.06
521.113	1657.06
521.329	1734.06
521.544	1961.06
521.76	2510.06
521.975	4716.06
522.19	4274.06
522.406	2217.06
522.621	1720.06
522.836	1576.06
523.052	1539.06
523.267	1489.06
523.482	1470.06
523.698	1504.06
523.913	1482.06
524.128	1503.06
524.343	1489.06
524.559	1518.06
524.774	1460.06
524.989	1430.06
525.204	1442.06
525.419	1445.06
525.634	1407.06
525.849	1377.06
526.064	1345.06
526.28	1330.06
526.495	1276.06
526.71	1225.06
526.925	1205.06
527.14	1207.06
527.355	1177.06
527.57	1248.06
527.785	1239.06
527.999	1235.06
528.214	1267.06
528.429	1345.06
528.644	1397.06
528.859	1496.06
529.074	1509.06
529.289	1658.06
529.503	1841.06
529.718	1610.06
529.933	1409.06
530.148	1317.06
530.363	1228.06
530.577	1170.06
530.792	1148.06
531.007	1200.06
531.221	1182.06
531.436	1162.06
531.651	1170.06
531.865	1180.06
532.08	1174.06
532.295	1195.06
532.509	1180.06
532.724	1187.06
532.938	1191.06
533.153	1254.06
533.367	1280.06
533.582	1337.06
533.796	1323.06
534.011	1305.06
534.225	1194.06
534.44	1157.06
534.654	1157.06
534.868	1217.06
535.083	1200.06
535.297	1184.06
535.511	1210.06
535.726	1243.06
535.94	1238.06
536.154	1151.06
536.369	1151.06
536.583	1130.06
536.797	1126.06
537.011	1105.06
537.225	1103.06
537.44	1093.06
537.654	1128.06
537.868	1097.06
538.082	1098.06
538.296	1121.06
538.51	1153.06
538.724	1216.06
538.938	1258.06
539.153	1258.06
539.367	1300.06
539.581	1257.06
539.795	1119.06
540.009	1137.06
540.222	1110.06
540.436	1161.06
540.65	1217.06
540.864	1343.06
541.078	1389.06
541.292	1498.06
541.506	1542.06
541.72	1667.06
541.934	1752.06
542.147	1845.06
542.361	1676.06
542.575	1548.06
542.789	1420.06
543.002	1331.06
543.216	1313.06
543.43	1309.06
543.644	1346.06
543.857	1459.06
544.071	1534.06
544.285	1627.06
544.498	1592.06
544.712	1589.06
544.925	1614.06
545.139	1672.06
545.352	1619.06
545.566	1653.06
545.779	1647.06
545.993	1659.06
546.206	1706.06
546.42	1703.06
546.633	1682.06
546.847	1630.06
547.06	1659.06
547.274	1705.06
547.487	1741.06
547.7	1785.06
547.914	1703.06
548.127	1674.06
548.34	1622.06
548.554	1620.06
548.767	1641.06
548.98	1631.06
549.193	1630.06
549.407	1606.06
549.62	1627.06
549.833	1582.06
550.046	1597.06
550.259	1576.06
550.473	1553.06
550.686	1539.06
550.899	1505.06
551.112	1513.06
551.325	1474.06
551.538	1391.06
551.751	1317.06
551.964	1271.06
552.177	1345.06
552.39	1429.06
552.603	1510.06
552.816	1577.06
553.029	1616.06
553.242	1679.06
553.455	1719.06
553.667	1724.06
553.88	1737.06
554.093	1631.06
554.306	1618.06
554.519	1573.06
554.732	1533.06
554.944	1518.06
555.157	1489.06
555.37	1452.06
555.583	1421.06
555.795	1409.06
556.008	1324.06
556.221	1301.06
556.433	1347.06
556.646	1302.06
556.859	1338.06
557.071	1347.06
557.284	1326.06
557.496	1361.06
557.709	1353.06
557.921	1363.06
558.134	1325.06
558.346	1305.06
558.559	1275.06
558.771	1285.06
558.984	1275.06
559.196	1234.06
559.409	1216.06
559.621	1218.06
559.833	1194.06
560.046	1223.06
560.258	1192.06
560.47	1247.06
560.683	1215.06
560.895	1233.06
561.107	1203.06
561.32	1205.06
561.532	1200.06
561.744	1243.06
561.956	1223.06
562.168	1189.06
562.381	1217.06
562.593	1209.06
562.805	1180.06
563.017	1194.06
563.229	1163.06
563.441	1171.06
563.653	1149.06
563.865	1153.06
564.077	1150.06
564.289	1152.06
564.501	1148.06
564.713	1150.06
564.925	1173.06
565.137	1186.06
565.349	1173.06
565.561	1157.06
565.773	1203.06
565.985	1259.06
566.197	1283.06
566.408	1354.06
566.62	1433.06
566.832	1487.06
567.044	1499.06
567.255	1494.06
567.467	1481.06
567.679	1485.06
567.891	1541.06
568.102	1525.06
568.314	1426.06
568.526	1265.06
568.737	1127.06
568.949	1063.06
569.161	1009.06
569.372	929.06
569.584	913.06
569.795	869.06
570.007	877.06
570.218	982.06
570.43	941.06
570.641	899.06
570.853	910.06
571.064	932.06
571.276	967.06
571.487	940.06
571.698	940.06
571.91	911.06
572.121	881.06
572.333	845.06
572.544	827.06
572.755	741.06
572.966	748.06
573.178	720.06
573.389	713.06
573.6	698.06
573.811	687.06
574.023	685.06
574.234	691.06
574.445	727.06
574.656	721.06
574.867	750.06
575.078	746.06
575.289	774.06
575.501	733.06
575.712	709.06
575.923	696.06
576.134	730.06
576.345	754.06
576.556	720.06
576.767	740.06
576.978	754.06
577.188	710.06
577.399	704.06
577.61	687.06
577.821	694.06
578.032	694.06
578.243	780.06
578.454	1331.06
578.665	879.06
578.875	670.06
579.086	631.06
579.297	599.06
579.508	611.06
579.718	612.06
579.929	601.06
580.14	605.06
580.35	602.06
580.561	623.06
580.772	615.06
580.982	633.06
581.193	627.06
581.403	661.06
581.614	610.06
581.825	633.06
582.035	629.06
582.246	626.06
582.456	644.06
582.667	626.06
582.877	633.06
583.087	586.06
583.298	593.06
583.508	586.06
583.719	567.06
583.929	567.06
584.139	566.06
584.35	562.06
584.56	570.06
584.77	562.06
584.981	554.06
585.191	583.06
585.401	590.06
585.611	561.06
585.821	556.06
586.032	545.06
586.242	565.06
586.452	569.06
586.662	550.06
586.872	563.06
587.082	549.06
587.292	566.06
587.502	547.06
587.713	563.06
587.923	553.06
588.133	554.06
588.343	551.06
588.553	563.06
588.762	542.06
588.972	529.06
589.182	544.06
589.392	558.06
589.602	553.06
589.812	583.06
590.022	573.06
590.232	560.06
590.441	553.06
590.651	542.06
590.861	540.06
591.071	546.06
591.281	527.06
591.49	554.06
591.7	568.06
591.91	598.06
592.119	589.06
592.329	604.06
592.539	624.06
592.748	629.06
592.958	651.06
593.167	622.06
593.377	632.06
593.587	642.06
593.796	642.06
594.006	650.06
594.215	673.06
594.424	688.06
594.634	673.06
594.843	661.06
595.053	659.06
595.262	626.06
595.472	589.06
595.681	584.06
595.89	573.06
596.1	583.06
596.309	602.06
596.518	603.06
596.727	602.06
596.937	603.06
597.146	599.06
597.355	563.06
597.564	553.06
597.774	552.06
597.983	520.06
598.192	489.06
598.401	472.06
598.61	497.06
598.819	509.06
599.028	510.06
599.237	518.06
599.446	526.06
599.655	510.06
599.864	510.06
600.073	530.06
600.282	519.06
600.491	554.06
600.7	531.06
600.909	551.06
601.118	571.06
601.327	640.06
601.536	645.06
601.745	683.06
601.953	696.06
602.162	693.06
602.371	702.06
602.58	689.06
602.789	701.06
602.997	702.06
603.206	696.06
603.415	689.06
603.623	699.06
603.832	696.06
604.041	653.06
604.249	622.06
604.458	573.06
604.666	552.06
604.875	555.06
605.084	587.06
605.292	671.06
605.501	709.06
605.709	737.06
605.918	719.06
606.126	738.06
606.334	719.06
606.543	753.06
606.751	716.06
606.96	737.06
607.168	737.06
607.376	725.06
607.585	730.06
607.793	733.06
608.001	732.06
608.21	739.06
608.418	769.06
608.626	744.06
608.834	738.06
609.043	757.06
609.251	757.06
609.459	749.06
609.667	756.06
609.875	791.06
610.083	781.06
610.291	766.06
610.499	769.06
610.707	750.06
610.916	776.06
611.124	767.06
611.332	777.06
611.54	793.06
611.748	779.06
611.955	765.06
612.163	746.06
612.371	759.06
612.579	759.06
612.787	765.06
612.995	767.06
613.203	755.06
613.411	759.06
613.618	745.06
613.826	741.06
614.034	749.06
614.242	734.06
614.449	745.06
614.657	759.06
614.865	766.06
615.072	745.06
615.28	759.06
615.488	744.06
615.695	746.06
615.903	750.06
616.111	716.06
616.318	747.06
616.526	757.06
616.733	747.06
616.941	752.06
617.148	761.06
617.356	738.06
617.563	705.06
617.771	682.06
617.978	683.06
618.185	697.06
618.393	729.06
618.6	729.06
618.807	748.06
619.015	734.06
619.222	684.06
619.429	668.06
619.637	615.06
619.844	583.06
620.051	585.06
620.258	632.06
620.466	639.06
620.673	661.06
620.88	629.06
621.087	638.06
621.294	625.06
621.501	602.06
621.708	585.06
621.915	639.06
622.122	663.06
622.329	702.06
622.536	651.06
622.743	633.06
622.95	649.06
623.157	672.06
623.364	655.06
623.571	675.06
623.778	674.06
623.985	675.06
624.192	662.06
624.399	642.06
624.606	651.06
624.812	632.06
625.019	617.06
625.226	586.06
625.433	575.06
625.639	519.06
625.846	493.06
626.053	455.06
626.259	446.06
626.466	437.06
626.673	456.06
626.879	434.06
627.086	449.06
627.293	513.06
627.499	548.06
627.706	590.06
627.912	602.06
628.119	642.06
628.325	617.06
628.532	591.06
628.738	582.06
628.945	569.06
629.151	557.06
629.357	555.06
629.564	565.06
629.77	539.06
629.976	538.06
630.183	495.06
630.389	493.06
630.595	533.06
630.802	554.06
631.008	537.06
631.214	561.06
631.42	528.06
631.627	475.06
631.833	491.06
632.039	508.06
632.245	492.06
632.451	523.06
632.657	538.06
632.863	504.06
633.069	507.06
633.275	503.06
633.481	478.06
633.688	479.06
633.893	489.06
634.099	503.06
634.305	477.06
634.511	480.06
634.717	480.06
634.923	440.06
635.129	426.06
635.335	433.06
635.541	450.06
635.747	441.06
635.952	501.06
636.158	528.06
636.364	623.06
636.57	683.06
636.775	583.06
636.981	580.06
637.187	542.06
637.392	547.06
637.598	550.06
637.804	569.06
638.009	526.06
638.215	517.06
638.421	536.06
638.626	488.06
638.832	496.06
639.037	487.06
639.243	462.06
639.448	471.06
639.654	455.06
639.859	455.06
640.065	464.06
640.27	467.06
640.475	465.06
640.681	472.06
640.886	482.06
641.091	473.06
641.297	483.06
641.502	467.06
641.707	476.06
641.913	454.06
642.118	483.06
642.323	484.06
642.528	473.06
642.733	475.06
642.939	448.06
643.144	439.06
643.349	440.06
643.554	445.06
643.759	447.06
643.964	463.06
644.169	453.06
644.374	464.06
644.579	451.06
644.784	459.06
644.989	458.06
645.194	457.06
645.399	447.06
645.604	442.06
645.809	455.06
646.014	440.06
646.219	450.06
646.423	460.06
646.628	464.06
646.833	463.06
647.038	445.06
647.243	454.06
647.447	445.06
647.652	431.06
647.857	448.06
648.062	471.06
648.266	443.06
648.471	441.06
648.676	458.06
648.88	458.06
649.085	457.06
649.289	452.06
649.494	471.06
649.698	482.06
649.903	454.06
650.107	439.06
650.312	437.06
650.516	428.06
650.721	431.06
650.925	405.06
651.13	403.06
651.334	385.06
651.539	406.06
651.743	387.06
651.947	389.06
652.152	381.06
652.356	371.06
652.56	353.06
652.764	354.06
652.969	362.06
653.173	352.06
653.377	327.06
653.581	338.06
653.785	322.06
653.99	336.06
654.194	307.06
654.398	304.06
654.602	309.06
654.806	301.06
655.01	329.06
655.214	318.06
655.418	295.06
655.622	298.06
655.826	282.06
656.03	288.06
656.234	281.06
656.438	270.06
656.642	257.06
656.846	260.06
657.049	259.06
657.253	250.06
657.457	232.06
657.661	226.06
657.865	217.06
658.068	216.06
658.272	192.06
658.476	184.06
658.68	195.06
658.883	187.06
659.087	170.06
659.291	184.06
659.494	179.06
659.698	159.06
659.901	165.06
660.105	156.06
660.309	149.06
660.512	154.06
660.716	136.06
660.919	128.06
661.123	141.06
661.326	133.06
661.53	143.06
661.733	131.06
661.936	113.06
662.14	117.06
662.343	102.06
662.546	84.06
662.75	93.06
662.953	102.06
663.156	83.06
663.36	95.06
663.563	93.06
663.766	92.06
663.969	85.06
664.173	86.06
664.376	93.06
664.579	69.06
664.782	80.06
664.985	86.06
665.188	67.06
665.391	71.06
665.594	74.06
665.797	84.06
666	77.06
666.203	81.06
666.406	92.06
666.609	94.06
666.812	70.06
667.015	74.06
667.218	75.06
667.421	82.06
667.624	80.06
667.827	89.06
668.03	83.06
668.232	78.06
668.435	85.06
668.638	77.06
668.841	88.06
669.043	82.06
669.246	73.06
669.449	77.06
669.651	88.06
669.854	69.06
670.057	85.06
670.259	69.06
670.462	83.06
670.665	73.06
670.867	85.06
671.07	83.06
671.272	72.06
671.475	81.06
671.677	63.06
671.88	76.06
672.082	90.06
672.284	86.06
672.487	72.06
672.689	64.06
672.892	68.06
