223.165	-7.5
223.4	-7.5
223.635	-7.5
223.869	-31.5
224.104	-26.5
224.338	-14.5
224.573	0.5
224.808	-5.5
225.042	-6.5
225.277	-7.5
225.511	-7.5
225.746	5.5
225.98	17.5
226.215	12.5
226.449	14.5
226.683	20.5
226.918	16.5
227.152	19.5
227.387	43.5
227.621	33.5
227.856	44.5
228.09	24.5
228.324	57.5
228.559	58.5
228.793	78.5
229.027	142.5
229.262	150.5
229.496	154.5
229.73	180.5
229.964	216.5
230.199	195.5
230.433	172.5
230.667	162.5
230.901	146.5
231.136	155.5
231.37	161.5
231.604	155.5
231.838	172.5
232.072	165.5
232.306	160.5
232.541	158.5
232.775	152.5
233.009	143.5
233.243	156.5
233.477	152.5
233.711	161.5
233.945	165.5
234.179	173.5
234.413	182.5
234.647	145.5
234.881	178.5
235.115	169.5
235.349	179.5
235.583	174.5
235.817	173.5
236.051	181.5
236.285	181.5
236.519	193.5
236.753	180.5
236.987	216.5
237.221	273.5
237.455	344.5
237.689	266.5
237.922	200.5
238.156	191.5
238.39	198.5
238.624	164.5
238.858	201.5
239.091	188.5
239.325	195.5
239.559	193.5
239.793	204.5
240.027	202.5
240.26	205.5
240.494	221.5
240.728	208.5
240.961	228.5
241.195	213.5
241.429	207.5
241.662	201.5
241.896	194.5
242.13	206.5
242.363	198.5
242.597	218.5
242.83	210.5
243.064	214.5
243.298	219.5
243.531	222.5
243.765	219.5
243.998	228.5
244.232	214.5
244.465	223.5
244.699	249.5
244.932	221.5
245.166	236.5
245.399	247.5
245.633	226.5
245.866	236.5
246.099	254.5
246.333	240.5
246.566	264.5
246.8	242.5
247.033	240.5
247.266	244.5
247.5	262.5
247.733	248.5
247.966	275.5
248.2	272.5
248.433	260.5
248.666	288.5
248.899	307.5
249.133	322.5
249.366	320.5
249.599	329.5
249.832	309.5
250.066	311.5
250.299	334.5
250.532	374.5
250.765	413.5
250.998	400.5
251.231	383.5
251.465	373.5
251.698	333.5
251.931	340.5
252.164	325.5
252.397	353.5
252.63	328.5
252.863	330.5
253.096	338.5
253.329	349.5
253.562	360.5
253.795	334.5
254.028	352.5
254.261	370.5
254.494	360.5
254.727	379.5
254.96	430.5
255.193	401.5
255.426	382.5
255.659	409.5
255.892	466.5
256.124	548.5
256.357	595.5
256.59	526.5
256.823	451.5
257.056	394.5
257.289	398.5
257.521	390.5
257.754	386.5
257.987	377.5
258.22	380.5
258.452	366.5
258.685	355.5
258.918	364.5
259.151	354.5
259.383	368.5
259.616	364.5
259.849	385.5
260.081	388.5
260.314	416.5
260.547	400.5
260.779	408.5
261.012	387.5
261.244	385.5
261.477	370.5
261.71	376.5
261.942	389.5
262.175	416.5
262.407	390.5
262.64	353.5
262.872	365.5
263.105	357.5
263.337	354.5
263.57	342.5
263.802	345.5
264.035	392.5
264.267	373.5
264.499	368.5
264.732	368.5
264.964	365.5
265.197	373.5
265.429	372.5
265.661	382.5
265.894	379.5
266.126	382.5
266.358	376.5
266.591	391.5
266.823	418.5
267.055	376.5
267.287	401.5
267.52	394.5
267.752	396.5
267.984	401.5
268.216	403.5
268.448	414.5
268.681	416.5
268.913	428.5
269.145	431.5
269.377	448.5
269.609	453.5
269.841	457.5
270.073	461.5
270.306	461.5
270.538	477.5
270.77	505.5
271.002	494.5
271.234	468.5
271.466	478.5
271.698	499.5
271.93	512.5
272.162	509.5
272.394	512.5
272.626	498.5
272.858	505.5
273.09	468.5
273.322	466.5
273.553	452.5
273.785	463.5
274.017	453.5
274.249	472.5
274.481	464.5
274.713	473.5
274.945	472.5
275.176	484.5
275.408	470.5
275.64	477.5
275.872	492.5
276.104	490.5
276.335	490.5
276.567	513.5
276.799	556.5
277.031	545.5
277.262	568.5
277.494	566.5
277.726	554.5
277.957	531.5
278.189	516.5
278.421	516.5
278.652	513.5
278.884	515.5
279.115	513.5
279.347	480.5
279.579	510.5
279.81	519.5
280.042	524.5
280.273	552.5
280.505	554.5
280.736	500.5
280.968	492.5
281.199	476.5
281.431	503.5
281.662	486.5
281.894	496.5
282.125	536.5
282.356	549.5
282.588	593.5
282.819	593.5
283.051	525.5
283.282	506.5
283.513	504.5
283.745	509.5
283.976	515.5
284.207	513.5
284.439	537.5
284.67	522.5
284.901	539.5
285.132	532.5
285.364	514.5
285.595	521.5
285.826	511.5
286.057	534.5
286.288	525.5
286.52	544.5
286.751	520.5
286.982	533.5
287.213	524.5
287.444	537.5
287.675	537.5
287.906	581.5
288.138	575.5
288.369	570.5
288.6	587.5
288.831	576.5
289.062	576.5
289.293	559.5
289.524	561.5
289.755	548.5
289.986	542.5
290.217	551.5
290.448	554.5
290.679	543.5
290.91	558.5
291.141	530.5
291.371	557.5
291.602	554.5
291.833	547.5
292.064	556.5
292.295	584.5
292.526	533.5
292.757	554.5
292.987	546.5
293.218	581.5
293.449	549.5
293.68	564.5
293.91	538.5
294.141	538.5
294.372	587.5
294.603	571.5
294.833	566.5
295.064	566.5
295.295	588.5
295.525	566.5
295.756	561.5
295.987	590.5
296.217	623.5
296.448	650.5
296.679	588.5
296.909	609.5
297.14	602.5
297.37	606.5
297.601	595.5
297.831	590.5
298.062	601.5
298.292	609.5
298.523	641.5
298.753	626.5
298.984	614.5
299.214	638.5
299.445	599.5
299.675	599.5
299.905	624.5
300.136	614.5
300.366	616.5
300.597	630.5
300.827	635.5
301.057	663.5
301.288	667.5
301.518	656.5
301.748	649.5
301.979	667.5
302.209	672.5
302.439	658.5
302.669	668.5
302.9	673.5
303.13	652.5
303.36	680.5
303.59	663.5
303.82	716.5
304.051	693.5
304.281	688.5
304.511	677.5
304.741	665.5
304.971	651.5
305.201	634.5
305.431	680.5
305.661	656.5
305.891	657.5
306.121	667.5
306.352	681.5
306.582	688.5
306.812	666.5
307.042	675.5
307.272	700.5
307.502	682.5
307.731	705.5
307.961	693.5
308.191	676.5
308.421	667.5
308.651	673.5
308.881	686.5
309.111	690.5
309.341	698.5
309.571	717.5
309.8	741.5
310.03	754.5
310.26	762.5
310.49	773.5
310.72	784.5
310.949	768.5
311.179	791.5
311.409	768.5
311.639	738.5
311.868	777.5
312.098	762.5
312.328	778.5
312.557	822.5
312.787	831.5
313.017	812.5
313.246	813.5
313.476	767.5
313.706	785.5
313.935	781.5
314.165	827.5
314.394	824.5
314.624	818.5
314.853	837.5
315.083	794.5
315.312	782.5
315.542	771.5
315.771	745.5
316.001	760.5
316.23	770.5
316.46	785.5
316.689	769.5
316.919	809.5
317.148	803.5
317.377	824.5
317.607	800.5
317.836	775.5
318.065	778.5
318.295	765.5
318.524	812.5
318.753	772.5
318.983	819.5
319.212	785.5
319.441	829.5
319.67	816.5
319.9	772.5
320.129	796.5
320.358	789.5
320.587	814.5
320.816	833.5
321.046	841.5
321.275	855.5
321.504	856.5
321.733	862.5
321.962	868.5
322.191	898.5
322.42	902.5
322.649	948.5
322.878	975.5
323.108	986.5
323.337	1062.5
323.566	1116.5
323.795	1162.5
324.024	1284.5
324.253	1525.5
324.482	2148.5
324.71	3238.5
324.939	4546.5
325.168	3590.5
325.397	1987.5
325.626	1444.5
325.855	1274.5
326.084	1210.5
326.313	1144.5
326.542	1186.5
326.77	1282.5
326.999	1482.5
327.228	2060.5
327.457	3036.5
327.686	3549.5
327.914	2385.5
328.143	1794.5
328.372	1725.5
328.6	1625.5
328.829	1428.5
329.058	1397.5
329.287	1380.5
329.515	1351.5
329.744	1371.5
329.972	1508.5
330.201	1840.5
330.43	2162.5
330.658	1986.5
330.887	1612.5
331.115	1470.5
331.344	1285.5
331.572	1197.5
331.801	1184.5
332.03	1250.5
332.258	1186.5
332.486	1180.5
332.715	1165.5
332.943	1229.5
333.172	1295.5
333.4	1294.5
333.629	1396.5
333.857	1476.5
334.085	1676.5
334.314	2019.5
334.542	2563.5
334.771	2718.5
334.999	1900.5
335.227	1462.5
335.455	1323.5
335.684	1230.5
335.912	1206.5
336.14	1148.5
336.369	1154.5
336.597	1150.5
336.825	1147.5
337.053	1138.5
337.281	1091.5
337.51	1051.5
337.738	1064.5
337.966	1068.5
338.194	1074.5
338.422	1034.5
338.65	1031.5
338.878	1018.5
339.106	1013.5
339.334	1016.5
339.562	984.5
339.79	988.5
340.018	995.5
340.246	999.5
340.474	1013.5
340.702	1016.5
340.93	998.5
341.158	1004.5
341.386	979.5
341.614	998.5
341.842	970.5
342.07	991.5
342.298	962.5
342.526	966.5
342.754	941.5
342.981	945.5
343.209	964.5
343.437	969.5
343.665	1016.5
343.893	1062.5
344.12	1112.5
344.348	1044.5
344.576	1035.5
344.804	1022.5
345.031	1038.5
345.259	1022.5
345.487	1037.5
345.714	996.5
345.942	978.5
346.17	954.5
346.397	952.5
346.625	964.5
346.853	958.5
347.08	961.5
347.308	965.5
347.535	969.5
347.763	981.5
347.99	999.5
348.218	993.5
348.445	984.5
348.673	977.5
348.9	969.5
349.128	944.5
349.355	963.5
349.583	926.5
349.81	931.5
350.037	919.5
350.265	944.5
350.492	940.5
350.72	925.5
350.947	943.5
351.174	940.5
351.402	970.5
351.629	965.5
351.856	992.5
352.083	992.5
352.311	1000.5
352.538	998.5
352.765	1014.5
352.992	985.5
353.22	975.5
353.447	966.5
353.674	953.5
353.901	936.5
354.128	917.5
354.355	911.5
354.583	918.5
354.81	910.5
355.037	916.5
355.264	889.5
355.491	922.5
355.718	918.5
355.945	889.5
356.172	912.5
356.399	915.5
356.626	909.5
356.853	912.5
357.08	928.5
357.307	931.5
357.534	894.5
357.761	909.5
357.988	889.5
358.215	924.5
358.441	950.5
358.668	944.5
358.895	928.5
359.122	938.5
359.349	959.5
359.576	975.5
359.802	1037.5
360.029	1105.5
360.256	1110.5
360.483	1084.5
360.709	1000.5
360.936	1000.5
361.163	996.5
361.39	970.5
361.616	1028.5
361.843	1009.5
362.07	982.5
362.296	976.5
362.523	987.5
362.749	1012.5
362.976	987.5
363.203	956.5
363.429	974.5
363.656	952.5
363.882	973.5
364.109	962.5
364.335	962.5
364.562	962.5
364.788	950.5
365.015	974.5
365.241	940.5
365.468	990.5
365.694	980.5
365.92	1003.5
366.147	964.5
366.373	939.5
366.599	976.5
366.826	977.5
367.052	951.5
367.278	962.5
367.505	1004.5
367.731	983.5
367.957	985.5
368.184	988.5
368.41	1012.5
368.636	1056.5
368.862	1028.5
369.089	1001.5
369.315	1005.5
369.541	984.5
369.767	1005.5
369.993	1000.5
370.219	1034.5
370.445	1032.5
370.672	1040.5
370.898	1035.5
371.124	998.5
371.35	1040.5
371.576	1027.5
371.802	1028.5
372.028	992.5
372.254	1026.5
372.48	1029.5
372.706	1059.5
372.932	1072.5
373.158	1075.5
373.384	1017.5
373.61	1051.5
373.835	1037.5
374.061	1030.5
374.287	1064.5
374.513	1073.5
374.739	1055.5
374.965	1091.5
375.191	1124.5
375.416	1102.5
375.642	1112.5
375.868	1065.5
376.094	1050.5
376.319	1072.5
376.545	1043.5
376.771	1014.5
376.997	1031.5
377.222	1032.5
377.448	1048.5
377.674	1036.5
377.899	1018.5
378.125	1034.5
378.35	1012.5
378.576	1028.5
378.802	1051.5
379.027	1022.5
379.253	1029.5
379.478	1041.5
379.704	1042.5
379.929	1036.5
380.155	1051.5
380.38	1034.5
380.606	1022.5
380.831	1066.5
381.057	1034.5
381.282	1065.5
381.507	1055.5
381.733	1066.5
381.958	1097.5
382.184	1080.5
382.409	1076.5
382.634	1085.5
382.86	1108.5
383.085	1144.5
383.31	1121.5
383.535	1123.5
383.761	1124.5
383.986	1141.5
384.211	1157.5
384.436	1172.5
384.662	1161.5
384.887	1177.5
385.112	1170.5
385.337	1210.5
385.562	1216.5
385.787	1235.5
386.013	1267.5
386.238	1262.5
386.463	1277.5
386.688	1244.5
386.913	1204.5
387.138	1240.5
387.363	1238.5
387.588	1215.5
387.813	1256.5
388.038	1236.5
388.263	1205.5
388.488	1225.5
388.713	1211.5
388.938	1233.5
389.163	1226.5
389.387	1239.5
389.612	1210.5
389.837	1231.5
390.062	1247.5
390.287	1213.5
390.512	1202.5
390.736	1232.5
390.961	1271.5
391.186	1306.5
391.411	1321.5
391.636	1315.5
391.86	1355.5
392.085	1393.5
392.31	1375.5
392.534	1292.5
392.759	1324.5
392.984	1329.5
393.208	1314.5
393.433	1338.5
393.658	1352.5
393.882	1319.5
394.107	1328.5
394.331	1313.5
394.556	1362.5
394.78	1322.5
395.005	1311.5
395.229	1336.5
395.454	1390.5
395.678	1397.5
395.903	1420.5
396.127	1434.5
396.352	1422.5
396.576	1355.5
396.801	1350.5
397.025	1384.5
397.249	1413.5
397.474	1415.5
397.698	1432.5
397.922	1488.5
398.147	1476.5
398.371	1516.5
398.595	1539.5
398.82	1577.5
399.044	1631.5
399.268	1758.5
399.492	1969.5
399.717	2149.5
399.941	2116.5
400.165	2027.5
400.389	1914.5
400.613	1769.5
400.837	1703.5
401.062	1646.5
401.286	1621.5
401.51	1616.5
401.734	1604.5
401.958	1593.5
402.182	1648.5
402.406	1707.5
402.63	1683.5
402.854	1729.5
403.078	1752.5
403.302	1764.5
403.526	1795.5
403.75	1793.5
403.974	1795.5
404.198	1837.5
404.422	1907.5
404.645	1870.5
404.869	1873.5
405.093	2001.5
405.317	2068.5
405.541	2125.5
405.765	2003.5
405.988	1869.5
406.212	1954.5
406.436	2001.5
406.66	2010.5
406.883	1914.5
407.107	2002.5
407.331	2103.5
407.555	2244.5
407.778	2254.5
408.002	2088.5
408.226	1989.5
408.449	1984.5
408.673	1918.5
408.896	1941.5
409.12	1953.5
409.344	1917.5
409.567	1817.5
409.791	1832.5
410.014	1803.5
410.238	1794.5
410.461	1794.5
410.685	1843.5
410.908	1824.5
411.132	1897.5
411.355	1894.5
411.578	1840.5
411.802	1788.5
412.025	1797.5
412.249	1854.5
412.472	1967.5
412.695	2060.5
412.919	2005.5
413.142	1902.5
413.365	1848.5
413.589	1844.5
413.812	1727.5
414.035	1705.5
414.258	1711.5
414.482	1724.5
414.705	1724.5
414.928	1687.5
415.151	1708.5
415.374	1690.5
415.597	1690.5
415.821	1717.5
416.044	1684.5
416.267	1706.5
416.49	1711.5
416.713	1667.5
416.936	1705.5
417.159	1700.5
417.382	1717.5
417.605	1738.5
417.828	1764.5
418.051	1818.5
418.274	1787.5
418.497	1774.5
418.72	1769.5
418.943	1742.5
419.166	1878.5
419.389	1928.5
419.611	1944.5
419.834	1941.5
420.057	1891.5
420.28	1956.5
420.503	1921.5
420.726	1903.5
420.948	1875.5
421.171	1875.5
421.394	1939.5
421.617	1822.5
421.839	1795.5
422.062	1821.5
422.285	1813.5
422.507	1936.5
422.73	1996.5
422.953	1937.5
423.175	1842.5
423.398	1888.5
423.621	1805.5
423.843	1906.5
424.066	1915.5
424.288	1926.5
424.511	1956.5
424.733	2016.5
424.956	2120.5
425.178	2057.5
425.401	2028.5
425.623	2048.5
425.846	1864.5
426.068	1798.5
426.291	1764.5
426.513	1764.5
426.735	1784.5
426.958	1885.5
427.18	1974.5
427.402	2151.5
427.625	2375.5
427.847	2168.5
428.069	2089.5
428.292	1917.5
428.514	1814.5
428.736	1691.5
428.958	1662.5
429.181	1664.5
429.403	1610.5
429.625	1648.5
429.847	1704.5
430.069	1803.5
430.292	1755.5
430.514	1631.5
430.736	1656.5
430.958	1621.5
431.18	1599.5
431.402	1571.5
431.624	1525.5
431.846	1531.5
432.068	1455.5
432.29	1423.5
432.512	1472.5
432.734	1540.5
432.956	1618.5
433.178	1669.5
433.4	1704.5
433.622	1666.5
433.844	1612.5
434.066	1565.5
434.287	1487.5
434.509	1474.5
434.731	1604.5
434.953	1659.5
435.175	1719.5
435.397	1762.5
435.618	1683.5
435.84	1689.5
436.062	1832.5
436.284	1976.5
436.505	1795.5
436.727	1749.5
436.949	1718.5
437.17	1682.5
437.392	1625.5
437.614	1578.5
437.835	1582.5
438.057	1764.5
438.278	1927.5
438.5	1994.5
438.721	2150.5
438.943	2096.5
439.165	1878.5
439.386	1787.5
439.608	1798.5
439.829	1805.5
440.05	1875.5
440.272	1935.5
440.493	1868.5
440.715	1804.5
440.936	1809.5
441.158	1770.5
441.379	1845.5
441.6	1890.5
441.822	1926.5
442.043	1995.5
442.264	2080.5
442.486	2077.5
442.707	1969.5
442.928	1865.5
443.149	1913.5
443.371	1962.5
443.592	2003.5
443.813	2164.5
444.034	2238.5
444.255	2072.5
444.476	2013.5
444.698	2021.5
444.919	2057.5
445.14	2165.5
445.361	2077.5
445.582	2014.5
445.803	2077.5
446.024	2181.5
446.245	2205.5
446.466	2075.5
446.687	1941.5
446.908	1874.5
447.129	1825.5
447.35	1766.5
447.571	1764.5
447.792	1719.5
448.013	1704.5
448.234	1728.5
448.455	1807.5
448.675	1972.5
448.896	2096.5
449.117	1841.5
449.338	1825.5
449.559	1998.5
449.779	2117.5
450	1841.5
450.221	1673.5
450.442	1657.5
450.662	1644.5
450.883	1648.5
451.104	1712.5
451.324	1648.5
451.545	1579.5
451.766	1552.5
451.986	1482.5
452.207	1482.5
452.428	1469.5
452.648	1459.5
452.869	1439.5
453.089	1446.5
453.31	1430.5
453.53	1385.5
453.751	1308.5
453.971	1352.5
454.192	1464.5
454.412	1381.5
454.633	1352.5
454.853	1389.5
455.073	1412.5
455.294	1440.5
455.514	1534.5
455.734	1498.5
455.955	1365.5
456.175	1324.5
456.395	1298.5
456.616	1264.5
456.836	1293.5
457.056	1280.5
457.276	1227.5
457.497	1296.5
457.717	1288.5
457.937	1301.5
458.157	1296.5
458.377	1302.5
458.598	1342.5
458.818	1501.5
459.038	1585.5
459.258	1596.5
459.478	1468.5
459.698	1421.5
459.918	1439.5
460.138	1506.5
460.358	1567.5
460.578	1606.5
460.798	1635.5
461.018	1634.5
461.238	1610.5
461.458	1640.5
461.678	1556.5
461.898	1597.5
462.118	1580.5
462.338	1701.5
462.558	1672.5
462.777	1774.5
462.997	1821.5
463.217	1960.5
463.437	1938.5
463.657	1857.5
463.876	1791.5
464.096	1797.5
464.316	1801.5
464.536	1826.5
464.755	1820.5
464.975	1798.5
465.195	1881.5
465.414	2050.5
465.634	1759.5
465.854	1618.5
466.073	1588.5
466.293	1540.5
466.512	1556.5
466.732	1552.5
466.951	1566.5
467.171	1584.5
467.391	1564.5
467.61	1636.5
467.829	1654.5
468.049	1763.5
468.268	1935.5
468.488	1725.5
468.707	1619.5
468.927	1582.5
469.146	1570.5
469.365	1586.5
469.585	1571.5
469.804	1666.5
470.023	1688.5
470.243	1685.5
470.462	1701.5
470.681	1786.5
470.901	1742.5
471.12	1652.5
471.339	1654.5
471.558	1652.5
471.777	1628.5
471.997	1644.5
472.216	1925.5
472.435	2705.5
472.654	2190.5
472.873	1650.5
473.092	1589.5
473.311	1543.5
473.53	1540.5
473.749	1524.5
473.968	1569.5
474.187	1723.5
474.406	1690.5
474.625	1542.5
474.844	1578.5
475.063	1532.5
475.282	1486.5
475.501	1429.5
475.72	1472.5
475.939	1461.5
476.158	1527.5
476.377	1549.5
476.596	1497.5
476.814	1510.5
477.033	1461.5
477.252	1485.5
477.471	1589.5
477.69	1692.5
477.908	1708.5
478.127	1763.5
478.346	1737.5
478.564	1756.5
478.783	1806.5
479.002	1804.5
479.22	1822.5
479.439	1844.5
479.658	1834.5
479.876	1742.5
480.095	1786.5
480.313	1850.5
480.532	1918.5
480.751	1926.5
480.969	2098.5
481.188	3396.5
481.406	4141.5
481.624	2419.5
481.843	1950.5
482.061	1852.5
482.28	1826.5
482.498	1756.5
482.717	1736.5
482.935	1766.5
483.153	1873.5
483.372	1877.5
483.59	1888.5
483.808	1778.5
484.027	1734.5
484.245	1734.5
484.463	1793.5
484.681	1825.5
484.9	1837.5
485.118	1756.5
485.336	1764.5
485.554	1669.5
485.772	1670.5
485.99	1659.5
486.209	1674.5
486.427	1695.5
486.645	1836.5
486.863	1917.5
487.081	1920.5
487.299	1858.5
487.517	1871.5
487.735	2019.5
487.953	2145.5
488.171	2109.5
488.389	2059.5
488.607	1958.5
488.825	1869.5
489.043	1822.5
489.261	1840.5
489.479	1888.5
489.696	1933.5
489.914	1987.5
490.132	1998.5
490.35	2050.5
490.568	2156.5
490.786	2310.5
491.003	2344.5
491.221	2371.5
491.439	2458.5
491.657	2504.5
491.874	2652.5
492.092	2791.5
492.31	2984.5
492.527	2852.5
492.745	2752.5
492.963	2684.5
493.18	2599.5
493.398	2567.5
493.615	2571.5
493.833	2520.5
494.05	2498.5
494.268	2483.5
494.485	2458.5
494.703	2508.5
494.92	2458.5
495.138	2460.5
495.355	2461.5
495.573	2402.5
495.79	2380.5
496.008	2389.5
496.225	2362.5
496.442	2376.5
496.66	2334.5
496.877	2358.5
497.094	2355.5
497.312	2357.5
497.529	2377.5
497.746	2286.5
497.963	2296.5
498.181	2316.5
498.398	2285.5
498.615	2337.5
498.832	2474.5
499.049	2550.5
499.267	2701.5
499.484	2898.5
499.701	3124.5
499.918	3392.5
500.135	3724.5
500.352	4161.5
500.569	4162.5
500.786	4284.5
501.003	4062.5
501.22	3741.5
501.437	3405.5
501.654	3118.5
501.871	2979.5
502.088	2786.5
502.305	2588.5
502.522	2479.5
502.739	2413.5
502.956	2324.5
503.172	2232.5
503.389	2148.5
503.606	2164.5
503.823	2111.5
504.04	2106.5
504.256	2072.5
504.473	2127.5
504.69	2085.5
504.907	2096.5
505.123	2018.5
505.34	1948.5
505.557	1910.5
505.773	1903.5
505.99	1808.5
506.207	1855.5
506.423	1803.5
506.64	1833.5
506.856	1775.5
507.073	1770.5
507.289	1761.5
507.506	1759.5
507.722	1764.5
507.939	1830.5
508.155	1736.5
508.372	1696.5
508.588	1674.5
508.805	1660.5
509.021	1633.5
509.238	1621.5
509.454	1631.5
509.67	1627.5
509.887	1558.5
510.103	1582.5
510.319	1601.5
510.536	1976.5
510.752	3865.5
510.968	2663.5
511.184	1665.5
511.401	1550.5
511.617	1540.5
511.833	1557.5
512.049	1626.5
512.265	1606.5
512.481	1564.5
512.698	1563.5
512.914	1539.5
513.13	1487.5
513.346	1532.5
513.562	1534.5
513.778	1549.5
513.994	1523.5
514.21	1586.5
514.426	1660.5
514.642	1743.5
514.858	1816.5
515.074	1898.5
515.29	2402.5
515.506	4048.5
515.721	2931.5
515.937	1925.5
516.153	1765.5
516.369	1693.5
516.585	1656.5
516.801	1653.5
517.016	1669.5
517.232	1789.5
517.448	1793.5
517.664	1864.5
517.879	1846.5
518.095	1849.5
518.311	1808.5
518.527	1779.5
518.742	1679.5
518.958	1719.5
519.173	1665.5
519.389	1644.5
519.605	1644.5
519.82	1669.5
520.036	1658.5
520.251	1685.5
520.467	1746.5
520.682	1683.5
520.898	1680.5
521.113	1702.5
521.329	1824.5
521.544	2098.5
521.76	2833.5
521.975	5356.5
522.19	4883.5
522.406	2416.5
522.621	1821.5
522.836	1652.5
523.052	1580.5
523.267	1490.5
523.482	1496.5
523.698	1519.5
523.913	1516.5
524.128	1501.5
524.343	1531.5
524.559	1473.5
524.774	1508.5
524.989	1484.5
525.204	1485.5
525.419	1468.5
525.634	1417.5
525.849	1355.5
526.064	1309.5
526.28	1293.5
526.495	1274.5
526.71	1241.5
526.925	1232.5
527.14	1205.5
527.355	1232.5
527.57	1201.5
527.785	1223.5
527.999	1211.5
528.214	1257.5
528.429	1303.5
528.644	1367.5
528.859	1481.5
529.074	1538.5
529.289	1658.5
529.503	1838.5
529.718	1654.5
529.933	1455.5
530.148	1326.5
530.363	1262.5
530.577	1214.5
530.792	1185.5
531.007	1163.5
531.221	1202.5
531.436	1160.5
531.651	1170.5
531.865	1184.5
532.08	1185.5
532.295	1173.5
532.509	1166.5
532.724	1165.5
532.938	1209.5
533.153	1225.5
533.367	1304.5
533.582	1326.5
533.796	1343.5
534.011	1273.5
534.225	1203.5
534.44	1136.5
534.654	1183.5
534.868	1199.5
535.083	1168.5
535.297	1195.5
535.511	1212.5
535.726	1228.5
535.94	1190.5
536.154	1172.5
536.369	1134.5
536.583	1105.5
536.797	1101.5
537.011	1103.5
537.225	1088.5
537.44	1064.5
537.654	1131.5
537.868	1090.5
538.082	1110.5
538.296	1137.5
538.51	1156.5
538.724	1226.5
538.938	1235.5
539.153	1282.5
539.367	1295.5
539.581	1245.5
539.795	1157.5
540.009	1119.5
540.222	1111.5
540.436	1147.5
540.65	1242.5
540.864	1307.5
541.078	1414.5
541.292	1518.5
541.506	1562.5
541.72	1626.5
541.934	1784.5
542.147	1815.5
542.361	1734.5
542.575	1562.5
542.789	1416.5
543.002	1349.5
543.216	1299.5
543.43	1304.5
543.644	1370.5
543.857	1429.5
544.071	1552.5
544.285	1595.5
544.498	1608.5
544.712	1578.5
544.925	1626.5
545.139	1654.5
545.352	1658.5
545.566	1648.5
545.779	1631.5
545.993	1679.5
546.206	1695.5
546.42	1665.5
546.633	1716.5
546.847	1665.5
547.06	1647.5
547.274	1701.5
547.487	1722.5
547.7	1744.5
547.914	1704.5
548.127	1681.5
548.34	1637.5
548.554	1654.5
548.767	1610.5
548.98	1592.5
549.193	1582.5
549.407	1609.5
549.62	1608.5
549.833	1609.5
550.046	1626.5
550.259	1571.5
550.473	1510.5
550.686	1577.5
550.899	1517.5
551.112	1481.5
551.325	1438.5
551.538	1412.5
551.751	1260.5
551.964	1251.5
552.177	1296.5
552.39	1396.5
552.603	1519.5
552.816	1573.5
553.029	1623.5
553.242	1659.5
553.455	1684.5
553.667	1708.5
553.88	1692.5
554.093	1652.5
554.306	1613.5
554.519	1571.5
554.732	1549.5
554.944	1500.5
555.157	1485.5
555.37	1488.5
555.583	1472.5
555.795	1393.5
556.008	1325.5
556.221	1263.5
556.433	1291.5
556.646	1303.5
556.859	1293.5
557.071	1347.5
557.284	1371.5
557.496	1346.5
557.709	1362.5
557.921	1389.5
558.134	1336.5
558.346	1304.5
558.559	1295.5
558.771	1277.5
558.984	1232.5
559.196	1236.5
559.409	1233.5
559.621	1196.5
559.833	1179.5
560.046	1161.5
560.258	1198.5
560.47	1210.5
560.683	1200.5
560.895	1208.5
561.107	1205.5
561.32	1241.5
561.532	1214.5
561.744	1220.5
561.956	1219.5
562.168	1212.5
562.381	1187.5
562.593	1196.5
562.805	1152.5
563.017	1148.5
563.229	1148.5
563.441	1162.5
563.653	1156.5
563.865	1190.5
564.077	1152.5
564.289	1129.5
564.501	1146.5
564.713	1157.5
564.925	1155.5
565.137	1170.5
565.349	1183.5
565.561	1191.5
565.773	1180.5
565.985	1211.5
566.197	1286.5
566.408	1346.5
566.62	1387.5
566.832	1488.5
567.044	1468.5
567.255	1485.5
567.467	1457.5
567.679	1469.5
567.891	1512.5
568.102	1510.5
568.314	1404.5
568.526	1293.5
568.737	1176.5
568.949	1072.5
569.161	970.5
569.372	922.5
569.584	912.5
569.795	894.5
570.007	899.5
570.218	1021.5
570.43	979.5
570.641	904.5
570.853	941.5
571.064	961.5
571.276	943.5
571.487	922.5
571.698	894.5
571.91	882.5
572.121	894.5
572.333	860.5
572.544	809.5
572.755	783.5
572.966	751.5
573.178	730.5
573.389	718.5
573.6	708.5
573.811	693.5
574.023	646.5
574.234	665.5
574.445	682.5
574.656	735.5
574.867	762.5
575.078	747.5
575.289	736.5
575.501	708.5
575.712	701.5
575.923	731.5
576.134	726.5
576.345	725.5
576.556	745.5
576.767	769.5
576.978	737.5
577.188	689.5
577.399	689.5
577.61	682.5
577.821	718.5
578.032	738.5
578.243	824.5
578.454	1452.5
578.665	914.5
578.875	674.5
579.086	627.5
579.297	597.5
579.508	610.5
579.718	614.5
579.929	616.5
580.14	580.5
580.35	582.5
580.561	622.5
580.772	623.5
580.982	626.5
581.193	626.5
581.403	618.5
581.614	648.5
581.825	639.5
582.035	605.5
582.246	612.5
582.456	609.5
582.667	642.5
582.877	613.5
583.087	626.5
583.298	604.5
583.508	568.5
583.719	569.5
583.929	575.5
584.139	558.5
584.35	547.5
584.56	564.5
584.77	566.5
584.981	579.5
585.191	570.5
585.401	568.5
585.611	568.5
585.821	552.5
586.032	550.5
586.242	570.5
586.452	534.5
586.662	545.5
586.872	533.5
587.082	537.5
587.292	544.5
587.502	538.5
587.713	543.5
587.923	525.5
588.133	516.5
588.343	528.5
588.553	537.5
588.762	554.5
588.972	518.5
589.182	546.5
589.392	537.5
589.602	549.5
589.812	554.5
590.022	524.5
590.232	534.5
590.441	535.5
590.651	550.5
590.861	532.5
591.071	556.5
591.281	566.5
591.49	554.5
591.7	545.5
591.91	547.5
592.119	588.5
592.329	596.5
592.539	633.5
592.748	624.5
592.958	629.5
593.167	652.5
593.377	641.5
593.587	636.5
593.796	646.5
594.006	656.5
594.215	676.5
594.424	676.5
594.634	701.5
594.843	692.5
595.053	668.5
595.262	648.5
595.472	643.5
595.681	590.5
595.89	583.5
596.1	562.5
596.309	568.5
596.518	592.5
596.727	582.5
596.937	604.5
597.146	590.5
597.355	585.5
597.564	553.5
597.774	540.5
597.983	504.5
598.192	506.5
598.401	470.5
598.61	504.5
598.819	518.5
599.028	525.5
599.237	533.5
599.446	499.5
599.655	534.5
599.864	507.5
600.073	502.5
600.282	518.5
600.491	540.5
600.7	525.5
600.909	534.5
601.118	569.5
601.327	611.5
601.536	648.5
601.745	684.5
601.953	676.5
602.162	694.5
602.371	700.5
602.58	696.5
602.789	683.5
602.997	696.5
603.206	692.5
603.415	686.5
603.623	692.5
603.832	670.5
604.041	658.5
604.249	601.5
604.458	580.5
604.666	534.5
604.875	560.5
605.084	590.5
605.292	661.5
605.501	715.5
605.709	735.5
605.918	741.5
606.126	737.5
606.334	719.5
606.543	721.5
606.751	733.5
606.96	744.5
607.168	722.5
607.376	709.5
607.585	733.5
607.793	725.5
608.001	740.5
608.21	722.5
608.418	749.5
608.626	756.5
608.834	741.5
609.043	747.5
609.251	748.5
609.459	724.5
609.667	752.5
609.875	788.5
610.083	812.5
610.291	770.5
610.499	773.5
610.707	736.5
610.916	748.5
611.124	781.5
611.332	754.5
611.54	791.5
611.748	780.5
611.955	757.5
612.163	745.5
612.371	758.5
612.579	742.5
612.787	758.5
612.995	757.5
613.203	769.5
613.411	740.5
613.618	738.5
613.826	714.5
614.034	740.5
614.242	747.5
614.449	769.5
614.657	745.5
614.865	739.5
615.072	760.5
615.28	750.5
615.488	735.5
615.695	749.5
615.903	736.5
616.111	737.5
616.318	731.5
616.526	740.5
616.733	756.5
616.941	741.5
617.148	736.5
617.356	726.5
617.563	734.5
617.771	691.5
617.978	654.5
618.185	703.5
618.393	701.5
618.6	734.5
618.807	724.5
619.015	731.5
619.222	717.5
619.429	681.5
619.637	650.5
619.844	602.5
620.051	595.5
620.258	639.5
620.466	643.5
620.673	652.5
620.88	645.5
621.087	634.5
621.294	642.5
621.501	589.5
621.708	584.5
621.915	619.5
622.122	646.5
622.329	684.5
622.536	637.5
622.743	675.5
622.95	681.5
623.157	638.5
623.364	656.5
623.571	682.5
623.778	657.5
623.985	648.5
624.192	645.5
624.399	650.5
624.606	642.5
624.812	628.5
625.019	598.5
625.226	604.5
625.433	599.5
625.639	537.5
625.846	489.5
626.053	485.5
626.259	430.5
626.466	435.5
626.673	428.5
626.879	426.5
627.086	454.5
627.293	521.5
627.499	556.5
627.706	596.5
627.912	629.5
628.119	606.5
628.325	620.5
628.532	580.5
628.738	579.5
628.945	580.5
629.151	564.5
629.357	557.5
629.564	566.5
629.77	546.5
629.976	542.5
630.183	512.5
630.389	510.5
630.595	555.5
630.802	546.5
631.008	548.5
631.214	561.5
631.42	517.5
631.627	478.5
631.833	497.5
632.039	510.5
632.245	530.5
632.451	528.5
632.657	533.5
632.863	534.5
633.069	504.5
633.275	500.5
633.481	495.5
633.688	480.5
633.893	468.5
634.099	491.5
634.305	490.5
634.511	483.5
634.717	439.5
634.923	432.5
635.129	403.5
635.335	420.5
635.541	434.5
635.747	464.5
635.952	468.5
636.158	527.5
636.364	579.5
636.57	626.5
636.775	583.5
636.981	534.5
637.187	546.5
637.392	547.5
637.598	556.5
637.804	548.5
638.009	530.5
638.215	532.5
638.421	513.5
638.626	499.5
638.832	484.5
639.037	494.5
639.243	469.5
639.448	465.5
639.654	453.5
639.859	470.5
640.065	466.5
640.27	482.5
640.475	473.5
640.681	465.5
640.886	501.5
641.091	483.5
641.297	491.5
641.502	464.5
641.707	470.5
641.913	468.5
642.118	479.5
642.323	470.5
642.528	494.5
642.733	478.5
642.939	449.5
643.144	460.5
643.349	437.5
643.554	442.5
643.759	450.5
643.964	454.5
644.169	452.5
644.374	448.5
644.579	461.5
644.784	472.5
644.989	470.5
645.194	454.5
645.399	480.5
645.604	457.5
645.809	430.5
646.014	446.5
646.219	453.5
646.423	446.5
646.628	463.5
646.833	448.5
647.038	446.5
647.243	434.5
647.447	448.5
647.652	455.5
647.857	472.5
648.062	460.5
648.266	471.5
648.471	466.5
648.676	452.5
648.88	471.5
649.085	456.5
649.289	463.5
649.494	437.5
649.698	487.5
649.903	467.5
650.107	448.5
650.312	417.5
650.516	413.5
650.721	437.5
650.925	402.5
651.13	404.5
651.334	396.5
651.539	394.5
651.743	386.5
651.947	396.5
652.152	368.5
652.356	376.5
652.56	354.5
652.764	344.5
652.969	377.5
653.173	350.5
653.377	346.5
653.581	347.5
653.785	332.5
653.99	345.5
654.194	338.5
654.398	309.5
654.602	318.5
654.806	304.5
655.01	324.5
655.214	313.5
655.418	291.5
655.622	291.5
655.826	283.5
656.03	297.5
656.234	284.5
656.438	279.5
656.642	288.5
656.846	267.5
657.049	255.5
657.253	261.5
657.457	241.5
657.661	228.5
657.865	236.5
658.068	217.5
658.272	184.5
658.476	204.5
658.68	188.5
658.883	172.5
659.087	172.5
659.291	169.5
659.494	178.5
659.698	190.5
659.901	163.5
660.105	162.5
660.309	150.5
660.512	137.5
660.716	139.5
660.919	127.5
661.123	147.5
661.326	122.5
661.53	118.5
661.733	127.5
661.936	104.5
662.14	105.5
662.343	108.5
662.546	117.5
662.75	114.5
662.953	98.5
663.156	96.5
663.36	95.5
663.563	78.5
663.766	88.5
663.969	99.5
664.173	84.5
664.376	80.5
664.579	84.5
664.782	86.5
664.985	76.5
665.188	83.5
665.391	84.5
665.594	86.5
665.797	86.5
666	80.5
666.203	83.5
666.406	77.5
666.609	92.5
666.812	72.5
667.015	86.5
667.218	82.5
667.421	90.5
667.624	69.5
667.827	85.5
668.03	88.5
668.232	73.5
668.435	77.5
668.638	84.5
668.841	83.5
669.043	79.5
669.246	90.5
669.449	89.5
669.651	85.5
669.854	80.5
670.057	76.5
670.259	86.5
670.462	74.5
670.665	77.5
670.867	82.5
671.07	75.5
671.272	64.5
671.475	83.5
671.677	76.5
671.88	61.5
672.082	71.5
672.284	88.5
672.487	83.5
672.689	77.5
672.892	75.5
