223.165	-21.19
223.4	-21.19
223.635	-21.19
223.869	-12.19
224.104	-17.19
224.338	-11.19
224.573	-19.19
224.808	-0.19
225.042	6.81
225.277	-12.19
225.511	1.81
225.746	18.81
225.98	10.81
226.215	3.81
226.449	9.81
226.683	10.81
226.918	22.81
227.152	7.81
227.387	34.81
227.621	44.81
227.856	44.81
228.09	51.81
228.324	43.81
228.559	54.81
228.793	74.81
229.027	138.81
229.262	142.81
229.496	159.81
229.73	181.81
229.964	206.81
230.199	178.81
230.433	162.81
230.667	176.81
230.901	139.81
231.136	144.81
231.37	154.81
231.604	152.81
231.838	168.81
232.072	159.81
232.306	143.81
232.541	142.81
232.775	157.81
233.009	161.81
233.243	163.81
233.477	168.81
233.711	162.81
233.945	172.81
234.179	176.81
234.413	157.81
234.647	161.81
234.881	148.81
235.115	151.81
235.349	157.81
235.583	175.81
235.817	176.81
236.051	167.81
236.285	161.81
236.519	174.81
236.753	195.81
236.987	200.81
237.221	258.81
237.455	306.81
237.689	240.81
237.922	206.81
238.156	179.81
238.39	170.81
238.624	180.81
238.858	171.81
239.091	216.81
239.325	180.81
239.559	171.81
239.793	187.81
240.027	201.81
240.26	198.81
240.494	212.81
240.728	198.81
240.961	217.81
241.195	192.81
241.429	216.81
241.662	194.81
241.896	212.81
242.13	215.81
242.363	212.81
242.597	193.81
242.83	197.81
243.064	200.81
243.298	215.81
243.531	219.81
243.765	234.81
243.998	222.81
244.232	234.81
244.465	219.81
244.699	234.81
244.932	233.81
245.166	238.81
245.399	231.81
245.633	226.81
245.866	248.81
246.099	244.81
246.333	235.81
246.566	250.81
246.8	250.81
247.033	243.81
247.266	235.81
247.5	250.81
247.733	268.81
247.966	287.81
248.2	272.81
248.433	259.81
248.666	274.81
248.899	294.81
249.133	295.81
249.366	304.81
249.599	336.81
249.832	314.81
250.066	324.81
250.299	330.81
250.532	425.81
250.765	466.81
250.998	435.81
251.231	390.81
251.465	368.81
251.698	346.81
251.931	326.81
252.164	323.81
252.397	322.81
252.63	340.81
252.863	335.81
253.096	330.81
253.329	346.81
253.562	346.81
253.795	348.81
254.028	359.81
254.261	353.81
254.494	365.81
254.727	390.81
254.96	404.81
255.193	400.81
255.426	397.81
255.659	442.81
255.892	550.81
256.124	688.81
256.357	732.81
256.59	572.81
256.823	485.81
257.056	447.81
257.289	436.81
257.521	423.81
257.754	398.81
257.987	387.81
258.22	379.81
258.452	355.81
258.685	378.81
258.918	376.81
259.151	364.81
259.383	361.81
259.616	366.81
259.849	377.81
260.081	364.81
260.314	402.81
260.547	405.81
260.779	368.81
261.012	352.81
261.244	385.81
261.477	396.81
261.71	376.81
261.942	393.81
262.175	414.81
262.407	389.81
262.64	365.81
262.872	373.81
263.105	375.81
263.337	371.81
263.57	375.81
263.802	361.81
264.035	372.81
264.267	368.81
264.499	366.81
264.732	365.81
264.964	386.81
265.197	370.81
265.429	389.81
265.661	352.81
265.894	366.81
266.126	402.81
266.358	368.81
266.591	386.81
266.823	392.81
267.055	391.81
267.287	413.81
267.52	407.81
267.752	375.81
267.984	388.81
268.216	402.81
268.448	416.81
268.681	408.81
268.913	407.81
269.145	411.81
269.377	439.81
269.609	444.81
269.841	431.81
270.073	444.81
270.306	480.81
270.538	492.81
270.77	494.81
271.002	492.81
271.234	459.81
271.466	470.81
271.698	487.81
271.93	501.81
272.162	488.81
272.394	487.81
272.626	472.81
272.858	472.81
273.09	452.81
273.322	476.81
273.553	450.81
273.785	460.81
274.017	464.81
274.249	460.81
274.481	467.81
274.713	479.81
274.945	491.81
275.176	483.81
275.408	470.81
275.64	491.81
275.872	484.81
276.104	488.81
276.335	472.81
276.567	498.81
276.799	528.81
277.031	562.81
277.262	559.81
277.494	574.81
277.726	538.81
277.957	540.81
278.189	555.81
278.421	516.81
278.652	516.81
278.884	512.81
279.115	507.81
279.347	530.81
279.579	498.81
279.81	532.81
280.042	552.81
280.273	586.81
280.505	611.81
280.736	536.81
280.968	532.81
281.199	515.81
281.431	510.81
281.662	512.81
281.894	520.81
282.125	522.81
282.356	543.81
282.588	566.81
282.819	561.81
283.051	552.81
283.282	527.81
283.513	504.81
283.745	490.81
283.976	524.81
284.207	558.81
284.439	534.81
284.67	538.81
284.901	535.81
285.132	516.81
285.364	510.81
285.595	521.81
285.826	505.81
286.057	547.81
286.288	535.81
286.52	559.81
286.751	553.81
286.982	545.81
287.213	552.81
287.444	540.81
287.675	543.81
287.906	567.81
288.138	563.81
288.369	575.81
288.6	579.81
288.831	572.81
289.062	546.81
289.293	552.81
289.524	557.81
289.755	582.81
289.986	571.81
290.217	567.81
290.448	552.81
290.679	551.81
290.91	543.81
291.141	578.81
291.371	554.81
291.602	556.81
291.833	552.81
292.064	541.81
292.295	573.81
292.526	570.81
292.757	552.81
292.987	560.81
293.218	559.81
293.449	573.81
293.68	535.81
293.91	566.81
294.141	566.81
294.372	557.81
294.603	570.81
294.833	595.81
295.064	566.81
295.295	577.81
295.525	555.81
295.756	598.81
295.987	599.81
296.217	650.81
296.448	640.81
296.679	597.81
296.909	586.81
297.14	577.81
297.37	601.81
297.601	596.81
297.831	604.81
298.062	607.81
298.292	594.81
298.523	621.81
298.753	642.81
298.984	604.81
299.214	632.81
299.445	604.81
299.675	633.81
299.905	636.81
300.136	632.81
300.366	608.81
300.597	653.81
300.827	657.81
301.057	656.81
301.288	656.81
301.518	676.81
301.748	638.81
301.979	693.81
302.209	647.81
302.439	658.81
302.669	666.81
302.9	682.81
303.13	672.81
303.36	686.81
303.59	678.81
303.82	702.81
304.051	707.81
304.281	660.81
304.511	672.81
304.741	659.81
304.971	639.81
305.201	668.81
305.431	652.81
305.661	675.81
305.891	672.81
306.121	648.81
306.352	682.81
306.582	694.81
306.812	674.81
307.042	682.81
307.272	695.81
307.502	722.81
307.731	730.81
307.961	703.81
308.191	688.81
308.421	675.81
308.651	687.81
308.881	690.81
309.111	700.81
309.341	690.81
309.571	690.81
309.8	712.81
310.03	724.81
310.26	752.81
310.49	734.81
310.72	742.81
310.949	801.81
311.179	803.81
311.409	775.81
311.639	742.81
311.868	773.81
312.098	744.81
312.328	768.81
312.557	792.81
312.787	796.81
313.017	820.81
313.246	801.81
313.476	792.81
313.706	779.81
313.935	782.81
314.165	796.81
314.394	832.81
314.624	822.81
314.853	783.81
315.083	800.81
315.312	768.81
315.542	772.81
315.771	776.81
316.001	762.81
316.23	766.81
316.46	788.81
316.689	791.81
316.919	771.81
317.148	791.81
317.377	801.81
317.607	799.81
317.836	802.81
318.065	790.81
318.295	798.81
318.524	802.81
318.753	787.81
318.983	788.81
319.212	797.81
319.441	814.81
319.67	845.81
319.9	801.81
320.129	799.81
320.358	814.81
320.587	816.81
320.816	838.81
321.046	834.81
321.275	862.81
321.504	840.81
321.733	849.81
321.962	873.81
322.191	876.81
322.42	920.81
322.649	945.81
322.878	946.81
323.108	981.81
323.337	1038.81
323.566	1042.81
323.795	1121.81
324.024	1196.81
324.253	1425.81
324.482	1992.81
324.71	2963.81
324.939	4163.81
325.168	3348.81
325.397	1857.81
325.626	1426.81
325.855	1255.81
326.084	1174.81
326.313	1168.81
326.542	1176.81
326.77	1262.81
326.999	1441.81
327.228	1916.81
327.457	2832.81
327.686	3286.81
327.914	2262.81
328.143	1873.81
328.372	1898.81
328.6	1741.81
328.829	1444.81
329.058	1452.81
329.287	1462.81
329.515	1441.81
329.744	1481.81
329.972	1732.81
330.201	2182.81
330.43	2629.81
330.658	2322.81
330.887	1751.81
331.115	1512.81
331.344	1323.81
331.572	1240.81
331.801	1257.81
332.03	1266.81
332.258	1240.81
332.486	1242.81
332.715	1248.81
332.943	1322.81
333.172	1366.81
333.4	1409.81
333.629	1480.81
333.857	1650.81
334.085	1916.81
334.314	2451.81
334.542	3235.81
334.771	3513.81
334.999	2300.81
335.227	1645.81
335.455	1432.81
335.684	1337.81
335.912	1269.81
336.14	1198.81
336.369	1174.81
336.597	1216.81
336.825	1198.81
337.053	1167.81
337.281	1097.81
337.51	1093.81
337.738	1126.81
337.966	1064.81
338.194	1119.81
338.422	1084.81
338.65	1057.81
338.878	1039.81
339.106	1003.81
339.334	1010.81
339.562	985.81
339.79	970.81
340.018	1001.81
340.246	991.81
340.474	1014.81
340.702	1006.81
340.93	992.81
341.158	984.81
341.386	997.81
341.614	1018.81
341.842	977.81
342.07	950.81
342.298	968.81
342.526	942.81
342.754	952.81
342.981	945.81
343.209	970.81
343.437	987.81
343.665	1024.81
343.893	1056.81
344.12	1106.81
344.348	1064.81
344.576	1032.81
344.804	1012.81
345.031	1038.81
345.259	1056.81
345.487	1011.81
345.714	973.81
345.942	957.81
346.17	947.81
346.397	932.81
346.625	930.81
346.853	968.81
347.08	955.81
347.308	964.81
347.535	1010.81
347.763	988.81
347.99	975.81
348.218	964.81
348.445	998.81
348.673	987.81
348.9	948.81
349.128	946.81
349.355	948.81
349.583	934.81
349.81	939.81
350.037	928.81
350.265	946.81
350.492	946.81
350.72	928.81
350.947	936.81
351.174	950.81
351.402	977.81
351.629	965.81
351.856	968.81
352.083	952.81
352.311	970.81
352.538	987.81
352.765	971.81
352.992	969.81
353.22	958.81
353.447	955.81
353.674	940.81
353.901	916.81
354.128	938.81
354.355	919.81
354.583	939.81
354.81	933.81
355.037	920.81
355.264	907.81
355.491	922.81
355.718	905.81
355.945	907.81
356.172	889.81
356.399	912.81
356.626	919.81
356.853	936.81
357.08	921.81
357.307	932.81
357.534	924.81
357.761	929.81
357.988	911.81
358.215	920.81
358.441	904.81
358.668	915.81
358.895	943.81
359.122	941.81
359.349	943.81
359.576	990.81
359.802	987.81
360.029	1064.81
360.256	1081.81
360.483	1039.81
360.709	987.81
360.936	971.81
361.163	988.81
361.39	966.81
361.616	981.81
361.843	974.81
362.07	983.81
362.296	1004.81
362.523	992.81
362.749	981.81
362.976	971.81
363.203	942.81
363.429	939.81
363.656	976.81
363.882	952.81
364.109	969.81
364.335	985.81
364.562	964.81
364.788	951.81
365.015	962.81
365.241	955.81
365.468	932.81
365.694	977.81
365.92	969.81
366.147	951.81
366.373	970.81
366.599	962.81
366.826	957.81
367.052	981.81
367.278	1012.81
367.505	962.81
367.731	964.81
367.957	967.81
368.184	972.81
368.41	1007.81
368.636	1020.81
368.862	1027.81
369.089	1004.81
369.315	1032.81
369.541	1010.81
369.767	1010.81
369.993	1004.81
370.219	1008.81
370.445	1026.81
370.672	1029.81
370.898	1009.81
371.124	1001.81
371.35	1014.81
371.576	1038.81
371.802	1004.81
372.028	1028.81
372.254	1028.81
372.48	993.81
372.706	1066.81
372.932	1006.81
373.158	1039.81
373.384	1041.81
373.61	1035.81
373.835	1055.81
374.061	1058.81
374.287	1059.81
374.513	1064.81
374.739	1070.81
374.965	1103.81
375.191	1106.81
375.416	1102.81
375.642	1090.81
375.868	1042.81
376.094	1051.81
376.319	1041.81
376.545	1036.81
376.771	1059.81
376.997	1030.81
377.222	1028.81
377.448	1032.81
377.674	1035.81
377.899	1042.81
378.125	1043.81
378.35	1041.81
378.576	1041.81
378.802	1046.81
379.027	1033.81
379.253	1063.81
379.478	1039.81
379.704	1005.81
379.929	1026.81
380.155	1029.81
380.38	1017.81
380.606	1026.81
380.831	1042.81
381.057	1061.81
381.282	1050.81
381.507	1050.81
381.733	1066.81
381.958	1059.81
382.184	1057.81
382.409	1086.81
382.634	1100.81
382.86	1104.81
383.085	1085.81
383.31	1095.81
383.535	1132.81
383.761	1123.81
383.986	1146.81
384.211	1148.81
384.436	1161.81
384.662	1212.81
384.887	1190.81
385.112	1194.81
385.337	1218.81
385.562	1251.81
385.787	1201.81
386.013	1244.81
386.238	1280.81
386.463	1254.81
386.688	1264.81
386.913	1234.81
387.138	1200.81
387.363	1214.81
387.588	1223.81
387.813	1224.81
388.038	1198.81
388.263	1215.81
388.488	1270.81
388.713	1244.81
388.938	1245.81
389.163	1224.81
389.387	1236.81
389.612	1211.81
389.837	1249.81
390.062	1206.81
390.287	1236.81
390.512	1235.81
390.736	1223.81
390.961	1246.81
391.186	1265.81
391.411	1294.81
391.636	1351.81
391.86	1350.81
392.085	1374.81
392.31	1360.81
392.534	1342.81
392.759	1347.81
392.984	1298.81
393.208	1298.81
393.433	1318.81
393.658	1292.81
393.882	1302.81
394.107	1324.81
394.331	1325.81
394.556	1328.81
394.78	1331.81
395.005	1350.81
395.229	1382.81
395.454	1348.81
395.678	1372.81
395.903	1382.81
396.127	1390.81
396.352	1355.81
396.576	1387.81
396.801	1363.81
397.025	1379.81
397.249	1417.81
397.474	1426.81
397.698	1411.81
397.922	1412.81
398.147	1443.81
398.371	1481.81
398.595	1496.81
398.82	1548.81
399.044	1650.81
399.268	1722.81
399.492	1934.81
399.717	2089.81
399.941	2120.81
400.165	2012.81
400.389	1897.81
400.613	1784.81
400.837	1698.81
401.062	1655.81
401.286	1650.81
401.51	1622.81
401.734	1608.81
401.958	1630.81
402.182	1601.81
402.406	1703.81
402.63	1691.81
402.854	1666.81
403.078	1704.81
403.302	1721.81
403.526	1714.81
403.75	1774.81
403.974	1855.81
404.198	1846.81
404.422	1812.81
404.645	1907.81
404.869	1894.81
405.093	1999.81
405.317	2108.81
405.541	2138.81
405.765	2018.81
405.988	1939.81
406.212	1930.81
406.436	1986.81
406.66	1959.81
406.883	1925.81
407.107	2002.81
407.331	2098.81
407.555	2218.81
407.778	2194.81
408.002	2030.81
408.226	1961.81
408.449	1936.81
408.673	1914.81
408.896	1916.81
409.12	1965.81
409.344	1908.81
409.567	1812.81
409.791	1802.81
410.014	1838.81
410.238	1827.81
410.461	1801.81
410.685	1849.81
410.908	1803.81
411.132	1808.81
411.355	1875.81
411.578	1804.81
411.802	1764.81
412.025	1811.81
412.249	1913.81
412.472	2004.81
412.695	2102.81
412.919	2048.81
413.142	2013.81
413.365	1895.81
413.589	1859.81
413.812	1786.81
414.035	1747.81
414.258	1745.81
414.482	1708.81
414.705	1742.81
414.928	1751.81
415.151	1706.81
415.374	1708.81
415.597	1683.81
415.821	1690.81
416.044	1678.81
416.267	1683.81
416.49	1680.81
416.713	1710.81
416.936	1704.81
417.159	1692.81
417.382	1711.81
417.605	1761.81
417.828	1787.81
418.051	1786.81
418.274	1773.81
418.497	1730.81
418.72	1769.81
418.943	1752.81
419.166	1870.81
419.389	1953.81
419.611	1923.81
419.834	1874.81
420.057	1923.81
420.28	1997.81
420.503	2032.81
420.726	1966.81
420.948	1886.81
421.171	1906.81
421.394	1948.81
421.617	1820.81
421.839	1831.81
422.062	1841.81
422.285	1800.81
422.507	1878.81
422.73	1947.81
422.953	1910.81
423.175	1848.81
423.398	1814.81
423.621	1861.81
423.843	1918.81
424.066	1876.81
424.288	1878.81
424.511	1913.81
424.733	1988.81
424.956	2071.81
425.178	2004.81
425.401	1970.81
425.623	2015.81
425.846	1850.81
426.068	1784.81
426.291	1767.81
426.513	1728.81
426.735	1751.81
426.958	1823.81
427.18	1947.81
427.402	2154.81
427.625	2271.81
427.847	2174.81
428.069	2036.81
428.292	1914.81
428.514	1756.81
428.736	1667.81
428.958	1687.81
429.181	1648.81
429.403	1618.81
429.625	1623.81
429.847	1688.81
430.069	1772.81
430.292	1750.81
430.514	1667.81
430.736	1629.81
430.958	1619.81
431.18	1562.81
431.402	1551.81
431.624	1540.81
431.846	1484.81
432.068	1406.81
432.29	1425.81
432.512	1467.81
432.734	1570.81
432.956	1569.81
433.178	1669.81
433.4	1652.81
433.622	1665.81
433.844	1598.81
434.066	1567.81
434.287	1506.81
434.509	1458.81
434.731	1538.81
434.953	1643.81
435.175	1696.81
435.397	1720.81
435.618	1692.81
435.84	1652.81
436.062	1839.81
436.284	1864.81
436.505	1773.81
436.727	1714.81
436.949	1669.81
437.17	1648.81
437.392	1616.81
437.614	1591.81
437.835	1551.81
438.057	1730.81
438.278	1866.81
438.5	1917.81
438.721	2074.81
438.943	2020.81
439.165	1782.81
439.386	1741.81
439.608	1756.81
439.829	1770.81
440.05	1835.81
440.272	1866.81
440.493	1822.81
440.715	1796.81
440.936	1763.81
441.158	1751.81
441.379	1773.81
441.6	1888.81
441.822	1871.81
442.043	1951.81
442.264	2028.81
442.486	2011.81
442.707	1914.81
442.928	1868.81
443.149	1905.81
443.371	1905.81
443.592	1971.81
443.813	2120.81
444.034	2214.81
444.255	1973.81
444.476	1940.81
444.698	1994.81
444.919	2036.81
445.14	2115.81
445.361	1992.81
445.582	1958.81
445.803	2038.81
446.024	2122.81
446.245	2081.81
446.466	2035.81
446.687	1840.81
446.908	1870.81
447.129	1740.81
447.35	1743.81
447.571	1732.81
447.792	1656.81
448.013	1648.81
448.234	1708.81
448.455	1765.81
448.675	1895.81
448.896	2055.81
449.117	1839.81
449.338	1786.81
449.559	1971.81
449.779	2115.81
450	1776.81
450.221	1679.81
450.442	1615.81
450.662	1560.81
450.883	1586.81
451.104	1636.81
451.324	1629.81
451.545	1534.81
451.766	1547.81
451.986	1505.81
452.207	1426.81
452.428	1451.81
452.648	1437.81
452.869	1458.81
453.089	1377.81
453.31	1408.81
453.53	1353.81
453.751	1312.81
453.971	1325.81
454.192	1358.81
454.412	1359.81
454.633	1373.81
454.853	1364.81
455.073	1354.81
455.294	1450.81
455.514	1485.81
455.734	1462.81
455.955	1318.81
456.175	1295.81
456.395	1252.81
456.616	1248.81
456.836	1275.81
457.056	1257.81
457.276	1227.81
457.497	1283.81
457.717	1250.81
457.937	1279.81
458.157	1299.81
458.377	1322.81
458.598	1337.81
458.818	1429.81
459.038	1576.81
459.258	1530.81
459.478	1450.81
459.698	1411.81
459.918	1434.81
460.138	1490.81
460.358	1580.81
460.578	1594.81
460.798	1603.81
461.018	1629.81
461.238	1593.81
461.458	1628.81
461.678	1594.81
461.898	1585.81
462.118	1596.81
462.338	1683.81
462.558	1728.81
462.777	1713.81
462.997	1841.81
463.217	1918.81
463.437	1960.81
463.657	1807.81
463.876	1774.81
464.096	1750.81
464.316	1808.81
464.536	1815.81
464.755	1783.81
464.975	1737.81
465.195	1808.81
465.414	1929.81
465.634	1696.81
465.854	1607.81
466.073	1541.81
466.293	1535.81
466.512	1533.81
466.732	1510.81
466.951	1541.81
467.171	1565.81
467.391	1566.81
467.61	1600.81
467.829	1683.81
468.049	1857.81
468.268	2206.81
468.488	1877.81
468.707	1663.81
468.927	1638.81
469.146	1595.81
469.365	1606.81
469.585	1586.81
469.804	1646.81
470.023	1658.81
470.243	1681.81
470.462	1731.81
470.681	1755.81
470.901	1671.81
471.12	1666.81
471.339	1685.81
471.558	1657.81
471.777	1660.81
471.997	1720.81
472.216	2088.81
472.435	3404.81
472.654	2621.81
472.873	1837.81
473.092	1695.81
473.311	1604.81
473.53	1631.81
473.749	1573.81
473.968	1647.81
474.187	1663.81
474.406	1663.81
474.625	1595.81
474.844	1576.81
475.063	1551.81
475.282	1512.81
475.501	1491.81
475.72	1478.81
475.939	1524.81
476.158	1546.81
476.377	1561.81
476.596	1530.81
476.814	1476.81
477.033	1466.81
477.252	1507.81
477.471	1585.81
477.69	1663.81
477.908	1732.81
478.127	1766.81
478.346	1766.81
478.564	1753.81
478.783	1745.81
479.002	1840.81
479.22	1854.81
479.439	1842.81
479.658	1806.81
479.876	1785.81
480.095	1789.81
480.313	1885.81
480.532	1939.81
480.751	2003.81
480.969	2294.81
481.188	4220.81
481.406	5184.81
481.624	2868.81
481.843	2234.81
482.061	1987.81
482.28	1935.81
482.498	1899.81
482.717	1778.81
482.935	1813.81
483.153	1904.81
483.372	1930.81
483.59	1936.81
483.808	1875.81
484.027	1782.81
484.245	1760.81
484.463	1866.81
484.681	1879.81
484.9	1865.81
485.118	1841.81
485.336	1798.81
485.554	1706.81
485.772	1667.81
485.99	1683.81
486.209	1742.81
486.427	1747.81
486.645	1827.81
486.863	1926.81
487.081	1931.81
487.299	1846.81
487.517	1932.81
487.735	2089.81
487.953	2190.81
488.171	2187.81
488.389	2094.81
488.607	1972.81
488.825	1924.81
489.043	1856.81
489.261	1871.81
489.479	1940.81
489.696	1989.81
489.914	2023.81
490.132	2039.81
490.35	2156.81
490.568	2234.81
490.786	2314.81
491.003	2390.81
491.221	2536.81
491.439	2608.81
491.657	2624.81
491.874	2810.81
492.092	2950.81
492.31	3078.81
492.527	2987.81
492.745	2864.81
492.963	2789.81
493.18	2769.81
493.398	2710.81
493.615	2676.81
493.833	2642.81
494.05	2617.81
494.268	2562.81
494.485	2519.81
494.703	2495.81
494.92	2543.81
495.138	2443.81
495.355	2458.81
495.573	2482.81
495.79	2455.81
496.008	2419.81
496.225	2423.81
496.442	2414.81
496.66	2410.81
496.877	2390.81
497.094	2398.81
497.312	2396.81
497.529	2338.81
497.746	2340.81
497.963	2270.81
498.181	2306.81
498.398	2315.81
498.615	2372.81
498.832	2466.81
499.049	2590.81
499.267	2690.81
499.484	2891.81
499.701	3070.81
499.918	3378.81
500.135	3709.81
500.352	4062.81
500.569	4209.81
500.786	4296.81
501.003	4048.81
501.22	3725.81
501.437	3395.81
501.654	3118.81
501.871	2950.81
502.088	2769.81
502.305	2591.81
502.522	2482.81
502.739	2413.81
502.956	2311.81
503.172	2269.81
503.389	2139.81
503.606	2132.81
503.823	2098.81
504.04	2036.81
504.256	2028.81
504.473	2069.81
504.69	2112.81
504.907	2045.81
505.123	2005.81
505.34	1897.81
505.557	1852.81
505.773	1857.81
505.99	1839.81
506.207	1821.81
506.423	1820.81
506.64	1774.81
506.856	1744.81
507.073	1707.81
507.289	1731.81
507.506	1736.81
507.722	1723.81
507.939	1790.81
508.155	1708.81
508.372	1671.81
508.588	1601.81
508.805	1614.81
509.021	1609.81
509.238	1591.81
509.454	1574.81
509.67	1566.81
509.887	1506.81
510.103	1517.81
510.319	1565.81
510.536	1864.81
510.752	3394.81
510.968	2395.81
511.184	1594.81
511.401	1527.81
511.617	1572.81
511.833	1603.81
512.049	1659.81
512.265	1634.81
512.481	1628.81
512.698	1564.81
512.914	1558.81
513.13	1522.81
513.346	1489.81
513.562	1482.81
513.778	1502.81
513.994	1514.81
514.21	1550.81
514.426	1578.81
514.642	1663.81
514.858	1706.81
515.074	1802.81
515.29	2150.81
515.506	3355.81
515.721	2554.81
515.937	1788.81
516.153	1671.81
516.369	1640.81
516.585	1626.81
516.801	1656.81
517.016	1646.81
517.232	1716.81
517.448	1765.81
517.664	1811.81
517.879	1816.81
518.095	1803.81
518.311	1812.81
518.527	1753.81
518.742	1704.81
518.958	1626.81
519.173	1628.81
519.389	1631.81
519.605	1611.81
519.82	1635.81
520.036	1644.81
520.251	1633.81
520.467	1627.81
520.682	1582.81
520.898	1570.81
521.113	1624.81
521.329	1712.81
521.544	1954.81
521.76	2434.81
521.975	4522.81
522.19	4168.81
522.406	2128.81
522.621	1672.81
522.836	1582.81
523.052	1533.81
523.267	1502.81
523.482	1497.81
523.698	1481.81
523.913	1465.81
524.128	1461.81
524.343	1455.81
524.559	1423.81
524.774	1431.81
524.989	1428.81
525.204	1407.81
525.419	1410.81
525.634	1397.81
525.849	1341.81
526.064	1288.81
526.28	1289.81
526.495	1271.81
526.71	1227.81
526.925	1208.81
527.14	1179.81
527.355	1199.81
527.57	1198.81
527.785	1193.81
527.999	1228.81
528.214	1309.81
528.429	1324.81
528.644	1427.81
528.859	1434.81
529.074	1532.81
529.289	1615.81
529.503	1787.81
529.718	1579.81
529.933	1406.81
530.148	1318.81
530.363	1262.81
530.577	1194.81
530.792	1163.81
531.007	1208.81
531.221	1154.81
531.436	1154.81
531.651	1161.81
531.865	1169.81
532.08	1182.81
532.295	1198.81
532.509	1174.81
532.724	1170.81
532.938	1186.81
533.153	1225.81
533.367	1313.81
533.582	1310.81
533.796	1294.81
534.011	1268.81
534.225	1200.81
534.44	1147.81
534.654	1152.81
534.868	1179.81
535.083	1151.81
535.297	1187.81
535.511	1215.81
535.726	1255.81
535.94	1249.81
536.154	1170.81
536.369	1124.81
536.583	1092.81
536.797	1096.81
537.011	1109.81
537.225	1108.81
537.44	1085.81
537.654	1110.81
537.868	1074.81
538.082	1103.81
538.296	1138.81
538.51	1138.81
538.724	1204.81
538.938	1229.81
539.153	1278.81
539.367	1285.81
539.581	1227.81
539.795	1130.81
540.009	1112.81
540.222	1106.81
540.436	1163.81
540.65	1208.81
540.864	1302.81
541.078	1407.81
541.292	1470.81
541.506	1581.81
541.72	1647.81
541.934	1758.81
542.147	1824.81
542.361	1674.81
542.575	1569.81
542.789	1450.81
543.002	1320.81
543.216	1277.81
543.43	1291.81
543.644	1326.81
543.857	1416.81
544.071	1507.81
544.285	1550.81
544.498	1570.81
544.712	1562.81
544.925	1613.81
545.139	1648.81
545.352	1592.81
545.566	1620.81
545.779	1632.81
545.993	1661.81
546.206	1697.81
546.42	1662.81
546.633	1654.81
546.847	1681.81
547.06	1678.81
547.274	1667.81
547.487	1746.81
547.7	1749.81
547.914	1681.81
548.127	1653.81
548.34	1612.81
548.554	1599.81
548.767	1605.81
548.98	1582.81
549.193	1613.81
549.407	1577.81
549.62	1637.81
549.833	1644.81
550.046	1586.81
550.259	1568.81
550.473	1562.81
550.686	1560.81
550.899	1526.81
551.112	1467.81
551.325	1450.81
551.538	1381.81
551.751	1257.81
551.964	1248.81
552.177	1302.81
552.39	1412.81
552.603	1487.81
552.816	1556.81
553.029	1640.81
553.242	1667.81
553.455	1696.81
553.667	1718.81
553.88	1679.81
554.093	1612.81
554.306	1575.81
554.519	1567.81
554.732	1516.81
554.944	1528.81
555.157	1484.81
555.37	1464.81
555.583	1432.81
555.795	1389.81
556.008	1326.81
556.221	1284.81
556.433	1286.81
556.646	1335.81
556.859	1334.81
557.071	1304.81
557.284	1339.81
557.496	1320.81
557.709	1305.81
557.921	1359.81
558.134	1313.81
558.346	1307.81
558.559	1258.81
558.771	1246.81
558.984	1268.81
559.196	1247.81
559.409	1239.81
559.621	1212.81
559.833	1184.81
560.046	1213.81
560.258	1217.81
560.47	1201.81
560.683	1239.81
560.895	1202.81
561.107	1201.81
561.32	1185.81
561.532	1224.81
561.744	1192.81
561.956	1204.81
562.168	1190.81
562.381	1175.81
562.593	1178.81
562.805	1189.81
563.017	1177.81
563.229	1150.81
563.441	1142.81
563.653	1177.81
563.865	1171.81
564.077	1138.81
564.289	1148.81
564.501	1149.81
564.713	1160.81
564.925	1174.81
565.137	1207.81
565.349	1203.81
565.561	1176.81
565.773	1192.81
565.985	1231.81
566.197	1314.81
566.408	1306.81
566.62	1386.81
566.832	1464.81
567.044	1478.81
567.255	1468.81
567.467	1449.81
567.679	1490.81
567.891	1510.81
568.102	1507.81
568.314	1414.81
568.526	1244.81
568.737	1159.81
568.949	1061.81
569.161	990.81
569.372	938.81
569.584	918.81
569.795	863.81
570.007	860.81
570.218	951.81
570.43	942.81
570.641	903.81
570.853	923.81
571.064	950.81
571.276	961.81
571.487	918.81
571.698	926.81
571.91	896.81
572.121	875.81
572.333	843.81
572.544	802.81
572.755	781.81
572.966	745.81
573.178	755.81
573.389	708.81
573.6	697.81
573.811	713.81
574.023	694.81
574.234	688.81
574.445	707.81
574.656	695.81
574.867	726.81
575.078	761.81
575.289	769.81
575.501	725.81
575.712	704.81
575.923	716.81
576.134	713.81
576.345	737.81
576.556	751.81
576.767	738.81
576.978	730.81
577.188	697.81
577.399	684.81
577.61	689.81
577.821	697.81
578.032	716.81
578.243	762.81
578.454	1240.81
578.665	852.81
578.875	669.81
579.086	614.81
579.297	599.81
579.508	622.81
579.718	599.81
579.929	566.81
580.14	594.81
580.35	623.81
580.561	604.81
580.772	611.81
580.982	624.81
581.193	625.81
581.403	631.81
581.614	605.81
581.825	647.81
582.035	616.81
582.246	615.81
582.456	627.81
582.667	619.81
582.877	613.81
583.087	617.81
583.298	616.81
583.508	586.81
583.719	582.81
583.929	583.81
584.139	575.81
584.35	571.81
584.56	600.81
584.77	568.81
584.981	566.81
585.191	588.81
585.401	587.81
585.611	579.81
585.821	595.81
586.032	546.81
586.242	541.81
586.452	558.81
586.662	534.81
586.872	546.81
587.082	537.81
587.292	539.81
587.502	534.81
587.713	539.81
587.923	566.81
588.133	518.81
588.343	516.81
588.553	548.81
588.762	538.81
588.972	529.81
589.182	551.81
589.392	530.81
589.602	566.81
589.812	554.81
590.022	545.81
590.232	565.81
590.441	559.81
590.651	543.81
590.861	558.81
591.071	555.81
591.281	539.81
591.49	560.81
591.7	570.81
591.91	591.81
592.119	587.81
592.329	580.81
592.539	586.81
592.748	614.81
592.958	637.81
593.167	637.81
593.377	627.81
593.587	634.81
593.796	659.81
594.006	653.81
594.215	674.81
594.424	666.81
594.634	685.81
594.843	687.81
595.053	657.81
595.262	623.81
595.472	596.81
595.681	558.81
595.89	574.81
596.1	577.81
596.309	593.81
596.518	583.81
596.727	597.81
596.937	598.81
597.146	581.81
597.355	561.81
597.564	545.81
597.774	518.81
597.983	516.81
598.192	502.81
598.401	488.81
598.61	499.81
598.819	526.81
599.028	520.81
599.237	546.81
599.446	537.81
599.655	534.81
599.864	523.81
600.073	520.81
600.282	538.81
600.491	543.81
600.7	523.81
600.909	547.81
601.118	581.81
601.327	609.81
601.536	641.81
601.745	673.81
601.953	700.81
602.162	694.81
602.371	691.81
602.58	663.81
602.789	696.81
602.997	686.81
603.206	699.81
603.415	718.81
603.623	692.81
603.832	667.81
604.041	666.81
604.249	634.81
604.458	563.81
604.666	568.81
604.875	552.81
605.084	580.81
605.292	660.81
605.501	698.81
605.709	743.81
605.918	727.81
606.126	732.81
606.334	748.81
606.543	730.81
606.751	738.81
606.96	746.81
607.168	718.81
607.376	714.81
607.585	732.81
607.793	719.81
608.001	750.81
608.21	755.81
608.418	744.81
608.626	741.81
608.834	760.81
609.043	763.81
609.251	750.81
609.459	722.81
609.667	727.81
609.875	784.81
610.083	800.81
610.291	775.81
610.499	739.81
610.707	772.81
610.916	762.81
611.124	790.81
611.332	794.81
611.54	792.81
611.748	765.81
611.955	787.81
612.163	779.81
612.371	771.81
612.579	750.81
612.787	768.81
612.995	760.81
613.203	748.81
613.411	737.81
613.618	729.81
613.826	755.81
614.034	722.81
614.242	728.81
614.449	735.81
614.657	754.81
614.865	728.81
615.072	728.81
615.28	740.81
615.488	750.81
615.695	734.81
615.903	733.81
616.111	753.81
616.318	744.81
616.526	750.81
616.733	739.81
616.941	764.81
617.148	748.81
617.356	716.81
617.563	707.81
617.771	675.81
617.978	647.81
618.185	696.81
618.393	711.81
618.6	746.81
618.807	728.81
619.015	702.81
619.222	714.81
619.429	653.81
619.637	644.81
619.844	578.81
620.051	585.81
620.258	645.81
620.466	636.81
620.673	666.81
620.88	654.81
621.087	634.81
621.294	600.81
621.501	578.81
621.708	609.81
621.915	623.81
622.122	636.81
622.329	670.81
622.536	681.81
622.743	662.81
622.95	646.81
623.157	652.81
623.364	664.81
623.571	659.81
623.778	678.81
623.985	660.81
624.192	634.81
624.399	658.81
624.606	628.81
624.812	627.81
625.019	596.81
625.226	573.81
625.433	573.81
625.639	523.81
625.846	503.81
626.053	465.81
626.259	433.81
626.466	431.81
626.673	431.81
626.879	419.81
627.086	470.81
627.293	506.81
627.499	576.81
627.706	600.81
627.912	616.81
628.119	634.81
628.325	616.81
628.532	599.81
628.738	606.81
628.945	569.81
629.151	568.81
629.357	537.81
629.564	565.81
629.77	554.81
629.976	540.81
630.183	497.81
630.389	507.81
630.595	547.81
630.802	575.81
631.008	566.81
631.214	550.81
631.42	537.81
631.627	481.81
631.833	476.81
632.039	492.81
632.245	512.81
632.451	513.81
632.657	552.81
632.863	522.81
633.069	535.81
633.275	514.81
633.481	477.81
633.688	474.81
633.893	506.81
634.099	494.81
634.305	498.81
634.511	473.81
634.717	461.81
634.923	433.81
635.129	430.81
635.335	438.81
635.541	433.81
635.747	455.81
635.952	486.81
636.158	527.81
636.364	638.81
636.57	695.81
636.775	601.81
636.981	574.81
637.187	543.81
637.392	531.81
637.598	551.81
637.804	540.81
638.009	538.81
638.215	513.81
638.421	499.81
638.626	505.81
638.832	511.81
639.037	499.81
639.243	458.81
639.448	486.81
639.654	470.81
639.859	460.81
640.065	470.81
640.27	446.81
640.475	472.81
640.681	466.81
640.886	468.81
641.091	491.81
641.297	476.81
641.502	489.81
641.707	471.81
641.913	460.81
642.118	485.81
642.323	466.81
642.528	476.81
642.733	459.81
642.939	447.81
643.144	437.81
643.349	454.81
643.554	449.81
643.759	454.81
643.964	472.81
644.169	451.81
644.374	459.81
644.579	453.81
644.784	440.81
644.989	445.81
645.194	446.81
645.399	454.81
645.604	441.81
645.809	438.81
646.014	451.81
646.219	465.81
646.423	455.81
646.628	466.81
646.833	445.81
647.038	451.81
647.243	456.81
647.447	452.81
647.652	458.81
647.857	460.81
648.062	452.81
648.266	447.81
648.471	452.81
648.676	466.81
648.88	440.81
649.085	449.81
649.289	443.81
649.494	450.81
649.698	473.81
649.903	445.81
650.107	424.81
650.312	422.81
650.516	418.81
650.721	417.81
650.925	401.81
651.13	402.81
651.334	406.81
651.539	394.81
651.743	396.81
651.947	383.81
652.152	383.81
652.356	384.81
652.56	372.81
652.764	353.81
652.969	350.81
653.173	332.81
653.377	340.81
653.581	332.81
653.785	324.81
653.99	314.81
654.194	316.81
654.398	330.81
654.602	292.81
654.806	286.81
655.01	311.81
655.214	307.81
655.418	300.81
655.622	283.81
655.826	282.81
656.03	300.81
656.234	282.81
656.438	274.81
656.642	278.81
656.846	266.81
657.049	255.81
657.253	240.81
657.457	227.81
657.661	238.81
657.865	234.81
658.068	204.81
658.272	183.81
658.476	205.81
658.68	194.81
658.883	171.81
659.087	194.81
659.291	193.81
659.494	184.81
659.698	164.81
659.901	169.81
660.105	160.81
660.309	148.81
660.512	151.81
660.716	149.81
660.919	136.81
661.123	139.81
661.326	132.81
661.53	124.81
661.733	128.81
661.936	116.81
662.14	110.81
662.343	99.81
662.546	98.81
662.75	107.81
662.953	111.81
663.156	111.81
663.36	92.81
663.563	102.81
663.766	92.81
663.969	81.81
664.173	85.81
664.376	78.81
664.579	86.81
664.782	81.81
664.985	88.81
665.188	96.81
665.391	87.81
665.594	85.81
665.797	77.81
666	86.81
666.203	61.81
666.406	70.81
666.609	80.81
666.812	83.81
667.015	72.81
667.218	82.81
667.421	77.81
667.624	88.81
667.827	74.81
668.03	68.81
668.232	85.81
668.435	79.81
668.638	79.81
668.841	79.81
669.043	84.81
669.246	74.81
669.449	65.81
669.651	75.81
669.854	76.81
670.057	77.81
670.259	73.81
670.462	74.81
670.665	65.81
670.867	74.81
671.07	80.81
671.272	84.81
671.475	75.81
671.677	73.81
671.88	68.81
672.082	82.81
672.284	93.81
672.487	93.81
672.689	64.81
672.892	86.81
