223.165	-21.19
223.4	-21.19
223.635	-21.19
223.869	-26.19
224.104	-6.19
224.338	-7.19
224.573	-10.19
224.808	-12.19
225.042	3.81
225.277	5.81
225.511	9.81
225.746	-10.19
225.98	-4.19
226.215	7.81
226.449	20.81
226.683	9.81
226.918	19.81
227.152	19.81
227.387	43.81
227.621	36.81
227.856	31.81
228.09	39.81
228.324	51.81
228.559	48.81
228.793	86.81
229.027	149.81
229.262	142.81
229.496	162.81
229.73	182.81
229.964	204.81
230.199	175.81
230.433	153.81
230.667	164.81
230.901	151.81
231.136	147.81
231.37	153.81
231.604	148.81
231.838	151.81
232.072	135.81
232.306	149.81
232.541	156.81
232.775	169.81
233.009	141.81
233.243	176.81
233.477	148.81
233.711	159.81
233.945	167.81
234.179	159.81
234.413	174.81
234.647	169.81
234.881	167.81
235.115	173.81
235.349	165.81
235.583	145.81
235.817	162.81
236.051	181.81
236.285	173.81
236.519	179.81
236.753	178.81
236.987	211.81
237.221	251.81
237.455	327.81
237.689	268.81
237.922	193.81
238.156	185.81
238.39	197.81
238.624	175.81
238.858	179.81
239.091	176.81
239.325	173.81
239.559	173.81
239.793	206.81
240.027	191.81
240.26	213.81
240.494	227.81
240.728	228.81
240.961	212.81
241.195	198.81
241.429	222.81
241.662	206.81
241.896	202.81
242.13	204.81
242.363	202.81
242.597	213.81
242.83	210.81
243.064	226.81
243.298	236.81
243.531	219.81
243.765	232.81
243.998	222.81
244.232	223.81
244.465	209.81
244.699	227.81
244.932	236.81
245.166	237.81
245.399	229.81
245.633	212.81
245.866	232.81
246.099	231.81
246.333	223.81
246.566	243.81
246.8	235.81
247.033	225.81
247.266	251.81
247.5	248.81
247.733	252.81
247.966	255.81
248.2	266.81
248.433	256.81
248.666	280.81
248.899	279.81
249.133	295.81
249.366	325.81
249.599	316.81
249.832	311.81
250.066	295.81
250.299	334.81
250.532	379.81
250.765	383.81
250.998	393.81
251.231	356.81
251.465	360.81
251.698	339.81
251.931	331.81
252.164	308.81
252.397	321.81
252.63	336.81
252.863	320.81
253.096	349.81
253.329	350.81
253.562	349.81
253.795	348.81
254.028	351.81
254.261	335.81
254.494	355.81
254.727	379.81
254.96	404.81
255.193	410.81
255.426	402.81
255.659	411.81
255.892	474.81
256.124	527.81
256.357	560.81
256.59	488.81
256.823	442.81
257.056	401.81
257.289	383.81
257.521	389.81
257.754	359.81
257.987	364.81
258.22	359.81
258.452	362.81
258.685	338.81
258.918	330.81
259.151	361.81
259.383	367.81
259.616	351.81
259.849	375.81
260.081	371.81
260.314	399.81
260.547	399.81
260.779	394.81
261.012	366.81
261.244	377.81
261.477	365.81
261.71	367.81
261.942	393.81
262.175	401.81
262.407	410.81
262.64	371.81
262.872	365.81
263.105	364.81
263.337	384.81
263.57	368.81
263.802	363.81
264.035	369.81
264.267	363.81
264.499	368.81
264.732	361.81
264.964	366.81
265.197	354.81
265.429	355.81
265.661	367.81
265.894	367.81
266.126	378.81
266.358	391.81
266.591	363.81
266.823	389.81
267.055	382.81
267.287	384.81
267.52	377.81
267.752	382.81
267.984	389.81
268.216	394.81
268.448	392.81
268.681	409.81
268.913	409.81
269.145	424.81
269.377	417.81
269.609	443.81
269.841	449.81
270.073	442.81
270.306	464.81
270.538	468.81
270.77	479.81
271.002	476.81
271.234	456.81
271.466	474.81
271.698	485.81
271.93	496.81
272.162	487.81
272.394	480.81
272.626	488.81
272.858	477.81
273.09	452.81
273.322	449.81
273.553	441.81
273.785	438.81
274.017	469.81
274.249	468.81
274.481	470.81
274.713	439.81
274.945	459.81
275.176	467.81
275.408	463.81
275.64	474.81
275.872	449.81
276.104	482.81
276.335	466.81
276.567	472.81
276.799	495.81
277.031	551.81
277.262	549.81
277.494	544.81
277.726	542.81
277.957	503.81
278.189	498.81
278.421	489.81
278.652	491.81
278.884	473.81
279.115	474.81
279.347	485.81
279.579	500.81
279.81	474.81
280.042	500.81
280.273	533.81
280.505	544.81
280.736	505.81
280.968	504.81
281.199	488.81
281.431	474.81
281.662	502.81
281.894	479.81
282.125	482.81
282.356	534.81
282.588	549.81
282.819	565.81
283.051	515.81
283.282	521.81
283.513	508.81
283.745	507.81
283.976	531.81
284.207	506.81
284.439	498.81
284.67	510.81
284.901	514.81
285.132	523.81
285.364	527.81
285.595	527.81
285.826	513.81
286.057	528.81
286.288	518.81
286.52	516.81
286.751	525.81
286.982	540.81
287.213	533.81
287.444	531.81
287.675	536.81
287.906	523.81
288.138	556.81
288.369	562.81
288.6	566.81
288.831	527.81
289.062	535.81
289.293	535.81
289.524	559.81
289.755	547.81
289.986	569.81
290.217	553.81
290.448	529.81
290.679	554.81
290.91	557.81
291.141	547.81
291.371	543.81
291.602	526.81
291.833	533.81
292.064	549.81
292.295	542.81
292.526	547.81
292.757	553.81
292.987	553.81
293.218	578.81
293.449	559.81
293.68	559.81
293.91	561.81
294.141	564.81
294.372	539.81
294.603	558.81
294.833	578.81
295.064	575.81
295.295	584.81
295.525	572.81
295.756	577.81
295.987	600.81
296.217	641.81
296.448	639.81
296.679	593.81
296.909	572.81
297.14	567.81
297.37	578.81
297.601	598.81
297.831	574.81
298.062	590.81
298.292	590.81
298.523	604.81
298.753	639.81
298.984	599.81
299.214	606.81
299.445	612.81
299.675	587.81
299.905	600.81
300.136	614.81
300.366	620.81
300.597	617.81
300.827	643.81
301.057	646.81
301.288	671.81
301.518	657.81
301.748	667.81
301.979	661.81
302.209	651.81
302.439	662.81
302.669	655.81
302.9	642.81
303.13	639.81
303.36	634.81
303.59	661.81
303.82	691.81
304.051	681.81
304.281	667.81
304.511	659.81
304.741	654.81
304.971	624.81
305.201	682.81
305.431	639.81
305.661	629.81
305.891	650.81
306.121	657.81
306.352	663.81
306.582	665.81
306.812	687.81
307.042	671.81
307.272	668.81
307.502	694.81
307.731	711.81
307.961	695.81
308.191	672.81
308.421	659.81
308.651	666.81
308.881	663.81
309.111	678.81
309.341	679.81
309.571	707.81
309.8	710.81
310.03	715.81
310.26	734.81
310.49	723.81
310.72	757.81
310.949	795.81
311.179	778.81
311.409	768.81
311.639	750.81
311.868	731.81
312.098	750.81
312.328	767.81
312.557	793.81
312.787	821.81
313.017	827.81
313.246	796.81
313.476	750.81
313.706	747.81
313.935	764.81
314.165	799.81
314.394	818.81
314.624	817.81
314.853	793.81
315.083	803.81
315.312	772.81
315.542	778.81
315.771	755.81
316.001	751.81
316.23	765.81
316.46	748.81
316.689	777.81
316.919	778.81
317.148	781.81
317.377	787.81
317.607	788.81
317.836	798.81
318.065	791.81
318.295	788.81
318.524	791.81
318.753	780.81
318.983	777.81
319.212	783.81
319.441	805.81
319.67	798.81
319.9	785.81
320.129	788.81
320.358	788.81
320.587	811.81
320.816	825.81
321.046	833.81
321.275	812.81
321.504	825.81
321.733	818.81
321.962	845.81
322.191	857.81
322.42	884.81
322.649	931.81
322.878	940.81
323.108	960.81
323.337	987.81
323.566	1057.81
323.795	1130.81
324.024	1222.81
324.253	1443.81
324.482	2061.81
324.71	3112.81
324.939	4325.81
325.168	3468.81
325.397	1913.81
325.626	1438.81
325.855	1239.81
326.084	1167.81
326.313	1144.81
326.542	1150.81
326.77	1274.81
326.999	1445.81
327.228	1959.81
327.457	2926.81
327.686	3308.81
327.914	2216.81
328.143	1723.81
328.372	1655.81
328.6	1502.81
328.829	1325.81
329.058	1360.81
329.287	1369.81
329.515	1336.81
329.744	1333.81
329.972	1436.81
330.201	1712.81
330.43	2069.81
330.658	1860.81
330.887	1542.81
331.115	1443.81
331.344	1250.81
331.572	1179.81
331.801	1178.81
332.03	1210.81
332.258	1167.81
332.486	1149.81
332.715	1163.81
332.943	1197.81
333.172	1241.81
333.4	1260.81
333.629	1331.81
333.857	1476.81
334.085	1603.81
334.314	1890.81
334.542	2379.81
334.771	2527.81
334.999	1833.81
335.227	1393.81
335.455	1303.81
335.684	1223.81
335.912	1170.81
336.14	1141.81
336.369	1136.81
336.597	1122.81
336.825	1113.81
337.053	1105.81
337.281	1064.81
337.51	1061.81
337.738	1044.81
337.966	1048.81
338.194	1043.81
338.422	1040.81
338.65	984.81
338.878	1032.81
339.106	981.81
339.334	1015.81
339.562	970.81
339.79	935.81
340.018	980.81
340.246	978.81
340.474	977.81
340.702	960.81
340.93	966.81
341.158	961.81
341.386	985.81
341.614	974.81
341.842	953.81
342.07	993.81
342.298	941.81
342.526	920.81
342.754	940.81
342.981	922.81
343.209	947.81
343.437	979.81
343.665	1013.81
343.893	1073.81
344.12	1108.81
344.348	1051.81
344.576	1007.81
344.804	1019.81
345.031	1035.81
345.259	1035.81
345.487	995.81
345.714	995.81
345.942	971.81
346.17	935.81
346.397	947.81
346.625	909.81
346.853	926.81
347.08	921.81
347.308	927.81
347.535	964.81
347.763	976.81
347.99	949.81
348.218	967.81
348.445	999.81
348.673	984.81
348.9	966.81
349.128	921.81
349.355	923.81
349.583	924.81
349.81	895.81
350.037	947.81
350.265	917.81
350.492	901.81
350.72	944.81
350.947	932.81
351.174	963.81
351.402	975.81
351.629	932.81
351.856	989.81
352.083	961.81
352.311	986.81
352.538	954.81
352.765	965.81
352.992	961.81
353.22	952.81
353.447	931.81
353.674	934.81
353.901	926.81
354.128	899.81
354.355	892.81
354.583	900.81
354.81	895.81
355.037	920.81
355.264	891.81
355.491	895.81
355.718	881.81
355.945	909.81
356.172	905.81
356.399	883.81
356.626	907.81
356.853	882.81
357.08	892.81
357.307	903.81
357.534	892.81
357.761	899.81
357.988	909.81
358.215	868.81
358.441	882.81
358.668	911.81
358.895	916.81
359.122	940.81
359.349	955.81
359.576	985.81
359.802	1007.81
360.029	1057.81
360.256	1074.81
360.483	1030.81
360.709	990.81
360.936	992.81
361.163	950.81
361.39	971.81
361.616	974.81
361.843	980.81
362.07	956.81
362.296	989.81
362.523	964.81
362.749	951.81
362.976	961.81
363.203	940.81
363.429	923.81
363.656	970.81
363.882	931.81
364.109	934.81
364.335	946.81
364.562	947.81
364.788	939.81
365.015	929.81
365.241	945.81
365.468	956.81
365.694	985.81
365.92	975.81
366.147	965.81
366.373	939.81
366.599	945.81
366.826	964.81
367.052	951.81
367.278	956.81
367.505	939.81
367.731	957.81
367.957	980.81
368.184	973.81
368.41	992.81
368.636	1009.81
368.862	1017.81
369.089	1032.81
369.315	1011.81
369.541	1033.81
369.767	999.81
369.993	995.81
370.219	981.81
370.445	1009.81
370.672	1017.81
370.898	996.81
371.124	1005.81
371.35	1025.81
371.576	1021.81
371.802	1010.81
372.028	996.81
372.254	1026.81
372.48	1006.81
372.706	1012.81
372.932	1030.81
373.158	1042.81
373.384	1023.81
373.61	1033.81
373.835	1067.81
374.061	1057.81
374.287	1033.81
374.513	1055.81
374.739	1041.81
374.965	1080.81
375.191	1097.81
375.416	1079.81
375.642	1086.81
375.868	1066.81
376.094	1035.81
376.319	1038.81
376.545	1031.81
376.771	1032.81
376.997	1016.81
377.222	1039.81
377.448	1003.81
377.674	1028.81
377.899	1021.81
378.125	999.81
378.35	977.81
378.576	1015.81
378.802	1015.81
379.027	987.81
379.253	1032.81
379.478	1028.81
379.704	1004.81
379.929	1054.81
380.155	1039.81
380.38	1041.81
380.606	1044.81
380.831	1046.81
381.057	1041.81
381.282	1046.81
381.507	1020.81
381.733	1041.81
381.958	1065.81
382.184	1048.81
382.409	1075.81
382.634	1085.81
382.86	1100.81
383.085	1097.81
383.31	1115.81
383.535	1106.81
383.761	1130.81
383.986	1118.81
384.211	1155.81
384.436	1168.81
384.662	1173.81
384.887	1190.81
385.112	1167.81
385.337	1189.81
385.562	1179.81
385.787	1221.81
386.013	1259.81
386.238	1257.81
386.463	1242.81
386.688	1247.81
386.913	1243.81
387.138	1194.81
387.363	1207.81
387.588	1188.81
387.813	1215.81
388.038	1171.81
388.263	1235.81
388.488	1224.81
388.713	1223.81
388.938	1229.81
389.163	1193.81
389.387	1226.81
389.612	1209.81
389.837	1234.81
390.062	1202.81
390.287	1228.81
390.512	1231.81
390.736	1237.81
390.961	1262.81
391.186	1271.81
391.411	1267.81
391.636	1341.81
391.86	1375.81
392.085	1369.81
392.31	1387.81
392.534	1339.81
392.759	1318.81
392.984	1299.81
393.208	1306.81
393.433	1320.81
393.658	1316.81
393.882	1288.81
394.107	1288.81
394.331	1337.81
394.556	1345.81
394.78	1312.81
395.005	1310.81
395.229	1331.81
395.454	1381.81
395.678	1392.81
395.903	1426.81
396.127	1388.81
396.352	1424.81
396.576	1354.81
396.801	1332.81
397.025	1344.81
397.249	1385.81
397.474	1408.81
397.698	1443.81
397.922	1459.81
398.147	1453.81
398.371	1464.81
398.595	1508.81
398.82	1532.81
399.044	1605.81
399.268	1741.81
399.492	1954.81
399.717	2147.81
399.941	2155.81
400.165	2013.81
400.389	1873.81
400.613	1765.81
400.837	1698.81
401.062	1652.81
401.286	1572.81
401.51	1560.81
401.734	1580.81
401.958	1609.81
402.182	1629.81
402.406	1699.81
402.63	1699.81
402.854	1703.81
403.078	1695.81
403.302	1723.81
403.526	1772.81
403.75	1791.81
403.974	1789.81
404.198	1793.81
404.422	1847.81
404.645	1845.81
404.869	1901.81
405.093	1950.81
405.317	1985.81
405.541	2043.81
405.765	1968.81
405.988	1836.81
406.212	1896.81
406.436	1969.81
406.66	2014.81
406.883	1874.81
407.107	1982.81
407.331	2066.81
407.555	2199.81
407.778	2141.81
408.002	2095.81
408.226	1965.81
408.449	1963.81
408.673	1902.81
408.896	1869.81
409.12	1935.81
409.344	1890.81
409.567	1794.81
409.791	1815.81
410.014	1804.81
410.238	1802.81
410.461	1783.81
410.685	1831.81
410.908	1807.81
411.132	1824.81
411.355	1855.81
411.578	1825.81
411.802	1771.81
412.025	1769.81
412.249	1833.81
412.472	1909.81
412.695	2046.81
412.919	1905.81
413.142	1819.81
413.365	1789.81
413.589	1775.81
413.812	1718.81
414.035	1681.81
414.258	1716.81
414.482	1689.81
414.705	1684.81
414.928	1743.81
415.151	1697.81
415.374	1694.81
415.597	1653.81
415.821	1678.81
416.044	1650.81
416.267	1668.81
416.49	1646.81
416.713	1625.81
416.936	1712.81
417.159	1656.81
417.382	1676.81
417.605	1712.81
417.828	1731.81
418.051	1736.81
418.274	1745.81
418.497	1736.81
418.72	1747.81
418.943	1728.81
419.166	1833.81
419.389	1914.81
419.611	1907.81
419.834	1863.81
420.057	1904.81
420.28	1884.81
420.503	1915.81
420.726	1873.81
420.948	1828.81
421.171	1882.81
421.394	1930.81
421.617	1853.81
421.839	1783.81
422.062	1791.81
422.285	1808.81
422.507	1870.81
422.73	1995.81
422.953	1881.81
423.175	1814.81
423.398	1815.81
423.621	1818.81
423.843	1859.81
424.066	1903.81
424.288	1905.81
424.511	1913.81
424.733	1979.81
424.956	2069.81
425.178	2043.81
425.401	2025.81
425.623	2023.81
425.846	1834.81
426.068	1756.81
426.291	1757.81
426.513	1734.81
426.735	1766.81
426.958	1824.81
427.18	1929.81
427.402	2119.81
427.625	2315.81
427.847	2198.81
428.069	2031.81
428.292	1854.81
428.514	1669.81
428.736	1691.81
428.958	1661.81
429.181	1603.81
429.403	1617.81
429.625	1646.81
429.847	1696.81
430.069	1776.81
430.292	1768.81
430.514	1617.81
430.736	1602.81
430.958	1578.81
431.18	1600.81
431.402	1577.81
431.624	1572.81
431.846	1495.81
432.068	1451.81
432.29	1469.81
432.512	1492.81
432.734	1578.81
432.956	1623.81
433.178	1631.81
433.4	1657.81
433.622	1631.81
433.844	1608.81
434.066	1529.81
434.287	1485.81
434.509	1489.81
434.731	1562.81
434.953	1636.81
435.175	1674.81
435.397	1711.81
435.618	1685.81
435.84	1687.81
436.062	1834.81
436.284	1945.81
436.505	1743.81
436.727	1689.81
436.949	1649.81
437.17	1621.81
437.392	1596.81
437.614	1591.81
437.835	1611.81
438.057	1800.81
438.278	1915.81
438.5	1953.81
438.721	2113.81
438.943	2034.81
439.165	1848.81
439.386	1785.81
439.608	1780.81
439.829	1809.81
440.05	1820.81
440.272	1897.81
440.493	1837.81
440.715	1796.81
440.936	1787.81
441.158	1792.81
441.379	1774.81
441.6	1881.81
441.822	1945.81
442.043	1949.81
442.264	2051.81
442.486	2073.81
442.707	1904.81
442.928	1882.81
443.149	1905.81
443.371	1903.81
443.592	1989.81
443.813	2102.81
444.034	2189.81
444.255	2039.81
444.476	1979.81
444.698	2045.81
444.919	2064.81
445.14	2091.81
445.361	2043.81
445.582	1956.81
445.803	2013.81
446.024	2161.81
446.245	2182.81
446.466	2023.81
446.687	1896.81
446.908	1884.81
447.129	1783.81
447.35	1743.81
447.571	1713.81
447.792	1671.81
448.013	1674.81
448.234	1719.81
448.455	1784.81
448.675	1956.81
448.896	2095.81
449.117	1836.81
449.338	1809.81
449.559	2003.81
449.779	2066.81
450	1811.81
450.221	1639.81
450.442	1640.81
450.662	1623.81
450.883	1629.81
451.104	1654.81
451.324	1600.81
451.545	1576.81
451.766	1498.81
451.986	1529.81
452.207	1445.81
452.428	1472.81
452.648	1499.81
452.869	1426.81
453.089	1377.81
453.31	1428.81
453.53	1349.81
453.751	1333.81
453.971	1314.81
454.192	1410.81
454.412	1397.81
454.633	1380.81
454.853	1395.81
455.073	1394.81
455.294	1450.81
455.514	1478.81
455.734	1479.81
455.955	1353.81
456.175	1310.81
456.395	1252.81
456.616	1283.81
456.836	1257.81
457.056	1250.81
457.276	1211.81
457.497	1251.81
457.717	1235.81
457.937	1247.81
458.157	1236.81
458.377	1312.81
458.598	1337.81
458.818	1435.81
459.038	1593.81
459.258	1555.81
459.478	1424.81
459.698	1410.81
459.918	1451.81
460.138	1480.81
460.358	1582.81
460.578	1584.81
460.798	1602.81
461.018	1633.81
461.238	1584.81
461.458	1598.81
461.678	1593.81
461.898	1628.81
462.118	1617.81
462.338	1681.81
462.558	1696.81
462.777	1730.81
462.997	1881.81
463.217	1942.81
463.437	1944.81
463.657	1843.81
463.876	1744.81
464.096	1759.81
464.316	1761.81
464.536	1822.81
464.755	1794.81
464.975	1758.81
465.195	1825.81
465.414	1959.81
465.634	1736.81
465.854	1601.81
466.073	1543.81
466.293	1565.81
466.512	1520.81
466.732	1500.81
466.951	1560.81
467.171	1547.81
467.391	1543.81
467.61	1596.81
467.829	1588.81
468.049	1705.81
468.268	1898.81
468.488	1685.81
468.707	1586.81
468.927	1588.81
469.146	1530.81
469.365	1587.81
469.585	1607.81
469.804	1616.81
470.023	1681.81
470.243	1679.81
470.462	1716.81
470.681	1753.81
470.901	1682.81
471.12	1675.81
471.339	1635.81
471.558	1632.81
471.777	1622.81
471.997	1644.81
472.216	1851.81
472.435	2613.81
472.654	2087.81
472.873	1615.81
473.092	1521.81
473.311	1516.81
473.53	1517.81
473.749	1533.81
473.968	1562.81
474.187	1668.81
474.406	1659.81
474.625	1560.81
474.844	1531.81
475.063	1505.81
475.282	1468.81
475.501	1439.81
475.72	1455.81
475.939	1509.81
476.158	1545.81
476.377	1545.81
476.596	1496.81
476.814	1468.81
477.033	1446.81
477.252	1476.81
477.471	1557.81
477.69	1659.81
477.908	1661.81
478.127	1688.81
478.346	1715.81
478.564	1711.81
478.783	1742.81
479.002	1817.81
479.22	1797.81
479.439	1815.81
479.658	1817.81
479.876	1726.81
480.095	1738.81
480.313	1801.81
480.532	1890.81
480.751	1860.81
480.969	2056.81
481.188	3191.81
481.406	3794.81
481.624	2301.81
481.843	1933.81
482.061	1740.81
482.28	1787.81
482.498	1704.81
482.717	1680.81
482.935	1752.81
483.153	1817.81
483.372	1824.81
483.59	1870.81
483.808	1758.81
484.027	1695.81
484.245	1733.81
484.463	1775.81
484.681	1855.81
484.9	1818.81
485.118	1799.81
485.336	1719.81
485.554	1649.81
485.772	1641.81
485.99	1634.81
486.209	1652.81
486.427	1676.81
486.645	1767.81
486.863	1909.81
487.081	1887.81
487.299	1842.81
487.517	1855.81
487.735	1977.81
487.953	2108.81
488.171	2091.81
488.389	2047.81
488.607	1944.81
488.825	1851.81
489.043	1789.81
489.261	1798.81
489.479	1862.81
489.696	1905.81
489.914	1952.81
490.132	1963.81
490.35	2056.81
490.568	2139.81
490.786	2201.81
491.003	2304.81
491.221	2367.81
491.439	2419.81
491.657	2502.81
491.874	2558.81
492.092	2792.81
492.31	2852.81
492.527	2819.81
492.745	2660.81
492.963	2583.81
493.18	2562.81
493.398	2569.81
493.615	2524.81
493.833	2442.81
494.05	2447.81
494.268	2402.81
494.485	2377.81
494.703	2391.81
494.92	2445.81
495.138	2370.81
495.355	2413.81
495.573	2372.81
495.79	2370.81
496.008	2351.81
496.225	2355.81
496.442	2374.81
496.66	2315.81
496.877	2287.81
497.094	2301.81
497.312	2365.81
497.529	2307.81
497.746	2252.81
497.963	2272.81
498.181	2229.81
498.398	2247.81
498.615	2303.81
498.832	2427.81
499.049	2529.81
499.267	2676.81
499.484	2873.81
499.701	3115.81
499.918	3311.81
500.135	3669.81
500.352	4063.81
500.569	4217.81
500.786	4217.81
501.003	4003.81
501.22	3673.81
501.437	3370.81
501.654	3087.81
501.871	2906.81
502.088	2799.81
502.305	2579.81
502.522	2472.81
502.739	2424.81
502.956	2280.81
503.172	2237.81
503.389	2107.81
503.606	2112.81
503.823	2079.81
504.04	2067.81
504.256	2038.81
504.473	2033.81
504.69	2033.81
504.907	2028.81
505.123	1965.81
505.34	1926.81
505.557	1895.81
505.773	1841.81
505.99	1805.81
506.207	1811.81
506.423	1782.81
506.64	1721.81
506.856	1743.81
507.073	1747.81
507.289	1739.81
507.506	1726.81
507.722	1744.81
507.939	1755.81
508.155	1709.81
508.372	1632.81
508.588	1595.81
508.805	1599.81
509.021	1605.81
509.238	1624.81
509.454	1623.81
509.67	1559.81
509.887	1521.81
510.103	1514.81
510.319	1565.81
510.536	1926.81
510.752	3666.81
510.968	2580.81
511.184	1607.81
511.401	1557.81
511.617	1467.81
511.833	1558.81
512.049	1567.81
512.265	1556.81
512.481	1537.81
512.698	1513.81
512.914	1504.81
513.13	1472.81
513.346	1441.81
513.562	1480.81
513.778	1483.81
513.994	1533.81
514.21	1536.81
514.426	1555.81
514.642	1681.81
514.858	1744.81
515.074	1875.81
515.29	2350.81
515.506	3839.81
515.721	2807.81
515.937	1861.81
516.153	1692.81
516.369	1668.81
516.585	1641.81
516.801	1660.81
517.016	1651.81
517.232	1767.81
517.448	1779.81
517.664	1816.81
517.879	1794.81
518.095	1795.81
518.311	1837.81
518.527	1732.81
518.742	1715.81
518.958	1659.81
519.173	1622.81
519.389	1617.81
519.605	1633.81
519.82	1648.81
520.036	1655.81
520.251	1666.81
520.467	1710.81
520.682	1657.81
520.898	1647.81
521.113	1703.81
521.329	1786.81
521.544	2055.81
521.76	2681.81
521.975	5093.81
522.19	4643.81
522.406	2281.81
522.621	1733.81
522.836	1586.81
523.052	1521.81
523.267	1513.81
523.482	1483.81
523.698	1480.81
523.913	1488.81
524.128	1477.81
524.343	1469.81
524.559	1459.81
524.774	1480.81
524.989	1439.81
525.204	1429.81
525.419	1405.81
525.634	1394.81
525.849	1332.81
526.064	1287.81
526.28	1296.81
526.495	1215.81
526.71	1235.81
526.925	1195.81
527.14	1184.81
527.355	1202.81
527.57	1168.81
527.785	1187.81
527.999	1227.81
528.214	1224.81
528.429	1292.81
528.644	1390.81
528.859	1449.81
529.074	1503.81
529.289	1632.81
529.503	1817.81
529.718	1646.81
529.933	1396.81
530.148	1258.81
530.363	1219.81
530.577	1179.81
530.792	1195.81
531.007	1194.81
531.221	1131.81
531.436	1176.81
531.651	1150.81
531.865	1133.81
532.08	1185.81
532.295	1163.81
532.509	1148.81
532.724	1175.81
532.938	1195.81
533.153	1199.81
533.367	1253.81
533.582	1337.81
533.796	1292.81
534.011	1267.81
534.225	1201.81
534.44	1137.81
534.654	1169.81
534.868	1164.81
535.083	1160.81
535.297	1201.81
535.511	1189.81
535.726	1201.81
535.94	1187.81
536.154	1165.81
536.369	1145.81
536.583	1099.81
536.797	1105.81
537.011	1108.81
537.225	1061.81
537.44	1085.81
537.654	1136.81
537.868	1094.81
538.082	1073.81
538.296	1092.81
538.51	1115.81
538.724	1202.81
538.938	1271.81
539.153	1265.81
539.367	1261.81
539.581	1219.81
539.795	1135.81
540.009	1093.81
540.222	1092.81
540.436	1113.81
540.65	1231.81
540.864	1316.81
541.078	1404.81
541.292	1444.81
541.506	1532.81
541.72	1654.81
541.934	1745.81
542.147	1815.81
542.361	1722.81
542.575	1541.81
542.789	1449.81
543.002	1311.81
543.216	1269.81
543.43	1261.81
543.644	1322.81
543.857	1419.81
544.071	1498.81
544.285	1582.81
544.498	1579.81
544.712	1556.81
544.925	1583.81
545.139	1628.81
545.352	1632.81
545.566	1660.81
545.779	1614.81
545.993	1621.81
546.206	1674.81
546.42	1664.81
546.633	1656.81
546.847	1667.81
547.06	1629.81
547.274	1683.81
547.487	1711.81
547.7	1744.81
547.914	1693.81
548.127	1643.81
548.34	1619.81
548.554	1618.81
548.767	1608.81
548.98	1586.81
549.193	1572.81
549.407	1621.81
549.62	1592.81
549.833	1636.81
550.046	1595.81
550.259	1570.81
550.473	1527.81
550.686	1530.81
550.899	1547.81
551.112	1512.81
551.325	1460.81
551.538	1377.81
551.751	1243.81
551.964	1244.81
552.177	1325.81
552.39	1453.81
552.603	1488.81
552.816	1589.81
553.029	1627.81
553.242	1679.81
553.455	1727.81
553.667	1726.81
553.88	1698.81
554.093	1652.81
554.306	1591.81
554.519	1566.81
554.732	1527.81
554.944	1489.81
555.157	1484.81
555.37	1441.81
555.583	1417.81
555.795	1381.81
556.008	1323.81
556.221	1299.81
556.433	1302.81
556.646	1325.81
556.859	1307.81
557.071	1348.81
557.284	1318.81
557.496	1332.81
557.709	1332.81
557.921	1318.81
558.134	1297.81
558.346	1308.81
558.559	1235.81
558.771	1251.81
558.984	1258.81
559.196	1201.81
559.409	1226.81
559.621	1214.81
559.833	1159.81
560.046	1175.81
560.258	1207.81
560.47	1203.81
560.683	1207.81
560.895	1187.81
561.107	1192.81
561.32	1204.81
561.532	1233.81
561.744	1205.81
561.956	1225.81
562.168	1195.81
562.381	1214.81
562.593	1188.81
562.805	1193.81
563.017	1145.81
563.229	1124.81
563.441	1134.81
563.653	1153.81
563.865	1116.81
564.077	1146.81
564.289	1121.81
564.501	1099.81
564.713	1143.81
564.925	1172.81
565.137	1161.81
565.349	1141.81
565.561	1170.81
565.773	1197.81
565.985	1207.81
566.197	1250.81
566.408	1340.81
566.62	1372.81
566.832	1492.81
567.044	1492.81
567.255	1454.81
567.467	1431.81
567.679	1472.81
567.891	1571.81
568.102	1527.81
568.314	1433.81
568.526	1256.81
568.737	1155.81
568.949	1034.81
569.161	975.81
569.372	910.81
569.584	923.81
569.795	897.81
570.007	889.81
570.218	1028.81
570.43	951.81
570.641	919.81
570.853	900.81
571.064	923.81
571.276	951.81
571.487	931.81
571.698	877.81
571.91	893.81
572.121	867.81
572.333	848.81
572.544	797.81
572.755	771.81
572.966	724.81
573.178	730.81
573.389	689.81
573.6	714.81
573.811	671.81
574.023	684.81
574.234	701.81
574.445	717.81
574.656	728.81
574.867	744.81
575.078	736.81
575.289	740.81
575.501	704.81
575.712	708.81
575.923	694.81
576.134	684.81
576.345	715.81
576.556	732.81
576.767	751.81
576.978	734.81
577.188	714.81
577.399	696.81
577.61	681.81
577.821	670.81
578.032	707.81
578.243	807.81
578.454	1410.81
578.665	881.81
578.875	642.81
579.086	610.81
579.297	609.81
579.508	597.81
579.718	585.81
579.929	606.81
580.14	582.81
580.35	587.81
580.561	604.81
580.772	615.81
580.982	618.81
581.193	633.81
581.403	615.81
581.614	619.81
581.825	643.81
582.035	611.81
582.246	615.81
582.456	620.81
582.667	619.81
582.877	600.81
583.087	591.81
583.298	572.81
583.508	559.81
583.719	579.81
583.929	542.81
584.139	565.81
584.35	556.81
584.56	554.81
584.77	572.81
584.981	575.81
585.191	568.81
585.401	572.81
585.611	543.81
585.821	564.81
586.032	531.81
586.242	548.81
586.452	540.81
586.662	529.81
586.872	517.81
587.082	526.81
587.292	543.81
587.502	541.81
587.713	529.81
587.923	509.81
588.133	535.81
588.343	525.81
588.553	524.81
588.762	552.81
588.972	535.81
589.182	519.81
589.392	544.81
589.602	548.81
589.812	548.81
590.022	535.81
590.232	535.81
590.441	505.81
590.651	524.81
590.861	537.81
591.071	535.81
591.281	542.81
591.49	541.81
591.7	548.81
591.91	571.81
592.119	590.81
592.329	597.81
592.539	580.81
592.748	605.81
592.958	655.81
593.167	621.81
593.377	621.81
593.587	646.81
593.796	663.81
594.006	657.81
594.215	663.81
594.424	660.81
594.634	680.81
594.843	691.81
595.053	651.81
595.262	609.81
595.472	601.81
595.681	575.81
595.89	545.81
596.1	543.81
596.309	587.81
596.518	581.81
596.727	590.81
596.937	595.81
597.146	585.81
597.355	543.81
597.564	542.81
597.774	511.81
597.983	538.81
598.192	495.81
598.401	481.81
598.61	496.81
598.819	514.81
599.028	518.81
599.237	517.81
599.446	538.81
599.655	507.81
599.864	520.81
600.073	519.81
600.282	531.81
600.491	531.81
600.7	528.81
600.909	547.81
601.118	544.81
601.327	596.81
601.536	638.81
601.745	666.81
601.953	683.81
602.162	704.81
602.371	686.81
602.58	689.81
602.789	678.81
602.997	696.81
603.206	708.81
603.415	707.81
603.623	694.81
603.832	673.81
604.041	660.81
604.249	586.81
604.458	555.81
604.666	542.81
604.875	545.81
605.084	586.81
605.292	631.81
605.501	714.81
605.709	709.81
605.918	747.81
606.126	717.81
606.334	737.81
606.543	743.81
606.751	732.81
606.96	753.81
607.168	714.81
607.376	723.81
607.585	692.81
607.793	705.81
608.001	723.81
608.21	725.81
608.418	741.81
608.626	746.81
608.834	741.81
609.043	754.81
609.251	753.81
609.459	745.81
609.667	755.81
609.875	772.81
610.083	801.81
610.291	768.81
610.499	745.81
610.707	764.81
610.916	768.81
611.124	775.81
611.332	774.81
611.54	763.81
611.748	782.81
611.955	767.81
612.163	754.81
612.371	760.81
612.579	785.81
612.787	763.81
612.995	732.81
613.203	715.81
613.411	741.81
613.618	720.81
613.826	734.81
614.034	737.81
614.242	732.81
614.449	732.81
614.657	750.81
614.865	721.81
615.072	744.81
615.28	739.81
615.488	733.81
615.695	744.81
615.903	727.81
616.111	717.81
616.318	743.81
616.526	734.81
616.733	776.81
616.941	743.81
617.148	747.81
617.356	711.81
617.563	712.81
617.771	688.81
617.978	679.81
618.185	692.81
618.393	715.81
618.6	693.81
618.807	730.81
619.015	722.81
619.222	696.81
619.429	678.81
619.637	628.81
619.844	556.81
620.051	592.81
620.258	630.81
620.466	655.81
620.673	635.81
620.88	635.81
621.087	617.81
621.294	617.81
621.501	567.81
621.708	584.81
621.915	637.81
622.122	635.81
622.329	651.81
622.536	680.81
622.743	679.81
622.95	655.81
623.157	665.81
623.364	662.81
623.571	656.81
623.778	650.81
623.985	646.81
624.192	644.81
624.399	634.81
624.606	625.81
624.812	629.81
625.019	623.81
625.226	588.81
625.433	557.81
625.639	524.81
625.846	507.81
626.053	453.81
626.259	439.81
626.466	449.81
626.673	428.81
626.879	426.81
627.086	463.81
627.293	523.81
627.499	559.81
627.706	621.81
627.912	623.81
628.119	620.81
628.325	600.81
628.532	579.81
628.738	597.81
628.945	571.81
629.151	554.81
629.357	524.81
629.564	553.81
629.77	534.81
629.976	514.81
630.183	482.81
630.389	518.81
630.595	544.81
630.802	556.81
631.008	545.81
631.214	531.81
631.42	510.81
631.627	489.81
631.833	496.81
632.039	492.81
632.245	525.81
632.451	497.81
632.657	543.81
632.863	514.81
633.069	518.81
633.275	516.81
633.481	484.81
633.688	472.81
633.893	488.81
634.099	471.81
634.305	493.81
634.511	468.81
634.717	451.81
634.923	427.81
635.129	408.81
635.335	446.81
635.541	438.81
635.747	464.81
635.952	482.81
636.158	530.81
636.364	577.81
636.57	644.81
636.775	572.81
636.981	551.81
637.187	515.81
637.392	535.81
637.598	529.81
637.804	535.81
638.009	511.81
638.215	535.81
638.421	511.81
638.626	493.81
638.832	474.81
639.037	503.81
639.243	468.81
639.448	471.81
639.654	470.81
639.859	464.81
640.065	452.81
640.27	457.81
640.475	454.81
640.681	450.81
640.886	492.81
641.091	512.81
641.297	499.81
641.502	475.81
641.707	495.81
641.913	467.81
642.118	481.81
642.323	472.81
642.528	488.81
642.733	452.81
642.939	455.81
643.144	442.81
643.349	443.81
643.554	436.81
643.759	439.81
643.964	429.81
644.169	457.81
644.374	432.81
644.579	447.81
644.784	448.81
644.989	453.81
645.194	445.81
645.399	441.81
645.604	450.81
645.809	469.81
646.014	448.81
646.219	445.81
646.423	457.81
646.628	462.81
646.833	475.81
647.038	436.81
647.243	450.81
647.447	442.81
647.652	447.81
647.857	440.81
648.062	436.81
648.266	448.81
648.471	453.81
648.676	445.81
648.88	443.81
649.085	449.81
649.289	447.81
649.494	437.81
649.698	472.81
649.903	445.81
650.107	436.81
650.312	424.81
650.516	420.81
650.721	421.81
650.925	421.81
651.13	387.81
651.334	395.81
651.539	396.81
651.743	374.81
651.947	349.81
652.152	367.81
652.356	361.81
652.56	380.81
652.764	348.81
652.969	361.81
653.173	355.81
653.377	327.81
653.581	347.81
653.785	341.81
653.99	331.81
654.194	329.81
654.398	322.81
654.602	313.81
654.806	324.81
655.01	311.81
655.214	331.81
655.418	306.81
655.622	276.81
655.826	292.81
656.03	275.81
656.234	279.81
656.438	285.81
656.642	283.81
656.846	237.81
657.049	266.81
657.253	250.81
657.457	233.81
657.661	216.81
657.865	218.81
658.068	206.81
658.272	212.81
658.476	202.81
658.68	198.81
658.883	190.81
659.087	148.81
659.291	177.81
659.494	171.81
659.698	183.81
659.901	159.81
660.105	168.81
660.309	151.81
660.512	145.81
660.716	152.81
660.919	137.81
661.123	136.81
661.326	125.81
661.53	113.81
661.733	123.81
661.936	109.81
662.14	105.81
662.343	116.81
662.546	104.81
662.75	88.81
662.953	99.81
663.156	81.81
663.36	89.81
663.563	92.81
663.766	84.81
663.969	72.81
664.173	97.81
664.376	90.81
664.579	94.81
664.782	91.81
664.985	94.81
665.188	94.81
665.391	89.81
665.594	76.81
665.797	76.81
666	88.81
666.203	93.81
666.406	75.81
666.609	87.81
666.812	75.81
667.015	84.81
667.218	76.81
667.421	79.81
667.624	57.81
667.827	85.81
668.03	86.81
668.232	89.81
668.435	75.81
668.638	87.81
668.841	81.81
669.043	85.81
669.246	82.81
669.449	80.81
669.651	80.81
669.854	82.81
670.057	80.81
670.259	73.81
670.462	78.81
670.665	74.81
670.867	92.81
671.07	74.81
671.272	82.81
671.475	79.81
671.677	91.81
671.88	70.81
672.082	85.81
672.284	69.81
672.487	81.81
672.689	93.81
672.892	87.81
