223.165	-30.62
223.4	-30.62
223.635	-30.62
223.869	-17.62
224.104	-9.62
224.338	-13.62
224.573	-8.62
224.808	-1.62
225.042	-16.62
225.277	-16.62
225.511	10.38
225.746	1.38
225.98	5.38
226.215	20.38
226.449	5.38
226.683	21.38
226.918	19.38
227.152	31.38
227.387	31.38
227.621	36.38
227.856	33.38
228.09	41.38
228.324	54.38
228.559	39.38
228.793	66.38
229.027	124.38
229.262	138.38
229.496	157.38
229.73	168.38
229.964	202.38
230.199	172.38
230.433	158.38
230.667	152.38
230.901	137.38
231.136	137.38
231.37	138.38
231.604	143.38
231.838	130.38
232.072	154.38
232.306	166.38
232.541	155.38
232.775	155.38
233.009	139.38
233.243	154.38
233.477	166.38
233.711	147.38
233.945	168.38
234.179	168.38
234.413	167.38
234.647	163.38
234.881	151.38
235.115	152.38
235.349	159.38
235.583	159.38
235.817	140.38
236.051	176.38
236.285	159.38
236.519	161.38
236.753	174.38
236.987	189.38
237.221	255.38
237.455	291.38
237.689	231.38
237.922	177.38
238.156	161.38
238.39	167.38
238.624	175.38
238.858	176.38
239.091	167.38
239.325	171.38
239.559	189.38
239.793	177.38
240.027	185.38
240.26	187.38
240.494	191.38
240.728	198.38
240.961	207.38
241.195	199.38
241.429	185.38
241.662	196.38
241.896	192.38
242.13	182.38
242.363	188.38
242.597	201.38
242.83	211.38
243.064	217.38
243.298	209.38
243.531	190.38
243.765	206.38
243.998	216.38
244.232	203.38
244.465	208.38
244.699	215.38
244.932	218.38
245.166	212.38
245.399	216.38
245.633	218.38
245.866	204.38
246.099	203.38
246.333	207.38
246.566	218.38
246.8	224.38
247.033	227.38
247.266	215.38
247.5	234.38
247.733	217.38
247.966	227.38
248.2	247.38
248.433	250.38
248.666	250.38
248.899	256.38
249.133	256.38
249.366	279.38
249.599	289.38
249.832	268.38
250.066	269.38
250.299	290.38
250.532	302.38
250.765	316.38
250.998	323.38
251.231	303.38
251.465	302.38
251.698	284.38
251.931	274.38
252.164	294.38
252.397	281.38
252.63	286.38
252.863	308.38
253.096	300.38
253.329	315.38
253.562	292.38
253.795	307.38
254.028	304.38
254.261	323.38
254.494	300.38
254.727	329.38
254.96	366.38
255.193	363.38
255.426	332.38
255.659	305.38
255.892	363.38
256.124	385.38
256.357	397.38
256.59	354.38
256.823	328.38
257.056	338.38
257.289	325.38
257.521	311.38
257.754	302.38
257.987	324.38
258.22	316.38
258.452	311.38
258.685	319.38
258.918	311.38
259.151	296.38
259.383	305.38
259.616	332.38
259.849	324.38
260.081	335.38
260.314	351.38
260.547	334.38
260.779	344.38
261.012	324.38
261.244	347.38
261.477	328.38
261.71	330.38
261.942	340.38
262.175	354.38
262.407	362.38
262.64	340.38
262.872	336.38
263.105	334.38
263.337	325.38
263.57	329.38
263.802	331.38
264.035	345.38
264.267	326.38
264.499	328.38
264.732	331.38
264.964	328.38
265.197	344.38
265.429	347.38
265.661	336.38
265.894	327.38
266.126	364.38
266.358	349.38
266.591	338.38
266.823	332.38
267.055	338.38
267.287	359.38
267.52	346.38
267.752	328.38
267.984	382.38
268.216	371.38
268.448	376.38
268.681	358.38
268.913	376.38
269.145	388.38
269.377	404.38
269.609	392.38
269.841	390.38
270.073	406.38
270.306	416.38
270.538	446.38
270.77	425.38
271.002	430.38
271.234	409.38
271.466	408.38
271.698	446.38
271.93	448.38
272.162	450.38
272.394	439.38
272.626	417.38
272.858	416.38
273.09	425.38
273.322	404.38
273.553	410.38
273.785	426.38
274.017	390.38
274.249	422.38
274.481	410.38
274.713	431.38
274.945	453.38
275.176	433.38
275.408	430.38
275.64	411.38
275.872	413.38
276.104	415.38
276.335	414.38
276.567	433.38
276.799	474.38
277.031	467.38
277.262	479.38
277.494	498.38
277.726	469.38
277.957	468.38
278.189	454.38
278.421	451.38
278.652	453.38
278.884	438.38
279.115	438.38
279.347	448.38
279.579	442.38
279.81	440.38
280.042	450.38
280.273	431.38
280.505	455.38
280.736	450.38
280.968	432.38
281.199	446.38
281.431	461.38
281.662	443.38
281.894	449.38
282.125	452.38
282.356	482.38
282.588	518.38
282.819	522.38
283.051	466.38
283.282	462.38
283.513	458.38
283.745	467.38
283.976	475.38
284.207	473.38
284.439	474.38
284.67	453.38
284.901	482.38
285.132	466.38
285.364	480.38
285.595	444.38
285.826	462.38
286.057	464.38
286.288	462.38
286.52	464.38
286.751	470.38
286.982	479.38
287.213	464.38
287.444	489.38
287.675	500.38
287.906	488.38
288.138	516.38
288.369	506.38
288.6	501.38
288.831	493.38
289.062	503.38
289.293	508.38
289.524	501.38
289.755	492.38
289.986	473.38
290.217	506.38
290.448	498.38
290.679	524.38
290.91	510.38
291.141	486.38
291.371	492.38
291.602	511.38
291.833	479.38
292.064	504.38
292.295	504.38
292.526	495.38
292.757	508.38
292.987	519.38
293.218	487.38
293.449	478.38
293.68	493.38
293.91	507.38
294.141	484.38
294.372	491.38
294.603	503.38
294.833	502.38
295.064	517.38
295.295	536.38
295.525	518.38
295.756	520.38
295.987	534.38
296.217	579.38
296.448	578.38
296.679	559.38
296.909	538.38
297.14	528.38
297.37	530.38
297.601	547.38
297.831	540.38
298.062	534.38
298.292	517.38
298.523	525.38
298.753	550.38
298.984	586.38
299.214	559.38
299.445	568.38
299.675	545.38
299.905	566.38
300.136	570.38
300.366	565.38
300.597	586.38
300.827	584.38
301.057	595.38
301.288	593.38
301.518	620.38
301.748	598.38
301.979	606.38
302.209	617.38
302.439	605.38
302.669	599.38
302.9	602.38
303.13	587.38
303.36	595.38
303.59	616.38
303.82	622.38
304.051	623.38
304.281	596.38
304.511	604.38
304.741	623.38
304.971	575.38
305.201	590.38
305.431	592.38
305.661	619.38
305.891	579.38
306.121	604.38
306.352	598.38
306.582	600.38
306.812	601.38
307.042	594.38
307.272	630.38
307.502	606.38
307.731	624.38
307.961	611.38
308.191	590.38
308.421	620.38
308.651	600.38
308.881	623.38
309.111	633.38
309.341	601.38
309.571	634.38
309.8	650.38
310.03	644.38
310.26	630.38
310.49	660.38
310.72	708.38
310.949	703.38
311.179	717.38
311.409	662.38
311.639	673.38
311.868	678.38
312.098	687.38
312.328	689.38
312.557	708.38
312.787	729.38
313.017	723.38
313.246	718.38
313.476	692.38
313.706	656.38
313.935	679.38
314.165	733.38
314.394	721.38
314.624	704.38
314.853	704.38
315.083	720.38
315.312	703.38
315.542	693.38
315.771	678.38
316.001	703.38
316.23	684.38
316.46	666.38
316.689	715.38
316.919	724.38
317.148	735.38
317.377	710.38
317.607	694.38
317.836	708.38
318.065	697.38
318.295	684.38
318.524	695.38
318.753	694.38
318.983	721.38
319.212	694.38
319.441	733.38
319.67	723.38
319.9	719.38
320.129	704.38
320.358	701.38
320.587	701.38
320.816	735.38
321.046	744.38
321.275	744.38
321.504	742.38
321.733	737.38
321.962	760.38
322.191	766.38
322.42	798.38
322.649	804.38
322.878	798.38
323.108	818.38
323.337	855.38
323.566	883.38
323.795	958.38
324.024	1027.38
324.253	1236.38
324.482	1732.38
324.71	2572.38
324.939	3553.38
325.168	2877.38
325.397	1577.38
325.626	1198.38
325.855	1047.38
326.084	994.38
326.313	972.38
326.542	972.38
326.77	1060.38
326.999	1225.38
327.228	1633.38
327.457	2434.38
327.686	2793.38
327.914	1851.38
328.143	1367.38
328.372	1227.38
328.6	1175.38
328.829	1086.38
329.058	1075.38
329.287	1086.38
329.515	1043.38
329.744	1022.38
329.972	1086.38
330.201	1179.38
330.43	1300.38
330.658	1292.38
330.887	1222.38
331.115	1140.38
331.344	1006.38
331.572	979.38
331.801	982.38
332.03	977.38
332.258	965.38
332.486	994.38
332.715	973.38
332.943	982.38
333.172	1024.38
333.4	1072.38
333.629	1114.38
333.857	1127.38
334.085	1187.38
334.314	1306.38
334.542	1498.38
334.771	1557.38
334.999	1275.38
335.227	1094.38
335.455	1030.38
335.684	1016.38
335.912	990.38
336.14	995.38
336.369	955.38
336.597	994.38
336.825	982.38
337.053	945.38
337.281	962.38
337.51	931.38
337.738	923.38
337.966	905.38
338.194	895.38
338.422	910.38
338.65	888.38
338.878	881.38
339.106	885.38
339.334	873.38
339.562	864.38
339.79	843.38
340.018	859.38
340.246	866.38
340.474	858.38
340.702	875.38
340.93	865.38
341.158	862.38
341.386	853.38
341.614	867.38
341.842	840.38
342.07	840.38
342.298	843.38
342.526	866.38
342.754	865.38
342.981	834.38
343.209	848.38
343.437	879.38
343.665	919.38
343.893	953.38
344.12	995.38
344.348	950.38
344.576	944.38
344.804	942.38
345.031	886.38
345.259	932.38
345.487	886.38
345.714	857.38
345.942	854.38
346.17	847.38
346.397	859.38
346.625	850.38
346.853	836.38
347.08	827.38
347.308	846.38
347.535	872.38
347.763	866.38
347.99	892.38
348.218	900.38
348.445	875.38
348.673	865.38
348.9	845.38
349.128	848.38
349.355	826.38
349.583	843.38
349.81	835.38
350.037	790.38
350.265	837.38
350.492	823.38
350.72	845.38
350.947	843.38
351.174	855.38
351.402	851.38
351.629	857.38
351.856	832.38
352.083	859.38
352.311	872.38
352.538	875.38
352.765	878.38
352.992	866.38
353.22	868.38
353.447	840.38
353.674	825.38
353.901	814.38
354.128	823.38
354.355	806.38
354.583	788.38
354.81	812.38
355.037	840.38
355.264	851.38
355.491	828.38
355.718	832.38
355.945	813.38
356.172	813.38
356.399	823.38
356.626	832.38
356.853	828.38
357.08	843.38
357.307	840.38
357.534	822.38
357.761	813.38
357.988	797.38
358.215	826.38
358.441	820.38
358.668	825.38
358.895	838.38
359.122	840.38
359.349	854.38
359.576	865.38
359.802	927.38
360.029	944.38
360.256	964.38
360.483	935.38
360.709	896.38
360.936	873.38
361.163	908.38
361.39	874.38
361.616	891.38
361.843	896.38
362.07	870.38
362.296	902.38
362.523	859.38
362.749	846.38
362.976	891.38
363.203	890.38
363.429	867.38
363.656	883.38
363.882	824.38
364.109	864.38
364.335	858.38
364.562	870.38
364.788	846.38
365.015	858.38
365.241	867.38
365.468	876.38
365.694	856.38
365.92	873.38
366.147	849.38
366.373	875.38
366.599	871.38
366.826	870.38
367.052	870.38
367.278	887.38
367.505	878.38
367.731	875.38
367.957	878.38
368.184	868.38
368.41	901.38
368.636	938.38
368.862	951.38
369.089	921.38
369.315	919.38
369.541	897.38
369.767	910.38
369.993	923.38
370.219	888.38
370.445	900.38
370.672	903.38
370.898	905.38
371.124	922.38
371.35	916.38
371.576	921.38
371.802	918.38
372.028	942.38
372.254	935.38
372.48	966.38
372.706	939.38
372.932	954.38
373.158	945.38
373.384	949.38
373.61	946.38
373.835	942.38
374.061	980.38
374.287	994.38
374.513	968.38
374.739	981.38
374.965	1035.38
375.191	1012.38
375.416	1033.38
375.642	986.38
375.868	1005.38
376.094	958.38
376.319	963.38
376.545	940.38
376.771	972.38
376.997	960.38
377.222	951.38
377.448	940.38
377.674	939.38
377.899	944.38
378.125	936.38
378.35	929.38
378.576	958.38
378.802	934.38
379.027	970.38
379.253	934.38
379.478	950.38
379.704	925.38
379.929	953.38
380.155	962.38
380.38	957.38
380.606	962.38
380.831	950.38
381.057	963.38
381.282	982.38
381.507	972.38
381.733	986.38
381.958	982.38
382.184	966.38
382.409	986.38
382.634	985.38
382.86	987.38
383.085	1001.38
383.31	1019.38
383.535	1035.38
383.761	1042.38
383.986	1036.38
384.211	1064.38
384.436	1082.38
384.662	1086.38
384.887	1100.38
385.112	1133.38
385.337	1123.38
385.562	1122.38
385.787	1143.38
386.013	1148.38
386.238	1142.38
386.463	1155.38
386.688	1130.38
386.913	1110.38
387.138	1147.38
387.363	1146.38
387.588	1113.38
387.813	1161.38
388.038	1154.38
388.263	1120.38
388.488	1162.38
388.713	1147.38
388.938	1155.38
389.163	1138.38
389.387	1136.38
389.612	1122.38
389.837	1141.38
390.062	1119.38
390.287	1137.38
390.512	1123.38
390.736	1106.38
390.961	1167.38
391.186	1175.38
391.411	1206.38
391.636	1242.38
391.86	1248.38
392.085	1268.38
392.31	1254.38
392.534	1250.38
392.759	1206.38
392.984	1227.38
393.208	1241.38
393.433	1245.38
393.658	1257.38
393.882	1259.38
394.107	1228.38
394.331	1246.38
394.556	1215.38
394.78	1259.38
395.005	1268.38
395.229	1211.38
395.454	1289.38
395.678	1280.38
395.903	1323.38
396.127	1326.38
396.352	1332.38
396.576	1277.38
396.801	1241.38
397.025	1266.38
397.249	1296.38
397.474	1340.38
397.698	1306.38
397.922	1369.38
398.147	1335.38
398.371	1348.38
398.595	1392.38
398.82	1450.38
399.044	1519.38
399.268	1647.38
399.492	1826.38
399.717	2031.38
399.941	1999.38
400.165	1927.38
400.389	1788.38
400.613	1615.38
400.837	1544.38
401.062	1529.38
401.286	1547.38
401.51	1494.38
401.734	1481.38
401.958	1512.38
402.182	1544.38
402.406	1577.38
402.63	1608.38
402.854	1600.38
403.078	1580.38
403.302	1648.38
403.526	1636.38
403.75	1646.38
403.974	1696.38
404.198	1674.38
404.422	1717.38
404.645	1683.38
404.869	1723.38
405.093	1729.38
405.317	1831.38
405.541	1893.38
405.765	1769.38
405.988	1691.38
406.212	1730.38
406.436	1802.38
406.66	1822.38
406.883	1773.38
407.107	1856.38
407.331	1929.38
407.555	2074.38
407.778	2058.38
408.002	1907.38
408.226	1837.38
408.449	1832.38
408.673	1759.38
408.896	1783.38
409.12	1850.38
409.344	1779.38
409.567	1681.38
409.791	1737.38
410.014	1676.38
410.238	1664.38
410.461	1669.38
410.685	1639.38
410.908	1676.38
411.132	1690.38
411.355	1722.38
411.578	1702.38
411.802	1626.38
412.025	1649.38
412.249	1684.38
412.472	1730.38
412.695	1789.38
412.919	1716.38
413.142	1642.38
413.365	1582.38
413.589	1635.38
413.812	1564.38
414.035	1540.38
414.258	1560.38
414.482	1570.38
414.705	1597.38
414.928	1583.38
415.151	1582.38
415.374	1576.38
415.597	1529.38
415.821	1537.38
416.044	1551.38
416.267	1558.38
416.49	1540.38
416.713	1553.38
416.936	1538.38
417.159	1551.38
417.382	1578.38
417.605	1550.38
417.828	1610.38
418.051	1612.38
418.274	1621.38
418.497	1545.38
418.72	1639.38
418.943	1603.38
419.166	1686.38
419.389	1810.38
419.611	1804.38
419.834	1728.38
420.057	1730.38
420.28	1745.38
420.503	1673.38
420.726	1676.38
420.948	1680.38
421.171	1716.38
421.394	1738.38
421.617	1658.38
421.839	1682.38
422.062	1669.38
422.285	1678.38
422.507	1730.38
422.73	1850.38
422.953	1747.38
423.175	1702.38
423.398	1721.38
423.621	1682.38
423.843	1784.38
424.066	1808.38
424.288	1779.38
424.511	1817.38
424.733	1859.38
424.956	1937.38
425.178	1898.38
425.401	1876.38
425.623	1910.38
425.846	1714.38
426.068	1663.38
426.291	1628.38
426.513	1614.38
426.735	1616.38
426.958	1709.38
427.18	1808.38
427.402	1988.38
427.625	2090.38
427.847	1962.38
428.069	1771.38
428.292	1665.38
428.514	1593.38
428.736	1543.38
428.958	1501.38
429.181	1476.38
429.403	1499.38
429.625	1500.38
429.847	1580.38
430.069	1669.38
430.292	1620.38
430.514	1521.38
430.736	1480.38
430.958	1508.38
431.18	1479.38
431.402	1474.38
431.624	1427.38
431.846	1401.38
432.068	1328.38
432.29	1347.38
432.512	1391.38
432.734	1442.38
432.956	1492.38
433.178	1511.38
433.4	1535.38
433.622	1564.38
433.844	1507.38
434.066	1441.38
434.287	1362.38
434.509	1374.38
434.731	1419.38
434.953	1570.38
435.175	1630.38
435.397	1654.38
435.618	1559.38
435.84	1530.38
436.062	1709.38
436.284	1800.38
436.505	1665.38
436.727	1580.38
436.949	1574.38
437.17	1527.38
437.392	1480.38
437.614	1496.38
437.835	1477.38
438.057	1606.38
438.278	1742.38
438.5	1814.38
438.721	1929.38
438.943	1882.38
439.165	1702.38
439.386	1648.38
439.608	1649.38
439.829	1692.38
440.05	1713.38
440.272	1767.38
440.493	1700.38
440.715	1688.38
440.936	1657.38
441.158	1684.38
441.379	1667.38
441.6	1755.38
441.822	1831.38
442.043	1864.38
442.264	1867.38
442.486	1938.38
442.707	1810.38
442.928	1736.38
443.149	1761.38
443.371	1806.38
443.592	1843.38
443.813	2000.38
444.034	2031.38
444.255	1885.38
444.476	1881.38
444.698	1930.38
444.919	1937.38
445.14	1999.38
445.361	1866.38
445.582	1883.38
445.803	1948.38
446.024	2004.38
446.245	1990.38
446.466	1907.38
446.687	1763.38
446.908	1758.38
447.129	1686.38
447.35	1679.38
447.571	1599.38
447.792	1567.38
448.013	1592.38
448.234	1598.38
448.455	1645.38
448.675	1843.38
448.896	1929.38
449.117	1722.38
449.338	1716.38
449.559	1851.38
449.779	1961.38
450	1731.38
450.221	1565.38
450.442	1482.38
450.662	1514.38
450.883	1509.38
451.104	1545.38
451.324	1488.38
451.545	1463.38
451.766	1394.38
451.986	1395.38
452.207	1393.38
452.428	1346.38
452.648	1357.38
452.869	1318.38
453.089	1289.38
453.31	1331.38
453.53	1272.38
453.751	1203.38
453.971	1216.38
454.192	1266.38
454.412	1209.38
454.633	1273.38
454.853	1286.38
455.073	1290.38
455.294	1352.38
455.514	1389.38
455.734	1377.38
455.955	1237.38
456.175	1235.38
456.395	1183.38
456.616	1144.38
456.836	1169.38
457.056	1152.38
457.276	1156.38
457.497	1181.38
457.717	1134.38
457.937	1169.38
458.157	1160.38
458.377	1210.38
458.598	1216.38
458.818	1356.38
459.038	1460.38
459.258	1409.38
459.478	1322.38
459.698	1275.38
459.918	1344.38
460.138	1408.38
460.358	1497.38
460.578	1499.38
460.798	1547.38
461.018	1533.38
461.238	1531.38
461.458	1479.38
461.678	1495.38
461.898	1484.38
462.118	1504.38
462.338	1570.38
462.558	1576.38
462.777	1666.38
462.997	1743.38
463.217	1848.38
463.437	1830.38
463.657	1681.38
463.876	1667.38
464.096	1679.38
464.316	1666.38
464.536	1715.38
464.755	1679.38
464.975	1676.38
465.195	1661.38
465.414	1777.38
465.634	1553.38
465.854	1481.38
466.073	1447.38
466.293	1424.38
466.512	1425.38
466.732	1430.38
466.951	1421.38
467.171	1410.38
467.391	1464.38
467.61	1487.38
467.829	1502.38
468.049	1511.38
468.268	1576.38
468.488	1455.38
468.707	1419.38
468.927	1418.38
469.146	1417.38
469.365	1454.38
469.585	1459.38
469.804	1525.38
470.023	1538.38
470.243	1517.38
470.462	1573.38
470.681	1579.38
470.901	1612.38
471.12	1564.38
471.339	1490.38
471.558	1504.38
471.777	1467.38
471.997	1464.38
472.216	1481.38
472.435	1732.38
472.654	1510.38
472.873	1328.38
473.092	1306.38
473.311	1328.38
473.53	1351.38
473.749	1393.38
473.968	1420.38
474.187	1495.38
474.406	1513.38
474.625	1428.38
474.844	1363.38
475.063	1383.38
475.282	1344.38
475.501	1314.38
475.72	1338.38
475.939	1362.38
476.158	1401.38
476.377	1369.38
476.596	1384.38
476.814	1344.38
477.033	1325.38
477.252	1330.38
477.471	1436.38
477.69	1477.38
477.908	1518.38
478.127	1614.38
478.346	1567.38
478.564	1556.38
478.783	1597.38
479.002	1696.38
479.22	1658.38
479.439	1645.38
479.658	1580.38
479.876	1531.38
480.095	1539.38
480.313	1652.38
480.532	1682.38
480.751	1634.38
480.969	1640.38
481.188	2113.38
481.406	2292.38
481.624	1688.38
481.843	1503.38
482.061	1478.38
482.28	1522.38
482.498	1484.38
482.717	1425.38
482.935	1491.38
483.153	1619.38
483.372	1641.38
483.59	1658.38
483.808	1580.38
484.027	1523.38
484.245	1546.38
484.463	1580.38
484.681	1631.38
484.9	1642.38
485.118	1597.38
485.336	1555.38
485.554	1484.38
485.772	1467.38
485.99	1472.38
486.209	1447.38
486.427	1514.38
486.645	1587.38
486.863	1723.38
487.081	1742.38
487.299	1669.38
487.517	1707.38
487.735	1836.38
487.953	1965.38
488.171	1915.38
488.389	1875.38
488.607	1770.38
488.825	1642.38
489.043	1639.38
489.261	1649.38
489.479	1671.38
489.696	1699.38
489.914	1725.38
490.132	1730.38
490.35	1889.38
490.568	1879.38
490.786	2020.38
491.003	2042.38
491.221	2098.38
491.439	2215.38
491.657	2208.38
491.874	2329.38
492.092	2509.38
492.31	2552.38
492.527	2529.38
492.745	2412.38
492.963	2346.38
493.18	2273.38
493.398	2299.38
493.615	2206.38
493.833	2201.38
494.05	2199.38
494.268	2139.38
494.485	2180.38
494.703	2187.38
494.92	2158.38
495.138	2171.38
495.355	2162.38
495.573	2155.38
495.79	2146.38
496.008	2144.38
496.225	2092.38
496.442	2165.38
496.66	2161.38
496.877	2099.38
497.094	2130.38
497.312	2128.38
497.529	2152.38
497.746	2100.38
497.963	2068.38
498.181	2073.38
498.398	2042.38
498.615	2105.38
498.832	2233.38
499.049	2380.38
499.267	2491.38
499.484	2646.38
499.701	2886.38
499.918	3113.38
500.135	3514.38
500.352	3921.38
500.569	3973.38
500.786	4014.38
501.003	3729.38
501.22	3478.38
501.437	3193.38
501.654	2848.38
501.871	2699.38
502.088	2510.38
502.305	2394.38
502.522	2278.38
502.739	2228.38
502.956	2128.38
503.172	2058.38
503.389	1945.38
503.606	1950.38
503.823	1906.38
504.04	1872.38
504.256	1898.38
504.473	1920.38
504.69	1921.38
504.907	1879.38
505.123	1826.38
505.34	1732.38
505.557	1686.38
505.773	1702.38
505.99	1686.38
506.207	1642.38
506.423	1594.38
506.64	1648.38
506.856	1604.38
507.073	1580.38
507.289	1570.38
507.506	1581.38
507.722	1611.38
507.939	1615.38
508.155	1535.38
508.372	1505.38
508.588	1455.38
508.805	1440.38
509.021	1454.38
509.238	1448.38
509.454	1446.38
509.67	1440.38
509.887	1387.38
510.103	1358.38
510.319	1430.38
510.536	1667.38
510.752	3129.38
510.968	2186.38
511.184	1428.38
511.401	1356.38
511.617	1323.38
511.833	1355.38
512.049	1378.38
512.265	1359.38
512.481	1376.38
512.698	1340.38
512.914	1350.38
513.13	1347.38
513.346	1322.38
513.562	1344.38
513.778	1343.38
513.994	1342.38
514.21	1390.38
514.426	1411.38
514.642	1467.38
514.858	1525.38
515.074	1597.38
515.29	1928.38
515.506	3102.38
515.721	2351.38
515.937	1606.38
516.153	1513.38
516.369	1437.38
516.585	1458.38
516.801	1487.38
517.016	1538.38
517.232	1597.38
517.448	1655.38
517.664	1685.38
517.879	1665.38
518.095	1637.38
518.311	1627.38
518.527	1592.38
518.742	1546.38
518.958	1532.38
519.173	1522.38
519.389	1513.38
519.605	1483.38
519.82	1465.38
520.036	1446.38
520.251	1501.38
520.467	1528.38
520.682	1474.38
520.898	1458.38
521.113	1462.38
521.329	1550.38
521.544	1714.38
521.76	2267.38
521.975	4203.38
522.19	3891.38
522.406	1923.38
522.621	1514.38
522.836	1386.38
523.052	1378.38
523.267	1334.38
523.482	1321.38
523.698	1282.38
523.913	1318.38
524.128	1359.38
524.343	1355.38
524.559	1315.38
524.774	1307.38
524.989	1306.38
525.204	1295.38
525.419	1319.38
525.634	1235.38
525.849	1218.38
526.064	1202.38
526.28	1172.38
526.495	1134.38
526.71	1093.38
526.925	1080.38
527.14	1091.38
527.355	1088.38
527.57	1078.38
527.785	1103.38
527.999	1127.38
528.214	1152.38
528.429	1199.38
528.644	1301.38
528.859	1334.38
529.074	1404.38
529.289	1468.38
529.503	1633.38
529.718	1468.38
529.933	1256.38
530.148	1164.38
530.363	1108.38
530.577	1057.38
530.792	1098.38
531.007	1066.38
531.221	1073.38
531.436	1044.38
531.651	1037.38
531.865	1056.38
532.08	1087.38
532.295	1027.38
532.509	1071.38
532.724	1054.38
532.938	1053.38
533.153	1110.38
533.367	1154.38
533.582	1231.38
533.796	1221.38
534.011	1164.38
534.225	1088.38
534.44	1065.38
534.654	1049.38
534.868	1047.38
535.083	1108.38
535.297	1079.38
535.511	1099.38
535.726	1137.38
535.94	1119.38
536.154	1049.38
536.369	1049.38
536.583	1050.38
536.797	1011.38
537.011	977.38
537.225	1005.38
537.44	995.38
537.654	1050.38
537.868	1013.38
538.082	1031.38
538.296	1017.38
538.51	1027.38
538.724	1075.38
538.938	1131.38
539.153	1187.38
539.367	1175.38
539.581	1143.38
539.795	1071.38
540.009	985.38
540.222	990.38
540.436	1056.38
540.65	1131.38
540.864	1182.38
541.078	1303.38
541.292	1359.38
541.506	1425.38
541.72	1580.38
541.934	1667.38
542.147	1715.38
542.361	1598.38
542.575	1434.38
542.789	1342.38
543.002	1237.38
543.216	1199.38
543.43	1217.38
543.644	1259.38
543.857	1326.38
544.071	1461.38
544.285	1482.38
544.498	1489.38
544.712	1488.38
544.925	1476.38
545.139	1520.38
545.352	1521.38
545.566	1518.38
545.779	1535.38
545.993	1579.38
546.206	1617.38
546.42	1580.38
546.633	1571.38
546.847	1564.38
547.06	1549.38
547.274	1613.38
547.487	1649.38
547.7	1650.38
547.914	1607.38
548.127	1581.38
548.34	1552.38
548.554	1510.38
548.767	1531.38
548.98	1534.38
549.193	1488.38
549.407	1492.38
549.62	1494.38
549.833	1520.38
550.046	1537.38
550.259	1462.38
550.473	1473.38
550.686	1458.38
550.899	1437.38
551.112	1419.38
551.325	1370.38
551.538	1306.38
551.751	1187.38
551.964	1168.38
552.177	1212.38
552.39	1358.38
552.603	1436.38
552.816	1504.38
553.029	1536.38
553.242	1598.38
553.455	1672.38
553.667	1631.38
553.88	1602.38
554.093	1560.38
554.306	1486.38
554.519	1464.38
554.732	1432.38
554.944	1394.38
555.157	1382.38
555.37	1354.38
555.583	1310.38
555.795	1284.38
556.008	1247.38
556.221	1217.38
556.433	1232.38
556.646	1227.38
556.859	1249.38
557.071	1250.38
557.284	1255.38
557.496	1256.38
557.709	1290.38
557.921	1244.38
558.134	1228.38
558.346	1229.38
558.559	1193.38
558.771	1210.38
558.984	1159.38
559.196	1159.38
559.409	1118.38
559.621	1135.38
559.833	1107.38
560.046	1134.38
560.258	1149.38
560.47	1146.38
560.683	1140.38
560.895	1148.38
561.107	1130.38
561.32	1108.38
561.532	1126.38
561.744	1139.38
561.956	1130.38
562.168	1131.38
562.381	1144.38
562.593	1126.38
562.805	1098.38
563.017	1095.38
563.229	1085.38
563.441	1082.38
563.653	1106.38
563.865	1090.38
564.077	1101.38
564.289	1091.38
564.501	1079.38
564.713	1072.38
564.925	1089.38
565.137	1089.38
565.349	1118.38
565.561	1115.38
565.773	1158.38
565.985	1202.38
566.197	1239.38
566.408	1260.38
566.62	1360.38
566.832	1408.38
567.044	1424.38
567.255	1364.38
567.467	1358.38
567.679	1377.38
567.891	1450.38
568.102	1438.38
568.314	1333.38
568.526	1198.38
568.737	1091.38
568.949	1011.38
569.161	919.38
569.372	876.38
569.584	830.38
569.795	808.38
570.007	817.38
570.218	916.38
570.43	888.38
570.641	832.38
570.853	829.38
571.064	872.38
571.276	864.38
571.487	853.38
571.698	850.38
571.91	808.38
572.121	827.38
572.333	790.38
572.544	751.38
572.755	716.38
572.966	694.38
573.178	683.38
573.389	626.38
573.6	620.38
573.811	603.38
574.023	617.38
574.234	642.38
574.445	653.38
574.656	662.38
574.867	682.38
575.078	691.38
575.289	708.38
575.501	686.38
575.712	650.38
575.923	664.38
576.134	671.38
576.345	681.38
576.556	698.38
576.767	709.38
576.978	684.38
577.188	664.38
577.399	627.38
577.61	603.38
577.821	644.38
578.032	644.38
578.243	711.38
578.454	1188.38
578.665	783.38
578.875	618.38
579.086	584.38
579.297	554.38
579.508	535.38
579.718	574.38
579.929	564.38
580.14	552.38
580.35	547.38
580.561	548.38
580.772	557.38
580.982	601.38
581.193	569.38
581.403	579.38
581.614	579.38
581.825	561.38
582.035	576.38
582.246	578.38
582.456	594.38
582.667	566.38
582.877	588.38
583.087	559.38
583.298	519.38
583.508	550.38
583.719	508.38
583.929	529.38
584.139	532.38
584.35	525.38
584.56	523.38
584.77	535.38
584.981	552.38
585.191	520.38
585.401	531.38
585.611	512.38
585.821	498.38
586.032	507.38
586.242	504.38
586.452	503.38
586.662	515.38
586.872	502.38
587.082	482.38
587.292	506.38
587.502	512.38
587.713	482.38
587.923	492.38
588.133	500.38
588.343	494.38
588.553	489.38
588.762	483.38
588.972	496.38
589.182	505.38
589.392	513.38
589.602	508.38
589.812	509.38
590.022	508.38
590.232	478.38
590.441	502.38
590.651	498.38
590.861	509.38
591.071	518.38
591.281	500.38
591.49	510.38
591.7	531.38
591.91	540.38
592.119	547.38
592.329	555.38
592.539	573.38
592.748	559.38
592.958	580.38
593.167	583.38
593.377	604.38
593.587	588.38
593.796	619.38
594.006	618.38
594.215	621.38
594.424	649.38
594.634	666.38
594.843	643.38
595.053	604.38
595.262	613.38
595.472	579.38
595.681	552.38
595.89	535.38
596.1	522.38
596.309	568.38
596.518	530.38
596.727	526.38
596.937	559.38
597.146	536.38
597.355	533.38
597.564	494.38
597.774	474.38
597.983	482.38
598.192	462.38
598.401	447.38
598.61	466.38
598.819	473.38
599.028	494.38
599.237	465.38
599.446	514.38
599.655	470.38
599.864	481.38
600.073	488.38
600.282	488.38
600.491	486.38
600.7	511.38
600.909	502.38
601.118	540.38
601.327	587.38
601.536	600.38
601.745	602.38
601.953	639.38
602.162	666.38
602.371	656.38
602.58	650.38
602.789	645.38
602.997	652.38
603.206	652.38
603.415	680.38
603.623	650.38
603.832	668.38
604.041	622.38
604.249	592.38
604.458	534.38
604.666	504.38
604.875	539.38
605.084	574.38
605.292	632.38
605.501	656.38
605.709	709.38
605.918	714.38
606.126	711.38
606.334	706.38
606.543	714.38
606.751	713.38
606.96	699.38
607.168	699.38
607.376	677.38
607.585	696.38
607.793	682.38
608.001	703.38
608.21	695.38
608.418	734.38
608.626	733.38
608.834	721.38
609.043	721.38
609.251	730.38
609.459	699.38
609.667	726.38
609.875	748.38
610.083	782.38
610.291	748.38
610.499	694.38
610.707	726.38
610.916	739.38
611.124	772.38
611.332	748.38
611.54	761.38
611.748	744.38
611.955	742.38
612.163	722.38
612.371	743.38
612.579	720.38
612.787	728.38
612.995	688.38
613.203	720.38
613.411	705.38
613.618	700.38
613.826	717.38
614.034	719.38
614.242	726.38
614.449	724.38
614.657	733.38
614.865	722.38
615.072	714.38
615.28	719.38
615.488	729.38
615.695	743.38
615.903	720.38
616.111	727.38
616.318	728.38
616.526	705.38
616.733	694.38
616.941	722.38
617.148	705.38
617.356	704.38
617.563	701.38
617.771	670.38
617.978	667.38
618.185	678.38
618.393	682.38
618.6	681.38
618.807	708.38
619.015	713.38
619.222	663.38
619.429	676.38
619.637	611.38
619.844	545.38
620.051	573.38
620.258	624.38
620.466	617.38
620.673	634.38
620.88	614.38
621.087	617.38
621.294	623.38
621.501	564.38
621.708	572.38
621.915	600.38
622.122	637.38
622.329	656.38
622.536	647.38
622.743	643.38
622.95	645.38
623.157	634.38
623.364	648.38
623.571	645.38
623.778	640.38
623.985	651.38
624.192	654.38
624.399	640.38
624.606	618.38
624.812	607.38
625.019	594.38
625.226	571.38
625.433	542.38
625.639	504.38
625.846	490.38
626.053	429.38
626.259	406.38
626.466	416.38
626.673	404.38
626.879	414.38
627.086	421.38
627.293	499.38
627.499	557.38
627.706	580.38
627.912	594.38
628.119	614.38
628.325	599.38
628.532	575.38
628.738	566.38
628.945	544.38
629.151	536.38
629.357	528.38
629.564	510.38
629.77	510.38
629.976	537.38
630.183	486.38
630.389	482.38
630.595	501.38
630.802	536.38
631.008	546.38
631.214	520.38
631.42	511.38
631.627	473.38
631.833	474.38
632.039	479.38
632.245	524.38
632.451	495.38
632.657	508.38
632.863	499.38
633.069	507.38
633.275	490.38
633.481	469.38
633.688	453.38
633.893	476.38
634.099	468.38
634.305	454.38
634.511	443.38
634.717	426.38
634.923	404.38
635.129	396.38
635.335	415.38
635.541	427.38
635.747	430.38
635.952	460.38
636.158	493.38
636.364	534.38
636.57	534.38
636.775	504.38
636.981	506.38
637.187	516.38
637.392	523.38
637.598	499.38
637.804	496.38
638.009	504.38
638.215	487.38
638.421	484.38
638.626	474.38
638.832	503.38
639.037	454.38
639.243	439.38
639.448	435.38
639.654	440.38
639.859	441.38
640.065	465.38
640.27	487.38
640.475	457.38
640.681	462.38
640.886	464.38
641.091	478.38
641.297	455.38
641.502	470.38
641.707	462.38
641.913	467.38
642.118	458.38
642.323	468.38
642.528	479.38
642.733	477.38
642.939	457.38
643.144	435.38
643.349	451.38
643.554	436.38
643.759	453.38
643.964	459.38
644.169	441.38
644.374	451.38
644.579	445.38
644.784	451.38
644.989	442.38
645.194	448.38
645.399	446.38
645.604	435.38
645.809	436.38
646.014	436.38
646.219	427.38
646.423	442.38
646.628	430.38
646.833	454.38
647.038	436.38
647.243	426.38
647.447	445.38
647.652	440.38
647.857	442.38
648.062	446.38
648.266	452.38
648.471	457.38
648.676	454.38
648.88	452.38
649.085	453.38
649.289	455.38
649.494	443.38
649.698	456.38
649.903	452.38
650.107	443.38
650.312	432.38
650.516	423.38
650.721	418.38
650.925	402.38
651.13	391.38
651.334	390.38
651.539	378.38
651.743	374.38
651.947	387.38
652.152	370.38
652.356	358.38
652.56	378.38
652.764	348.38
652.969	335.38
653.173	349.38
653.377	354.38
653.581	343.38
653.785	312.38
653.99	341.38
654.194	318.38
654.398	322.38
654.602	307.38
654.806	304.38
655.01	324.38
655.214	304.38
655.418	296.38
655.622	290.38
655.826	300.38
656.03	274.38
656.234	292.38
656.438	278.38
656.642	270.38
656.846	286.38
657.049	267.38
657.253	246.38
657.457	236.38
657.661	230.38
657.865	230.38
658.068	202.38
658.272	193.38
658.476	198.38
658.68	198.38
658.883	176.38
659.087	184.38
659.291	167.38
659.494	178.38
659.698	175.38
659.901	159.38
660.105	146.38
660.309	153.38
660.512	143.38
660.716	138.38
660.919	152.38
661.123	125.38
661.326	130.38
661.53	120.38
661.733	119.38
661.936	115.38
662.14	102.38
662.343	106.38
662.546	98.38
662.75	114.38
662.953	99.38
663.156	98.38
663.36	100.38
663.563	95.38
663.766	97.38
663.969	89.38
664.173	81.38
664.376	75.38
664.579	87.38
664.782	78.38
664.985	78.38
665.188	70.38
665.391	73.38
665.594	76.38
665.797	94.38
666	75.38
666.203	68.38
666.406	76.38
666.609	79.38
666.812	77.38
667.015	80.38
667.218	84.38
667.421	84.38
667.624	82.38
667.827	81.38
668.03	106.38
668.232	81.38
668.435	79.38
668.638	83.38
668.841	86.38
669.043	72.38
669.246	91.38
669.449	71.38
669.651	83.38
669.854	86.38
670.057	82.38
670.259	75.38
670.462	85.38
670.665	83.38
670.867	85.38
671.07	75.38
671.272	87.38
671.475	78.38
671.677	84.38
671.88	78.38
672.082	75.38
672.284	83.38
672.487	79.38
672.689	80.38
672.892	78.38
