223.165	-6
223.4	-6
223.635	-6
223.869	-18
224.104	-23
224.338	-13
224.573	5
224.808	0
225.042	-22
225.277	-14
225.511	0
225.746	5
225.98	-3
226.215	17
226.449	18
226.683	8
226.918	11
227.152	35
227.387	30
227.621	31
227.856	40
228.09	27
228.324	45
228.559	39
228.793	91
229.027	130
229.262	139
229.496	138
229.73	201
229.964	226
230.199	183
230.433	162
230.667	165
230.901	145
231.136	153
231.37	159
231.604	157
231.838	145
232.072	153
232.306	143
232.541	163
232.775	153
233.009	153
233.243	164
233.477	151
233.711	140
233.945	172
234.179	148
234.413	167
234.647	162
234.881	161
235.115	157
235.349	163
235.583	179
235.817	168
236.051	167
236.285	172
236.519	171
236.753	174
236.987	202
237.221	265
237.455	329
237.689	248
237.922	204
238.156	195
238.39	181
238.624	174
238.858	193
239.091	181
239.325	197
239.559	195
239.793	192
240.027	186
240.26	197
240.494	230
240.728	219
240.961	200
241.195	203
241.429	218
241.662	201
241.896	215
242.13	204
242.363	183
242.597	207
242.83	226
243.064	223
243.298	219
243.531	210
243.765	231
243.998	225
244.232	226
244.465	223
244.699	225
244.932	234
245.166	225
245.399	236
245.633	240
245.866	227
246.099	223
246.333	216
246.566	223
246.8	219
247.033	249
247.266	255
247.5	259
247.733	276
247.966	274
248.2	271
248.433	269
248.666	277
248.899	280
249.133	329
249.366	290
249.599	323
249.832	314
250.066	324
250.299	361
250.532	378
250.765	403
250.998	415
251.231	365
251.465	360
251.698	349
251.931	341
252.164	309
252.397	332
252.63	343
252.863	322
253.096	346
253.329	360
253.562	350
253.795	346
254.028	344
254.261	350
254.494	352
254.727	375
254.96	405
255.193	395
255.426	400
255.659	400
255.892	461
256.124	557
256.357	620
256.59	505
256.823	452
257.056	424
257.289	412
257.521	399
257.754	362
257.987	369
258.22	363
258.452	365
258.685	366
258.918	385
259.151	357
259.383	373
259.616	367
259.849	387
260.081	391
260.314	379
260.547	400
260.779	391
261.012	389
261.244	391
261.477	392
261.71	370
261.942	399
262.175	416
262.407	392
262.64	387
262.872	389
263.105	362
263.337	371
263.57	361
263.802	346
264.035	358
264.267	377
264.499	374
264.732	349
264.964	367
265.197	369
265.429	382
265.661	379
265.894	360
266.126	390
266.358	373
266.591	372
266.823	383
267.055	383
267.287	395
267.52	376
267.752	397
267.984	373
268.216	398
268.448	400
268.681	398
268.913	417
269.145	438
269.377	443
269.609	435
269.841	428
270.073	441
270.306	458
270.538	481
270.77	473
271.002	477
271.234	468
271.466	451
271.698	492
271.93	513
272.162	497
272.394	480
272.626	501
272.858	465
273.09	475
273.322	455
273.553	454
273.785	471
274.017	460
274.249	468
274.481	458
274.713	454
274.945	449
275.176	459
275.408	472
275.64	460
275.872	479
276.104	497
276.335	480
276.567	503
276.799	541
277.031	553
277.262	587
277.494	559
277.726	545
277.957	487
278.189	510
278.421	508
278.652	503
278.884	481
279.115	490
279.347	505
279.579	511
279.81	503
280.042	517
280.273	565
280.505	547
280.736	515
280.968	504
281.199	519
281.431	498
281.662	508
281.894	519
282.125	511
282.356	535
282.588	591
282.819	587
283.051	505
283.282	499
283.513	501
283.745	541
283.976	511
284.207	511
284.439	504
284.67	526
284.901	509
285.132	524
285.364	516
285.595	521
285.826	511
286.057	523
286.288	548
286.52	530
286.751	521
286.982	523
287.213	537
287.444	546
287.675	523
287.906	545
288.138	557
288.369	556
288.6	577
288.831	569
289.062	555
289.293	529
289.524	566
289.755	551
289.986	535
290.217	545
290.448	539
290.679	536
290.91	555
291.141	525
291.371	539
291.602	533
291.833	551
292.064	535
292.295	567
292.526	573
292.757	571
292.987	532
293.218	552
293.449	571
293.68	549
293.91	573
294.141	567
294.372	555
294.603	582
294.833	571
295.064	564
295.295	572
295.525	559
295.756	592
295.987	606
296.217	649
296.448	660
296.679	596
296.909	587
297.14	572
297.37	618
297.601	601
297.831	611
298.062	596
298.292	595
298.523	610
298.753	609
298.984	602
299.214	609
299.445	619
299.675	606
299.905	623
300.136	625
300.366	636
300.597	628
300.827	669
301.057	668
301.288	672
301.518	662
301.748	645
301.979	649
302.209	673
302.439	682
302.669	657
302.9	676
303.13	648
303.36	655
303.59	667
303.82	715
304.051	696
304.281	662
304.511	665
304.741	661
304.971	668
305.201	658
305.431	660
305.661	643
305.891	655
306.121	671
306.352	669
306.582	692
306.812	672
307.042	681
307.272	689
307.502	712
307.731	712
307.961	707
308.191	685
308.421	669
308.651	671
308.881	654
309.111	693
309.341	671
309.571	706
309.8	744
310.03	748
310.26	725
310.49	754
310.72	747
310.949	820
311.179	809
311.409	787
311.639	743
311.868	764
312.098	777
312.328	785
312.557	830
312.787	844
313.017	835
313.246	818
313.476	788
313.706	782
313.935	809
314.165	845
314.394	816
314.624	816
314.853	807
315.083	801
315.312	794
315.542	773
315.771	802
316.001	787
316.23	779
316.46	754
316.689	797
316.919	817
317.148	789
317.377	811
317.607	817
317.836	792
318.065	783
318.295	775
318.524	779
318.753	776
318.983	795
319.212	799
319.441	794
319.67	808
319.9	815
320.129	807
320.358	791
320.587	838
320.816	854
321.046	841
321.275	849
321.504	837
321.733	877
321.962	862
322.191	892
322.42	913
322.649	964
322.878	971
323.108	1004
323.337	1055
323.566	1083
323.795	1151
324.024	1240
324.253	1507
324.482	2148
324.71	3243
324.939	4479
325.168	3593
325.397	1971
325.626	1481
325.855	1256
326.084	1178
326.313	1162
326.542	1168
326.77	1275
326.999	1472
327.228	2023
327.457	3006
327.686	3521
327.914	2377
328.143	1827
328.372	1773
328.6	1656
328.829	1411
329.058	1404
329.287	1397
329.515	1385
329.744	1340
329.972	1537
330.201	1935
330.43	2257
330.658	2019
330.887	1628
331.115	1495
331.344	1283
331.572	1197
331.801	1257
332.03	1220
332.258	1188
332.486	1194
332.715	1206
332.943	1207
333.172	1294
333.4	1315
333.629	1400
333.857	1515
334.085	1696
334.314	2065
334.542	2675
334.771	2858
334.999	1939
335.227	1532
335.455	1311
335.684	1266
335.912	1208
336.14	1171
336.369	1171
336.597	1185
336.825	1130
337.053	1126
337.281	1088
337.51	1083
337.738	1059
337.966	1020
338.194	1079
338.422	1046
338.65	1029
338.878	1022
339.106	1014
339.334	1017
339.562	1016
339.79	1005
340.018	996
340.246	995
340.474	1008
340.702	988
340.93	996
341.158	973
341.386	984
341.614	988
341.842	963
342.07	946
342.298	967
342.526	954
342.754	946
342.981	948
343.209	950
343.437	981
343.665	991
343.893	1101
344.12	1137
344.348	1058
344.576	1027
344.804	1055
345.031	1006
345.259	1051
345.487	1005
345.714	985
345.942	952
346.17	967
346.397	963
346.625	962
346.853	925
347.08	927
347.308	955
347.535	961
347.763	987
347.99	1000
348.218	978
348.445	980
348.673	1012
348.9	979
349.128	952
349.355	919
349.583	923
349.81	941
350.037	911
350.265	936
350.492	921
350.72	937
350.947	951
351.174	955
351.402	967
351.629	985
351.856	962
352.083	987
352.311	1005
352.538	1000
352.765	976
352.992	974
353.22	940
353.447	947
353.674	944
353.901	899
354.128	920
354.355	921
354.583	917
354.81	903
355.037	927
355.264	928
355.491	909
355.718	919
355.945	912
356.172	907
356.399	962
356.626	916
356.853	901
357.08	917
357.307	904
357.534	885
357.761	901
357.988	915
358.215	910
358.441	935
358.668	929
358.895	954
359.122	924
359.349	940
359.576	980
359.802	1012
360.029	1089
360.256	1132
360.483	1097
360.709	972
360.936	983
361.163	1004
361.39	988
361.616	990
361.843	996
362.07	988
362.296	977
362.523	988
362.749	977
362.976	979
363.203	957
363.429	987
363.656	974
363.882	972
364.109	963
364.335	972
364.562	979
364.788	941
365.015	954
365.241	940
365.468	970
365.694	1001
365.92	1004
366.147	969
366.373	971
366.599	962
366.826	965
367.052	945
367.278	957
367.505	933
367.731	1007
367.957	971
368.184	987
368.41	982
368.636	1031
368.862	991
369.089	995
369.315	1017
369.541	985
369.767	991
369.993	998
370.219	997
370.445	1019
370.672	1009
370.898	1021
371.124	1009
371.35	999
371.576	1010
371.802	1033
372.028	1015
372.254	1007
372.48	1018
372.706	1053
372.932	1052
373.158	1050
373.384	1026
373.61	1025
373.835	1051
374.061	1041
374.287	1020
374.513	1079
374.739	1040
374.965	1131
375.191	1113
375.416	1105
375.642	1079
375.868	1058
376.094	1091
376.319	1055
376.545	1039
376.771	1032
376.997	1023
377.222	1041
377.448	1030
377.674	1022
377.899	1022
378.125	1008
378.35	1008
378.576	1043
378.802	1004
379.027	1046
379.253	1025
379.478	1018
379.704	1013
379.929	1032
380.155	1062
380.38	1042
380.606	1059
380.831	1037
381.057	1034
381.282	1056
381.507	1047
381.733	1041
381.958	1064
382.184	1058
382.409	1070
382.634	1076
382.86	1057
383.085	1129
383.31	1135
383.535	1124
383.761	1131
383.986	1161
384.211	1174
384.436	1160
384.662	1171
384.887	1196
385.112	1203
385.337	1248
385.562	1199
385.787	1206
386.013	1255
386.238	1258
386.463	1233
386.688	1241
386.913	1223
387.138	1224
387.363	1216
387.588	1167
387.813	1193
388.038	1217
388.263	1203
388.488	1227
388.713	1210
388.938	1252
389.163	1239
389.387	1208
389.612	1197
389.837	1212
390.062	1208
390.287	1237
390.512	1262
390.736	1223
390.961	1245
391.186	1291
391.411	1300
391.636	1335
391.86	1365
392.085	1403
392.31	1383
392.534	1322
392.759	1340
392.984	1317
393.208	1327
393.433	1326
393.658	1308
393.882	1293
394.107	1323
394.331	1307
394.556	1328
394.78	1313
395.005	1351
395.229	1332
395.454	1387
395.678	1417
395.903	1413
396.127	1393
396.352	1408
396.576	1361
396.801	1369
397.025	1380
397.249	1402
397.474	1419
397.698	1421
397.922	1451
398.147	1508
398.371	1454
398.595	1483
398.82	1550
399.044	1619
399.268	1744
399.492	1959
399.717	2162
399.941	2161
400.165	2043
400.389	1896
400.613	1751
400.837	1650
401.062	1646
401.286	1596
401.51	1591
401.734	1598
401.958	1634
402.182	1671
402.406	1713
402.63	1729
402.854	1697
403.078	1709
403.302	1731
403.526	1777
403.75	1807
403.974	1800
404.198	1834
404.422	1837
404.645	1849
404.869	1909
405.093	1986
405.317	2043
405.541	2090
405.765	2000
405.988	1876
406.212	1900
406.436	2000
406.66	2008
406.883	1923
407.107	2001
407.331	2053
407.555	2210
407.778	2209
408.002	2067
408.226	1953
408.449	1953
408.673	1876
408.896	1874
409.12	1973
409.344	1910
409.567	1839
409.791	1810
410.014	1773
410.238	1803
410.461	1789
410.685	1802
410.908	1807
411.132	1853
411.355	1854
411.578	1806
411.802	1794
412.025	1823
412.249	1897
412.472	1987
412.695	2058
412.919	1993
413.142	1904
413.365	1828
413.589	1827
413.812	1772
414.035	1729
414.258	1677
414.482	1663
414.705	1728
414.928	1741
415.151	1705
415.374	1676
415.597	1650
415.821	1659
416.044	1667
416.267	1671
416.49	1663
416.713	1672
416.936	1678
417.159	1665
417.382	1725
417.605	1776
417.828	1763
418.051	1759
418.274	1726
418.497	1744
418.72	1771
418.943	1748
419.166	1852
419.389	1932
419.611	1919
419.834	1914
420.057	1935
420.28	1941
420.503	1897
420.726	1877
420.948	1868
421.171	1871
421.394	1891
421.617	1815
421.839	1837
422.062	1808
422.285	1791
422.507	1891
422.73	1987
422.953	1917
423.175	1831
423.398	1851
423.621	1872
423.843	1920
424.066	1929
424.288	1926
424.511	1928
424.733	1970
424.956	2064
425.178	2034
425.401	2019
425.623	1988
425.846	1829
426.068	1814
426.291	1795
426.513	1751
426.735	1781
426.958	1841
427.18	1949
427.402	2140
427.625	2358
427.847	2191
428.069	2052
428.292	1906
428.514	1753
428.736	1707
428.958	1675
429.181	1650
429.403	1638
429.625	1636
429.847	1709
430.069	1775
430.292	1737
430.514	1621
430.736	1615
430.958	1586
431.18	1587
431.402	1601
431.624	1536
431.846	1481
432.068	1453
432.29	1463
432.512	1466
432.734	1608
432.956	1595
433.178	1623
433.4	1655
433.622	1648
433.844	1639
434.066	1545
434.287	1494
434.509	1490
434.731	1545
434.953	1651
435.175	1703
435.397	1738
435.618	1685
435.84	1692
436.062	1809
436.284	1981
436.505	1761
436.727	1713
436.949	1672
437.17	1623
437.392	1618
437.614	1609
437.835	1604
438.057	1801
438.278	1924
438.5	1975
438.721	2127
438.943	2046
439.165	1810
439.386	1748
439.608	1776
439.829	1817
440.05	1842
440.272	1907
440.493	1838
440.715	1796
440.936	1775
441.158	1736
441.379	1852
441.6	1905
441.822	1910
442.043	1969
442.264	2043
442.486	2080
442.707	1913
442.928	1878
443.149	1923
443.371	1929
443.592	1969
443.813	2113
444.034	2195
444.255	1999
444.476	2003
444.698	2024
444.919	2033
445.14	2137
445.361	2049
445.582	2019
445.803	2081
446.024	2172
446.245	2162
446.466	2059
446.687	1927
446.908	1888
447.129	1803
447.35	1775
447.571	1721
447.792	1658
448.013	1679
448.234	1719
448.455	1775
448.675	1956
448.896	2126
449.117	1829
449.338	1819
449.559	2016
449.779	2095
450	1843
450.221	1648
450.442	1648
450.662	1583
450.883	1634
451.104	1663
451.324	1639
451.545	1552
451.766	1509
451.986	1462
452.207	1483
452.428	1462
452.648	1457
452.869	1412
453.089	1392
453.31	1431
453.53	1384
453.751	1334
453.971	1349
454.192	1401
454.412	1423
454.633	1405
454.853	1404
455.073	1391
455.294	1449
455.514	1516
455.734	1503
455.955	1327
456.175	1310
456.395	1263
456.616	1255
456.836	1283
457.056	1251
457.276	1249
457.497	1261
457.717	1243
457.937	1284
458.157	1280
458.377	1298
458.598	1313
458.818	1451
459.038	1634
459.258	1581
459.478	1441
459.698	1411
459.918	1427
460.138	1480
460.358	1576
460.578	1586
460.798	1632
461.018	1650
461.238	1611
461.458	1595
461.678	1601
461.898	1608
462.118	1579
462.338	1681
462.558	1723
462.777	1739
462.997	1855
463.217	1970
463.437	1926
463.657	1823
463.876	1787
464.096	1762
464.316	1799
464.536	1789
464.755	1795
464.975	1761
465.195	1885
465.414	2005
465.634	1711
465.854	1616
466.073	1553
466.293	1540
466.512	1541
466.732	1535
466.951	1579
467.171	1519
467.391	1554
467.61	1632
467.829	1611
468.049	1785
468.268	2051
468.488	1749
468.707	1636
468.927	1617
469.146	1545
469.365	1562
469.585	1573
469.804	1593
470.023	1700
470.243	1673
470.462	1707
470.681	1739
470.901	1720
471.12	1629
471.339	1614
471.558	1613
471.777	1643
471.997	1640
472.216	1917
472.435	2839
472.654	2270
472.873	1699
473.092	1586
473.311	1569
473.53	1572
473.749	1565
473.968	1620
474.187	1684
474.406	1687
474.625	1583
474.844	1540
475.063	1523
475.282	1479
475.501	1469
475.72	1455
475.939	1478
476.158	1507
476.377	1543
476.596	1483
476.814	1435
477.033	1459
477.252	1511
477.471	1568
477.69	1626
477.908	1715
478.127	1727
478.346	1712
478.564	1743
478.783	1772
479.002	1833
479.22	1822
479.439	1792
479.658	1804
479.876	1760
480.095	1775
480.313	1869
480.532	1917
480.751	1923
480.969	2071
481.188	3544
481.406	4266
481.624	2478
481.843	2012
482.061	1905
482.28	1785
482.498	1783
482.717	1680
482.935	1756
483.153	1809
483.372	1883
483.59	1868
483.808	1801
484.027	1723
484.245	1743
484.463	1831
484.681	1836
484.9	1811
485.118	1828
485.336	1767
485.554	1683
485.772	1632
485.99	1690
486.209	1674
486.427	1721
486.645	1807
486.863	1907
487.081	1905
487.299	1829
487.517	1860
487.735	2013
487.953	2154
488.171	2125
488.389	2030
488.607	1996
488.825	1855
489.043	1777
489.261	1803
489.479	1889
489.696	1924
489.914	1913
490.132	2019
490.35	2086
490.568	2167
490.786	2290
491.003	2353
491.221	2372
491.439	2485
491.657	2532
491.874	2642
492.092	2816
492.31	2904
492.527	2866
492.745	2743
492.963	2683
493.18	2625
493.398	2587
493.615	2571
493.833	2556
494.05	2508
494.268	2493
494.485	2447
494.703	2475
494.92	2468
495.138	2430
495.355	2420
495.573	2396
495.79	2399
496.008	2421
496.225	2360
496.442	2364
496.66	2361
496.877	2316
497.094	2322
497.312	2340
497.529	2347
497.746	2309
497.963	2267
498.181	2266
498.398	2234
498.615	2348
498.832	2459
499.049	2587
499.267	2719
499.484	2929
499.701	3095
499.918	3365
500.135	3742
500.352	4105
500.569	4255
500.786	4206
501.003	4010
501.22	3652
501.437	3351
501.654	3089
501.871	2943
502.088	2779
502.305	2573
502.522	2536
502.739	2404
502.956	2332
503.172	2208
503.389	2167
503.606	2156
503.823	2120
504.04	2072
504.256	2078
504.473	2119
504.69	2121
504.907	2063
505.123	1964
505.34	1918
505.557	1857
505.773	1801
505.99	1814
506.207	1793
506.423	1772
506.64	1760
506.856	1779
507.073	1744
507.289	1705
507.506	1727
507.722	1795
507.939	1811
508.155	1691
508.372	1679
508.588	1611
508.805	1610
509.021	1585
509.238	1632
509.454	1597
509.67	1572
509.887	1575
510.103	1561
510.319	1613
510.536	1904
510.752	3787
510.968	2603
511.184	1628
511.401	1552
511.617	1505
511.833	1556
512.049	1586
512.265	1577
512.481	1597
512.698	1562
512.914	1515
513.13	1507
513.346	1510
513.562	1491
513.778	1477
513.994	1548
514.21	1580
514.426	1645
514.642	1722
514.858	1807
515.074	1911
515.29	2403
515.506	3985
515.721	2908
515.937	1872
516.153	1733
516.369	1675
516.585	1635
516.801	1644
517.016	1679
517.232	1723
517.448	1800
517.664	1817
517.879	1833
518.095	1832
518.311	1803
518.527	1807
518.742	1728
518.958	1667
519.173	1660
519.389	1669
519.605	1643
519.82	1649
520.036	1673
520.251	1717
520.467	1715
520.682	1688
520.898	1662
521.113	1747
521.329	1815
521.544	2067
521.76	2784
521.975	5313
522.19	4843
522.406	2360
522.621	1797
522.836	1613
523.052	1604
523.267	1538
523.482	1504
523.698	1474
523.913	1493
524.128	1517
524.343	1485
524.559	1473
524.774	1444
524.989	1448
525.204	1476
525.419	1453
525.634	1407
525.849	1352
526.064	1301
526.28	1281
526.495	1268
526.71	1213
526.925	1178
527.14	1203
527.355	1204
527.57	1217
527.785	1230
527.999	1230
528.214	1263
528.429	1332
528.644	1408
528.859	1449
529.074	1544
529.289	1657
529.503	1835
529.718	1647
529.933	1407
530.148	1307
530.363	1242
530.577	1202
530.792	1198
531.007	1173
531.221	1181
531.436	1180
531.651	1160
531.865	1163
532.08	1149
532.295	1210
532.509	1160
532.724	1173
532.938	1182
533.153	1213
533.367	1293
533.582	1297
533.796	1308
534.011	1265
534.225	1179
534.44	1161
534.654	1152
534.868	1165
535.083	1203
535.297	1157
535.511	1183
535.726	1237
535.94	1219
536.154	1174
536.369	1146
536.583	1121
536.797	1114
537.011	1092
537.225	1083
537.44	1105
537.654	1134
537.868	1103
538.082	1108
538.296	1106
538.51	1124
538.724	1202
538.938	1227
539.153	1303
539.367	1295
539.581	1261
539.795	1139
540.009	1129
540.222	1097
540.436	1146
540.65	1201
540.864	1321
541.078	1394
541.292	1489
541.506	1573
541.72	1660
541.934	1716
542.147	1801
542.361	1711
542.575	1587
542.789	1444
543.002	1332
543.216	1271
543.43	1321
543.644	1333
543.857	1440
544.071	1493
544.285	1584
544.498	1581
544.712	1578
544.925	1618
545.139	1585
545.352	1591
545.566	1636
545.779	1661
545.993	1659
546.206	1690
546.42	1713
546.633	1675
546.847	1677
547.06	1665
547.274	1687
547.487	1756
547.7	1712
547.914	1699
548.127	1670
548.34	1645
548.554	1628
548.767	1598
548.98	1653
549.193	1620
549.407	1573
549.62	1612
549.833	1617
550.046	1616
550.259	1562
550.473	1550
550.686	1533
550.899	1533
551.112	1501
551.325	1451
551.538	1373
551.751	1255
551.964	1239
552.177	1349
552.39	1392
552.603	1475
552.816	1564
553.029	1608
553.242	1631
553.455	1671
553.667	1719
553.88	1720
554.093	1618
554.306	1584
554.519	1534
554.732	1530
554.944	1490
555.157	1467
555.37	1417
555.583	1409
555.795	1410
556.008	1329
556.221	1279
556.433	1335
556.646	1323
556.859	1286
557.071	1353
557.284	1338
557.496	1321
557.709	1359
557.921	1344
558.134	1326
558.346	1287
558.559	1304
558.771	1285
558.984	1259
559.196	1233
559.409	1197
559.621	1171
559.833	1179
560.046	1157
560.258	1197
560.47	1203
560.683	1197
560.895	1215
561.107	1210
561.32	1174
561.532	1185
561.744	1206
561.956	1195
562.168	1216
562.381	1168
562.593	1171
562.805	1177
563.017	1166
563.229	1158
563.441	1168
563.653	1159
563.865	1137
564.077	1129
564.289	1131
564.501	1129
564.713	1143
564.925	1118
565.137	1173
565.349	1185
565.561	1168
565.773	1204
565.985	1230
566.197	1258
566.408	1364
566.62	1377
566.832	1536
567.044	1506
567.255	1463
567.467	1477
567.679	1465
567.891	1535
568.102	1531
568.314	1399
568.526	1235
568.737	1147
568.949	1075
569.161	1003
569.372	949
569.584	908
569.795	880
570.007	860
570.218	1019
570.43	954
570.641	882
570.853	922
571.064	926
571.276	931
571.487	906
571.698	907
571.91	910
572.121	866
572.333	843
572.544	811
572.755	767
572.966	731
573.178	730
573.389	686
573.6	686
573.811	682
574.023	684
574.234	665
574.445	698
574.656	719
574.867	718
575.078	724
575.289	739
575.501	756
575.712	701
575.923	703
576.134	716
576.345	729
576.556	731
576.767	756
576.978	732
577.188	723
577.399	685
577.61	640
577.821	704
578.032	709
578.243	796
578.454	1419
578.665	930
578.875	678
579.086	634
579.297	611
579.508	596
579.718	607
579.929	595
580.14	595
580.35	592
580.561	613
580.772	606
580.982	625
581.193	631
581.403	612
581.614	617
581.825	629
582.035	592
582.246	615
582.456	615
582.667	610
582.877	610
583.087	577
583.298	575
583.508	571
583.719	574
583.929	555
584.139	578
584.35	567
584.56	573
584.77	570
584.981	565
585.191	593
585.401	550
585.611	565
585.821	584
586.032	545
586.242	557
586.452	546
586.662	557
586.872	527
587.082	540
587.292	538
587.502	553
587.713	537
587.923	535
588.133	517
588.343	547
588.553	542
588.762	540
588.972	534
589.182	543
589.392	532
589.602	555
589.812	555
590.022	522
590.232	539
590.441	538
590.651	548
590.861	525
591.071	545
591.281	536
591.49	547
591.7	555
591.91	585
592.119	583
592.329	579
592.539	603
592.748	604
592.958	639
593.167	635
593.377	617
593.587	632
593.796	637
594.006	645
594.215	662
594.424	672
594.634	686
594.843	668
595.053	639
595.262	627
595.472	598
595.681	599
595.89	565
596.1	574
596.309	586
596.518	580
596.727	597
596.937	612
597.146	585
597.355	559
597.564	561
597.774	528
597.983	516
598.192	504
598.401	509
598.61	490
598.819	537
599.028	535
599.237	536
599.446	537
599.655	509
599.864	512
600.073	516
600.282	515
600.491	527
600.7	523
600.909	541
601.118	597
601.327	592
601.536	627
601.745	679
601.953	666
602.162	683
602.371	675
602.58	691
602.789	665
602.997	689
603.206	703
603.415	708
603.623	687
603.832	668
604.041	681
604.249	600
604.458	557
604.666	557
604.875	558
605.084	577
605.292	645
605.501	696
605.709	685
605.918	743
606.126	727
606.334	724
606.543	736
606.751	749
606.96	726
607.168	744
607.376	716
607.585	714
607.793	700
608.001	738
608.21	746
608.418	736
608.626	766
608.834	750
609.043	759
609.251	722
609.459	743
609.667	773
609.875	783
610.083	796
610.291	767
610.499	760
610.707	735
610.916	754
611.124	772
611.332	766
611.54	750
611.748	791
611.955	752
612.163	743
612.371	750
612.579	756
612.787	764
612.995	742
613.203	755
613.411	740
613.618	715
613.826	753
614.034	755
614.242	728
614.449	733
614.657	719
614.865	757
615.072	735
615.28	758
615.488	734
615.695	761
615.903	731
616.111	735
616.318	735
616.526	748
616.733	777
616.941	756
617.148	749
617.356	716
617.563	706
617.771	673
617.978	663
618.185	700
618.393	738
618.6	749
618.807	729
619.015	719
619.222	706
619.429	671
619.637	647
619.844	594
620.051	595
620.258	665
620.466	663
620.673	666
620.88	634
621.087	654
621.294	635
621.501	590
621.708	577
621.915	627
622.122	643
622.329	662
622.536	684
622.743	689
622.95	663
623.157	635
623.364	665
623.571	665
623.778	679
623.985	656
624.192	668
624.399	637
624.606	652
624.812	620
625.019	595
625.226	573
625.433	573
625.639	515
625.846	473
626.053	471
626.259	431
626.466	431
626.673	431
626.879	426
627.086	466
627.293	525
627.499	557
627.706	596
627.912	624
628.119	643
628.325	610
628.532	612
628.738	600
628.945	586
629.151	568
629.357	541
629.564	544
629.77	553
629.976	541
630.183	507
630.389	510
630.595	555
630.802	569
631.008	569
631.214	558
631.42	535
631.627	493
631.833	469
632.039	511
632.245	531
632.451	498
632.657	530
632.863	521
633.069	527
633.275	502
633.481	481
633.688	494
633.893	495
634.099	504
634.305	492
634.511	471
634.717	453
634.923	414
635.129	413
635.335	434
635.541	453
635.747	458
635.952	491
636.158	515
636.364	573
636.57	622
636.775	570
636.981	563
637.187	552
637.392	546
637.598	546
637.804	530
638.009	523
638.215	524
638.421	510
638.626	523
638.832	511
639.037	484
639.243	462
639.448	467
639.654	448
639.859	461
640.065	467
640.27	458
640.475	480
640.681	474
640.886	499
641.091	482
641.297	471
641.502	493
641.707	490
641.913	469
642.118	473
642.323	478
642.528	482
642.733	460
642.939	469
643.144	455
643.349	443
643.554	453
643.759	437
643.964	432
644.169	460
644.374	435
644.579	437
644.784	457
644.989	472
645.194	462
645.399	460
645.604	461
645.809	479
646.014	439
646.219	434
646.423	459
646.628	453
646.833	443
647.038	456
647.243	450
647.447	463
647.652	471
647.857	471
648.062	448
648.266	460
648.471	471
648.676	475
648.88	471
649.085	449
649.289	448
649.494	467
649.698	463
649.903	483
650.107	461
650.312	418
650.516	402
650.721	409
650.925	404
651.13	400
651.334	398
651.539	384
651.743	386
651.947	393
652.152	405
652.356	362
652.56	352
652.764	383
652.969	364
653.173	320
653.377	340
653.581	329
653.785	325
653.99	325
654.194	332
654.398	311
654.602	321
654.806	314
655.01	323
655.214	322
655.418	292
655.622	275
655.826	286
656.03	287
656.234	261
656.438	301
656.642	292
656.846	267
657.049	239
657.253	244
657.457	238
657.661	215
657.865	215
658.068	205
658.272	216
658.476	190
658.68	186
658.883	195
659.087	187
659.291	193
659.494	162
659.698	188
659.901	159
660.105	171
660.309	149
660.512	163
660.716	145
660.919	158
661.123	144
661.326	130
661.53	115
661.733	114
661.936	105
662.14	105
662.343	111
662.546	102
662.75	105
662.953	108
663.156	91
663.36	88
663.563	79
663.766	85
663.969	84
664.173	82
664.376	95
664.579	80
664.782	83
664.985	90
665.188	79
665.391	90
665.594	91
665.797	91
666	78
666.203	74
666.406	83
666.609	78
666.812	79
667.015	68
667.218	72
667.421	75
667.624	88
667.827	89
668.03	75
668.232	71
668.435	73
668.638	75
668.841	76
669.043	77
669.246	74
669.449	70
669.651	87
669.854	77
670.057	89
670.259	86
670.462	79
670.665	59
670.867	83
671.07	79
671.272	85
671.475	75
671.677	85
671.88	75
672.082	80
672.284	83
672.487	69
672.689	83
672.892	84
