223.165	-20.94
223.4	-20.94
223.635	-20.94
223.869	-18.94
224.104	-16.94
224.338	-9.94
224.573	-21.94
224.808	-14.94
225.042	-3.94
225.277	-3.94
225.511	-4.94
225.746	0.06
225.98	11.06
226.215	16.06
226.449	3.06
226.683	28.06
226.918	28.06
227.152	30.06
227.387	40.06
227.621	44.06
227.856	36.06
228.09	48.06
228.324	49.06
228.559	46.06
228.793	72.06
229.027	132.06
229.262	142.06
229.496	157.06
229.73	188.06
229.964	208.06
230.199	172.06
230.433	138.06
230.667	138.06
230.901	132.06
231.136	143.06
231.37	141.06
231.604	129.06
231.838	134.06
232.072	172.06
232.306	165.06
232.541	147.06
232.775	147.06
233.009	155.06
233.243	153.06
233.477	141.06
233.711	144.06
233.945	160.06
234.179	156.06
234.413	158.06
234.647	168.06
234.881	153.06
235.115	149.06
235.349	155.06
235.583	170.06
235.817	160.06
236.051	170.06
236.285	167.06
236.519	173.06
236.753	185.06
236.987	197.06
237.221	251.06
237.455	298.06
237.689	227.06
237.922	190.06
238.156	181.06
238.39	159.06
238.624	165.06
238.858	171.06
239.091	174.06
239.325	164.06
239.559	168.06
239.793	183.06
240.027	178.06
240.26	197.06
240.494	210.06
240.728	206.06
240.961	213.06
241.195	184.06
241.429	186.06
241.662	220.06
241.896	196.06
242.13	185.06
242.363	158.06
242.597	191.06
242.83	180.06
243.064	185.06
243.298	209.06
243.531	202.06
243.765	194.06
243.998	195.06
244.232	204.06
244.465	211.06
244.699	210.06
244.932	198.06
245.166	218.06
245.399	216.06
245.633	217.06
245.866	227.06
246.099	236.06
246.333	213.06
246.566	210.06
246.8	224.06
247.033	214.06
247.266	227.06
247.5	227.06
247.733	228.06
247.966	257.06
248.2	233.06
248.433	239.06
248.666	259.06
248.899	248.06
249.133	259.06
249.366	294.06
249.599	301.06
249.832	258.06
250.066	269.06
250.299	298.06
250.532	331.06
250.765	357.06
250.998	334.06
251.231	325.06
251.465	302.06
251.698	291.06
251.931	304.06
252.164	292.06
252.397	284.06
252.63	310.06
252.863	294.06
253.096	308.06
253.329	314.06
253.562	319.06
253.795	310.06
254.028	314.06
254.261	305.06
254.494	329.06
254.727	333.06
254.96	355.06
255.193	366.06
255.426	346.06
255.659	355.06
255.892	408.06
256.124	432.06
256.357	443.06
256.59	382.06
256.823	344.06
257.056	332.06
257.289	352.06
257.521	355.06
257.754	331.06
257.987	331.06
258.22	330.06
258.452	334.06
258.685	315.06
258.918	319.06
259.151	317.06
259.383	324.06
259.616	336.06
259.849	324.06
260.081	324.06
260.314	362.06
260.547	357.06
260.779	359.06
261.012	336.06
261.244	354.06
261.477	339.06
261.71	337.06
261.942	334.06
262.175	369.06
262.407	356.06
262.64	326.06
262.872	332.06
263.105	320.06
263.337	326.06
263.57	323.06
263.802	315.06
264.035	339.06
264.267	323.06
264.499	320.06
264.732	325.06
264.964	350.06
265.197	354.06
265.429	313.06
265.661	325.06
265.894	338.06
266.126	347.06
266.358	345.06
266.591	347.06
266.823	351.06
267.055	356.06
267.287	381.06
267.52	344.06
267.752	371.06
267.984	384.06
268.216	347.06
268.448	356.06
268.681	366.06
268.913	384.06
269.145	373.06
269.377	409.06
269.609	414.06
269.841	410.06
270.073	412.06
270.306	425.06
270.538	428.06
270.77	442.06
271.002	421.06
271.234	413.06
271.466	437.06
271.698	440.06
271.93	454.06
272.162	455.06
272.394	454.06
272.626	445.06
272.858	437.06
273.09	436.06
273.322	429.06
273.553	428.06
273.785	406.06
274.017	418.06
274.249	430.06
274.481	414.06
274.713	415.06
274.945	437.06
275.176	421.06
275.408	418.06
275.64	429.06
275.872	424.06
276.104	442.06
276.335	427.06
276.567	452.06
276.799	479.06
277.031	495.06
277.262	506.06
277.494	512.06
277.726	461.06
277.957	454.06
278.189	459.06
278.421	442.06
278.652	455.06
278.884	429.06
279.115	430.06
279.347	446.06
279.579	444.06
279.81	452.06
280.042	456.06
280.273	474.06
280.505	446.06
280.736	457.06
280.968	453.06
281.199	427.06
281.431	448.06
281.662	446.06
281.894	422.06
282.125	454.06
282.356	491.06
282.588	515.06
282.819	524.06
283.051	474.06
283.282	471.06
283.513	447.06
283.745	453.06
283.976	483.06
284.207	467.06
284.439	472.06
284.67	456.06
284.901	453.06
285.132	467.06
285.364	455.06
285.595	458.06
285.826	452.06
286.057	465.06
286.288	490.06
286.52	481.06
286.751	468.06
286.982	492.06
287.213	495.06
287.444	495.06
287.675	499.06
287.906	499.06
288.138	517.06
288.369	492.06
288.6	507.06
288.831	531.06
289.062	486.06
289.293	504.06
289.524	486.06
289.755	503.06
289.986	486.06
290.217	508.06
290.448	494.06
290.679	513.06
290.91	488.06
291.141	490.06
291.371	510.06
291.602	522.06
291.833	515.06
292.064	492.06
292.295	490.06
292.526	507.06
292.757	521.06
292.987	494.06
293.218	514.06
293.449	516.06
293.68	535.06
293.91	516.06
294.141	507.06
294.372	508.06
294.603	509.06
294.833	501.06
295.064	528.06
295.295	518.06
295.525	528.06
295.756	537.06
295.987	543.06
296.217	574.06
296.448	583.06
296.679	574.06
296.909	534.06
297.14	539.06
297.37	544.06
297.601	565.06
297.831	528.06
298.062	569.06
298.292	554.06
298.523	519.06
298.753	559.06
298.984	566.06
299.214	537.06
299.445	562.06
299.675	565.06
299.905	589.06
300.136	566.06
300.366	570.06
300.597	579.06
300.827	598.06
301.057	587.06
301.288	622.06
301.518	588.06
301.748	575.06
301.979	607.06
302.209	592.06
302.439	605.06
302.669	590.06
302.9	608.06
303.13	625.06
303.36	594.06
303.59	625.06
303.82	614.06
304.051	598.06
304.281	583.06
304.511	602.06
304.741	601.06
304.971	612.06
305.201	619.06
305.431	610.06
305.661	585.06
305.891	594.06
306.121	596.06
306.352	618.06
306.582	611.06
306.812	582.06
307.042	597.06
307.272	609.06
307.502	611.06
307.731	628.06
307.961	615.06
308.191	616.06
308.421	601.06
308.651	606.06
308.881	619.06
309.111	626.06
309.341	627.06
309.571	661.06
309.8	637.06
310.03	658.06
310.26	664.06
310.49	659.06
310.72	674.06
310.949	722.06
311.179	690.06
311.409	694.06
311.639	671.06
311.868	684.06
312.098	707.06
312.328	691.06
312.557	719.06
312.787	739.06
313.017	737.06
313.246	690.06
313.476	696.06
313.706	712.06
313.935	730.06
314.165	728.06
314.394	720.06
314.624	728.06
314.853	733.06
315.083	729.06
315.312	714.06
315.542	706.06
315.771	692.06
316.001	663.06
316.23	701.06
316.46	700.06
316.689	709.06
316.919	702.06
317.148	718.06
317.377	719.06
317.607	710.06
317.836	697.06
318.065	721.06
318.295	708.06
318.524	689.06
318.753	705.06
318.983	722.06
319.212	716.06
319.441	724.06
319.67	736.06
319.9	733.06
320.129	698.06
320.358	721.06
320.587	723.06
320.816	735.06
321.046	761.06
321.275	763.06
321.504	761.06
321.733	749.06
321.962	788.06
322.191	792.06
322.42	788.06
322.649	844.06
322.878	849.06
323.108	851.06
323.337	895.06
323.566	925.06
323.795	1023.06
324.024	1092.06
324.253	1274.06
324.482	1748.06
324.71	2668.06
324.939	3800.06
325.168	3012.06
325.397	1651.06
325.626	1234.06
325.855	1121.06
326.084	1004.06
326.313	1029.06
326.542	1034.06
326.77	1093.06
326.999	1252.06
327.228	1749.06
327.457	2535.06
327.686	2896.06
327.914	1948.06
328.143	1476.06
328.372	1377.06
328.6	1247.06
328.829	1118.06
329.058	1164.06
329.287	1194.06
329.515	1120.06
329.744	1075.06
329.972	1168.06
330.201	1403.06
330.43	1604.06
330.658	1498.06
330.887	1282.06
331.115	1181.06
331.344	1068.06
331.572	1034.06
331.801	1028.06
332.03	1031.06
332.258	1020.06
332.486	1015.06
332.715	1019.06
332.943	1056.06
333.172	1070.06
333.4	1116.06
333.629	1159.06
333.857	1208.06
334.085	1334.06
334.314	1523.06
334.542	1836.06
334.771	1966.06
334.999	1451.06
335.227	1180.06
335.455	1120.06
335.684	1068.06
335.912	1056.06
336.14	1020.06
336.369	966.06
336.597	1000.06
336.825	1014.06
337.053	988.06
337.281	994.06
337.51	936.06
337.738	955.06
337.966	925.06
338.194	928.06
338.422	899.06
338.65	899.06
338.878	910.06
339.106	938.06
339.334	870.06
339.562	913.06
339.79	884.06
340.018	872.06
340.246	894.06
340.474	899.06
340.702	886.06
340.93	886.06
341.158	885.06
341.386	884.06
341.614	892.06
341.842	879.06
342.07	868.06
342.298	858.06
342.526	865.06
342.754	878.06
342.981	856.06
343.209	835.06
343.437	908.06
343.665	927.06
343.893	1000.06
344.12	995.06
344.348	989.06
344.576	948.06
344.804	932.06
345.031	928.06
345.259	932.06
345.487	920.06
345.714	881.06
345.942	847.06
346.17	844.06
346.397	872.06
346.625	869.06
346.853	877.06
347.08	847.06
347.308	850.06
347.535	882.06
347.763	892.06
347.99	861.06
348.218	884.06
348.445	886.06
348.673	893.06
348.9	867.06
349.128	853.06
349.355	849.06
349.583	853.06
349.81	843.06
350.037	840.06
350.265	841.06
350.492	853.06
350.72	826.06
350.947	863.06
351.174	868.06
351.402	884.06
351.629	846.06
351.856	834.06
352.083	865.06
352.311	878.06
352.538	903.06
352.765	888.06
352.992	869.06
353.22	877.06
353.447	842.06
353.674	824.06
353.901	829.06
354.128	818.06
354.355	811.06
354.583	835.06
354.81	829.06
355.037	832.06
355.264	829.06
355.491	839.06
355.718	805.06
355.945	825.06
356.172	837.06
356.399	830.06
356.626	818.06
356.853	826.06
357.08	815.06
357.307	838.06
357.534	811.06
357.761	840.06
357.988	836.06
358.215	830.06
358.441	857.06
358.668	844.06
358.895	852.06
359.122	824.06
359.349	854.06
359.576	889.06
359.802	929.06
360.029	975.06
360.256	949.06
360.483	932.06
360.709	909.06
360.936	876.06
361.163	912.06
361.39	898.06
361.616	885.06
361.843	877.06
362.07	913.06
362.296	901.06
362.523	903.06
362.749	888.06
362.976	877.06
363.203	890.06
363.429	859.06
363.656	900.06
363.882	869.06
364.109	857.06
364.335	849.06
364.562	841.06
364.788	870.06
365.015	894.06
365.241	882.06
365.468	881.06
365.694	894.06
365.92	870.06
366.147	906.06
366.373	860.06
366.599	870.06
366.826	885.06
367.052	866.06
367.278	866.06
367.505	890.06
367.731	890.06
367.957	859.06
368.184	909.06
368.41	900.06
368.636	918.06
368.862	909.06
369.089	900.06
369.315	918.06
369.541	917.06
369.767	894.06
369.993	916.06
370.219	916.06
370.445	894.06
370.672	869.06
370.898	906.06
371.124	928.06
371.35	936.06
371.576	918.06
371.802	954.06
372.028	935.06
372.254	949.06
372.48	949.06
372.706	958.06
372.932	957.06
373.158	984.06
373.384	942.06
373.61	963.06
373.835	926.06
374.061	978.06
374.287	960.06
374.513	988.06
374.739	965.06
374.965	1018.06
375.191	1024.06
375.416	1009.06
375.642	1003.06
375.868	991.06
376.094	944.06
376.319	946.06
376.545	969.06
376.771	940.06
376.997	944.06
377.222	983.06
377.448	927.06
377.674	953.06
377.899	942.06
378.125	917.06
378.35	916.06
378.576	928.06
378.802	928.06
379.027	927.06
379.253	955.06
379.478	926.06
379.704	955.06
379.929	958.06
380.155	944.06
380.38	940.06
380.606	936.06
380.831	973.06
381.057	964.06
381.282	984.06
381.507	945.06
381.733	953.06
381.958	983.06
382.184	990.06
382.409	1017.06
382.634	1021.06
382.86	1034.06
383.085	1018.06
383.31	1005.06
383.535	1029.06
383.761	1044.06
383.986	1058.06
384.211	1087.06
384.436	1092.06
384.662	1104.06
384.887	1125.06
385.112	1086.06
385.337	1082.06
385.562	1132.06
385.787	1121.06
386.013	1150.06
386.238	1157.06
386.463	1132.06
386.688	1134.06
386.913	1122.06
387.138	1156.06
387.363	1136.06
387.588	1137.06
387.813	1123.06
388.038	1116.06
388.263	1152.06
388.488	1130.06
388.713	1119.06
388.938	1136.06
389.163	1139.06
389.387	1130.06
389.612	1128.06
389.837	1124.06
390.062	1112.06
390.287	1145.06
390.512	1130.06
390.736	1162.06
390.961	1180.06
391.186	1196.06
391.411	1199.06
391.636	1253.06
391.86	1285.06
392.085	1299.06
392.31	1252.06
392.534	1241.06
392.759	1220.06
392.984	1192.06
393.208	1221.06
393.433	1219.06
393.658	1200.06
393.882	1206.06
394.107	1236.06
394.331	1233.06
394.556	1238.06
394.78	1243.06
395.005	1247.06
395.229	1228.06
395.454	1306.06
395.678	1306.06
395.903	1308.06
396.127	1303.06
396.352	1291.06
396.576	1251.06
396.801	1244.06
397.025	1276.06
397.249	1297.06
397.474	1302.06
397.698	1325.06
397.922	1338.06
398.147	1365.06
398.371	1400.06
398.595	1386.06
398.82	1452.06
399.044	1490.06
399.268	1646.06
399.492	1871.06
399.717	2000.06
399.941	1999.06
400.165	1912.06
400.389	1823.06
400.613	1662.06
400.837	1569.06
401.062	1541.06
401.286	1514.06
401.51	1519.06
401.734	1495.06
401.958	1504.06
402.182	1523.06
402.406	1564.06
402.63	1580.06
402.854	1569.06
403.078	1619.06
403.302	1619.06
403.526	1643.06
403.75	1610.06
403.974	1709.06
404.198	1664.06
404.422	1714.06
404.645	1705.06
404.869	1689.06
405.093	1781.06
405.317	1867.06
405.541	1898.06
405.765	1817.06
405.988	1716.06
406.212	1725.06
406.436	1759.06
406.66	1807.06
406.883	1785.06
407.107	1876.06
407.331	1947.06
407.555	2061.06
407.778	2068.06
408.002	1900.06
408.226	1842.06
408.449	1790.06
408.673	1797.06
408.896	1799.06
409.12	1838.06
409.344	1794.06
409.567	1660.06
409.791	1664.06
410.014	1707.06
410.238	1651.06
410.461	1668.06
410.685	1683.06
410.908	1686.06
411.132	1697.06
411.355	1702.06
411.578	1674.06
411.802	1643.06
412.025	1602.06
412.249	1668.06
412.472	1784.06
412.695	1836.06
412.919	1807.06
413.142	1664.06
413.365	1645.06
413.589	1606.06
413.812	1546.06
414.035	1577.06
414.258	1556.06
414.482	1612.06
414.705	1602.06
414.928	1568.06
415.151	1562.06
415.374	1553.06
415.597	1577.06
415.821	1558.06
416.044	1550.06
416.267	1544.06
416.49	1568.06
416.713	1566.06
416.936	1564.06
417.159	1549.06
417.382	1564.06
417.605	1581.06
417.828	1601.06
418.051	1622.06
418.274	1624.06
418.497	1571.06
418.72	1607.06
418.943	1633.06
419.166	1708.06
419.389	1770.06
419.611	1782.06
419.834	1724.06
420.057	1728.06
420.28	1730.06
420.503	1702.06
420.726	1723.06
420.948	1730.06
421.171	1727.06
421.394	1740.06
421.617	1701.06
421.839	1675.06
422.062	1698.06
422.285	1650.06
422.507	1770.06
422.73	1850.06
422.953	1755.06
423.175	1741.06
423.398	1699.06
423.621	1680.06
423.843	1753.06
424.066	1765.06
424.288	1783.06
424.511	1827.06
424.733	1877.06
424.956	1959.06
425.178	1912.06
425.401	1872.06
425.623	1903.06
425.846	1696.06
426.068	1635.06
426.291	1596.06
426.513	1604.06
426.735	1603.06
426.958	1713.06
427.18	1781.06
427.402	1961.06
427.625	2143.06
427.847	1956.06
428.069	1811.06
428.292	1700.06
428.514	1566.06
428.736	1581.06
428.958	1576.06
429.181	1530.06
429.403	1517.06
429.625	1532.06
429.847	1571.06
430.069	1685.06
430.292	1649.06
430.514	1531.06
430.736	1514.06
430.958	1461.06
431.18	1438.06
431.402	1450.06
431.624	1409.06
431.846	1363.06
432.068	1342.06
432.29	1352.06
432.512	1388.06
432.734	1476.06
432.956	1503.06
433.178	1553.06
433.4	1548.06
433.622	1552.06
433.844	1508.06
434.066	1456.06
434.287	1389.06
434.509	1371.06
434.731	1448.06
434.953	1467.06
435.175	1602.06
435.397	1634.06
435.618	1568.06
435.84	1581.06
436.062	1725.06
436.284	1816.06
436.505	1666.06
436.727	1566.06
436.949	1538.06
437.17	1524.06
437.392	1512.06
437.614	1484.06
437.835	1468.06
438.057	1682.06
438.278	1782.06
438.5	1793.06
438.721	1946.06
438.943	1895.06
439.165	1680.06
439.386	1627.06
439.608	1671.06
439.829	1676.06
440.05	1723.06
440.272	1780.06
440.493	1701.06
440.715	1703.06
440.936	1696.06
441.158	1674.06
441.379	1644.06
441.6	1750.06
441.822	1776.06
442.043	1836.06
442.264	1929.06
442.486	1944.06
442.707	1777.06
442.928	1725.06
443.149	1764.06
443.371	1793.06
443.592	1816.06
443.813	1983.06
444.034	2077.06
444.255	1905.06
444.476	1827.06
444.698	1920.06
444.919	1944.06
445.14	2013.06
445.361	1921.06
445.582	1895.06
445.803	1919.06
446.024	2057.06
446.245	2052.06
446.466	1901.06
446.687	1761.06
446.908	1729.06
447.129	1646.06
447.35	1662.06
447.571	1642.06
447.792	1604.06
448.013	1638.06
448.234	1601.06
448.455	1645.06
448.675	1778.06
448.896	1994.06
449.117	1735.06
449.338	1698.06
449.559	1858.06
449.779	1939.06
450	1670.06
450.221	1569.06
450.442	1500.06
450.662	1499.06
450.883	1486.06
451.104	1528.06
451.324	1514.06
451.545	1479.06
451.766	1434.06
451.986	1408.06
452.207	1341.06
452.428	1351.06
452.648	1354.06
452.869	1333.06
453.089	1311.06
453.31	1317.06
453.53	1272.06
453.751	1236.06
453.971	1245.06
454.192	1261.06
454.412	1281.06
454.633	1250.06
454.853	1259.06
455.073	1247.06
455.294	1330.06
455.514	1394.06
455.734	1357.06
455.955	1233.06
456.175	1204.06
456.395	1193.06
456.616	1166.06
456.836	1180.06
457.056	1166.06
457.276	1147.06
457.497	1175.06
457.717	1168.06
457.937	1207.06
458.157	1219.06
458.377	1217.06
458.598	1219.06
458.818	1312.06
459.038	1449.06
459.258	1435.06
459.478	1320.06
459.698	1306.06
459.918	1330.06
460.138	1382.06
460.358	1484.06
460.578	1484.06
460.798	1470.06
461.018	1536.06
461.238	1484.06
461.458	1528.06
461.678	1473.06
461.898	1499.06
462.118	1486.06
462.338	1627.06
462.558	1604.06
462.777	1622.06
462.997	1720.06
463.217	1850.06
463.437	1846.06
463.657	1679.06
463.876	1671.06
464.096	1644.06
464.316	1657.06
464.536	1658.06
464.755	1678.06
464.975	1651.06
465.195	1723.06
465.414	1780.06
465.634	1587.06
465.854	1498.06
466.073	1424.06
466.293	1426.06
466.512	1384.06
466.732	1420.06
466.951	1424.06
467.171	1439.06
467.391	1435.06
467.61	1457.06
467.829	1521.06
468.049	1559.06
468.268	1676.06
468.488	1540.06
468.707	1449.06
468.927	1428.06
469.146	1446.06
469.365	1459.06
469.585	1451.06
469.804	1528.06
470.023	1534.06
470.243	1546.06
470.462	1570.06
470.681	1589.06
470.901	1608.06
471.12	1508.06
471.339	1533.06
471.558	1493.06
471.777	1522.06
471.997	1475.06
472.216	1572.06
472.435	2078.06
472.654	1712.06
472.873	1411.06
473.092	1378.06
473.311	1360.06
473.53	1380.06
473.749	1389.06
473.968	1396.06
474.187	1498.06
474.406	1523.06
474.625	1429.06
474.844	1444.06
475.063	1370.06
475.282	1326.06
475.501	1319.06
475.72	1320.06
475.939	1362.06
476.158	1400.06
476.377	1410.06
476.596	1399.06
476.814	1368.06
477.033	1301.06
477.252	1381.06
477.471	1419.06
477.69	1513.06
477.908	1486.06
478.127	1582.06
478.346	1585.06
478.564	1620.06
478.783	1615.06
479.002	1646.06
479.22	1667.06
479.439	1677.06
479.658	1629.06
479.876	1590.06
480.095	1546.06
480.313	1633.06
480.532	1668.06
480.751	1681.06
480.969	1749.06
481.188	2532.06
481.406	2894.06
481.624	1922.06
481.843	1613.06
482.061	1536.06
482.28	1546.06
482.498	1528.06
482.717	1481.06
482.935	1552.06
483.153	1640.06
483.372	1685.06
483.59	1662.06
483.808	1635.06
484.027	1595.06
484.245	1549.06
484.463	1632.06
484.681	1642.06
484.9	1641.06
485.118	1610.06
485.336	1592.06
485.554	1503.06
485.772	1430.06
485.99	1491.06
486.209	1543.06
486.427	1563.06
486.645	1620.06
486.863	1758.06
487.081	1738.06
487.299	1649.06
487.517	1703.06
487.735	1870.06
487.953	1996.06
488.171	1984.06
488.389	1859.06
488.607	1758.06
488.825	1670.06
489.043	1622.06
489.261	1630.06
489.479	1681.06
489.696	1709.06
489.914	1771.06
490.132	1774.06
490.35	1848.06
490.568	1912.06
490.786	2014.06
491.003	2071.06
491.221	2156.06
491.439	2242.06
491.657	2261.06
491.874	2415.06
492.092	2531.06
492.31	2642.06
492.527	2528.06
492.745	2413.06
492.963	2396.06
493.18	2285.06
493.398	2330.06
493.615	2255.06
493.833	2308.06
494.05	2228.06
494.268	2220.06
494.485	2249.06
494.703	2184.06
494.92	2213.06
495.138	2149.06
495.355	2183.06
495.573	2190.06
495.79	2164.06
496.008	2142.06
496.225	2104.06
496.442	2137.06
496.66	2166.06
496.877	2145.06
497.094	2168.06
497.312	2168.06
497.529	2124.06
497.746	2094.06
497.963	2087.06
498.181	2089.06
498.398	2134.06
498.615	2144.06
498.832	2262.06
499.049	2370.06
499.267	2484.06
499.484	2646.06
499.701	2904.06
499.918	3141.06
500.135	3455.06
500.352	3854.06
500.569	3978.06
500.786	3933.06
501.003	3744.06
501.22	3394.06
501.437	3122.06
501.654	2872.06
501.871	2712.06
502.088	2520.06
502.305	2387.06
502.522	2300.06
502.739	2218.06
502.956	2148.06
503.172	2052.06
503.389	1965.06
503.606	1958.06
503.823	1933.06
504.04	1867.06
504.256	1890.06
504.473	1902.06
504.69	1936.06
504.907	1910.06
505.123	1825.06
505.34	1751.06
505.557	1716.06
505.773	1715.06
505.99	1702.06
506.207	1658.06
506.423	1644.06
506.64	1634.06
506.856	1615.06
507.073	1594.06
507.289	1538.06
507.506	1583.06
507.722	1605.06
507.939	1628.06
508.155	1566.06
508.372	1493.06
508.588	1486.06
508.805	1462.06
509.021	1460.06
509.238	1439.06
509.454	1422.06
509.67	1418.06
509.887	1387.06
510.103	1402.06
510.319	1402.06
510.536	1681.06
510.752	3132.06
510.968	2200.06
511.184	1456.06
511.401	1346.06
511.617	1332.06
511.833	1378.06
512.049	1381.06
512.265	1393.06
512.481	1389.06
512.698	1377.06
512.914	1334.06
513.13	1336.06
513.346	1332.06
513.562	1332.06
513.778	1347.06
513.994	1369.06
514.21	1382.06
514.426	1417.06
514.642	1485.06
514.858	1577.06
515.074	1633.06
515.29	1986.06
515.506	3215.06
515.721	2418.06
515.937	1622.06
516.153	1532.06
516.369	1470.06
516.585	1455.06
516.801	1490.06
517.016	1552.06
517.232	1570.06
517.448	1613.06
517.664	1667.06
517.879	1695.06
518.095	1655.06
518.311	1643.06
518.527	1603.06
518.742	1570.06
518.958	1524.06
519.173	1539.06
519.389	1516.06
519.605	1466.06
519.82	1452.06
520.036	1498.06
520.251	1524.06
520.467	1517.06
520.682	1490.06
520.898	1475.06
521.113	1516.06
521.329	1568.06
521.544	1797.06
521.76	2300.06
521.975	4215.06
522.19	3851.06
522.406	1982.06
522.621	1512.06
522.836	1384.06
523.052	1392.06
523.267	1349.06
523.482	1330.06
523.698	1315.06
523.913	1348.06
524.128	1358.06
524.343	1355.06
524.559	1348.06
524.774	1334.06
524.989	1337.06
525.204	1330.06
525.419	1314.06
525.634	1255.06
525.849	1222.06
526.064	1188.06
526.28	1201.06
526.495	1118.06
526.71	1091.06
526.925	1102.06
527.14	1094.06
527.355	1096.06
527.57	1058.06
527.785	1134.06
527.999	1123.06
528.214	1139.06
528.429	1202.06
528.644	1276.06
528.859	1360.06
529.074	1464.06
529.289	1517.06
529.503	1673.06
529.718	1457.06
529.933	1297.06
530.148	1196.06
530.363	1136.06
530.577	1068.06
530.792	1069.06
531.007	1042.06
531.221	1055.06
531.436	1073.06
531.651	1056.06
531.865	1042.06
532.08	1071.06
532.295	1091.06
532.509	1048.06
532.724	1050.06
532.938	1065.06
533.153	1132.06
533.367	1157.06
533.582	1208.06
533.796	1220.06
534.011	1159.06
534.225	1058.06
534.44	1020.06
534.654	1039.06
534.868	1052.06
535.083	1090.06
535.297	1064.06
535.511	1109.06
535.726	1112.06
535.94	1114.06
536.154	1095.06
536.369	1029.06
536.583	998.06
536.797	997.06
537.011	989.06
537.225	963.06
537.44	978.06
537.654	1020.06
537.868	1002.06
538.082	987.06
538.296	1018.06
538.51	1048.06
538.724	1115.06
538.938	1140.06
539.153	1156.06
539.367	1181.06
539.581	1134.06
539.795	1041.06
540.009	1019.06
540.222	980.06
540.436	1011.06
540.65	1115.06
540.864	1223.06
541.078	1284.06
541.292	1375.06
541.506	1438.06
541.72	1544.06
541.934	1657.06
542.147	1719.06
542.361	1647.06
542.575	1518.06
542.789	1373.06
543.002	1238.06
543.216	1195.06
543.43	1192.06
543.644	1227.06
543.857	1322.06
544.071	1405.06
544.285	1472.06
544.498	1492.06
544.712	1502.06
544.925	1533.06
545.139	1508.06
545.352	1522.06
545.566	1523.06
545.779	1518.06
545.993	1542.06
546.206	1573.06
546.42	1577.06
546.633	1551.06
546.847	1555.06
547.06	1554.06
547.274	1577.06
547.487	1682.06
547.7	1654.06
547.914	1592.06
548.127	1554.06
548.34	1593.06
548.554	1534.06
548.767	1536.06
548.98	1540.06
549.193	1510.06
549.407	1489.06
549.62	1524.06
549.833	1495.06
550.046	1484.06
550.259	1473.06
550.473	1438.06
550.686	1448.06
550.899	1440.06
551.112	1418.06
551.325	1346.06
551.538	1274.06
551.751	1162.06
551.964	1142.06
552.177	1237.06
552.39	1331.06
552.603	1431.06
552.816	1458.06
553.029	1528.06
553.242	1574.06
553.455	1613.06
553.667	1600.06
553.88	1582.06
554.093	1553.06
554.306	1504.06
554.519	1450.06
554.732	1475.06
554.944	1440.06
555.157	1401.06
555.37	1398.06
555.583	1372.06
555.795	1308.06
556.008	1253.06
556.221	1216.06
556.433	1226.06
556.646	1238.06
556.859	1242.06
557.071	1265.06
557.284	1240.06
557.496	1240.06
557.709	1256.06
557.921	1241.06
558.134	1233.06
558.346	1229.06
558.559	1220.06
558.771	1205.06
558.984	1177.06
559.196	1096.06
559.409	1130.06
559.621	1087.06
559.833	1084.06
560.046	1094.06
560.258	1154.06
560.47	1141.06
560.683	1172.06
560.895	1133.06
561.107	1137.06
561.32	1108.06
561.532	1117.06
561.744	1125.06
561.956	1145.06
562.168	1106.06
562.381	1130.06
562.593	1132.06
562.805	1089.06
563.017	1101.06
563.229	1080.06
563.441	1074.06
563.653	1085.06
563.865	1082.06
564.077	1073.06
564.289	1045.06
564.501	1038.06
564.713	1069.06
564.925	1104.06
565.137	1075.06
565.349	1068.06
565.561	1104.06
565.773	1142.06
565.985	1199.06
566.197	1204.06
566.408	1256.06
566.62	1346.06
566.832	1394.06
567.044	1432.06
567.255	1370.06
567.467	1344.06
567.679	1372.06
567.891	1446.06
568.102	1388.06
568.314	1301.06
568.526	1211.06
568.737	1052.06
568.949	982.06
569.161	909.06
569.372	870.06
569.584	822.06
569.795	816.06
570.007	815.06
570.218	937.06
570.43	890.06
570.641	813.06
570.853	818.06
571.064	879.06
571.276	903.06
571.487	878.06
571.698	858.06
571.91	830.06
572.121	836.06
572.333	805.06
572.544	750.06
572.755	712.06
572.966	692.06
573.178	665.06
573.389	670.06
573.6	644.06
573.811	618.06
574.023	641.06
574.234	634.06
574.445	636.06
574.656	659.06
574.867	684.06
575.078	681.06
575.289	696.06
575.501	676.06
575.712	680.06
575.923	643.06
576.134	651.06
576.345	689.06
576.556	680.06
576.767	704.06
576.978	698.06
577.188	666.06
577.399	653.06
577.61	618.06
577.821	656.06
578.032	623.06
578.243	689.06
578.454	1194.06
578.665	813.06
578.875	613.06
579.086	588.06
579.297	556.06
579.508	537.06
579.718	538.06
579.929	514.06
580.14	532.06
580.35	536.06
580.561	539.06
580.772	569.06
580.982	577.06
581.193	590.06
581.403	587.06
581.614	568.06
581.825	568.06
582.035	572.06
582.246	571.06
582.456	539.06
582.667	553.06
582.877	565.06
583.087	562.06
583.298	540.06
583.508	537.06
583.719	498.06
583.929	536.06
584.139	521.06
584.35	512.06
584.56	527.06
584.77	534.06
584.981	512.06
585.191	524.06
585.401	536.06
585.611	524.06
585.821	535.06
586.032	524.06
586.242	499.06
586.452	516.06
586.662	525.06
586.872	486.06
587.082	484.06
587.292	497.06
587.502	501.06
587.713	483.06
587.923	510.06
588.133	485.06
588.343	507.06
588.553	478.06
588.762	506.06
588.972	504.06
589.182	509.06
589.392	522.06
589.602	501.06
589.812	506.06
590.022	507.06
590.232	499.06
590.441	486.06
590.651	477.06
590.861	502.06
591.071	509.06
591.281	502.06
591.49	510.06
591.7	511.06
591.91	532.06
592.119	538.06
592.329	550.06
592.539	557.06
592.748	563.06
592.958	587.06
593.167	594.06
593.377	590.06
593.587	596.06
593.796	610.06
594.006	657.06
594.215	636.06
594.424	661.06
594.634	637.06
594.843	636.06
595.053	629.06
595.262	602.06
595.472	572.06
595.681	544.06
595.89	532.06
596.1	522.06
596.309	528.06
596.518	555.06
596.727	562.06
596.937	560.06
597.146	543.06
597.355	532.06
597.564	528.06
597.774	482.06
597.983	467.06
598.192	480.06
598.401	460.06
598.61	444.06
598.819	467.06
599.028	481.06
599.237	500.06
599.446	490.06
599.655	480.06
599.864	470.06
600.073	473.06
600.282	492.06
600.491	500.06
600.7	483.06
600.909	494.06
601.118	542.06
601.327	585.06
601.536	614.06
601.745	626.06
601.953	643.06
602.162	652.06
602.371	644.06
602.58	646.06
602.789	654.06
602.997	649.06
603.206	661.06
603.415	669.06
603.623	653.06
603.832	637.06
604.041	628.06
604.249	586.06
604.458	554.06
604.666	518.06
604.875	533.06
605.084	559.06
605.292	631.06
605.501	693.06
605.709	721.06
605.918	710.06
606.126	685.06
606.334	702.06
606.543	713.06
606.751	701.06
606.96	698.06
607.168	669.06
607.376	696.06
607.585	662.06
607.793	704.06
608.001	689.06
608.21	738.06
608.418	702.06
608.626	711.06
608.834	721.06
609.043	714.06
609.251	730.06
609.459	697.06
609.667	699.06
609.875	769.06
610.083	760.06
610.291	738.06
610.499	692.06
610.707	757.06
610.916	742.06
611.124	722.06
611.332	741.06
611.54	736.06
611.748	725.06
611.955	736.06
612.163	717.06
612.371	732.06
612.579	732.06
612.787	702.06
612.995	704.06
613.203	720.06
613.411	741.06
613.618	720.06
613.826	705.06
614.034	714.06
614.242	708.06
614.449	714.06
614.657	708.06
614.865	702.06
615.072	722.06
615.28	722.06
615.488	735.06
615.695	712.06
615.903	706.06
616.111	725.06
616.318	726.06
616.526	724.06
616.733	733.06
616.941	717.06
617.148	706.06
617.356	700.06
617.563	668.06
617.771	641.06
617.978	666.06
618.185	676.06
618.393	691.06
618.6	718.06
618.807	710.06
619.015	708.06
619.222	677.06
619.429	666.06
619.637	614.06
619.844	556.06
620.051	589.06
620.258	640.06
620.466	636.06
620.673	640.06
620.88	620.06
621.087	617.06
621.294	588.06
621.501	578.06
621.708	587.06
621.915	615.06
622.122	618.06
622.329	653.06
622.536	660.06
622.743	629.06
622.95	637.06
623.157	651.06
623.364	645.06
623.571	646.06
623.778	647.06
623.985	630.06
624.192	628.06
624.399	621.06
624.606	607.06
624.812	618.06
625.019	586.06
625.226	572.06
625.433	524.06
625.639	514.06
625.846	469.06
626.053	431.06
626.259	433.06
626.466	431.06
626.673	422.06
626.879	397.06
627.086	439.06
627.293	473.06
627.499	543.06
627.706	559.06
627.912	604.06
628.119	592.06
628.325	591.06
628.532	593.06
628.738	561.06
628.945	545.06
629.151	549.06
629.357	523.06
629.564	530.06
629.77	532.06
629.976	496.06
630.183	475.06
630.389	475.06
630.595	521.06
630.802	526.06
631.008	524.06
631.214	520.06
631.42	509.06
631.627	483.06
631.833	454.06
632.039	479.06
632.245	493.06
632.451	517.06
632.657	511.06
632.863	512.06
633.069	500.06
633.275	468.06
633.481	485.06
633.688	477.06
633.893	482.06
634.099	470.06
634.305	465.06
634.511	458.06
634.717	440.06
634.923	414.06
635.129	412.06
635.335	413.06
635.541	416.06
635.747	433.06
635.952	448.06
636.158	505.06
636.364	552.06
636.57	580.06
636.775	522.06
636.981	526.06
637.187	514.06
637.392	522.06
637.598	492.06
637.804	501.06
638.009	486.06
638.215	492.06
638.421	494.06
638.626	473.06
638.832	471.06
639.037	472.06
639.243	467.06
639.448	450.06
639.654	468.06
639.859	435.06
640.065	436.06
640.27	449.06
640.475	449.06
640.681	451.06
640.886	482.06
641.091	467.06
641.297	486.06
641.502	458.06
641.707	463.06
641.913	457.06
642.118	453.06
642.323	460.06
642.528	463.06
642.733	443.06
642.939	462.06
643.144	448.06
643.349	455.06
643.554	450.06
643.759	450.06
643.964	444.06
644.169	438.06
644.374	436.06
644.579	439.06
644.784	436.06
644.989	432.06
645.194	437.06
645.399	442.06
645.604	443.06
645.809	445.06
646.014	449.06
646.219	430.06
646.423	433.06
646.628	464.06
646.833	460.06
647.038	437.06
647.243	432.06
647.447	436.06
647.652	416.06
647.857	446.06
648.062	428.06
648.266	446.06
648.471	457.06
648.676	451.06
648.88	426.06
649.085	434.06
649.289	428.06
649.494	441.06
649.698	476.06
649.903	457.06
650.107	421.06
650.312	416.06
650.516	399.06
650.721	405.06
650.925	415.06
651.13	395.06
651.334	374.06
651.539	402.06
651.743	385.06
651.947	378.06
652.152	389.06
652.356	363.06
652.56	351.06
652.764	359.06
652.969	349.06
653.173	333.06
653.377	312.06
653.581	310.06
653.785	326.06
653.99	321.06
654.194	331.06
654.398	312.06
654.602	291.06
654.806	301.06
655.01	309.06
655.214	307.06
655.418	297.06
655.622	268.06
655.826	306.06
656.03	287.06
656.234	293.06
656.438	303.06
656.642	270.06
656.846	270.06
657.049	238.06
657.253	235.06
657.457	233.06
657.661	221.06
657.865	211.06
658.068	223.06
658.272	205.06
658.476	198.06
658.68	195.06
658.883	174.06
659.087	168.06
659.291	170.06
659.494	166.06
659.698	176.06
659.901	184.06
660.105	178.06
660.309	168.06
660.512	146.06
660.716	149.06
660.919	130.06
661.123	132.06
661.326	131.06
661.53	127.06
661.733	114.06
661.936	123.06
662.14	108.06
662.343	101.06
662.546	106.06
662.75	101.06
662.953	116.06
663.156	92.06
663.36	99.06
663.563	106.06
663.766	88.06
663.969	88.06
664.173	94.06
664.376	92.06
664.579	82.06
664.782	83.06
664.985	86.06
665.188	77.06
665.391	74.06
665.594	72.06
665.797	79.06
666	74.06
666.203	98.06
666.406	91.06
666.609	96.06
666.812	83.06
667.015	74.06
667.218	75.06
667.421	77.06
667.624	81.06
667.827	71.06
668.03	63.06
668.232	75.06
668.435	95.06
668.638	71.06
668.841	82.06
669.043	76.06
669.246	87.06
669.449	81.06
669.651	73.06
669.854	79.06
670.057	77.06
670.259	76.06
670.462	83.06
670.665	90.06
670.867	80.06
671.07	80.06
671.272	79.06
671.475	84.06
671.677	88.06
671.88	85.06
672.082	94.06
672.284	68.06
672.487	84.06
672.689	97.06
672.892	86.06
