223.165	-21.5
223.4	-21.5
223.635	-21.5
223.869	-23.5
224.104	-12.5
224.338	-19.5
224.573	-15.5
224.808	-21.5
225.042	2.5
225.277	-2.5
225.511	5.5
225.746	0.5
225.98	6.5
226.215	3.5
226.449	19.5
226.683	17.5
226.918	23.5
227.152	37.5
227.387	42.5
227.621	44.5
227.856	52.5
228.09	44.5
228.324	53.5
228.559	61.5
228.793	82.5
229.027	137.5
229.262	136.5
229.496	154.5
229.73	200.5
229.964	229.5
230.199	186.5
230.433	176.5
230.667	150.5
230.901	152.5
231.136	125.5
231.37	154.5
231.604	146.5
231.838	150.5
232.072	158.5
232.306	164.5
232.541	165.5
232.775	163.5
233.009	158.5
233.243	146.5
233.477	148.5
233.711	164.5
233.945	166.5
234.179	163.5
234.413	159.5
234.647	170.5
234.881	151.5
235.115	173.5
235.349	170.5
235.583	174.5
235.817	164.5
236.051	174.5
236.285	186.5
236.519	165.5
236.753	178.5
236.987	210.5
237.221	260.5
237.455	339.5
237.689	244.5
237.922	181.5
238.156	208.5
238.39	181.5
238.624	174.5
238.858	176.5
239.091	179.5
239.325	176.5
239.559	180.5
239.793	194.5
240.027	205.5
240.26	218.5
240.494	227.5
240.728	220.5
240.961	212.5
241.195	204.5
241.429	219.5
241.662	204.5
241.896	203.5
242.13	209.5
242.363	228.5
242.597	200.5
242.83	207.5
243.064	215.5
243.298	199.5
243.531	219.5
243.765	212.5
243.998	221.5
244.232	225.5
244.465	237.5
244.699	229.5
244.932	245.5
245.166	241.5
245.399	229.5
245.633	216.5
245.866	235.5
246.099	212.5
246.333	232.5
246.566	231.5
246.8	236.5
247.033	244.5
247.266	251.5
247.5	240.5
247.733	254.5
247.966	300.5
248.2	268.5
248.433	272.5
248.666	255.5
248.899	283.5
249.133	300.5
249.366	306.5
249.599	315.5
249.832	316.5
250.066	311.5
250.299	319.5
250.532	352.5
250.765	388.5
250.998	370.5
251.231	358.5
251.465	360.5
251.698	332.5
251.931	332.5
252.164	319.5
252.397	316.5
252.63	328.5
252.863	325.5
253.096	334.5
253.329	349.5
253.562	337.5
253.795	342.5
254.028	344.5
254.261	354.5
254.494	351.5
254.727	371.5
254.96	407.5
255.193	390.5
255.426	386.5
255.659	391.5
255.892	454.5
256.124	517.5
256.357	556.5
256.59	483.5
256.823	428.5
257.056	406.5
257.289	382.5
257.521	364.5
257.754	387.5
257.987	362.5
258.22	353.5
258.452	366.5
258.685	340.5
258.918	355.5
259.151	363.5
259.383	340.5
259.616	378.5
259.849	367.5
260.081	372.5
260.314	389.5
260.547	398.5
260.779	400.5
261.012	375.5
261.244	357.5
261.477	366.5
261.71	369.5
261.942	376.5
262.175	412.5
262.407	383.5
262.64	368.5
262.872	373.5
263.105	365.5
263.337	379.5
263.57	363.5
263.802	361.5
264.035	355.5
264.267	364.5
264.499	370.5
264.732	371.5
264.964	376.5
265.197	372.5
265.429	352.5
265.661	392.5
265.894	370.5
266.126	365.5
266.358	373.5
266.591	361.5
266.823	381.5
267.055	379.5
267.287	371.5
267.52	385.5
267.752	392.5
267.984	410.5
268.216	391.5
268.448	402.5
268.681	414.5
268.913	409.5
269.145	422.5
269.377	444.5
269.609	436.5
269.841	442.5
270.073	428.5
270.306	459.5
270.538	480.5
270.77	493.5
271.002	466.5
271.234	482.5
271.466	475.5
271.698	491.5
271.93	500.5
272.162	514.5
272.394	487.5
272.626	477.5
272.858	481.5
273.09	459.5
273.322	462.5
273.553	464.5
273.785	464.5
274.017	478.5
274.249	445.5
274.481	491.5
274.713	449.5
274.945	475.5
275.176	454.5
275.408	475.5
275.64	469.5
275.872	469.5
276.104	467.5
276.335	468.5
276.567	484.5
276.799	504.5
277.031	532.5
277.262	574.5
277.494	558.5
277.726	511.5
277.957	535.5
278.189	503.5
278.421	482.5
278.652	479.5
278.884	498.5
279.115	471.5
279.347	487.5
279.579	486.5
279.81	492.5
280.042	526.5
280.273	531.5
280.505	515.5
280.736	513.5
280.968	495.5
281.199	499.5
281.431	494.5
281.662	468.5
281.894	478.5
282.125	485.5
282.356	539.5
282.588	575.5
282.819	583.5
283.051	525.5
283.282	485.5
283.513	505.5
283.745	525.5
283.976	523.5
284.207	510.5
284.439	502.5
284.67	524.5
284.901	519.5
285.132	518.5
285.364	494.5
285.595	505.5
285.826	509.5
286.057	511.5
286.288	526.5
286.52	540.5
286.751	527.5
286.982	532.5
287.213	526.5
287.444	524.5
287.675	550.5
287.906	543.5
288.138	565.5
288.369	558.5
288.6	568.5
288.831	574.5
289.062	549.5
289.293	545.5
289.524	556.5
289.755	530.5
289.986	561.5
290.217	526.5
290.448	565.5
290.679	536.5
290.91	539.5
291.141	542.5
291.371	550.5
291.602	552.5
291.833	543.5
292.064	539.5
292.295	549.5
292.526	552.5
292.757	530.5
292.987	535.5
293.218	552.5
293.449	550.5
293.68	570.5
293.91	551.5
294.141	566.5
294.372	547.5
294.603	558.5
294.833	560.5
295.064	555.5
295.295	562.5
295.525	567.5
295.756	566.5
295.987	596.5
296.217	642.5
296.448	624.5
296.679	597.5
296.909	606.5
297.14	583.5
297.37	581.5
297.601	574.5
297.831	590.5
298.062	571.5
298.292	598.5
298.523	609.5
298.753	597.5
298.984	620.5
299.214	614.5
299.445	630.5
299.675	605.5
299.905	634.5
300.136	619.5
300.366	615.5
300.597	647.5
300.827	630.5
301.057	649.5
301.288	660.5
301.518	664.5
301.748	631.5
301.979	669.5
302.209	654.5
302.439	658.5
302.669	655.5
302.9	652.5
303.13	630.5
303.36	655.5
303.59	678.5
303.82	659.5
304.051	668.5
304.281	659.5
304.511	660.5
304.741	650.5
304.971	636.5
305.201	657.5
305.431	664.5
305.661	676.5
305.891	654.5
306.121	664.5
306.352	691.5
306.582	682.5
306.812	680.5
307.042	686.5
307.272	696.5
307.502	674.5
307.731	684.5
307.961	662.5
308.191	680.5
308.421	667.5
308.651	699.5
308.881	678.5
309.111	711.5
309.341	679.5
309.571	693.5
309.8	706.5
310.03	741.5
310.26	763.5
310.49	751.5
310.72	751.5
310.949	771.5
311.179	784.5
311.409	775.5
311.639	750.5
311.868	744.5
312.098	748.5
312.328	781.5
312.557	810.5
312.787	790.5
313.017	814.5
313.246	786.5
313.476	744.5
313.706	727.5
313.935	782.5
314.165	795.5
314.394	805.5
314.624	799.5
314.853	792.5
315.083	792.5
315.312	766.5
315.542	791.5
315.771	761.5
316.001	752.5
316.23	775.5
316.46	746.5
316.689	776.5
316.919	785.5
317.148	771.5
317.377	792.5
317.607	786.5
317.836	782.5
318.065	822.5
318.295	788.5
318.524	778.5
318.753	749.5
318.983	759.5
319.212	777.5
319.441	822.5
319.67	806.5
319.9	783.5
320.129	776.5
320.358	805.5
320.587	810.5
320.816	814.5
321.046	814.5
321.275	823.5
321.504	814.5
321.733	848.5
321.962	846.5
322.191	890.5
322.42	929.5
322.649	924.5
322.878	948.5
323.108	947.5
323.337	998.5
323.566	1033.5
323.795	1113.5
324.024	1219.5
324.253	1409.5
324.482	2082.5
324.71	3020.5
324.939	4164.5
325.168	3384.5
325.397	1881.5
325.626	1376.5
325.855	1230.5
326.084	1140.5
326.313	1119.5
326.542	1130.5
326.77	1206.5
326.999	1419.5
327.228	1946.5
327.457	2885.5
327.686	3236.5
327.914	2202.5
328.143	1682.5
328.372	1614.5
328.6	1471.5
328.829	1286.5
329.058	1345.5
329.287	1311.5
329.515	1255.5
329.744	1256.5
329.972	1402.5
330.201	1651.5
330.43	1932.5
330.658	1801.5
330.887	1518.5
331.115	1353.5
331.344	1216.5
331.572	1158.5
331.801	1157.5
332.03	1195.5
332.258	1116.5
332.486	1122.5
332.715	1167.5
332.943	1188.5
333.172	1235.5
333.4	1232.5
333.629	1324.5
333.857	1382.5
334.085	1529.5
334.314	1804.5
334.542	2271.5
334.771	2411.5
334.999	1749.5
335.227	1350.5
335.455	1249.5
335.684	1196.5
335.912	1174.5
336.14	1121.5
336.369	1122.5
336.597	1132.5
336.825	1111.5
337.053	1068.5
337.281	1073.5
337.51	1024.5
337.738	1043.5
337.966	1036.5
338.194	1051.5
338.422	1009.5
338.65	1018.5
338.878	979.5
339.106	980.5
339.334	973.5
339.562	998.5
339.79	956.5
340.018	1010.5
340.246	966.5
340.474	998.5
340.702	974.5
340.93	984.5
341.158	963.5
341.386	954.5
341.614	968.5
341.842	940.5
342.07	928.5
342.298	954.5
342.526	962.5
342.754	963.5
342.981	917.5
343.209	955.5
343.437	959.5
343.665	1012.5
343.893	1091.5
344.12	1101.5
344.348	1068.5
344.576	1045.5
344.804	1044.5
345.031	992.5
345.259	1028.5
345.487	980.5
345.714	986.5
345.942	961.5
346.17	930.5
346.397	943.5
346.625	946.5
346.853	946.5
347.08	947.5
347.308	925.5
347.535	958.5
347.763	941.5
347.99	943.5
348.218	950.5
348.445	965.5
348.673	959.5
348.9	949.5
349.128	958.5
349.355	903.5
349.583	908.5
349.81	900.5
350.037	916.5
350.265	891.5
350.492	893.5
350.72	944.5
350.947	915.5
351.174	940.5
351.402	989.5
351.629	951.5
351.856	967.5
352.083	962.5
352.311	990.5
352.538	964.5
352.765	992.5
352.992	980.5
353.22	959.5
353.447	950.5
353.674	936.5
353.901	938.5
354.128	892.5
354.355	926.5
354.583	901.5
354.81	896.5
355.037	903.5
355.264	891.5
355.491	888.5
355.718	899.5
355.945	892.5
356.172	895.5
356.399	909.5
356.626	899.5
356.853	910.5
357.08	903.5
357.307	920.5
357.534	887.5
357.761	903.5
357.988	915.5
358.215	913.5
358.441	926.5
358.668	899.5
358.895	934.5
359.122	939.5
359.349	955.5
359.576	979.5
359.802	1020.5
360.029	1070.5
360.256	1100.5
360.483	1043.5
360.709	990.5
360.936	950.5
361.163	993.5
361.39	984.5
361.616	980.5
361.843	998.5
362.07	986.5
362.296	978.5
362.523	984.5
362.749	964.5
362.976	976.5
363.203	940.5
363.429	946.5
363.656	962.5
363.882	927.5
364.109	928.5
364.335	939.5
364.562	947.5
364.788	947.5
365.015	988.5
365.241	950.5
365.468	976.5
365.694	972.5
365.92	982.5
366.147	951.5
366.373	963.5
366.599	976.5
366.826	944.5
367.052	928.5
367.278	952.5
367.505	983.5
367.731	941.5
367.957	981.5
368.184	964.5
368.41	998.5
368.636	1018.5
368.862	1031.5
369.089	1008.5
369.315	1011.5
369.541	991.5
369.767	1018.5
369.993	988.5
370.219	1012.5
370.445	977.5
370.672	1006.5
370.898	991.5
371.124	963.5
371.35	1044.5
371.576	1030.5
371.802	1025.5
372.028	991.5
372.254	1022.5
372.48	1023.5
372.706	1050.5
372.932	1038.5
373.158	1034.5
373.384	1058.5
373.61	1048.5
373.835	1042.5
374.061	1024.5
374.287	1072.5
374.513	1062.5
374.739	1069.5
374.965	1100.5
375.191	1121.5
375.416	1088.5
375.642	1057.5
375.868	1054.5
376.094	1029.5
376.319	1022.5
376.545	1023.5
376.771	1015.5
376.997	1037.5
377.222	1036.5
377.448	1006.5
377.674	1006.5
377.899	997.5
378.125	1023.5
378.35	1003.5
378.576	1000.5
378.802	1008.5
379.027	1026.5
379.253	1038.5
379.478	1038.5
379.704	1034.5
379.929	1015.5
380.155	1046.5
380.38	1045.5
380.606	1042.5
380.831	1038.5
381.057	1033.5
381.282	1049.5
381.507	1043.5
381.733	1031.5
381.958	1043.5
382.184	1074.5
382.409	1064.5
382.634	1102.5
382.86	1075.5
383.085	1112.5
383.31	1102.5
383.535	1118.5
383.761	1155.5
383.986	1146.5
384.211	1159.5
384.436	1164.5
384.662	1198.5
384.887	1208.5
385.112	1191.5
385.337	1202.5
385.562	1206.5
385.787	1215.5
386.013	1248.5
386.238	1240.5
386.463	1253.5
386.688	1245.5
386.913	1211.5
387.138	1207.5
387.363	1198.5
387.588	1200.5
387.813	1191.5
388.038	1219.5
388.263	1228.5
388.488	1202.5
388.713	1238.5
388.938	1231.5
389.163	1218.5
389.387	1219.5
389.612	1200.5
389.837	1235.5
390.062	1219.5
390.287	1220.5
390.512	1219.5
390.736	1251.5
390.961	1270.5
391.186	1281.5
391.411	1333.5
391.636	1341.5
391.86	1363.5
392.085	1379.5
392.31	1362.5
392.534	1361.5
392.759	1310.5
392.984	1296.5
393.208	1306.5
393.433	1322.5
393.658	1347.5
393.882	1286.5
394.107	1335.5
394.331	1335.5
394.556	1347.5
394.78	1304.5
395.005	1341.5
395.229	1358.5
395.454	1391.5
395.678	1398.5
395.903	1405.5
396.127	1394.5
396.352	1407.5
396.576	1342.5
396.801	1344.5
397.025	1348.5
397.249	1364.5
397.474	1425.5
397.698	1440.5
397.922	1460.5
398.147	1484.5
398.371	1475.5
398.595	1505.5
398.82	1544.5
399.044	1656.5
399.268	1717.5
399.492	1947.5
399.717	2130.5
399.941	2164.5
400.165	2068.5
400.389	1948.5
400.613	1778.5
400.837	1634.5
401.062	1621.5
401.286	1632.5
401.51	1581.5
401.734	1591.5
401.958	1620.5
402.182	1647.5
402.406	1672.5
402.63	1748.5
402.854	1689.5
403.078	1684.5
403.302	1732.5
403.526	1784.5
403.75	1784.5
403.974	1822.5
404.198	1780.5
404.422	1847.5
404.645	1849.5
404.869	1860.5
405.093	1964.5
405.317	2048.5
405.541	2057.5
405.765	1974.5
405.988	1844.5
406.212	1891.5
406.436	1964.5
406.66	1963.5
406.883	1945.5
407.107	1998.5
407.331	2095.5
407.555	2218.5
407.778	2256.5
408.002	2043.5
408.226	1980.5
408.449	1955.5
408.673	1899.5
408.896	1918.5
409.12	1947.5
409.344	1902.5
409.567	1799.5
409.791	1800.5
410.014	1776.5
410.238	1799.5
410.461	1834.5
410.685	1827.5
410.908	1781.5
411.132	1827.5
411.355	1791.5
411.578	1783.5
411.802	1740.5
412.025	1774.5
412.249	1834.5
412.472	1909.5
412.695	2026.5
412.919	1978.5
413.142	1809.5
413.365	1805.5
413.589	1786.5
413.812	1735.5
414.035	1667.5
414.258	1726.5
414.482	1677.5
414.705	1729.5
414.928	1735.5
415.151	1664.5
415.374	1679.5
415.597	1662.5
415.821	1664.5
416.044	1650.5
416.267	1684.5
416.49	1658.5
416.713	1687.5
416.936	1704.5
417.159	1679.5
417.382	1713.5
417.605	1660.5
417.828	1762.5
418.051	1716.5
418.274	1723.5
418.497	1719.5
418.72	1741.5
418.943	1734.5
419.166	1824.5
419.389	1954.5
419.611	1877.5
419.834	1860.5
420.057	1895.5
420.28	1874.5
420.503	1903.5
420.726	1870.5
420.948	1853.5
421.171	1874.5
421.394	1890.5
421.617	1797.5
421.839	1805.5
422.062	1830.5
422.285	1797.5
422.507	1890.5
422.73	1991.5
422.953	1899.5
423.175	1829.5
423.398	1810.5
423.621	1814.5
423.843	1850.5
424.066	1879.5
424.288	1868.5
424.511	1941.5
424.733	2034.5
424.956	2086.5
425.178	2006.5
425.401	1979.5
425.623	2030.5
425.846	1868.5
426.068	1812.5
426.291	1751.5
426.513	1761.5
426.735	1719.5
426.958	1827.5
427.18	1924.5
427.402	2146.5
427.625	2282.5
427.847	2166.5
428.069	2004.5
428.292	1893.5
428.514	1740.5
428.736	1693.5
428.958	1674.5
429.181	1608.5
429.403	1603.5
429.625	1654.5
429.847	1696.5
430.069	1732.5
430.292	1750.5
430.514	1634.5
430.736	1622.5
430.958	1615.5
431.18	1581.5
431.402	1576.5
431.624	1535.5
431.846	1483.5
432.068	1429.5
432.29	1423.5
432.512	1471.5
432.734	1556.5
432.956	1605.5
433.178	1643.5
433.4	1674.5
433.622	1657.5
433.844	1646.5
434.066	1555.5
434.287	1494.5
434.509	1466.5
434.731	1547.5
434.953	1650.5
435.175	1735.5
435.397	1728.5
435.618	1660.5
435.84	1660.5
436.062	1876.5
436.284	1973.5
436.505	1790.5
436.727	1715.5
436.949	1631.5
437.17	1627.5
437.392	1608.5
437.614	1603.5
437.835	1647.5
438.057	1719.5
438.278	1907.5
438.5	1934.5
438.721	2056.5
438.943	2033.5
439.165	1807.5
439.386	1750.5
439.608	1796.5
439.829	1768.5
440.05	1826.5
440.272	1910.5
440.493	1853.5
440.715	1759.5
440.936	1790.5
441.158	1771.5
441.379	1841.5
441.6	1874.5
441.822	1900.5
442.043	1955.5
442.264	2060.5
442.486	2066.5
442.707	1921.5
442.928	1849.5
443.149	1921.5
443.371	1921.5
443.592	1986.5
443.813	2127.5
444.034	2201.5
444.255	1994.5
444.476	1979.5
444.698	2047.5
444.919	2086.5
445.14	2194.5
445.361	2032.5
445.582	1991.5
445.803	2042.5
446.024	2155.5
446.245	2146.5
446.466	2044.5
446.687	1918.5
446.908	1860.5
447.129	1765.5
447.35	1730.5
447.571	1744.5
447.792	1742.5
448.013	1660.5
448.234	1731.5
448.455	1756.5
448.675	1943.5
448.896	2064.5
449.117	1850.5
449.338	1837.5
449.559	1988.5
449.779	2056.5
450	1840.5
450.221	1680.5
450.442	1616.5
450.662	1590.5
450.883	1637.5
451.104	1654.5
451.324	1609.5
451.545	1567.5
451.766	1547.5
451.986	1483.5
452.207	1451.5
452.428	1448.5
452.648	1439.5
452.869	1413.5
453.089	1329.5
453.31	1378.5
453.53	1359.5
453.751	1324.5
453.971	1319.5
454.192	1382.5
454.412	1356.5
454.633	1362.5
454.853	1360.5
455.073	1372.5
455.294	1419.5
455.514	1496.5
455.734	1466.5
455.955	1361.5
456.175	1314.5
456.395	1258.5
456.616	1247.5
456.836	1262.5
457.056	1227.5
457.276	1242.5
457.497	1263.5
457.717	1263.5
457.937	1251.5
458.157	1266.5
458.377	1282.5
458.598	1344.5
458.818	1443.5
459.038	1617.5
459.258	1604.5
459.478	1469.5
459.698	1396.5
459.918	1444.5
460.138	1476.5
460.358	1607.5
460.578	1612.5
460.798	1634.5
461.018	1630.5
461.238	1619.5
461.458	1602.5
461.678	1565.5
461.898	1605.5
462.118	1617.5
462.338	1667.5
462.558	1727.5
462.777	1743.5
462.997	1863.5
463.217	1978.5
463.437	1961.5
463.657	1818.5
463.876	1759.5
464.096	1761.5
464.316	1748.5
464.536	1794.5
464.755	1797.5
464.975	1775.5
465.195	1834.5
465.414	1939.5
465.634	1717.5
465.854	1610.5
466.073	1557.5
466.293	1571.5
466.512	1508.5
466.732	1518.5
466.951	1551.5
467.171	1525.5
467.391	1551.5
467.61	1589.5
467.829	1634.5
468.049	1720.5
468.268	1858.5
468.488	1685.5
468.707	1555.5
468.927	1586.5
469.146	1550.5
469.365	1580.5
469.585	1545.5
469.804	1622.5
470.023	1668.5
470.243	1682.5
470.462	1699.5
470.681	1711.5
470.901	1704.5
471.12	1645.5
471.339	1626.5
471.558	1613.5
471.777	1595.5
471.997	1620.5
472.216	1821.5
472.435	2457.5
472.654	1970.5
472.873	1574.5
473.092	1511.5
473.311	1544.5
473.53	1511.5
473.749	1518.5
473.968	1568.5
474.187	1676.5
474.406	1647.5
474.625	1532.5
474.844	1531.5
475.063	1506.5
475.282	1450.5
475.501	1431.5
475.72	1440.5
475.939	1448.5
476.158	1518.5
476.377	1521.5
476.596	1498.5
476.814	1452.5
477.033	1471.5
477.252	1460.5
477.471	1562.5
477.69	1636.5
477.908	1668.5
478.127	1719.5
478.346	1718.5
478.564	1712.5
478.783	1773.5
479.002	1780.5
479.22	1827.5
479.439	1784.5
479.658	1789.5
479.876	1762.5
480.095	1709.5
480.313	1830.5
480.532	1858.5
480.751	1846.5
480.969	1979.5
481.188	3018.5
481.406	3551.5
481.624	2247.5
481.843	1889.5
482.061	1750.5
482.28	1757.5
482.498	1726.5
482.717	1682.5
482.935	1698.5
483.153	1844.5
483.372	1861.5
483.59	1821.5
483.808	1777.5
484.027	1702.5
484.245	1690.5
484.463	1729.5
484.681	1812.5
484.9	1758.5
485.118	1766.5
485.336	1741.5
485.554	1637.5
485.772	1624.5
485.99	1631.5
486.209	1678.5
486.427	1694.5
486.645	1712.5
486.863	1862.5
487.081	1885.5
487.299	1816.5
487.517	1829.5
487.735	2009.5
487.953	2116.5
488.171	2078.5
488.389	2047.5
488.607	1920.5
488.825	1833.5
489.043	1772.5
489.261	1816.5
489.479	1844.5
489.696	1903.5
489.914	1916.5
490.132	1951.5
490.35	2007.5
490.568	2084.5
490.786	2205.5
491.003	2302.5
491.221	2337.5
491.439	2375.5
491.657	2469.5
491.874	2596.5
492.092	2740.5
492.31	2832.5
492.527	2795.5
492.745	2666.5
492.963	2568.5
493.18	2534.5
493.398	2521.5
493.615	2489.5
493.833	2495.5
494.05	2422.5
494.268	2444.5
494.485	2396.5
494.703	2418.5
494.92	2389.5
495.138	2334.5
495.355	2391.5
495.573	2370.5
495.79	2332.5
496.008	2330.5
496.225	2316.5
496.442	2330.5
496.66	2301.5
496.877	2308.5
497.094	2310.5
497.312	2346.5
497.529	2331.5
497.746	2269.5
497.963	2261.5
498.181	2309.5
498.398	2231.5
498.615	2320.5
498.832	2424.5
499.049	2523.5
499.267	2583.5
499.484	2887.5
499.701	3110.5
499.918	3350.5
500.135	3739.5
500.352	4146.5
500.569	4282.5
500.786	4206.5
501.003	3986.5
501.22	3670.5
501.437	3348.5
501.654	3074.5
501.871	2958.5
502.088	2741.5
502.305	2589.5
502.522	2460.5
502.739	2358.5
502.956	2282.5
503.172	2250.5
503.389	2152.5
503.606	2076.5
503.823	2108.5
504.04	2002.5
504.256	2040.5
504.473	2099.5
504.69	2065.5
504.907	2088.5
505.123	1988.5
505.34	1922.5
505.557	1880.5
505.773	1849.5
505.99	1830.5
506.207	1814.5
506.423	1780.5
506.64	1732.5
506.856	1754.5
507.073	1742.5
507.289	1692.5
507.506	1741.5
507.722	1765.5
507.939	1794.5
508.155	1696.5
508.372	1635.5
508.588	1612.5
508.805	1567.5
509.021	1615.5
509.238	1589.5
509.454	1554.5
509.67	1543.5
509.887	1541.5
510.103	1530.5
510.319	1608.5
510.536	1868.5
510.752	3634.5
510.968	2479.5
511.184	1616.5
511.401	1495.5
511.617	1502.5
511.833	1510.5
512.049	1573.5
512.265	1547.5
512.481	1503.5
512.698	1481.5
512.914	1480.5
513.13	1492.5
513.346	1491.5
513.562	1490.5
513.778	1472.5
513.994	1543.5
514.21	1570.5
514.426	1592.5
514.642	1686.5
514.858	1742.5
515.074	1818.5
515.29	2284.5
515.506	3704.5
515.721	2736.5
515.937	1826.5
516.153	1716.5
516.369	1642.5
516.585	1636.5
516.801	1636.5
517.016	1675.5
517.232	1747.5
517.448	1777.5
517.664	1815.5
517.879	1790.5
518.095	1844.5
518.311	1747.5
518.527	1703.5
518.742	1726.5
518.958	1654.5
519.173	1635.5
519.389	1611.5
519.605	1646.5
519.82	1609.5
520.036	1635.5
520.251	1662.5
520.467	1670.5
520.682	1626.5
520.898	1623.5
521.113	1643.5
521.329	1758.5
521.544	2028.5
521.76	2624.5
521.975	4899.5
522.19	4476.5
522.406	2210.5
522.621	1740.5
522.836	1541.5
523.052	1534.5
523.267	1543.5
523.482	1469.5
523.698	1446.5
523.913	1488.5
524.128	1460.5
524.343	1472.5
524.559	1485.5
524.774	1431.5
524.989	1456.5
525.204	1446.5
525.419	1432.5
525.634	1398.5
525.849	1349.5
526.064	1292.5
526.28	1280.5
526.495	1248.5
526.71	1216.5
526.925	1203.5
527.14	1187.5
527.355	1192.5
527.57	1216.5
527.785	1207.5
527.999	1219.5
528.214	1265.5
528.429	1328.5
528.644	1366.5
528.859	1440.5
529.074	1504.5
529.289	1688.5
529.503	1807.5
529.718	1585.5
529.933	1380.5
530.148	1302.5
530.363	1222.5
530.577	1173.5
530.792	1187.5
531.007	1135.5
531.221	1175.5
531.436	1136.5
531.651	1150.5
531.865	1164.5
532.08	1122.5
532.295	1156.5
532.509	1160.5
532.724	1142.5
532.938	1166.5
533.153	1219.5
533.367	1266.5
533.582	1332.5
533.796	1303.5
534.011	1252.5
534.225	1195.5
534.44	1149.5
534.654	1128.5
534.868	1184.5
535.083	1177.5
535.297	1176.5
535.511	1186.5
535.726	1233.5
535.94	1158.5
536.154	1158.5
536.369	1149.5
536.583	1104.5
536.797	1094.5
537.011	1096.5
537.225	1080.5
537.44	1101.5
537.654	1130.5
537.868	1101.5
538.082	1068.5
538.296	1095.5
538.51	1125.5
538.724	1205.5
538.938	1246.5
539.153	1291.5
539.367	1302.5
539.581	1246.5
539.795	1139.5
540.009	1111.5
540.222	1099.5
540.436	1131.5
540.65	1223.5
540.864	1295.5
541.078	1390.5
541.292	1470.5
541.506	1552.5
541.72	1630.5
541.934	1757.5
542.147	1776.5
542.361	1712.5
542.575	1534.5
542.789	1428.5
543.002	1320.5
543.216	1262.5
543.43	1315.5
543.644	1336.5
543.857	1421.5
544.071	1539.5
544.285	1588.5
544.498	1563.5
544.712	1556.5
544.925	1618.5
545.139	1569.5
545.352	1621.5
545.566	1589.5
545.779	1608.5
545.993	1669.5
546.206	1678.5
546.42	1699.5
546.633	1676.5
546.847	1624.5
547.06	1647.5
547.274	1712.5
547.487	1755.5
547.7	1744.5
547.914	1686.5
548.127	1642.5
548.34	1643.5
548.554	1605.5
548.767	1599.5
548.98	1608.5
549.193	1610.5
549.407	1677.5
549.62	1586.5
549.833	1612.5
550.046	1552.5
550.259	1575.5
550.473	1541.5
550.686	1544.5
550.899	1531.5
551.112	1502.5
551.325	1442.5
551.538	1396.5
551.751	1296.5
551.964	1233.5
552.177	1294.5
552.39	1431.5
552.603	1480.5
552.816	1578.5
553.029	1601.5
553.242	1663.5
553.455	1714.5
553.667	1706.5
553.88	1683.5
554.093	1648.5
554.306	1556.5
554.519	1542.5
554.732	1544.5
554.944	1506.5
555.157	1480.5
555.37	1436.5
555.583	1436.5
555.795	1399.5
556.008	1316.5
556.221	1300.5
556.433	1313.5
556.646	1290.5
556.859	1296.5
557.071	1275.5
557.284	1304.5
557.496	1325.5
557.709	1357.5
557.921	1324.5
558.134	1296.5
558.346	1334.5
558.559	1285.5
558.771	1309.5
558.984	1264.5
559.196	1216.5
559.409	1195.5
559.621	1174.5
559.833	1140.5
560.046	1156.5
560.258	1200.5
560.47	1212.5
560.683	1211.5
560.895	1192.5
561.107	1179.5
561.32	1181.5
561.532	1185.5
561.744	1175.5
561.956	1191.5
562.168	1215.5
562.381	1183.5
562.593	1198.5
562.805	1154.5
563.017	1139.5
563.229	1146.5
563.441	1122.5
563.653	1127.5
563.865	1151.5
564.077	1142.5
564.289	1166.5
564.501	1144.5
564.713	1144.5
564.925	1174.5
565.137	1167.5
565.349	1167.5
565.561	1165.5
565.773	1205.5
565.985	1234.5
566.197	1285.5
566.408	1342.5
566.62	1393.5
566.832	1460.5
567.044	1495.5
567.255	1466.5
567.467	1446.5
567.679	1466.5
567.891	1517.5
568.102	1488.5
568.314	1416.5
568.526	1276.5
568.737	1156.5
568.949	1089.5
569.161	990.5
569.372	931.5
569.584	871.5
569.795	888.5
570.007	865.5
570.218	980.5
570.43	960.5
570.641	892.5
570.853	907.5
571.064	912.5
571.276	956.5
571.487	956.5
571.698	931.5
571.91	877.5
572.121	844.5
572.333	856.5
572.544	818.5
572.755	780.5
572.966	736.5
573.178	721.5
573.389	676.5
573.6	704.5
573.811	685.5
574.023	676.5
574.234	707.5
574.445	694.5
574.656	730.5
574.867	752.5
575.078	744.5
575.289	732.5
575.501	731.5
575.712	687.5
575.923	698.5
576.134	693.5
576.345	719.5
576.556	754.5
576.767	741.5
576.978	727.5
577.188	709.5
577.399	670.5
577.61	702.5
577.821	684.5
578.032	698.5
578.243	787.5
578.454	1402.5
578.665	881.5
578.875	654.5
579.086	624.5
579.297	590.5
579.508	590.5
579.718	556.5
579.929	597.5
580.14	597.5
580.35	567.5
580.561	601.5
580.772	610.5
580.982	642.5
581.193	632.5
581.403	628.5
581.614	622.5
581.825	626.5
582.035	615.5
582.246	620.5
582.456	624.5
582.667	618.5
582.877	621.5
583.087	596.5
583.298	599.5
583.508	566.5
583.719	572.5
583.929	566.5
584.139	570.5
584.35	560.5
584.56	547.5
584.77	538.5
584.981	549.5
585.191	574.5
585.401	558.5
585.611	545.5
585.821	554.5
586.032	568.5
586.242	534.5
586.452	547.5
586.662	540.5
586.872	543.5
587.082	530.5
587.292	559.5
587.502	522.5
587.713	536.5
587.923	526.5
588.133	540.5
588.343	528.5
588.553	519.5
588.762	535.5
588.972	518.5
589.182	574.5
589.392	550.5
589.602	547.5
589.812	564.5
590.022	555.5
590.232	535.5
590.441	551.5
590.651	532.5
590.861	549.5
591.071	548.5
591.281	567.5
591.49	538.5
591.7	551.5
591.91	560.5
592.119	574.5
592.329	603.5
592.539	600.5
592.748	640.5
592.958	612.5
593.167	654.5
593.377	646.5
593.587	648.5
593.796	659.5
594.006	647.5
594.215	652.5
594.424	694.5
594.634	678.5
594.843	686.5
595.053	684.5
595.262	631.5
595.472	616.5
595.681	577.5
595.89	562.5
596.1	582.5
596.309	560.5
596.518	596.5
596.727	596.5
596.937	578.5
597.146	593.5
597.355	577.5
597.564	548.5
597.774	540.5
597.983	509.5
598.192	500.5
598.401	483.5
598.61	506.5
598.819	502.5
599.028	525.5
599.237	532.5
599.446	514.5
599.655	512.5
599.864	492.5
600.073	512.5
600.282	514.5
600.491	522.5
600.7	527.5
600.909	563.5
601.118	554.5
601.327	620.5
601.536	668.5
601.745	684.5
601.953	680.5
602.162	704.5
602.371	722.5
602.58	689.5
602.789	700.5
602.997	685.5
603.206	686.5
603.415	672.5
603.623	671.5
603.832	648.5
604.041	646.5
604.249	602.5
604.458	574.5
604.666	518.5
604.875	546.5
605.084	586.5
605.292	659.5
605.501	707.5
605.709	715.5
605.918	736.5
606.126	739.5
606.334	722.5
606.543	742.5
606.751	741.5
606.96	735.5
607.168	739.5
607.376	718.5
607.585	690.5
607.793	713.5
608.001	735.5
608.21	745.5
608.418	729.5
608.626	734.5
608.834	753.5
609.043	741.5
609.251	757.5
609.459	738.5
609.667	738.5
609.875	752.5
610.083	815.5
610.291	791.5
610.499	740.5
610.707	731.5
610.916	789.5
611.124	784.5
611.332	763.5
611.54	747.5
611.748	787.5
611.955	755.5
612.163	754.5
612.371	771.5
612.579	731.5
612.787	764.5
612.995	753.5
613.203	734.5
613.411	733.5
613.618	741.5
613.826	744.5
614.034	724.5
614.242	765.5
614.449	714.5
614.657	735.5
614.865	726.5
615.072	739.5
615.28	738.5
615.488	750.5
615.695	742.5
615.903	742.5
616.111	727.5
616.318	740.5
616.526	734.5
616.733	748.5
616.941	723.5
617.148	736.5
617.356	738.5
617.563	724.5
617.771	679.5
617.978	656.5
618.185	695.5
618.393	706.5
618.6	722.5
618.807	718.5
619.015	753.5
619.222	716.5
619.429	674.5
619.637	639.5
619.844	583.5
620.051	620.5
620.258	656.5
620.466	654.5
620.673	664.5
620.88	645.5
621.087	630.5
621.294	628.5
621.501	573.5
621.708	592.5
621.915	634.5
622.122	666.5
622.329	670.5
622.536	662.5
622.743	682.5
622.95	661.5
623.157	634.5
623.364	670.5
623.571	657.5
623.778	675.5
623.985	652.5
624.192	643.5
624.399	657.5
624.606	636.5
624.812	635.5
625.019	595.5
625.226	582.5
625.433	549.5
625.639	532.5
625.846	494.5
626.053	464.5
626.259	451.5
626.466	436.5
626.673	414.5
626.879	426.5
627.086	464.5
627.293	537.5
627.499	588.5
627.706	580.5
627.912	610.5
628.119	623.5
628.325	606.5
628.532	604.5
628.738	588.5
628.945	564.5
629.151	567.5
629.357	565.5
629.564	554.5
629.77	563.5
629.976	533.5
630.183	485.5
630.389	516.5
630.595	544.5
630.802	574.5
631.008	566.5
631.214	554.5
631.42	505.5
631.627	508.5
631.833	503.5
632.039	515.5
632.245	526.5
632.451	502.5
632.657	535.5
632.863	521.5
633.069	511.5
633.275	497.5
633.481	488.5
633.688	499.5
633.893	482.5
634.099	466.5
634.305	483.5
634.511	459.5
634.717	435.5
634.923	443.5
635.129	413.5
635.335	429.5
635.541	447.5
635.747	458.5
635.952	479.5
636.158	534.5
636.364	567.5
636.57	634.5
636.775	582.5
636.981	550.5
637.187	550.5
637.392	537.5
637.598	533.5
637.804	524.5
638.009	533.5
638.215	531.5
638.421	506.5
638.626	498.5
638.832	482.5
639.037	484.5
639.243	469.5
639.448	468.5
639.654	468.5
639.859	469.5
640.065	459.5
640.27	467.5
640.475	474.5
640.681	465.5
640.886	496.5
641.091	478.5
641.297	485.5
641.502	477.5
641.707	477.5
641.913	471.5
642.118	496.5
642.323	484.5
642.528	473.5
642.733	456.5
642.939	453.5
643.144	452.5
643.349	454.5
643.554	456.5
643.759	461.5
643.964	440.5
644.169	454.5
644.374	461.5
644.579	456.5
644.784	444.5
644.989	472.5
645.194	471.5
645.399	467.5
645.604	455.5
645.809	466.5
646.014	469.5
646.219	452.5
646.423	470.5
646.628	459.5
646.833	456.5
647.038	462.5
647.243	452.5
647.447	446.5
647.652	453.5
647.857	461.5
648.062	448.5
648.266	457.5
648.471	448.5
648.676	452.5
648.88	451.5
649.085	469.5
649.289	471.5
649.494	463.5
649.698	460.5
649.903	464.5
650.107	434.5
650.312	415.5
650.516	416.5
650.721	400.5
650.925	424.5
651.13	410.5
651.334	392.5
651.539	418.5
651.743	398.5
651.947	390.5
652.152	384.5
652.356	372.5
652.56	358.5
652.764	353.5
652.969	364.5
653.173	352.5
653.377	358.5
653.581	335.5
653.785	342.5
653.99	340.5
654.194	318.5
654.398	323.5
654.602	325.5
654.806	322.5
655.01	324.5
655.214	295.5
655.418	286.5
655.622	287.5
655.826	287.5
656.03	299.5
656.234	298.5
656.438	287.5
656.642	261.5
656.846	272.5
657.049	256.5
657.253	256.5
657.457	238.5
657.661	242.5
657.865	227.5
658.068	210.5
658.272	204.5
658.476	216.5
658.68	183.5
658.883	183.5
659.087	195.5
659.291	182.5
659.494	168.5
659.698	164.5
659.901	177.5
660.105	163.5
660.309	141.5
660.512	140.5
660.716	131.5
660.919	130.5
661.123	136.5
661.326	140.5
661.53	140.5
661.733	116.5
661.936	123.5
662.14	114.5
662.343	111.5
662.546	91.5
662.75	89.5
662.953	93.5
663.156	96.5
663.36	100.5
663.563	104.5
663.766	80.5
663.969	97.5
664.173	81.5
664.376	79.5
664.579	83.5
664.782	84.5
664.985	75.5
665.188	87.5
665.391	79.5
665.594	90.5
665.797	88.5
666	72.5
666.203	85.5
666.406	78.5
666.609	96.5
666.812	79.5
667.015	81.5
667.218	84.5
667.421	82.5
667.624	90.5
667.827	68.5
668.03	85.5
668.232	81.5
668.435	76.5
668.638	89.5
668.841	77.5
669.043	73.5
669.246	67.5
669.449	83.5
669.651	86.5
669.854	83.5
670.057	78.5
670.259	85.5
670.462	73.5
670.665	81.5
670.867	82.5
671.07	82.5
671.272	95.5
671.475	91.5
671.677	76.5
671.88	81.5
672.082	70.5
672.284	86.5
672.487	78.5
672.689	86.5
672.892	92.5
