223.165	-4.56
223.4	-4.56
223.635	-4.56
223.869	-17.56
224.104	-9.56
224.338	-4.56
224.573	-16.56
224.808	-24.56
225.042	-18.56
225.277	1.44
225.511	-11.56
225.746	6.44
225.98	-0.56
226.215	13.44
226.449	7.44
226.683	24.44
226.918	15.44
227.152	39.44
227.387	23.44
227.621	35.44
227.856	39.44
228.09	51.44
228.324	50.44
228.559	64.44
228.793	78.44
229.027	114.44
229.262	129.44
229.496	148.44
229.73	168.44
229.964	179.44
230.199	156.44
230.433	144.44
230.667	153.44
230.901	140.44
231.136	123.44
231.37	124.44
231.604	151.44
231.838	142.44
232.072	131.44
232.306	150.44
232.541	138.44
232.775	133.44
233.009	148.44
233.243	155.44
233.477	142.44
233.711	138.44
233.945	142.44
234.179	144.44
234.413	150.44
234.647	129.44
234.881	150.44
235.115	151.44
235.349	147.44
235.583	158.44
235.817	136.44
236.051	153.44
236.285	162.44
236.519	172.44
236.753	163.44
236.987	180.44
237.221	209.44
237.455	278.44
237.689	207.44
237.922	187.44
238.156	175.44
238.39	186.44
238.624	163.44
238.858	150.44
239.091	158.44
239.325	155.44
239.559	179.44
239.793	186.44
240.027	186.44
240.26	178.44
240.494	203.44
240.728	199.44
240.961	194.44
241.195	185.44
241.429	175.44
241.662	180.44
241.896	179.44
242.13	176.44
242.363	159.44
242.597	183.44
242.83	204.44
243.064	182.44
243.298	181.44
243.531	182.44
243.765	191.44
243.998	191.44
244.232	198.44
244.465	206.44
244.699	206.44
244.932	200.44
245.166	207.44
245.399	186.44
245.633	196.44
245.866	193.44
246.099	205.44
246.333	199.44
246.566	217.44
246.8	198.44
247.033	211.44
247.266	200.44
247.5	208.44
247.733	230.44
247.966	221.44
248.2	246.44
248.433	221.44
248.666	230.44
248.899	237.44
249.133	247.44
249.366	253.44
249.599	246.44
249.832	238.44
250.066	259.44
250.299	236.44
250.532	243.44
250.765	277.44
250.998	266.44
251.231	279.44
251.465	284.44
251.698	268.44
251.931	270.44
252.164	283.44
252.397	268.44
252.63	281.44
252.863	276.44
253.096	292.44
253.329	283.44
253.562	272.44
253.795	286.44
254.028	284.44
254.261	290.44
254.494	292.44
254.727	303.44
254.96	321.44
255.193	326.44
255.426	298.44
255.659	282.44
255.892	282.44
256.124	296.44
256.357	299.44
256.59	284.44
256.823	282.44
257.056	290.44
257.289	282.44
257.521	293.44
257.754	277.44
257.987	282.44
258.22	289.44
258.452	277.44
258.685	282.44
258.918	301.44
259.151	284.44
259.383	303.44
259.616	302.44
259.849	308.44
260.081	311.44
260.314	319.44
260.547	333.44
260.779	341.44
261.012	333.44
261.244	314.44
261.477	315.44
261.71	319.44
261.942	318.44
262.175	332.44
262.407	322.44
262.64	308.44
262.872	317.44
263.105	281.44
263.337	304.44
263.57	302.44
263.802	305.44
264.035	291.44
264.267	311.44
264.499	308.44
264.732	322.44
264.964	320.44
265.197	326.44
265.429	322.44
265.661	323.44
265.894	314.44
266.126	324.44
266.358	336.44
266.591	312.44
266.823	318.44
267.055	334.44
267.287	335.44
267.52	339.44
267.752	327.44
267.984	330.44
268.216	344.44
268.448	331.44
268.681	341.44
268.913	346.44
269.145	370.44
269.377	382.44
269.609	391.44
269.841	372.44
270.073	360.44
270.306	380.44
270.538	401.44
270.77	411.44
271.002	404.44
271.234	387.44
271.466	426.44
271.698	410.44
271.93	419.44
272.162	419.44
272.394	416.44
272.626	403.44
272.858	395.44
273.09	395.44
273.322	398.44
273.553	400.44
273.785	384.44
274.017	371.44
274.249	362.44
274.481	391.44
274.713	406.44
274.945	382.44
275.176	396.44
275.408	402.44
275.64	410.44
275.872	397.44
276.104	385.44
276.335	402.44
276.567	398.44
276.799	413.44
277.031	453.44
277.262	444.44
277.494	423.44
277.726	423.44
277.957	409.44
278.189	386.44
278.421	405.44
278.652	410.44
278.884	422.44
279.115	426.44
279.347	423.44
279.579	403.44
279.81	398.44
280.042	406.44
280.273	422.44
280.505	396.44
280.736	418.44
280.968	416.44
281.199	408.44
281.431	416.44
281.662	407.44
281.894	399.44
282.125	413.44
282.356	420.44
282.588	449.44
282.819	455.44
283.051	443.44
283.282	416.44
283.513	420.44
283.745	416.44
283.976	452.44
284.207	440.44
284.439	424.44
284.67	437.44
284.901	442.44
285.132	458.44
285.364	427.44
285.595	432.44
285.826	449.44
286.057	436.44
286.288	462.44
286.52	448.44
286.751	442.44
286.982	435.44
287.213	457.44
287.444	458.44
287.675	472.44
287.906	468.44
288.138	465.44
288.369	485.44
288.6	469.44
288.831	456.44
289.062	474.44
289.293	450.44
289.524	464.44
289.755	453.44
289.986	465.44
290.217	446.44
290.448	466.44
290.679	471.44
290.91	485.44
291.141	459.44
291.371	453.44
291.602	476.44
291.833	482.44
292.064	462.44
292.295	466.44
292.526	469.44
292.757	480.44
292.987	477.44
293.218	467.44
293.449	488.44
293.68	483.44
293.91	478.44
294.141	467.44
294.372	462.44
294.603	487.44
294.833	490.44
295.064	502.44
295.295	485.44
295.525	482.44
295.756	481.44
295.987	522.44
296.217	529.44
296.448	529.44
296.679	509.44
296.909	513.44
297.14	500.44
297.37	502.44
297.601	505.44
297.831	499.44
298.062	508.44
298.292	526.44
298.523	531.44
298.753	510.44
298.984	534.44
299.214	532.44
299.445	534.44
299.675	512.44
299.905	538.44
300.136	543.44
300.366	532.44
300.597	532.44
300.827	544.44
301.057	560.44
301.288	562.44
301.518	558.44
301.748	560.44
301.979	556.44
302.209	582.44
302.439	569.44
302.669	568.44
302.9	565.44
303.13	564.44
303.36	559.44
303.59	566.44
303.82	571.44
304.051	549.44
304.281	570.44
304.511	570.44
304.741	552.44
304.971	550.44
305.201	577.44
305.431	554.44
305.661	556.44
305.891	531.44
306.121	562.44
306.352	575.44
306.582	576.44
306.812	588.44
307.042	573.44
307.272	558.44
307.502	558.44
307.731	567.44
307.961	564.44
308.191	568.44
308.421	542.44
308.651	554.44
308.881	572.44
309.111	568.44
309.341	571.44
309.571	589.44
309.8	582.44
310.03	603.44
310.26	592.44
310.49	583.44
310.72	634.44
310.949	626.44
311.179	636.44
311.409	612.44
311.639	601.44
311.868	625.44
312.098	629.44
312.328	609.44
312.557	658.44
312.787	669.44
313.017	649.44
313.246	645.44
313.476	652.44
313.706	639.44
313.935	655.44
314.165	656.44
314.394	676.44
314.624	682.44
314.853	658.44
315.083	638.44
315.312	633.44
315.542	649.44
315.771	630.44
316.001	635.44
316.23	640.44
316.46	656.44
316.689	628.44
316.919	670.44
317.148	655.44
317.377	639.44
317.607	634.44
317.836	652.44
318.065	661.44
318.295	654.44
318.524	634.44
318.753	675.44
318.983	674.44
319.212	663.44
319.441	643.44
319.67	668.44
319.9	668.44
320.129	659.44
320.358	664.44
320.587	661.44
320.816	672.44
321.046	679.44
321.275	671.44
321.504	668.44
321.733	679.44
321.962	678.44
322.191	708.44
322.42	712.44
322.649	721.44
322.878	759.44
323.108	764.44
323.337	789.44
323.566	794.44
323.795	849.44
324.024	888.44
324.253	1038.44
324.482	1401.44
324.71	2110.44
324.939	2846.44
325.168	2348.44
325.397	1314.44
325.626	1034.44
325.855	923.44
326.084	883.44
326.313	858.44
326.542	852.44
326.77	920.44
326.999	1033.44
327.228	1347.44
327.457	2006.44
327.686	2270.44
327.914	1462.44
328.143	1102.44
328.372	996.44
328.6	922.44
328.829	893.44
329.058	920.44
329.287	906.44
329.515	863.44
329.744	818.44
329.972	822.44
330.201	843.44
330.43	883.44
330.658	905.44
330.887	927.44
331.115	949.44
331.344	873.44
331.572	868.44
331.801	885.44
332.03	878.44
332.258	870.44
332.486	876.44
332.715	878.44
332.943	909.44
333.172	902.44
333.4	926.44
333.629	950.44
333.857	966.44
334.085	948.44
334.314	935.44
334.542	939.44
334.771	951.44
334.999	935.44
335.227	906.44
335.455	905.44
335.684	910.44
335.912	896.44
336.14	892.44
336.369	887.44
336.597	887.44
336.825	883.44
337.053	868.44
337.281	868.44
337.51	845.44
337.738	836.44
337.966	842.44
338.194	847.44
338.422	823.44
338.65	811.44
338.878	832.44
339.106	808.44
339.334	844.44
339.562	824.44
339.79	812.44
340.018	805.44
340.246	808.44
340.474	781.44
340.702	814.44
340.93	775.44
341.158	808.44
341.386	818.44
341.614	834.44
341.842	819.44
342.07	796.44
342.298	762.44
342.526	774.44
342.754	773.44
342.981	778.44
343.209	787.44
343.437	836.44
343.665	882.44
343.893	897.44
344.12	935.44
344.348	913.44
344.576	876.44
344.804	851.44
345.031	837.44
345.259	823.44
345.487	833.44
345.714	811.44
345.942	758.44
346.17	788.44
346.397	791.44
346.625	778.44
346.853	782.44
347.08	788.44
347.308	759.44
347.535	860.44
347.763	823.44
347.99	797.44
348.218	793.44
348.445	802.44
348.673	792.44
348.9	804.44
349.128	799.44
349.355	782.44
349.583	790.44
349.81	782.44
350.037	769.44
350.265	753.44
350.492	755.44
350.72	792.44
350.947	768.44
351.174	775.44
351.402	803.44
351.629	792.44
351.856	790.44
352.083	803.44
352.311	787.44
352.538	773.44
352.765	799.44
352.992	811.44
353.22	790.44
353.447	798.44
353.674	776.44
353.901	761.44
354.128	756.44
354.355	741.44
354.583	770.44
354.81	773.44
355.037	776.44
355.264	742.44
355.491	764.44
355.718	782.44
355.945	766.44
356.172	766.44
356.399	784.44
356.626	756.44
356.853	771.44
357.08	776.44
357.307	748.44
357.534	750.44
357.761	779.44
357.988	771.44
358.215	768.44
358.441	772.44
358.668	791.44
358.895	811.44
359.122	784.44
359.349	794.44
359.576	807.44
359.802	835.44
360.029	868.44
360.256	899.44
360.483	859.44
360.709	799.44
360.936	820.44
361.163	814.44
361.39	816.44
361.616	815.44
361.843	806.44
362.07	812.44
362.296	819.44
362.523	801.44
362.749	817.44
362.976	807.44
363.203	783.44
363.429	789.44
363.656	786.44
363.882	802.44
364.109	806.44
364.335	791.44
364.562	787.44
364.788	795.44
365.015	818.44
365.241	790.44
365.468	800.44
365.694	789.44
365.92	810.44
366.147	816.44
366.373	829.44
366.599	822.44
366.826	814.44
367.052	812.44
367.278	792.44
367.505	807.44
367.731	816.44
367.957	814.44
368.184	813.44
368.41	819.44
368.636	816.44
368.862	860.44
369.089	846.44
369.315	851.44
369.541	862.44
369.767	855.44
369.993	823.44
370.219	859.44
370.445	870.44
370.672	864.44
370.898	853.44
371.124	847.44
371.35	871.44
371.576	861.44
371.802	891.44
372.028	867.44
372.254	886.44
372.48	886.44
372.706	893.44
372.932	930.44
373.158	915.44
373.384	912.44
373.61	881.44
373.835	875.44
374.061	899.44
374.287	901.44
374.513	908.44
374.739	948.44
374.965	959.44
375.191	954.44
375.416	956.44
375.642	927.44
375.868	950.44
376.094	895.44
376.319	918.44
376.545	888.44
376.771	884.44
376.997	923.44
377.222	887.44
377.448	914.44
377.674	918.44
377.899	898.44
378.125	898.44
378.35	879.44
378.576	899.44
378.802	897.44
379.027	888.44
379.253	896.44
379.478	904.44
379.704	905.44
379.929	884.44
380.155	912.44
380.38	873.44
380.606	887.44
380.831	890.44
381.057	917.44
381.282	934.44
381.507	924.44
381.733	907.44
381.958	939.44
382.184	938.44
382.409	961.44
382.634	965.44
382.86	935.44
383.085	980.44
383.31	983.44
383.535	1018.44
383.761	990.44
383.986	1026.44
384.211	995.44
384.436	1022.44
384.662	1036.44
384.887	1092.44
385.112	1050.44
385.337	1074.44
385.562	1063.44
385.787	1053.44
386.013	1089.44
386.238	1097.44
386.463	1122.44
386.688	1135.44
386.913	1078.44
387.138	1087.44
387.363	1078.44
387.588	1108.44
387.813	1086.44
388.038	1076.44
388.263	1069.44
388.488	1116.44
388.713	1107.44
388.938	1088.44
389.163	1082.44
389.387	1077.44
389.612	1082.44
389.837	1060.44
390.062	1092.44
390.287	1080.44
390.512	1092.44
390.736	1091.44
390.961	1087.44
391.186	1126.44
391.411	1155.44
391.636	1151.44
391.86	1161.44
392.085	1232.44
392.31	1227.44
392.534	1220.44
392.759	1201.44
392.984	1200.44
393.208	1152.44
393.433	1206.44
393.658	1213.44
393.882	1166.44
394.107	1192.44
394.331	1178.44
394.556	1186.44
394.78	1215.44
395.005	1181.44
395.229	1168.44
395.454	1252.44
395.678	1246.44
395.903	1283.44
396.127	1276.44
396.352	1246.44
396.576	1182.44
396.801	1197.44
397.025	1233.44
397.249	1223.44
397.474	1233.44
397.698	1300.44
397.922	1269.44
398.147	1281.44
398.371	1309.44
398.595	1304.44
398.82	1358.44
399.044	1445.44
399.268	1577.44
399.492	1772.44
399.717	1934.44
399.941	1899.44
400.165	1777.44
400.389	1697.44
400.613	1554.44
400.837	1463.44
401.062	1444.44
401.286	1438.44
401.51	1390.44
401.734	1436.44
401.958	1420.44
402.182	1452.44
402.406	1509.44
402.63	1475.44
402.854	1506.44
403.078	1530.44
403.302	1524.44
403.526	1572.44
403.75	1573.44
403.974	1613.44
404.198	1603.44
404.422	1601.44
404.645	1596.44
404.869	1620.44
405.093	1654.44
405.317	1603.44
405.541	1672.44
405.765	1587.44
405.988	1579.44
406.212	1618.44
406.436	1660.44
406.66	1701.44
406.883	1653.44
407.107	1754.44
407.331	1857.44
407.555	1944.44
407.778	1910.44
408.002	1846.44
408.226	1763.44
408.449	1736.44
408.673	1678.44
408.896	1701.44
409.12	1719.44
409.344	1692.44
409.567	1643.44
409.791	1599.44
410.014	1578.44
410.238	1546.44
410.461	1627.44
410.685	1567.44
410.908	1592.44
411.132	1614.44
411.355	1616.44
411.578	1589.44
411.802	1540.44
412.025	1534.44
412.249	1527.44
412.472	1592.44
412.695	1542.44
412.919	1556.44
413.142	1512.44
413.365	1501.44
413.589	1501.44
413.812	1510.44
414.035	1423.44
414.258	1463.44
414.482	1478.44
414.705	1487.44
414.928	1477.44
415.151	1503.44
415.374	1489.44
415.597	1492.44
415.821	1474.44
416.044	1464.44
416.267	1424.44
416.49	1484.44
416.713	1469.44
416.936	1477.44
417.159	1510.44
417.382	1481.44
417.605	1454.44
417.828	1494.44
418.051	1554.44
418.274	1520.44
418.497	1500.44
418.72	1536.44
418.943	1530.44
419.166	1623.44
419.389	1695.44
419.611	1675.44
419.834	1631.44
420.057	1629.44
420.28	1554.44
420.503	1521.44
420.726	1528.44
420.948	1547.44
421.171	1611.44
421.394	1644.44
421.617	1582.44
421.839	1626.44
422.062	1583.44
422.285	1567.44
422.507	1629.44
422.73	1771.44
422.953	1673.44
423.175	1620.44
423.398	1642.44
423.621	1615.44
423.843	1684.44
424.066	1678.44
424.288	1726.44
424.511	1687.44
424.733	1743.44
424.956	1863.44
425.178	1811.44
425.401	1752.44
425.623	1767.44
425.846	1636.44
426.068	1570.44
426.291	1536.44
426.513	1560.44
426.735	1537.44
426.958	1581.44
427.18	1676.44
427.402	1862.44
427.625	1948.44
427.847	1774.44
428.069	1634.44
428.292	1557.44
428.514	1504.44
428.736	1490.44
428.958	1454.44
429.181	1432.44
429.403	1412.44
429.625	1406.44
429.847	1485.44
430.069	1546.44
430.292	1586.44
430.514	1460.44
430.736	1415.44
430.958	1443.44
431.18	1397.44
431.402	1394.44
431.624	1338.44
431.846	1322.44
432.068	1250.44
432.29	1283.44
432.512	1295.44
432.734	1423.44
432.956	1464.44
433.178	1456.44
433.4	1476.44
433.622	1459.44
433.844	1466.44
434.066	1397.44
434.287	1321.44
434.509	1331.44
434.731	1368.44
434.953	1492.44
435.175	1540.44
435.397	1536.44
435.618	1476.44
435.84	1475.44
436.062	1579.44
436.284	1639.44
436.505	1542.44
436.727	1542.44
436.949	1509.44
437.17	1408.44
437.392	1426.44
437.614	1382.44
437.835	1336.44
438.057	1499.44
438.278	1629.44
438.5	1663.44
438.721	1782.44
438.943	1796.44
439.165	1574.44
439.386	1557.44
439.608	1589.44
439.829	1573.44
440.05	1606.44
440.272	1684.44
440.493	1603.44
440.715	1570.44
440.936	1560.44
441.158	1612.44
441.379	1602.44
441.6	1684.44
441.822	1686.44
442.043	1728.44
442.264	1772.44
442.486	1819.44
442.707	1712.44
442.928	1658.44
443.149	1689.44
443.371	1677.44
443.592	1727.44
443.813	1819.44
444.034	1909.44
444.255	1793.44
444.476	1756.44
444.698	1835.44
444.919	1839.44
445.14	1904.44
445.361	1819.44
445.582	1753.44
445.803	1766.44
446.024	1897.44
446.245	1880.44
446.466	1780.44
446.687	1656.44
446.908	1673.44
447.129	1578.44
447.35	1528.44
447.571	1554.44
447.792	1514.44
448.013	1518.44
448.234	1490.44
448.455	1559.44
448.675	1702.44
448.896	1820.44
449.117	1601.44
449.338	1615.44
449.559	1720.44
449.779	1846.44
450	1579.44
450.221	1473.44
450.442	1415.44
450.662	1413.44
450.883	1439.44
451.104	1440.44
451.324	1404.44
451.545	1394.44
451.766	1363.44
451.986	1332.44
452.207	1323.44
452.428	1291.44
452.648	1273.44
452.869	1252.44
453.089	1228.44
453.31	1255.44
453.53	1167.44
453.751	1132.44
453.971	1165.44
454.192	1239.44
454.412	1216.44
454.633	1233.44
454.853	1218.44
455.073	1244.44
455.294	1230.44
455.514	1317.44
455.734	1292.44
455.955	1158.44
456.175	1138.44
456.395	1087.44
456.616	1105.44
456.836	1117.44
457.056	1141.44
457.276	1077.44
457.497	1104.44
457.717	1078.44
457.937	1142.44
458.157	1127.44
458.377	1159.44
458.598	1122.44
458.818	1218.44
459.038	1340.44
459.258	1282.44
459.478	1213.44
459.698	1233.44
459.918	1254.44
460.138	1348.44
460.358	1411.44
460.578	1420.44
460.798	1433.44
461.018	1506.44
461.238	1450.44
461.458	1444.44
461.678	1447.44
461.898	1440.44
462.118	1439.44
462.338	1519.44
462.558	1518.44
462.777	1596.44
462.997	1676.44
463.217	1784.44
463.437	1788.44
463.657	1672.44
463.876	1597.44
464.096	1596.44
464.316	1588.44
464.536	1621.44
464.755	1597.44
464.975	1542.44
465.195	1603.44
465.414	1635.44
465.634	1486.44
465.854	1387.44
466.073	1373.44
466.293	1364.44
466.512	1329.44
466.732	1361.44
466.951	1356.44
467.171	1335.44
467.391	1370.44
467.61	1399.44
467.829	1389.44
468.049	1378.44
468.268	1352.44
468.488	1367.44
468.707	1314.44
468.927	1335.44
469.146	1322.44
469.365	1348.44
469.585	1351.44
469.804	1386.44
470.023	1454.44
470.243	1505.44
470.462	1546.44
470.681	1528.44
470.901	1479.44
471.12	1461.44
471.339	1471.44
471.558	1436.44
471.777	1377.44
471.997	1353.44
472.216	1288.44
472.435	1238.44
472.654	1188.44
472.873	1159.44
473.092	1210.44
473.311	1222.44
473.53	1258.44
473.749	1297.44
473.968	1300.44
474.187	1371.44
474.406	1376.44
474.625	1280.44
474.844	1295.44
475.063	1299.44
475.282	1264.44
475.501	1238.44
475.72	1210.44
475.939	1262.44
476.158	1293.44
476.377	1311.44
476.596	1259.44
476.814	1267.44
477.033	1238.44
477.252	1299.44
477.471	1361.44
477.69	1424.44
477.908	1490.44
478.127	1507.44
478.346	1534.44
478.564	1534.44
478.783	1521.44
479.002	1571.44
479.22	1572.44
479.439	1603.44
479.658	1502.44
479.876	1450.44
480.095	1454.44
480.313	1539.44
480.532	1598.44
480.751	1507.44
480.969	1430.44
481.188	1350.44
481.406	1386.44
481.624	1296.44
481.843	1272.44
482.061	1331.44
482.28	1368.44
482.498	1323.44
482.717	1348.44
482.935	1387.44
483.153	1526.44
483.372	1568.44
483.59	1579.44
483.808	1488.44
484.027	1428.44
484.245	1467.44
484.463	1517.44
484.681	1580.44
484.9	1482.44
485.118	1546.44
485.336	1459.44
485.554	1394.44
485.772	1374.44
485.99	1359.44
486.209	1408.44
486.427	1434.44
486.645	1489.44
486.863	1644.44
487.081	1620.44
487.299	1540.44
487.517	1621.44
487.735	1743.44
487.953	1854.44
488.171	1865.44
488.389	1743.44
488.607	1676.44
488.825	1569.44
489.043	1506.44
489.261	1548.44
489.479	1572.44
489.696	1594.44
489.914	1593.44
490.132	1651.44
490.35	1698.44
490.568	1786.44
490.786	1881.44
491.003	1895.44
491.221	1995.44
491.439	2016.44
491.657	2054.44
491.874	2120.44
492.092	2298.44
492.31	2376.44
492.527	2340.44
492.745	2172.44
492.963	2093.44
493.18	2054.44
493.398	2075.44
493.615	2071.44
493.833	2068.44
494.05	2026.44
494.268	1996.44
494.485	2020.44
494.703	2001.44
494.92	2011.44
495.138	2030.44
495.355	2005.44
495.573	2026.44
495.79	2004.44
496.008	1983.44
496.225	1991.44
496.442	2020.44
496.66	1975.44
496.877	2000.44
497.094	2006.44
497.312	2039.44
497.529	2021.44
497.746	1959.44
497.963	1971.44
498.181	1983.44
498.398	1973.44
498.615	1995.44
498.832	2086.44
499.049	2218.44
499.267	2385.44
499.484	2580.44
499.701	2771.44
499.918	3070.44
500.135	3362.44
500.352	3712.44
500.569	3810.44
500.786	3796.44
501.003	3586.44
501.22	3294.44
501.437	2980.44
501.654	2728.44
501.871	2570.44
502.088	2389.44
502.305	2255.44
502.522	2155.44
502.739	2095.44
502.956	1997.44
503.172	1948.44
503.389	1878.44
503.606	1850.44
503.823	1794.44
504.04	1759.44
504.256	1754.44
504.473	1815.44
504.69	1861.44
504.907	1806.44
505.123	1716.44
505.34	1657.44
505.557	1623.44
505.773	1592.44
505.99	1562.44
506.207	1550.44
506.423	1587.44
506.64	1536.44
506.856	1540.44
507.073	1496.44
507.289	1470.44
507.506	1490.44
507.722	1476.44
507.939	1486.44
508.155	1458.44
508.372	1404.44
508.588	1366.44
508.805	1377.44
509.021	1355.44
509.238	1348.44
509.454	1344.44
509.67	1312.44
509.887	1296.44
510.103	1303.44
510.319	1312.44
510.536	1539.44
510.752	2751.44
510.968	1938.44
511.184	1298.44
511.401	1224.44
511.617	1234.44
511.833	1220.44
512.049	1228.44
512.265	1221.44
512.481	1234.44
512.698	1266.44
512.914	1265.44
513.13	1224.44
513.346	1219.44
513.562	1249.44
513.778	1263.44
513.994	1237.44
514.21	1236.44
514.426	1294.44
514.642	1366.44
514.858	1371.44
515.074	1418.44
515.29	1704.44
515.506	2716.44
515.721	2126.44
515.937	1474.44
516.153	1391.44
516.369	1349.44
516.585	1386.44
516.801	1381.44
517.016	1432.44
517.232	1490.44
517.448	1509.44
517.664	1581.44
517.879	1638.44
518.095	1596.44
518.311	1532.44
518.527	1487.44
518.742	1470.44
518.958	1440.44
519.173	1443.44
519.389	1441.44
519.605	1378.44
519.82	1393.44
520.036	1378.44
520.251	1371.44
520.467	1380.44
520.682	1312.44
520.898	1327.44
521.113	1350.44
521.329	1330.44
521.544	1505.44
521.76	1905.44
521.975	3538.44
522.19	3206.44
522.406	1704.44
522.621	1377.44
522.836	1300.44
523.052	1280.44
523.267	1239.44
523.482	1235.44
523.698	1237.44
523.913	1236.44
524.128	1268.44
524.343	1288.44
524.559	1254.44
524.774	1233.44
524.989	1231.44
525.204	1260.44
525.419	1243.44
525.634	1192.44
525.849	1168.44
526.064	1145.44
526.28	1080.44
526.495	1080.44
526.71	1028.44
526.925	1042.44
527.14	1031.44
527.355	1018.44
527.57	1051.44
527.785	1036.44
527.999	1042.44
528.214	1093.44
528.429	1182.44
528.644	1220.44
528.859	1267.44
529.074	1374.44
529.289	1476.44
529.503	1579.44
529.718	1391.44
529.933	1216.44
530.148	1114.44
530.363	1095.44
530.577	1031.44
530.792	1041.44
531.007	1003.44
531.221	1013.44
531.436	1030.44
531.651	1009.44
531.865	992.44
532.08	1024.44
532.295	992.44
532.509	1017.44
532.724	1023.44
532.938	1051.44
533.153	1066.44
533.367	1109.44
533.582	1150.44
533.796	1183.44
534.011	1096.44
534.225	1030.44
534.44	986.44
534.654	1006.44
534.868	990.44
535.083	1020.44
535.297	1079.44
535.511	1035.44
535.726	1083.44
535.94	1021.44
536.154	985.44
536.369	952.44
536.583	962.44
536.797	962.44
537.011	935.44
537.225	928.44
537.44	959.44
537.654	965.44
537.868	931.44
538.082	941.44
538.296	977.44
538.51	1009.44
538.724	1082.44
538.938	1147.44
539.153	1126.44
539.367	1129.44
539.581	1102.44
539.795	1008.44
540.009	960.44
540.222	952.44
540.436	1022.44
540.65	1068.44
540.864	1156.44
541.078	1281.44
541.292	1359.44
541.506	1414.44
541.72	1493.44
541.934	1613.44
542.147	1696.44
542.361	1571.44
542.575	1422.44
542.789	1284.44
543.002	1186.44
543.216	1152.44
543.43	1159.44
543.644	1173.44
543.857	1297.44
544.071	1395.44
544.285	1456.44
544.498	1438.44
544.712	1444.44
544.925	1434.44
545.139	1466.44
545.352	1502.44
545.566	1536.44
545.779	1427.44
545.993	1550.44
546.206	1572.44
546.42	1548.44
546.633	1527.44
546.847	1520.44
547.06	1539.44
547.274	1567.44
547.487	1613.44
547.7	1596.44
547.914	1550.44
548.127	1514.44
548.34	1527.44
548.554	1543.44
548.767	1494.44
548.98	1498.44
549.193	1493.44
549.407	1472.44
549.62	1510.44
549.833	1535.44
550.046	1484.44
550.259	1458.44
550.473	1404.44
550.686	1453.44
550.899	1372.44
551.112	1402.44
551.325	1323.44
551.538	1262.44
551.751	1164.44
551.964	1110.44
552.177	1230.44
552.39	1327.44
552.603	1395.44
552.816	1431.44
553.029	1514.44
553.242	1562.44
553.455	1579.44
553.667	1598.44
553.88	1546.44
554.093	1530.44
554.306	1456.44
554.519	1429.44
554.732	1418.44
554.944	1357.44
555.157	1328.44
555.37	1301.44
555.583	1340.44
555.795	1286.44
556.008	1219.44
556.221	1171.44
556.433	1179.44
556.646	1194.44
556.859	1223.44
557.071	1211.44
557.284	1214.44
557.496	1238.44
557.709	1229.44
557.921	1198.44
558.134	1207.44
558.346	1209.44
558.559	1180.44
558.771	1168.44
558.984	1146.44
559.196	1124.44
559.409	1116.44
559.621	1117.44
559.833	1052.44
560.046	1087.44
560.258	1119.44
560.47	1127.44
560.683	1141.44
560.895	1114.44
561.107	1128.44
561.32	1058.44
561.532	1100.44
561.744	1107.44
561.956	1093.44
562.168	1115.44
562.381	1106.44
562.593	1082.44
562.805	1092.44
563.017	1066.44
563.229	1050.44
563.441	1039.44
563.653	1043.44
563.865	1066.44
564.077	1025.44
564.289	1034.44
564.501	1059.44
564.713	1048.44
564.925	1064.44
565.137	1082.44
565.349	1076.44
565.561	1072.44
565.773	1105.44
565.985	1141.44
566.197	1181.44
566.408	1232.44
566.62	1316.44
566.832	1392.44
567.044	1408.44
567.255	1379.44
567.467	1350.44
567.679	1414.44
567.891	1439.44
568.102	1458.44
568.314	1311.44
568.526	1177.44
568.737	1073.44
568.949	963.44
569.161	874.44
569.372	850.44
569.584	844.44
569.795	807.44
570.007	794.44
570.218	896.44
570.43	862.44
570.641	818.44
570.853	869.44
571.064	860.44
571.276	865.44
571.487	856.44
571.698	829.44
571.91	810.44
572.121	786.44
572.333	785.44
572.544	765.44
572.755	713.44
572.966	668.44
573.178	650.44
573.389	634.44
573.6	613.44
573.811	636.44
574.023	625.44
574.234	634.44
574.445	626.44
574.656	626.44
574.867	653.44
575.078	667.44
575.289	670.44
575.501	669.44
575.712	661.44
575.923	650.44
576.134	633.44
576.345	674.44
576.556	710.44
576.767	675.44
576.978	650.44
577.188	636.44
577.399	623.44
577.61	618.44
577.821	608.44
578.032	643.44
578.243	698.44
578.454	1083.44
578.665	766.44
578.875	589.44
579.086	550.44
579.297	541.44
579.508	554.44
579.718	552.44
579.929	556.44
580.14	519.44
580.35	533.44
580.561	551.44
580.772	557.44
580.982	569.44
581.193	575.44
581.403	571.44
581.614	577.44
581.825	568.44
582.035	554.44
582.246	557.44
582.456	530.44
582.667	559.44
582.877	544.44
583.087	538.44
583.298	541.44
583.508	526.44
583.719	524.44
583.929	526.44
584.139	498.44
584.35	496.44
584.56	475.44
584.77	512.44
584.981	519.44
585.191	535.44
585.401	515.44
585.611	510.44
585.821	510.44
586.032	499.44
586.242	493.44
586.452	510.44
586.662	486.44
586.872	503.44
587.082	476.44
587.292	477.44
587.502	507.44
587.713	511.44
587.923	492.44
588.133	490.44
588.343	488.44
588.553	492.44
588.762	470.44
588.972	494.44
589.182	536.44
589.392	512.44
589.602	491.44
589.812	512.44
590.022	510.44
590.232	494.44
590.441	497.44
590.651	494.44
590.861	493.44
591.071	484.44
591.281	522.44
591.49	500.44
591.7	513.44
591.91	523.44
592.119	528.44
592.329	560.44
592.539	564.44
592.748	572.44
592.958	590.44
593.167	599.44
593.377	572.44
593.587	614.44
593.796	597.44
594.006	611.44
594.215	646.44
594.424	638.44
594.634	646.44
594.843	642.44
595.053	638.44
595.262	591.44
595.472	570.44
595.681	562.44
595.89	531.44
596.1	520.44
596.309	536.44
596.518	562.44
596.727	560.44
596.937	563.44
597.146	535.44
597.355	542.44
597.564	507.44
597.774	503.44
597.983	500.44
598.192	466.44
598.401	463.44
598.61	458.44
598.819	476.44
599.028	484.44
599.237	515.44
599.446	500.44
599.655	468.44
599.864	485.44
600.073	477.44
600.282	499.44
600.491	487.44
600.7	500.44
600.909	508.44
601.118	550.44
601.327	581.44
601.536	608.44
601.745	610.44
601.953	638.44
602.162	652.44
602.371	646.44
602.58	660.44
602.789	656.44
602.997	666.44
603.206	645.44
603.415	636.44
603.623	646.44
603.832	635.44
604.041	622.44
604.249	583.44
604.458	538.44
604.666	494.44
604.875	517.44
605.084	550.44
605.292	638.44
605.501	687.44
605.709	704.44
605.918	738.44
606.126	698.44
606.334	718.44
606.543	715.44
606.751	703.44
606.96	701.44
607.168	709.44
607.376	661.44
607.585	685.44
607.793	695.44
608.001	709.44
608.21	720.44
608.418	748.44
608.626	727.44
608.834	690.44
609.043	694.44
609.251	703.44
609.459	730.44
609.667	716.44
609.875	738.44
610.083	741.44
610.291	741.44
610.499	717.44
610.707	731.44
610.916	760.44
611.124	754.44
611.332	750.44
611.54	766.44
611.748	748.44
611.955	774.44
612.163	729.44
612.371	720.44
612.579	737.44
612.787	723.44
612.995	732.44
613.203	737.44
613.411	740.44
613.618	698.44
613.826	696.44
614.034	703.44
614.242	717.44
614.449	695.44
614.657	727.44
614.865	718.44
615.072	723.44
615.28	725.44
615.488	735.44
615.695	716.44
615.903	728.44
616.111	704.44
616.318	730.44
616.526	709.44
616.733	753.44
616.941	757.44
617.148	740.44
617.356	726.44
617.563	690.44
617.771	659.44
617.978	662.44
618.185	699.44
618.393	712.44
618.6	723.44
618.807	708.44
619.015	727.44
619.222	682.44
619.429	673.44
619.637	596.44
619.844	558.44
620.051	586.44
620.258	637.44
620.466	651.44
620.673	636.44
620.88	652.44
621.087	620.44
621.294	612.44
621.501	577.44
621.708	584.44
621.915	606.44
622.122	623.44
622.329	631.44
622.536	673.44
622.743	657.44
622.95	635.44
623.157	625.44
623.364	644.44
623.571	660.44
623.778	662.44
623.985	651.44
624.192	663.44
624.399	650.44
624.606	632.44
624.812	611.44
625.019	585.44
625.226	559.44
625.433	534.44
625.639	528.44
625.846	471.44
626.053	422.44
626.259	427.44
626.466	439.44
626.673	412.44
626.879	412.44
627.086	440.44
627.293	512.44
627.499	550.44
627.706	571.44
627.912	586.44
628.119	604.44
628.325	595.44
628.532	582.44
628.738	573.44
628.945	530.44
629.151	562.44
629.357	537.44
629.564	527.44
629.77	546.44
629.976	500.44
630.183	486.44
630.389	480.44
630.595	517.44
630.802	572.44
631.008	538.44
631.214	529.44
631.42	514.44
631.627	473.44
631.833	469.44
632.039	485.44
632.245	512.44
632.451	504.44
632.657	548.44
632.863	508.44
633.069	518.44
633.275	497.44
633.481	495.44
633.688	455.44
633.893	472.44
634.099	451.44
634.305	458.44
634.511	462.44
634.717	458.44
634.923	419.44
635.129	397.44
635.335	414.44
635.541	414.44
635.747	444.44
635.952	441.44
636.158	503.44
636.364	499.44
636.57	501.44
636.775	502.44
636.981	520.44
637.187	515.44
637.392	510.44
637.598	498.44
637.804	495.44
638.009	514.44
638.215	496.44
638.421	502.44
638.626	474.44
638.832	467.44
639.037	471.44
639.243	445.44
639.448	450.44
639.654	444.44
639.859	448.44
640.065	472.44
640.27	477.44
640.475	475.44
640.681	479.44
640.886	478.44
641.091	477.44
641.297	462.44
641.502	499.44
641.707	470.44
641.913	478.44
642.118	472.44
642.323	471.44
642.528	472.44
642.733	460.44
642.939	450.44
643.144	430.44
643.349	463.44
643.554	434.44
643.759	449.44
643.964	462.44
644.169	460.44
644.374	452.44
644.579	446.44
644.784	466.44
644.989	444.44
645.194	452.44
645.399	457.44
645.604	476.44
645.809	450.44
646.014	462.44
646.219	445.44
646.423	462.44
646.628	474.44
646.833	452.44
647.038	477.44
647.243	450.44
647.447	437.44
647.652	466.44
647.857	448.44
648.062	464.44
648.266	437.44
648.471	452.44
648.676	470.44
648.88	460.44
649.085	460.44
649.289	442.44
649.494	461.44
649.698	456.44
649.903	447.44
650.107	433.44
650.312	414.44
650.516	420.44
650.721	422.44
650.925	408.44
651.13	413.44
651.334	405.44
651.539	387.44
651.743	382.44
651.947	386.44
652.152	379.44
652.356	379.44
652.56	372.44
652.764	368.44
652.969	342.44
653.173	355.44
653.377	355.44
653.581	338.44
653.785	317.44
653.99	334.44
654.194	308.44
654.398	312.44
654.602	319.44
654.806	309.44
655.01	312.44
655.214	315.44
655.418	318.44
655.622	291.44
655.826	301.44
656.03	293.44
656.234	293.44
656.438	302.44
656.642	287.44
656.846	287.44
657.049	246.44
657.253	252.44
657.457	234.44
657.661	246.44
657.865	229.44
658.068	214.44
658.272	210.44
658.476	214.44
658.68	202.44
658.883	197.44
659.087	180.44
659.291	175.44
659.494	164.44
659.698	177.44
659.901	182.44
660.105	165.44
660.309	167.44
660.512	155.44
660.716	148.44
660.919	144.44
661.123	128.44
661.326	120.44
661.53	120.44
661.733	121.44
661.936	130.44
662.14	114.44
662.343	101.44
662.546	113.44
662.75	98.44
662.953	93.44
663.156	101.44
663.36	98.44
663.563	91.44
663.766	83.44
663.969	90.44
664.173	102.44
664.376	95.44
664.579	96.44
664.782	75.44
664.985	73.44
665.188	95.44
665.391	76.44
665.594	82.44
665.797	89.44
666	68.44
666.203	79.44
666.406	81.44
666.609	63.44
666.812	79.44
667.015	86.44
667.218	95.44
667.421	74.44
667.624	95.44
667.827	64.44
668.03	71.44
668.232	80.44
668.435	69.44
668.638	86.44
668.841	87.44
669.043	83.44
669.246	98.44
669.449	81.44
669.651	91.44
669.854	76.44
670.057	88.44
670.259	94.44
670.462	94.44
670.665	78.44
670.867	82.44
671.07	84.44
671.272	88.44
671.475	81.44
671.677	76.44
671.88	89.44
672.082	75.44
672.284	87.44
672.487	90.44
672.689	84.44
672.892	95.44
