223.165	-1.38
223.4	-1.38
223.635	-1.38
223.869	-32.38
224.104	-7.38
224.338	-21.38
224.573	-5.38
224.808	-5.38
225.042	-11.38
225.277	-2.38
225.511	-3.38
225.746	-8.38
225.98	-3.38
226.215	11.62
226.449	17.62
226.683	11.62
226.918	26.62
227.152	34.62
227.387	37.62
227.621	29.62
227.856	37.62
228.09	43.62
228.324	50.62
228.559	62.62
228.793	83.62
229.027	136.62
229.262	152.62
229.496	160.62
229.73	207.62
229.964	214.62
230.199	156.62
230.433	159.62
230.667	162.62
230.901	156.62
231.136	145.62
231.37	147.62
231.604	158.62
231.838	146.62
232.072	158.62
232.306	158.62
232.541	163.62
232.775	155.62
233.009	154.62
233.243	158.62
233.477	170.62
233.711	152.62
233.945	141.62
234.179	159.62
234.413	180.62
234.647	172.62
234.881	152.62
235.115	148.62
235.349	158.62
235.583	175.62
235.817	179.62
236.051	179.62
236.285	186.62
236.519	165.62
236.753	182.62
236.987	199.62
237.221	247.62
237.455	306.62
237.689	242.62
237.922	203.62
238.156	194.62
238.39	192.62
238.624	180.62
238.858	203.62
239.091	181.62
239.325	192.62
239.559	174.62
239.793	197.62
240.027	198.62
240.26	193.62
240.494	218.62
240.728	216.62
240.961	216.62
241.195	210.62
241.429	211.62
241.662	209.62
241.896	196.62
242.13	199.62
242.363	208.62
242.597	204.62
242.83	195.62
243.064	214.62
243.298	217.62
243.531	228.62
243.765	213.62
243.998	211.62
244.232	211.62
244.465	222.62
244.699	226.62
244.932	219.62
245.166	246.62
245.399	246.62
245.633	231.62
245.866	239.62
246.099	226.62
246.333	238.62
246.566	234.62
246.8	228.62
247.033	256.62
247.266	252.62
247.5	246.62
247.733	261.62
247.966	279.62
248.2	262.62
248.433	268.62
248.666	269.62
248.899	299.62
249.133	298.62
249.366	300.62
249.599	309.62
249.832	303.62
250.066	285.62
250.299	320.62
250.532	379.62
250.765	410.62
250.998	389.62
251.231	355.62
251.465	355.62
251.698	324.62
251.931	326.62
252.164	310.62
252.397	320.62
252.63	333.62
252.863	321.62
253.096	344.62
253.329	338.62
253.562	354.62
253.795	343.62
254.028	333.62
254.261	333.62
254.494	347.62
254.727	382.62
254.96	396.62
255.193	415.62
255.426	383.62
255.659	416.62
255.892	475.62
256.124	530.62
256.357	557.62
256.59	498.62
256.823	413.62
257.056	406.62
257.289	368.62
257.521	384.62
257.754	376.62
257.987	356.62
258.22	348.62
258.452	349.62
258.685	361.62
258.918	359.62
259.151	350.62
259.383	362.62
259.616	366.62
259.849	370.62
260.081	382.62
260.314	390.62
260.547	379.62
260.779	376.62
261.012	375.62
261.244	355.62
261.477	373.62
261.71	368.62
261.942	395.62
262.175	384.62
262.407	404.62
262.64	368.62
262.872	354.62
263.105	370.62
263.337	362.62
263.57	363.62
263.802	370.62
264.035	349.62
264.267	366.62
264.499	360.62
264.732	372.62
264.964	347.62
265.197	357.62
265.429	373.62
265.661	381.62
265.894	362.62
266.126	388.62
266.358	376.62
266.591	370.62
266.823	368.62
267.055	371.62
267.287	398.62
267.52	366.62
267.752	376.62
267.984	399.62
268.216	387.62
268.448	383.62
268.681	405.62
268.913	423.62
269.145	435.62
269.377	440.62
269.609	446.62
269.841	444.62
270.073	429.62
270.306	440.62
270.538	470.62
270.77	488.62
271.002	455.62
271.234	468.62
271.466	486.62
271.698	481.62
271.93	494.62
272.162	506.62
272.394	495.62
272.626	492.62
272.858	480.62
273.09	454.62
273.322	442.62
273.553	449.62
273.785	439.62
274.017	453.62
274.249	456.62
274.481	462.62
274.713	454.62
274.945	459.62
275.176	447.62
275.408	468.62
275.64	461.62
275.872	480.62
276.104	488.62
276.335	461.62
276.567	495.62
276.799	500.62
277.031	546.62
277.262	564.62
277.494	543.62
277.726	519.62
277.957	496.62
278.189	511.62
278.421	493.62
278.652	492.62
278.884	471.62
279.115	494.62
279.347	498.62
279.579	490.62
279.81	509.62
280.042	510.62
280.273	523.62
280.505	556.62
280.736	509.62
280.968	506.62
281.199	490.62
281.431	501.62
281.662	505.62
281.894	490.62
282.125	518.62
282.356	536.62
282.588	572.62
282.819	584.62
283.051	521.62
283.282	511.62
283.513	527.62
283.745	531.62
283.976	519.62
284.207	523.62
284.439	519.62
284.67	513.62
284.901	517.62
285.132	542.62
285.364	524.62
285.595	506.62
285.826	511.62
286.057	530.62
286.288	518.62
286.52	514.62
286.751	491.62
286.982	540.62
287.213	534.62
287.444	528.62
287.675	532.62
287.906	541.62
288.138	554.62
288.369	555.62
288.6	563.62
288.831	576.62
289.062	552.62
289.293	540.62
289.524	547.62
289.755	512.62
289.986	552.62
290.217	548.62
290.448	532.62
290.679	527.62
290.91	543.62
291.141	555.62
291.371	535.62
291.602	566.62
291.833	541.62
292.064	540.62
292.295	530.62
292.526	534.62
292.757	525.62
292.987	560.62
293.218	545.62
293.449	544.62
293.68	552.62
293.91	563.62
294.141	567.62
294.372	532.62
294.603	549.62
294.833	566.62
295.064	563.62
295.295	566.62
295.525	577.62
295.756	548.62
295.987	565.62
296.217	638.62
296.448	655.62
296.679	614.62
296.909	583.62
297.14	596.62
297.37	600.62
297.601	576.62
297.831	581.62
298.062	592.62
298.292	612.62
298.523	596.62
298.753	607.62
298.984	603.62
299.214	591.62
299.445	621.62
299.675	606.62
299.905	607.62
300.136	608.62
300.366	593.62
300.597	608.62
300.827	641.62
301.057	636.62
301.288	670.62
301.518	658.62
301.748	664.62
301.979	631.62
302.209	675.62
302.439	641.62
302.669	646.62
302.9	643.62
303.13	658.62
303.36	658.62
303.59	680.62
303.82	679.62
304.051	664.62
304.281	666.62
304.511	662.62
304.741	659.62
304.971	659.62
305.201	653.62
305.431	623.62
305.661	653.62
305.891	660.62
306.121	630.62
306.352	666.62
306.582	673.62
306.812	654.62
307.042	648.62
307.272	669.62
307.502	678.62
307.731	690.62
307.961	685.62
308.191	654.62
308.421	688.62
308.651	684.62
308.881	668.62
309.111	684.62
309.341	652.62
309.571	702.62
309.8	689.62
310.03	706.62
310.26	741.62
310.49	732.62
310.72	768.62
310.949	756.62
311.179	772.62
311.409	758.62
311.639	729.62
311.868	750.62
312.098	742.62
312.328	740.62
312.557	780.62
312.787	801.62
313.017	796.62
313.246	760.62
313.476	766.62
313.706	801.62
313.935	778.62
314.165	812.62
314.394	812.62
314.624	794.62
314.853	765.62
315.083	790.62
315.312	777.62
315.542	747.62
315.771	748.62
316.001	744.62
316.23	771.62
316.46	732.62
316.689	755.62
316.919	780.62
317.148	792.62
317.377	799.62
317.607	779.62
317.836	782.62
318.065	770.62
318.295	760.62
318.524	767.62
318.753	805.62
318.983	782.62
319.212	784.62
319.441	788.62
319.67	800.62
319.9	791.62
320.129	823.62
320.358	777.62
320.587	805.62
320.816	816.62
321.046	829.62
321.275	819.62
321.504	820.62
321.733	835.62
321.962	828.62
322.191	847.62
322.42	895.62
322.649	914.62
322.878	922.62
323.108	926.62
323.337	1005.62
323.566	1026.62
323.795	1106.62
324.024	1209.62
324.253	1454.62
324.482	2042.62
324.71	3119.62
324.939	4332.62
325.168	3458.62
325.397	1903.62
325.626	1386.62
325.855	1232.62
326.084	1144.62
326.313	1124.62
326.542	1112.62
326.77	1225.62
326.999	1452.62
327.228	1974.62
327.457	2929.62
327.686	3367.62
327.914	2242.62
328.143	1769.62
328.372	1697.62
328.6	1535.62
328.829	1304.62
329.058	1309.62
329.287	1370.62
329.515	1299.62
329.744	1313.62
329.972	1445.62
330.201	1761.62
330.43	2122.62
330.658	1902.62
330.887	1568.62
331.115	1413.62
331.344	1252.62
331.572	1165.62
331.801	1194.62
332.03	1173.62
332.258	1128.62
332.486	1159.62
332.715	1153.62
332.943	1204.62
333.172	1223.62
333.4	1288.62
333.629	1328.62
333.857	1435.62
334.085	1637.62
334.314	1951.62
334.542	2482.62
334.771	2668.62
334.999	1838.62
335.227	1430.62
335.455	1302.62
335.684	1236.62
335.912	1176.62
336.14	1115.62
336.369	1131.62
336.597	1132.62
336.825	1135.62
337.053	1118.62
337.281	1070.62
337.51	1030.62
337.738	1043.62
337.966	1026.62
338.194	1035.62
338.422	1055.62
338.65	1030.62
338.878	1006.62
339.106	967.62
339.334	988.62
339.562	985.62
339.79	943.62
340.018	987.62
340.246	979.62
340.474	969.62
340.702	966.62
340.93	966.62
341.158	950.62
341.386	959.62
341.614	958.62
341.842	941.62
342.07	923.62
342.298	956.62
342.526	970.62
342.754	958.62
342.981	923.62
343.209	956.62
343.437	958.62
343.665	1005.62
343.893	1033.62
344.12	1084.62
344.348	1056.62
344.576	1005.62
344.804	974.62
345.031	986.62
345.259	1022.62
345.487	972.62
345.714	982.62
345.942	948.62
346.17	952.62
346.397	922.62
346.625	940.62
346.853	920.62
347.08	942.62
347.308	943.62
347.535	942.62
347.763	947.62
347.99	965.62
348.218	936.62
348.445	954.62
348.673	944.62
348.9	959.62
349.128	934.62
349.355	906.62
349.583	901.62
349.81	893.62
350.037	892.62
350.265	912.62
350.492	919.62
350.72	895.62
350.947	905.62
351.174	932.62
351.402	936.62
351.629	974.62
351.856	932.62
352.083	940.62
352.311	949.62
352.538	980.62
352.765	956.62
352.992	933.62
353.22	946.62
353.447	949.62
353.674	914.62
353.901	930.62
354.128	901.62
354.355	904.62
354.583	900.62
354.81	910.62
355.037	905.62
355.264	928.62
355.491	893.62
355.718	881.62
355.945	895.62
356.172	875.62
356.399	903.62
356.626	900.62
356.853	904.62
357.08	879.62
357.307	880.62
357.534	883.62
357.761	892.62
357.988	892.62
358.215	926.62
358.441	898.62
358.668	912.62
358.895	920.62
359.122	919.62
359.349	942.62
359.576	957.62
359.802	1007.62
360.029	1057.62
360.256	1059.62
360.483	1037.62
360.709	974.62
360.936	944.62
361.163	957.62
361.39	973.62
361.616	980.62
361.843	954.62
362.07	974.62
362.296	942.62
362.523	968.62
362.749	957.62
362.976	928.62
363.203	954.62
363.429	938.62
363.656	955.62
363.882	927.62
364.109	872.62
364.335	938.62
364.562	928.62
364.788	934.62
365.015	922.62
365.241	938.62
365.468	946.62
365.694	954.62
365.92	950.62
366.147	948.62
366.373	936.62
366.599	957.62
366.826	926.62
367.052	908.62
367.278	947.62
367.505	946.62
367.731	968.62
367.957	950.62
368.184	962.62
368.41	966.62
368.636	983.62
368.862	1016.62
369.089	992.62
369.315	964.62
369.541	1006.62
369.767	991.62
369.993	987.62
370.219	994.62
370.445	987.62
370.672	967.62
370.898	998.62
371.124	991.62
371.35	1027.62
371.576	1015.62
371.802	997.62
372.028	980.62
372.254	991.62
372.48	985.62
372.706	981.62
372.932	1031.62
373.158	1034.62
373.384	1004.62
373.61	1046.62
373.835	1004.62
374.061	1022.62
374.287	997.62
374.513	1056.62
374.739	1073.62
374.965	1078.62
375.191	1066.62
375.416	1063.62
375.642	1028.62
375.868	1062.62
376.094	1040.62
376.319	1011.62
376.545	1020.62
376.771	1025.62
376.997	1034.62
377.222	1019.62
377.448	1014.62
377.674	1014.62
377.899	988.62
378.125	1009.62
378.35	998.62
378.576	1038.62
378.802	1010.62
379.027	968.62
379.253	999.62
379.478	1008.62
379.704	985.62
379.929	999.62
380.155	1017.62
380.38	1024.62
380.606	1002.62
380.831	1046.62
381.057	1014.62
381.282	1010.62
381.507	1027.62
381.733	1037.62
381.958	1047.62
382.184	1072.62
382.409	1062.62
382.634	1051.62
382.86	1082.62
383.085	1066.62
383.31	1084.62
383.535	1128.62
383.761	1104.62
383.986	1149.62
384.211	1158.62
384.436	1135.62
384.662	1146.62
384.887	1186.62
385.112	1157.62
385.337	1178.62
385.562	1186.62
385.787	1222.62
386.013	1218.62
386.238	1235.62
386.463	1246.62
386.688	1206.62
386.913	1212.62
387.138	1177.62
387.363	1207.62
387.588	1188.62
387.813	1197.62
388.038	1203.62
388.263	1236.62
388.488	1236.62
388.713	1188.62
388.938	1240.62
389.163	1179.62
389.387	1178.62
389.612	1197.62
389.837	1200.62
390.062	1200.62
390.287	1195.62
390.512	1217.62
390.736	1254.62
390.961	1227.62
391.186	1235.62
391.411	1259.62
391.636	1318.62
391.86	1324.62
392.085	1351.62
392.31	1319.62
392.534	1312.62
392.759	1323.62
392.984	1310.62
393.208	1319.62
393.433	1316.62
393.658	1271.62
393.882	1262.62
394.107	1270.62
394.331	1303.62
394.556	1303.62
394.78	1361.62
395.005	1300.62
395.229	1286.62
395.454	1364.62
395.678	1383.62
395.903	1404.62
396.127	1388.62
396.352	1381.62
396.576	1315.62
396.801	1337.62
397.025	1352.62
397.249	1370.62
397.474	1396.62
397.698	1396.62
397.922	1428.62
398.147	1453.62
398.371	1482.62
398.595	1478.62
398.82	1539.62
399.044	1605.62
399.268	1712.62
399.492	1945.62
399.717	2071.62
399.941	2110.62
400.165	1974.62
400.389	1876.62
400.613	1740.62
400.837	1648.62
401.062	1623.62
401.286	1568.62
401.51	1588.62
401.734	1631.62
401.958	1634.62
402.182	1645.62
402.406	1688.62
402.63	1675.62
402.854	1651.62
403.078	1666.62
403.302	1718.62
403.526	1772.62
403.75	1793.62
403.974	1795.62
404.198	1760.62
404.422	1822.62
404.645	1829.62
404.869	1864.62
405.093	1959.62
405.317	2006.62
405.541	2059.62
405.765	1948.62
405.988	1868.62
406.212	1898.62
406.436	1907.62
406.66	1976.62
406.883	1893.62
407.107	1986.62
407.331	2056.62
407.555	2215.62
407.778	2184.62
408.002	2023.62
408.226	1949.62
408.449	1936.62
408.673	1882.62
408.896	1940.62
409.12	1912.62
409.344	1899.62
409.567	1774.62
409.791	1784.62
410.014	1787.62
410.238	1751.62
410.461	1798.62
410.685	1796.62
410.908	1763.62
411.132	1844.62
411.355	1830.62
411.578	1797.62
411.802	1744.62
412.025	1752.62
412.249	1863.62
412.472	1920.62
412.695	2008.62
412.919	1957.62
413.142	1847.62
413.365	1768.62
413.589	1772.62
413.812	1724.62
414.035	1656.62
414.258	1704.62
414.482	1710.62
414.705	1680.62
414.928	1662.62
415.151	1683.62
415.374	1682.62
415.597	1694.62
415.821	1616.62
416.044	1637.62
416.267	1659.62
416.49	1642.62
416.713	1657.62
416.936	1658.62
417.159	1652.62
417.382	1688.62
417.605	1705.62
417.828	1722.62
418.051	1752.62
418.274	1741.62
418.497	1700.62
418.72	1735.62
418.943	1689.62
419.166	1818.62
419.389	1936.62
419.611	1860.62
419.834	1823.62
420.057	1871.62
420.28	1918.62
420.503	1878.62
420.726	1834.62
420.948	1823.62
421.171	1859.62
421.394	1855.62
421.617	1747.62
421.839	1788.62
422.062	1772.62
422.285	1783.62
422.507	1875.62
422.73	1967.62
422.953	1898.62
423.175	1809.62
423.398	1806.62
423.621	1797.62
423.843	1834.62
424.066	1850.62
424.288	1910.62
424.511	1884.62
424.733	1986.62
424.956	2054.62
425.178	2000.62
425.401	1979.62
425.623	2035.62
425.846	1833.62
426.068	1778.62
426.291	1736.62
426.513	1710.62
426.735	1731.62
426.958	1802.62
427.18	1902.62
427.402	2141.62
427.625	2301.62
427.847	2134.62
428.069	1978.62
428.292	1844.62
428.514	1759.62
428.736	1678.62
428.958	1654.62
429.181	1638.62
429.403	1591.62
429.625	1647.62
429.847	1656.62
430.069	1793.62
430.292	1722.62
430.514	1644.62
430.736	1582.62
430.958	1569.62
431.18	1555.62
431.402	1522.62
431.624	1522.62
431.846	1477.62
432.068	1436.62
432.29	1456.62
432.512	1468.62
432.734	1583.62
432.956	1558.62
433.178	1622.62
433.4	1651.62
433.622	1631.62
433.844	1599.62
434.066	1512.62
434.287	1495.62
434.509	1481.62
434.731	1521.62
434.953	1619.62
435.175	1692.62
435.397	1711.62
435.618	1652.62
435.84	1676.62
436.062	1814.62
436.284	1942.62
436.505	1785.62
436.727	1700.62
436.949	1666.62
437.17	1597.62
437.392	1618.62
437.614	1578.62
437.835	1562.62
438.057	1770.62
438.278	1890.62
438.5	1894.62
438.721	2065.62
438.943	2079.62
439.165	1783.62
439.386	1725.62
439.608	1792.62
439.829	1759.62
440.05	1850.62
440.272	1952.62
440.493	1838.62
440.715	1790.62
440.936	1748.62
441.158	1776.62
441.379	1806.62
441.6	1862.62
441.822	1892.62
442.043	1943.62
442.264	2010.62
442.486	2070.62
442.707	1906.62
442.928	1840.62
443.149	1877.62
443.371	1896.62
443.592	1962.62
443.813	2124.62
444.034	2191.62
444.255	1986.62
444.476	1966.62
444.698	1993.62
444.919	2048.62
445.14	2119.62
445.361	2007.62
445.582	1996.62
445.803	2024.62
446.024	2126.62
446.245	2143.62
446.466	2044.62
446.687	1905.62
446.908	1814.62
447.129	1800.62
447.35	1750.62
447.571	1721.62
447.792	1664.62
448.013	1692.62
448.234	1684.62
448.455	1754.62
448.675	1941.62
448.896	2042.62
449.117	1853.62
449.338	1802.62
449.559	1972.62
449.779	2110.62
450	1817.62
450.221	1654.62
450.442	1620.62
450.662	1606.62
450.883	1593.62
451.104	1656.62
451.324	1625.62
451.545	1553.62
451.766	1515.62
451.986	1485.62
452.207	1458.62
452.428	1444.62
452.648	1426.62
452.869	1410.62
453.089	1403.62
453.31	1394.62
453.53	1364.62
453.751	1322.62
453.971	1333.62
454.192	1354.62
454.412	1326.62
454.633	1319.62
454.853	1346.62
455.073	1383.62
455.294	1394.62
455.514	1488.62
455.734	1474.62
455.955	1329.62
456.175	1296.62
456.395	1262.62
456.616	1251.62
456.836	1245.62
457.056	1240.62
457.276	1230.62
457.497	1276.62
457.717	1206.62
457.937	1246.62
458.157	1272.62
458.377	1264.62
458.598	1288.62
458.818	1440.62
459.038	1617.62
459.258	1519.62
459.478	1414.62
459.698	1407.62
459.918	1410.62
460.138	1511.62
460.358	1552.62
460.578	1567.62
460.798	1606.62
461.018	1598.62
461.238	1606.62
461.458	1575.62
461.678	1533.62
461.898	1605.62
462.118	1548.62
462.338	1650.62
462.558	1669.62
462.777	1724.62
462.997	1842.62
463.217	1872.62
463.437	1909.62
463.657	1812.62
463.876	1765.62
464.096	1776.62
464.316	1738.62
464.536	1794.62
464.755	1755.62
464.975	1735.62
465.195	1886.62
465.414	1971.62
465.634	1686.62
465.854	1583.62
466.073	1564.62
466.293	1550.62
466.512	1531.62
466.732	1509.62
466.951	1548.62
467.171	1518.62
467.391	1535.62
467.61	1600.62
467.829	1617.62
468.049	1720.62
468.268	1925.62
468.488	1745.62
468.707	1573.62
468.927	1586.62
469.146	1525.62
469.365	1553.62
469.585	1533.62
469.804	1588.62
470.023	1639.62
470.243	1662.62
470.462	1654.62
470.681	1714.62
470.901	1712.62
471.12	1652.62
471.339	1602.62
471.558	1594.62
471.777	1640.62
471.997	1636.62
472.216	1840.62
472.435	2688.62
472.654	2118.62
472.873	1630.62
473.092	1520.62
473.311	1514.62
473.53	1480.62
473.749	1512.62
473.968	1539.62
474.187	1634.62
474.406	1618.62
474.625	1572.62
474.844	1543.62
475.063	1517.62
475.282	1463.62
475.501	1399.62
475.72	1431.62
475.939	1462.62
476.158	1478.62
476.377	1514.62
476.596	1479.62
476.814	1443.62
477.033	1442.62
477.252	1480.62
477.471	1536.62
477.69	1631.62
477.908	1672.62
478.127	1720.62
478.346	1708.62
478.564	1695.62
478.783	1703.62
479.002	1797.62
479.22	1821.62
479.439	1777.62
479.658	1763.62
479.876	1714.62
480.095	1727.62
480.313	1812.62
480.532	1830.62
480.751	1838.62
480.969	2015.62
481.188	3374.62
481.406	3984.62
481.624	2341.62
481.843	1924.62
482.061	1795.62
482.28	1765.62
482.498	1731.62
482.717	1652.62
482.935	1739.62
483.153	1813.62
483.372	1874.62
483.59	1859.62
483.808	1757.62
484.027	1715.62
484.245	1695.62
484.463	1741.62
484.681	1856.62
484.9	1792.62
485.118	1771.62
485.336	1716.62
485.554	1649.62
485.772	1612.62
485.99	1637.62
486.209	1668.62
486.427	1666.62
486.645	1767.62
486.863	1869.62
487.081	1894.62
487.299	1808.62
487.517	1830.62
487.735	2028.62
487.953	2131.62
488.171	2112.62
488.389	2043.62
488.607	1969.62
488.825	1847.62
489.043	1742.62
489.261	1811.62
489.479	1875.62
489.696	1911.62
489.914	1891.62
490.132	1944.62
490.35	2042.62
490.568	2147.62
490.786	2224.62
491.003	2275.62
491.221	2338.62
491.439	2420.62
491.657	2503.62
491.874	2634.62
492.092	2739.62
492.31	2838.62
492.527	2774.62
492.745	2688.62
492.963	2657.62
493.18	2589.62
493.398	2528.62
493.615	2526.62
493.833	2479.62
494.05	2471.62
494.268	2445.62
494.485	2409.62
494.703	2426.62
494.92	2379.62
495.138	2404.62
495.355	2321.62
495.573	2292.62
495.79	2332.62
496.008	2355.62
496.225	2276.62
496.442	2334.62
496.66	2324.62
496.877	2291.62
497.094	2292.62
497.312	2274.62
497.529	2271.62
497.746	2220.62
497.963	2235.62
498.181	2280.62
498.398	2266.62
498.615	2301.62
498.832	2418.62
499.049	2491.62
499.267	2627.62
499.484	2846.62
499.701	3051.62
499.918	3286.62
500.135	3673.62
500.352	3986.62
500.569	4197.62
500.786	4192.62
501.003	3965.62
501.22	3666.62
501.437	3322.62
501.654	3068.62
501.871	2931.62
502.088	2742.62
502.305	2582.62
502.522	2479.62
502.739	2358.62
502.956	2235.62
503.172	2184.62
503.389	2085.62
503.606	2116.62
503.823	2130.62
504.04	2029.62
504.256	2003.62
504.473	2082.62
504.69	2031.62
504.907	2040.62
505.123	1929.62
505.34	1891.62
505.557	1855.62
505.773	1853.62
505.99	1863.62
506.207	1806.62
506.423	1791.62
506.64	1759.62
506.856	1733.62
507.073	1715.62
507.289	1676.62
507.506	1714.62
507.722	1746.62
507.939	1764.62
508.155	1692.62
508.372	1643.62
508.588	1585.62
508.805	1610.62
509.021	1558.62
509.238	1567.62
509.454	1554.62
509.67	1499.62
509.887	1489.62
510.103	1544.62
510.319	1556.62
510.536	1901.62
510.752	3672.62
510.968	2469.62
511.184	1592.62
511.401	1530.62
511.617	1494.62
511.833	1541.62
512.049	1551.62
512.265	1516.62
512.481	1558.62
512.698	1525.62
512.914	1484.62
513.13	1462.62
513.346	1457.62
513.562	1483.62
513.778	1487.62
513.994	1492.62
514.21	1509.62
514.426	1590.62
514.642	1711.62
514.858	1744.62
515.074	1865.62
515.29	2273.62
515.506	3775.62
515.721	2762.62
515.937	1806.62
516.153	1658.62
516.369	1607.62
516.585	1621.62
516.801	1620.62
517.016	1659.62
517.232	1716.62
517.448	1772.62
517.664	1766.62
517.879	1772.62
518.095	1757.62
518.311	1772.62
518.527	1728.62
518.742	1703.62
518.958	1658.62
519.173	1635.62
519.389	1648.62
519.605	1605.62
519.82	1569.62
520.036	1596.62
520.251	1639.62
520.467	1643.62
520.682	1619.62
520.898	1630.62
521.113	1651.62
521.329	1730.62
521.544	1986.62
521.76	2616.62
521.975	5013.62
522.19	4564.62
522.406	2244.62
522.621	1726.62
522.836	1572.62
523.052	1508.62
523.267	1487.62
523.482	1461.62
523.698	1481.62
523.913	1437.62
524.128	1506.62
524.343	1447.62
524.559	1436.62
524.774	1406.62
524.989	1411.62
525.204	1434.62
525.419	1412.62
525.634	1391.62
525.849	1335.62
526.064	1304.62
526.28	1282.62
526.495	1219.62
526.71	1174.62
526.925	1204.62
527.14	1185.62
527.355	1157.62
527.57	1172.62
527.785	1211.62
527.999	1238.62
528.214	1241.62
528.429	1252.62
528.644	1324.62
528.859	1429.62
529.074	1482.62
529.289	1613.62
529.503	1760.62
529.718	1597.62
529.933	1362.62
530.148	1256.62
530.363	1211.62
530.577	1192.62
530.792	1143.62
531.007	1171.62
531.221	1173.62
531.436	1136.62
531.651	1146.62
531.865	1167.62
532.08	1139.62
532.295	1148.62
532.509	1137.62
532.724	1124.62
532.938	1167.62
533.153	1176.62
533.367	1260.62
533.582	1291.62
533.796	1284.62
534.011	1280.62
534.225	1188.62
534.44	1132.62
534.654	1155.62
534.868	1143.62
535.083	1146.62
535.297	1171.62
535.511	1199.62
535.726	1194.62
535.94	1198.62
536.154	1147.62
536.369	1102.62
536.583	1059.62
536.797	1086.62
537.011	1087.62
537.225	1069.62
537.44	1074.62
537.654	1080.62
537.868	1102.62
538.082	1073.62
538.296	1086.62
538.51	1102.62
538.724	1200.62
538.938	1226.62
539.153	1250.62
539.367	1250.62
539.581	1187.62
539.795	1124.62
540.009	1107.62
540.222	1090.62
540.436	1125.62
540.65	1215.62
540.864	1291.62
541.078	1392.62
541.292	1459.62
541.506	1542.62
541.72	1636.62
541.934	1745.62
542.147	1794.62
542.361	1702.62
542.575	1521.62
542.789	1409.62
543.002	1343.62
543.216	1237.62
543.43	1274.62
543.644	1310.62
543.857	1408.62
544.071	1512.62
544.285	1580.62
544.498	1556.62
544.712	1574.62
544.925	1599.62
545.139	1626.62
545.352	1616.62
545.566	1629.62
545.779	1603.62
545.993	1589.62
546.206	1663.62
546.42	1696.62
546.633	1668.62
546.847	1633.62
547.06	1633.62
547.274	1678.62
547.487	1731.62
547.7	1724.62
547.914	1674.62
548.127	1631.62
548.34	1609.62
548.554	1622.62
548.767	1627.62
548.98	1604.62
549.193	1557.62
549.407	1601.62
549.62	1608.62
549.833	1563.62
550.046	1586.62
550.259	1551.62
550.473	1540.62
550.686	1543.62
550.899	1484.62
551.112	1488.62
551.325	1437.62
551.538	1360.62
551.751	1254.62
551.964	1233.62
552.177	1317.62
552.39	1421.62
552.603	1491.62
552.816	1570.62
553.029	1628.62
553.242	1666.62
553.455	1711.62
553.667	1694.62
553.88	1698.62
554.093	1597.62
554.306	1609.62
554.519	1538.62
554.732	1522.62
554.944	1466.62
555.157	1426.62
555.37	1427.62
555.583	1402.62
555.795	1370.62
556.008	1292.62
556.221	1288.62
556.433	1295.62
556.646	1294.62
556.859	1306.62
557.071	1318.62
557.284	1324.62
557.496	1318.62
557.709	1319.62
557.921	1320.62
558.134	1285.62
558.346	1312.62
558.559	1268.62
558.771	1268.62
558.984	1213.62
559.196	1214.62
559.409	1183.62
559.621	1146.62
559.833	1171.62
560.046	1164.62
560.258	1202.62
560.47	1194.62
560.683	1208.62
560.895	1221.62
561.107	1179.62
561.32	1198.62
561.532	1202.62
561.744	1180.62
561.956	1184.62
562.168	1189.62
562.381	1172.62
562.593	1174.62
562.805	1167.62
563.017	1145.62
563.229	1160.62
563.441	1130.62
563.653	1128.62
563.865	1117.62
564.077	1090.62
564.289	1113.62
564.501	1127.62
564.713	1118.62
564.925	1150.62
565.137	1168.62
565.349	1146.62
565.561	1148.62
565.773	1198.62
565.985	1217.62
566.197	1242.62
566.408	1319.62
566.62	1396.62
566.832	1490.62
567.044	1468.62
567.255	1463.62
567.467	1434.62
567.679	1442.62
567.891	1482.62
568.102	1510.62
568.314	1393.62
568.526	1232.62
568.737	1121.62
568.949	1040.62
569.161	969.62
569.372	940.62
569.584	878.62
569.795	883.62
570.007	862.62
570.218	1001.62
570.43	956.62
570.641	860.62
570.853	916.62
571.064	928.62
571.276	930.62
571.487	938.62
571.698	897.62
571.91	877.62
572.121	864.62
572.333	814.62
572.544	804.62
572.755	790.62
572.966	736.62
573.178	713.62
573.389	700.62
573.6	669.62
573.811	690.62
574.023	658.62
574.234	667.62
574.445	674.62
574.656	706.62
574.867	735.62
575.078	726.62
575.289	739.62
575.501	717.62
575.712	704.62
575.923	706.62
576.134	699.62
576.345	722.62
576.556	750.62
576.767	718.62
576.978	719.62
577.188	698.62
577.399	662.62
577.61	680.62
577.821	693.62
578.032	703.62
578.243	802.62
578.454	1383.62
578.665	878.62
578.875	657.62
579.086	621.62
579.297	579.62
579.508	602.62
579.718	577.62
579.929	587.62
580.14	560.62
580.35	584.62
580.561	582.62
580.772	595.62
580.982	617.62
581.193	612.62
581.403	609.62
581.614	631.62
581.825	601.62
582.035	600.62
582.246	611.62
582.456	592.62
582.667	612.62
582.877	588.62
583.087	603.62
583.298	581.62
583.508	555.62
583.719	558.62
583.929	557.62
584.139	572.62
584.35	542.62
584.56	550.62
584.77	541.62
584.981	540.62
585.191	573.62
585.401	592.62
585.611	564.62
585.821	557.62
586.032	535.62
586.242	549.62
586.452	558.62
586.662	528.62
586.872	542.62
587.082	534.62
587.292	535.62
587.502	531.62
587.713	530.62
587.923	524.62
588.133	530.62
588.343	515.62
588.553	520.62
588.762	543.62
588.972	525.62
589.182	531.62
589.392	511.62
589.602	536.62
589.812	571.62
590.022	532.62
590.232	550.62
590.441	530.62
590.651	535.62
590.861	530.62
591.071	523.62
591.281	539.62
591.49	545.62
591.7	555.62
591.91	578.62
592.119	559.62
592.329	594.62
592.539	610.62
592.748	625.62
592.958	604.62
593.167	636.62
593.377	643.62
593.587	645.62
593.796	621.62
594.006	658.62
594.215	648.62
594.424	686.62
594.634	673.62
594.843	667.62
595.053	667.62
595.262	645.62
595.472	616.62
595.681	548.62
595.89	564.62
596.1	560.62
596.309	572.62
596.518	592.62
596.727	580.62
596.937	570.62
597.146	599.62
597.355	568.62
597.564	550.62
597.774	530.62
597.983	489.62
598.192	503.62
598.401	488.62
598.61	483.62
598.819	518.62
599.028	518.62
599.237	514.62
599.446	475.62
599.655	497.62
599.864	499.62
600.073	506.62
600.282	516.62
600.491	506.62
600.7	528.62
600.909	535.62
601.118	577.62
601.327	612.62
601.536	640.62
601.745	661.62
601.953	658.62
602.162	678.62
602.371	687.62
602.58	686.62
602.789	687.62
602.997	677.62
603.206	677.62
603.415	696.62
603.623	686.62
603.832	675.62
604.041	654.62
604.249	618.62
604.458	551.62
604.666	510.62
604.875	564.62
605.084	590.62
605.292	635.62
605.501	736.62
605.709	708.62
605.918	722.62
606.126	748.62
606.334	724.62
606.543	721.62
606.751	743.62
606.96	708.62
607.168	711.62
607.376	720.62
607.585	698.62
607.793	714.62
608.001	742.62
608.21	722.62
608.418	728.62
608.626	716.62
608.834	731.62
609.043	731.62
609.251	740.62
609.459	732.62
609.667	768.62
609.875	767.62
610.083	793.62
610.291	772.62
610.499	752.62
610.707	738.62
610.916	752.62
611.124	759.62
611.332	782.62
611.54	766.62
611.748	756.62
611.955	767.62
612.163	767.62
612.371	735.62
612.579	748.62
612.787	768.62
612.995	761.62
613.203	745.62
613.411	741.62
613.618	704.62
613.826	726.62
614.034	730.62
614.242	748.62
614.449	761.62
614.657	755.62
614.865	735.62
615.072	739.62
615.28	693.62
615.488	731.62
615.695	731.62
615.903	731.62
616.111	719.62
616.318	727.62
616.526	753.62
616.733	751.62
616.941	753.62
617.148	764.62
617.356	727.62
617.563	710.62
617.771	692.62
617.978	656.62
618.185	672.62
618.393	692.62
618.6	731.62
618.807	702.62
619.015	746.62
619.222	704.62
619.429	678.62
619.637	615.62
619.844	598.62
620.051	630.62
620.258	677.62
620.466	673.62
620.673	647.62
620.88	620.62
621.087	630.62
621.294	618.62
621.501	582.62
621.708	594.62
621.915	622.62
622.122	646.62
622.329	667.62
622.536	675.62
622.743	654.62
622.95	656.62
623.157	635.62
623.364	658.62
623.571	653.62
623.778	668.62
623.985	663.62
624.192	654.62
624.399	652.62
624.606	632.62
624.812	614.62
625.019	603.62
625.226	594.62
625.433	537.62
625.639	533.62
625.846	487.62
626.053	452.62
626.259	431.62
626.466	418.62
626.673	439.62
626.879	422.62
627.086	442.62
627.293	518.62
627.499	591.62
627.706	611.62
627.912	633.62
628.119	642.62
628.325	621.62
628.532	598.62
628.738	584.62
628.945	565.62
629.151	564.62
629.357	529.62
629.564	517.62
629.77	547.62
629.976	524.62
630.183	510.62
630.389	519.62
630.595	543.62
630.802	562.62
631.008	551.62
631.214	533.62
631.42	531.62
631.627	509.62
631.833	491.62
632.039	510.62
632.245	508.62
632.451	514.62
632.657	540.62
632.863	513.62
633.069	502.62
633.275	494.62
633.481	473.62
633.688	472.62
633.893	493.62
634.099	498.62
634.305	486.62
634.511	456.62
634.717	450.62
634.923	419.62
635.129	416.62
635.335	443.62
635.541	440.62
635.747	470.62
635.952	502.62
636.158	507.62
636.364	589.62
636.57	627.62
636.775	590.62
636.981	550.62
637.187	557.62
637.392	531.62
637.598	535.62
637.804	525.62
638.009	518.62
638.215	505.62
638.421	499.62
638.626	502.62
638.832	502.62
639.037	484.62
639.243	478.62
639.448	469.62
639.654	466.62
639.859	466.62
640.065	455.62
640.27	488.62
640.475	476.62
640.681	474.62
640.886	472.62
641.091	478.62
641.297	482.62
641.502	507.62
641.707	477.62
641.913	484.62
642.118	500.62
642.323	473.62
642.528	477.62
642.733	462.62
642.939	454.62
643.144	438.62
643.349	435.62
643.554	460.62
643.759	453.62
643.964	432.62
644.169	449.62
644.374	428.62
644.579	439.62
644.784	443.62
644.989	446.62
645.194	458.62
645.399	452.62
645.604	455.62
645.809	464.62
646.014	474.62
646.219	447.62
646.423	443.62
646.628	443.62
646.833	455.62
647.038	442.62
647.243	453.62
647.447	468.62
647.652	447.62
647.857	453.62
648.062	455.62
648.266	478.62
648.471	464.62
648.676	464.62
648.88	449.62
649.085	449.62
649.289	459.62
649.494	456.62
649.698	459.62
649.903	467.62
650.107	458.62
650.312	424.62
650.516	408.62
650.721	407.62
650.925	417.62
651.13	411.62
651.334	391.62
651.539	391.62
651.743	374.62
651.947	374.62
652.152	367.62
652.356	362.62
652.56	371.62
652.764	358.62
652.969	372.62
653.173	351.62
653.377	348.62
653.581	335.62
653.785	311.62
653.99	332.62
654.194	333.62
654.398	328.62
654.602	318.62
654.806	307.62
655.01	321.62
655.214	293.62
655.418	325.62
655.622	291.62
655.826	285.62
656.03	284.62
656.234	284.62
656.438	277.62
656.642	272.62
656.846	268.62
657.049	267.62
657.253	250.62
657.457	246.62
657.661	221.62
657.865	229.62
658.068	207.62
658.272	208.62
658.476	204.62
658.68	209.62
658.883	196.62
659.087	178.62
659.291	182.62
659.494	174.62
659.698	173.62
659.901	182.62
660.105	170.62
660.309	151.62
660.512	159.62
660.716	146.62
660.919	146.62
661.123	143.62
661.326	120.62
661.53	124.62
661.733	126.62
661.936	99.62
662.14	126.62
662.343	96.62
662.546	107.62
662.75	106.62
662.953	109.62
663.156	108.62
663.36	99.62
663.563	95.62
663.766	99.62
663.969	90.62
664.173	84.62
664.376	82.62
664.579	90.62
664.782	90.62
664.985	102.62
665.188	96.62
665.391	83.62
665.594	90.62
665.797	87.62
666	82.62
666.203	82.62
666.406	86.62
666.609	77.62
666.812	80.62
667.015	78.62
667.218	90.62
667.421	101.62
667.624	80.62
667.827	84.62
668.03	82.62
668.232	80.62
668.435	85.62
668.638	93.62
668.841	82.62
669.043	76.62
669.246	67.62
669.449	80.62
669.651	74.62
669.854	91.62
670.057	90.62
670.259	93.62
670.462	87.62
670.665	96.62
670.867	86.62
671.07	83.62
671.272	74.62
671.475	94.62
671.677	84.62
671.88	74.62
672.082	82.62
672.284	88.62
672.487	83.62
672.689	89.62
672.892	84.62
