223.165	-22.25
223.4	-22.25
223.635	-22.25
223.869	-4.25
224.104	-17.25
224.338	-12.25
224.573	-16.25
224.808	-14.25
225.042	10.75
225.277	-9.25
225.511	-1.25
225.746	9.75
225.98	-7.25
226.215	4.75
226.449	16.75
226.683	4.75
226.918	27.75
227.152	29.75
227.387	41.75
227.621	48.75
227.856	32.75
228.09	44.75
228.324	49.75
228.559	65.75
228.793	93.75
229.027	134.75
229.262	149.75
229.496	169.75
229.73	159.75
229.964	226.75
230.199	194.75
230.433	163.75
230.667	168.75
230.901	160.75
231.136	171.75
231.37	155.75
231.604	161.75
231.838	167.75
232.072	164.75
232.306	152.75
232.541	165.75
232.775	154.75
233.009	172.75
233.243	155.75
233.477	156.75
233.711	158.75
233.945	161.75
234.179	156.75
234.413	152.75
234.647	179.75
234.881	160.75
235.115	172.75
235.349	163.75
235.583	158.75
235.817	170.75
236.051	193.75
236.285	200.75
236.519	185.75
236.753	182.75
236.987	193.75
237.221	256.75
237.455	317.75
237.689	265.75
237.922	201.75
238.156	201.75
238.39	169.75
238.624	195.75
238.858	184.75
239.091	182.75
239.325	191.75
239.559	175.75
239.793	193.75
240.027	192.75
240.26	211.75
240.494	233.75
240.728	207.75
240.961	229.75
241.195	213.75
241.429	225.75
241.662	216.75
241.896	215.75
242.13	213.75
242.363	218.75
242.597	202.75
242.83	221.75
243.064	215.75
243.298	218.75
243.531	226.75
243.765	220.75
243.998	224.75
244.232	223.75
244.465	232.75
244.699	222.75
244.932	238.75
245.166	261.75
245.399	230.75
245.633	225.75
245.866	220.75
246.099	232.75
246.333	240.75
246.566	230.75
246.8	246.75
247.033	252.75
247.266	255.75
247.5	257.75
247.733	253.75
247.966	272.75
248.2	264.75
248.433	273.75
248.666	278.75
248.899	305.75
249.133	309.75
249.366	305.75
249.599	344.75
249.832	308.75
250.066	331.75
250.299	357.75
250.532	415.75
250.765	458.75
250.998	456.75
251.231	398.75
251.465	390.75
251.698	346.75
251.931	364.75
252.164	322.75
252.397	348.75
252.63	342.75
252.863	335.75
253.096	331.75
253.329	364.75
253.562	359.75
253.795	346.75
254.028	367.75
254.261	355.75
254.494	345.75
254.727	382.75
254.96	420.75
255.193	406.75
255.426	399.75
255.659	432.75
255.892	544.75
256.124	686.75
256.357	743.75
256.59	592.75
256.823	516.75
257.056	454.75
257.289	424.75
257.521	420.75
257.754	410.75
257.987	394.75
258.22	375.75
258.452	396.75
258.685	368.75
258.918	382.75
259.151	386.75
259.383	379.75
259.616	386.75
259.849	381.75
260.081	387.75
260.314	400.75
260.547	409.75
260.779	381.75
261.012	387.75
261.244	397.75
261.477	378.75
261.71	372.75
261.942	380.75
262.175	419.75
262.407	380.75
262.64	382.75
262.872	374.75
263.105	371.75
263.337	377.75
263.57	373.75
263.802	372.75
264.035	383.75
264.267	373.75
264.499	389.75
264.732	374.75
264.964	372.75
265.197	375.75
265.429	377.75
265.661	390.75
265.894	396.75
266.126	403.75
266.358	385.75
266.591	379.75
266.823	393.75
267.055	389.75
267.287	394.75
267.52	407.75
267.752	384.75
267.984	388.75
268.216	400.75
268.448	415.75
268.681	394.75
268.913	410.75
269.145	436.75
269.377	428.75
269.609	419.75
269.841	425.75
270.073	452.75
270.306	462.75
270.538	451.75
270.77	464.75
271.002	456.75
271.234	472.75
271.466	466.75
271.698	486.75
271.93	486.75
272.162	504.75
272.394	481.75
272.626	485.75
272.858	461.75
273.09	448.75
273.322	482.75
273.553	476.75
273.785	462.75
274.017	470.75
274.249	492.75
274.481	464.75
274.713	473.75
274.945	483.75
275.176	478.75
275.408	498.75
275.64	472.75
275.872	495.75
276.104	513.75
276.335	481.75
276.567	501.75
276.799	534.75
277.031	573.75
277.262	582.75
277.494	583.75
277.726	546.75
277.957	534.75
278.189	536.75
278.421	498.75
278.652	516.75
278.884	507.75
279.115	527.75
279.347	512.75
279.579	512.75
279.81	542.75
280.042	566.75
280.273	599.75
280.505	602.75
280.736	561.75
280.968	534.75
281.199	501.75
281.431	526.75
281.662	484.75
281.894	500.75
282.125	520.75
282.356	543.75
282.588	574.75
282.819	573.75
283.051	537.75
283.282	514.75
283.513	517.75
283.745	516.75
283.976	518.75
284.207	525.75
284.439	540.75
284.67	544.75
284.901	537.75
285.132	532.75
285.364	523.75
285.595	534.75
285.826	543.75
286.057	553.75
286.288	542.75
286.52	540.75
286.751	549.75
286.982	529.75
287.213	550.75
287.444	560.75
287.675	553.75
287.906	568.75
288.138	559.75
288.369	560.75
288.6	573.75
288.831	573.75
289.062	534.75
289.293	563.75
289.524	558.75
289.755	569.75
289.986	581.75
290.217	568.75
290.448	543.75
290.679	564.75
290.91	566.75
291.141	557.75
291.371	572.75
291.602	584.75
291.833	550.75
292.064	571.75
292.295	569.75
292.526	551.75
292.757	567.75
292.987	548.75
293.218	554.75
293.449	553.75
293.68	566.75
293.91	561.75
294.141	568.75
294.372	560.75
294.603	563.75
294.833	562.75
295.064	569.75
295.295	574.75
295.525	574.75
295.756	574.75
295.987	594.75
296.217	628.75
296.448	663.75
296.679	616.75
296.909	553.75
297.14	623.75
297.37	583.75
297.601	600.75
297.831	600.75
298.062	596.75
298.292	613.75
298.523	609.75
298.753	593.75
298.984	590.75
299.214	613.75
299.445	614.75
299.675	621.75
299.905	625.75
300.136	600.75
300.366	621.75
300.597	638.75
300.827	660.75
301.057	670.75
301.288	664.75
301.518	659.75
301.748	690.75
301.979	663.75
302.209	670.75
302.439	691.75
302.669	652.75
302.9	670.75
303.13	668.75
303.36	682.75
303.59	672.75
303.82	722.75
304.051	720.75
304.281	678.75
304.511	685.75
304.741	658.75
304.971	676.75
305.201	668.75
305.431	669.75
305.661	669.75
305.891	646.75
306.121	654.75
306.352	701.75
306.582	688.75
306.812	664.75
307.042	682.75
307.272	716.75
307.502	716.75
307.731	705.75
307.961	693.75
308.191	706.75
308.421	674.75
308.651	702.75
308.881	674.75
309.111	668.75
309.341	716.75
309.571	688.75
309.8	724.75
310.03	752.75
310.26	753.75
310.49	730.75
310.72	769.75
310.949	774.75
311.179	774.75
311.409	741.75
311.639	766.75
311.868	757.75
312.098	784.75
312.328	789.75
312.557	805.75
312.787	823.75
313.017	826.75
313.246	789.75
313.476	753.75
313.706	785.75
313.935	785.75
314.165	801.75
314.394	821.75
314.624	818.75
314.853	809.75
315.083	800.75
315.312	776.75
315.542	793.75
315.771	782.75
316.001	785.75
316.23	780.75
316.46	773.75
316.689	801.75
316.919	793.75
317.148	818.75
317.377	804.75
317.607	803.75
317.836	783.75
318.065	778.75
318.295	793.75
318.524	787.75
318.753	773.75
318.983	786.75
319.212	796.75
319.441	801.75
319.67	846.75
319.9	824.75
320.129	815.75
320.358	809.75
320.587	831.75
320.816	834.75
321.046	838.75
321.275	827.75
321.504	840.75
321.733	856.75
321.962	857.75
322.191	903.75
322.42	908.75
322.649	935.75
322.878	935.75
323.108	962.75
323.337	999.75
323.566	1040.75
323.795	1136.75
324.024	1204.75
324.253	1448.75
324.482	2015.75
324.71	2973.75
324.939	4211.75
325.168	3328.75
325.397	1877.75
325.626	1432.75
325.855	1250.75
326.084	1166.75
326.313	1183.75
326.542	1188.75
326.77	1250.75
326.999	1467.75
327.228	1935.75
327.457	2836.75
327.686	3236.75
327.914	2278.75
328.143	1899.75
328.372	1920.75
328.6	1754.75
328.829	1465.75
329.058	1437.75
329.287	1437.75
329.515	1422.75
329.744	1485.75
329.972	1743.75
330.201	2212.75
330.43	2736.75
330.658	2348.75
330.887	1732.75
331.115	1525.75
331.344	1350.75
331.572	1281.75
331.801	1288.75
332.03	1273.75
332.258	1260.75
332.486	1262.75
332.715	1251.75
332.943	1290.75
333.172	1325.75
333.4	1422.75
333.629	1507.75
333.857	1674.75
334.085	1916.75
334.314	2460.75
334.542	3309.75
334.771	3494.75
334.999	2336.75
335.227	1648.75
335.455	1438.75
335.684	1294.75
335.912	1293.75
336.14	1234.75
336.369	1208.75
336.597	1213.75
336.825	1207.75
337.053	1128.75
337.281	1110.75
337.51	1108.75
337.738	1066.75
337.966	1070.75
338.194	1094.75
338.422	1062.75
338.65	1001.75
338.878	1043.75
339.106	1012.75
339.334	1000.75
339.562	969.75
339.79	1020.75
340.018	972.75
340.246	988.75
340.474	1002.75
340.702	996.75
340.93	977.75
341.158	983.75
341.386	989.75
341.614	988.75
341.842	1023.75
342.07	957.75
342.298	967.75
342.526	938.75
342.754	965.75
342.981	981.75
343.209	965.75
343.437	1024.75
343.665	999.75
343.893	1075.75
344.12	1079.75
344.348	1081.75
344.576	1043.75
344.804	1038.75
345.031	1032.75
345.259	1031.75
345.487	981.75
345.714	951.75
345.942	955.75
346.17	961.75
346.397	931.75
346.625	945.75
346.853	964.75
347.08	932.75
347.308	945.75
347.535	966.75
347.763	969.75
347.99	960.75
348.218	985.75
348.445	980.75
348.673	948.75
348.9	944.75
349.128	933.75
349.355	936.75
349.583	922.75
349.81	936.75
350.037	916.75
350.265	908.75
350.492	938.75
350.72	943.75
350.947	941.75
351.174	964.75
351.402	955.75
351.629	956.75
351.856	944.75
352.083	950.75
352.311	987.75
352.538	976.75
352.765	968.75
352.992	971.75
353.22	976.75
353.447	932.75
353.674	930.75
353.901	933.75
354.128	912.75
354.355	912.75
354.583	928.75
354.81	927.75
355.037	943.75
355.264	914.75
355.491	933.75
355.718	930.75
355.945	924.75
356.172	901.75
356.399	888.75
356.626	887.75
356.853	881.75
357.08	912.75
357.307	913.75
357.534	906.75
357.761	895.75
357.988	894.75
358.215	910.75
358.441	918.75
358.668	933.75
358.895	958.75
359.122	924.75
359.349	937.75
359.576	979.75
359.802	996.75
360.029	1029.75
360.256	1073.75
360.483	1021.75
360.709	988.75
360.936	965.75
361.163	968.75
361.39	1006.75
361.616	998.75
361.843	955.75
362.07	957.75
362.296	984.75
362.523	969.75
362.749	972.75
362.976	961.75
363.203	994.75
363.429	956.75
363.656	968.75
363.882	976.75
364.109	965.75
364.335	953.75
364.562	965.75
364.788	939.75
365.015	952.75
365.241	953.75
365.468	948.75
365.694	980.75
365.92	965.75
366.147	969.75
366.373	970.75
366.599	943.75
366.826	921.75
367.052	937.75
367.278	945.75
367.505	966.75
367.731	996.75
367.957	967.75
368.184	1002.75
368.41	981.75
368.636	988.75
368.862	1026.75
369.089	998.75
369.315	995.75
369.541	1000.75
369.767	1040.75
369.993	995.75
370.219	1010.75
370.445	1018.75
370.672	1006.75
370.898	989.75
371.124	996.75
371.35	1010.75
371.576	1020.75
371.802	1017.75
372.028	1046.75
372.254	1024.75
372.48	1011.75
372.706	1045.75
372.932	1072.75
373.158	1028.75
373.384	1036.75
373.61	1041.75
373.835	1035.75
374.061	1018.75
374.287	1041.75
374.513	1045.75
374.739	1068.75
374.965	1096.75
375.191	1111.75
375.416	1084.75
375.642	1042.75
375.868	1061.75
376.094	1060.75
376.319	1052.75
376.545	1069.75
376.771	1024.75
376.997	1005.75
377.222	1022.75
377.448	1032.75
377.674	1018.75
377.899	1049.75
378.125	1016.75
378.35	1012.75
378.576	1020.75
378.802	1028.75
379.027	1044.75
379.253	1056.75
379.478	1028.75
379.704	1031.75
379.929	1031.75
380.155	1024.75
380.38	1048.75
380.606	1034.75
380.831	1054.75
381.057	1066.75
381.282	1032.75
381.507	1042.75
381.733	1053.75
381.958	1070.75
382.184	1079.75
382.409	1094.75
382.634	1086.75
382.86	1104.75
383.085	1092.75
383.31	1080.75
383.535	1141.75
383.761	1100.75
383.986	1123.75
384.211	1161.75
384.436	1171.75
384.662	1191.75
384.887	1221.75
385.112	1216.75
385.337	1239.75
385.562	1242.75
385.787	1220.75
386.013	1242.75
386.238	1241.75
386.463	1235.75
386.688	1232.75
386.913	1201.75
387.138	1216.75
387.363	1206.75
387.588	1193.75
387.813	1201.75
388.038	1222.75
388.263	1230.75
388.488	1246.75
388.713	1205.75
388.938	1225.75
389.163	1220.75
389.387	1241.75
389.612	1167.75
389.837	1227.75
390.062	1237.75
390.287	1212.75
390.512	1218.75
390.736	1233.75
390.961	1269.75
391.186	1280.75
391.411	1296.75
391.636	1281.75
391.86	1369.75
392.085	1344.75
392.31	1364.75
392.534	1303.75
392.759	1299.75
392.984	1308.75
393.208	1300.75
393.433	1293.75
393.658	1319.75
393.882	1287.75
394.107	1303.75
394.331	1329.75
394.556	1326.75
394.78	1321.75
395.005	1325.75
395.229	1305.75
395.454	1355.75
395.678	1342.75
395.903	1364.75
396.127	1392.75
396.352	1390.75
396.576	1341.75
396.801	1361.75
397.025	1336.75
397.249	1391.75
397.474	1404.75
397.698	1410.75
397.922	1423.75
398.147	1444.75
398.371	1469.75
398.595	1473.75
398.82	1547.75
399.044	1656.75
399.268	1721.75
399.492	1910.75
399.717	2112.75
399.941	2142.75
400.165	1969.75
400.389	1885.75
400.613	1731.75
400.837	1657.75
401.062	1630.75
401.286	1610.75
401.51	1590.75
401.734	1574.75
401.958	1597.75
402.182	1632.75
402.406	1675.75
402.63	1681.75
402.854	1692.75
403.078	1685.75
403.302	1743.75
403.526	1758.75
403.75	1762.75
403.974	1819.75
404.198	1786.75
404.422	1889.75
404.645	1844.75
404.869	1856.75
405.093	1967.75
405.317	2087.75
405.541	2144.75
405.765	1981.75
405.988	1916.75
406.212	1924.75
406.436	1931.75
406.66	1989.75
406.883	1904.75
407.107	1987.75
407.331	2107.75
407.555	2160.75
407.778	2124.75
408.002	2016.75
408.226	1928.75
408.449	1915.75
408.673	1875.75
408.896	1888.75
409.12	1958.75
409.344	1893.75
409.567	1813.75
409.791	1797.75
410.014	1780.75
410.238	1759.75
410.461	1760.75
410.685	1757.75
410.908	1812.75
411.132	1822.75
411.355	1837.75
411.578	1802.75
411.802	1772.75
412.025	1792.75
412.249	1890.75
412.472	2017.75
412.695	2119.75
412.919	2095.75
413.142	1972.75
413.365	1914.75
413.589	1880.75
413.812	1777.75
414.035	1695.75
414.258	1777.75
414.482	1732.75
414.705	1721.75
414.928	1716.75
415.151	1709.75
415.374	1654.75
415.597	1646.75
415.821	1677.75
416.044	1680.75
416.267	1672.75
416.49	1680.75
416.713	1662.75
416.936	1666.75
417.159	1650.75
417.382	1664.75
417.605	1724.75
417.828	1762.75
418.051	1797.75
418.274	1728.75
418.497	1688.75
418.72	1711.75
418.943	1719.75
419.166	1797.75
419.389	1965.75
419.611	1916.75
419.834	1907.75
420.057	1933.75
420.28	2017.75
420.503	2028.75
420.726	1926.75
420.948	1911.75
421.171	1940.75
421.394	1887.75
421.617	1814.75
421.839	1832.75
422.062	1792.75
422.285	1769.75
422.507	1855.75
422.73	1969.75
422.953	1922.75
423.175	1822.75
423.398	1824.75
423.621	1809.75
423.843	1812.75
424.066	1840.75
424.288	1861.75
424.511	1916.75
424.733	2017.75
424.956	2056.75
425.178	2016.75
425.401	1982.75
425.623	1971.75
425.846	1821.75
426.068	1768.75
426.291	1752.75
426.513	1749.75
426.735	1728.75
426.958	1824.75
427.18	1907.75
427.402	2110.75
427.625	2272.75
427.847	2172.75
428.069	2048.75
428.292	1934.75
428.514	1743.75
428.736	1681.75
428.958	1652.75
429.181	1650.75
429.403	1598.75
429.625	1617.75
429.847	1646.75
430.069	1759.75
430.292	1719.75
430.514	1638.75
430.736	1600.75
430.958	1610.75
431.18	1563.75
431.402	1552.75
431.624	1501.75
431.846	1488.75
432.068	1438.75
432.29	1449.75
432.512	1489.75
432.734	1631.75
432.956	1590.75
433.178	1609.75
433.4	1641.75
433.622	1640.75
433.844	1574.75
434.066	1549.75
434.287	1488.75
434.509	1471.75
434.731	1544.75
434.953	1619.75
435.175	1654.75
435.397	1740.75
435.618	1664.75
435.84	1652.75
436.062	1829.75
436.284	1887.75
436.505	1724.75
436.727	1725.75
436.949	1639.75
437.17	1619.75
437.392	1577.75
437.614	1565.75
437.835	1593.75
438.057	1757.75
438.278	1876.75
438.5	1902.75
438.721	2089.75
438.943	2008.75
439.165	1783.75
439.386	1718.75
439.608	1744.75
439.829	1781.75
440.05	1836.75
440.272	1874.75
440.493	1820.75
440.715	1767.75
440.936	1774.75
441.158	1780.75
441.379	1766.75
441.6	1871.75
441.822	1900.75
442.043	1916.75
442.264	2014.75
442.486	1998.75
442.707	1864.75
442.928	1810.75
443.149	1852.75
443.371	1841.75
443.592	1953.75
443.813	2065.75
444.034	2173.75
444.255	1964.75
444.476	1938.75
444.698	1980.75
444.919	2052.75
445.14	2134.75
445.361	2044.75
445.582	1955.75
445.803	2002.75
446.024	2102.75
446.245	2133.75
446.466	2011.75
446.687	1877.75
446.908	1809.75
447.129	1765.75
447.35	1751.75
447.571	1699.75
447.792	1708.75
448.013	1642.75
448.234	1682.75
448.455	1769.75
448.675	1886.75
448.896	2054.75
449.117	1822.75
449.338	1777.75
449.559	1950.75
449.779	2068.75
450	1797.75
450.221	1662.75
450.442	1596.75
450.662	1574.75
450.883	1624.75
451.104	1611.75
451.324	1575.75
451.545	1576.75
451.766	1510.75
451.986	1466.75
452.207	1438.75
452.428	1424.75
452.648	1418.75
452.869	1396.75
453.089	1423.75
453.31	1394.75
453.53	1378.75
453.751	1282.75
453.971	1320.75
454.192	1355.75
454.412	1356.75
454.633	1354.75
454.853	1340.75
455.073	1397.75
455.294	1425.75
455.514	1485.75
455.734	1481.75
455.955	1305.75
456.175	1306.75
456.395	1260.75
456.616	1237.75
456.836	1253.75
457.056	1251.75
457.276	1198.75
457.497	1237.75
457.717	1256.75
457.937	1278.75
458.157	1272.75
458.377	1265.75
458.598	1352.75
458.818	1410.75
459.038	1544.75
459.258	1502.75
459.478	1451.75
459.698	1431.75
459.918	1447.75
460.138	1494.75
460.358	1574.75
460.578	1603.75
460.798	1603.75
461.018	1633.75
461.238	1613.75
461.458	1581.75
461.678	1553.75
461.898	1607.75
462.118	1601.75
462.338	1628.75
462.558	1677.75
462.777	1738.75
462.997	1849.75
463.217	1975.75
463.437	1964.75
463.657	1816.75
463.876	1769.75
464.096	1753.75
464.316	1737.75
464.536	1801.75
464.755	1762.75
464.975	1721.75
465.195	1836.75
465.414	1914.75
465.634	1700.75
465.854	1574.75
466.073	1557.75
466.293	1554.75
466.512	1560.75
466.732	1533.75
466.951	1513.75
467.171	1540.75
467.391	1610.75
467.61	1616.75
467.829	1619.75
468.049	1806.75
468.268	2158.75
468.488	1820.75
468.707	1668.75
468.927	1627.75
469.146	1589.75
469.365	1590.75
469.585	1577.75
469.804	1604.75
470.023	1696.75
470.243	1680.75
470.462	1709.75
470.681	1754.75
470.901	1721.75
471.12	1660.75
471.339	1662.75
471.558	1654.75
471.777	1677.75
471.997	1736.75
472.216	2086.75
472.435	3403.75
472.654	2626.75
472.873	1860.75
473.092	1710.75
473.311	1655.75
473.53	1628.75
473.749	1546.75
473.968	1621.75
474.187	1712.75
474.406	1693.75
474.625	1625.75
474.844	1550.75
475.063	1556.75
475.282	1489.75
475.501	1446.75
475.72	1492.75
475.939	1521.75
476.158	1545.75
476.377	1558.75
476.596	1520.75
476.814	1492.75
477.033	1458.75
477.252	1478.75
477.471	1605.75
477.69	1657.75
477.908	1696.75
478.127	1769.75
478.346	1740.75
478.564	1710.75
478.783	1723.75
479.002	1841.75
479.22	1812.75
479.439	1848.75
479.658	1836.75
479.876	1761.75
480.095	1782.75
480.313	1834.75
480.532	1965.75
480.751	2032.75
480.969	2300.75
481.188	4285.75
481.406	5318.75
481.624	2895.75
481.843	2224.75
482.061	2025.75
482.28	1932.75
482.498	1853.75
482.717	1799.75
482.935	1866.75
483.153	1936.75
483.372	1966.75
483.59	1879.75
483.808	1822.75
484.027	1776.75
484.245	1765.75
484.463	1845.75
484.681	1898.75
484.9	1847.75
485.118	1842.75
485.336	1799.75
485.554	1733.75
485.772	1686.75
485.99	1676.75
486.209	1710.75
486.427	1708.75
486.645	1800.75
486.863	1913.75
487.081	1936.75
487.299	1792.75
487.517	1892.75
487.735	2068.75
487.953	2168.75
488.171	2173.75
488.389	2040.75
488.607	1953.75
488.825	1911.75
489.043	1850.75
489.261	1856.75
489.479	1895.75
489.696	1976.75
489.914	1984.75
490.132	2053.75
490.35	2104.75
490.568	2190.75
490.786	2306.75
491.003	2386.75
491.221	2460.75
491.439	2522.75
491.657	2650.75
491.874	2692.75
492.092	2883.75
492.31	2973.75
492.527	2944.75
492.745	2893.75
492.963	2737.75
493.18	2722.75
493.398	2665.75
493.615	2660.75
493.833	2629.75
494.05	2532.75
494.268	2583.75
494.485	2540.75
494.703	2511.75
494.92	2512.75
495.138	2456.75
495.355	2516.75
495.573	2434.75
495.79	2418.75
496.008	2387.75
496.225	2348.75
496.442	2423.75
496.66	2398.75
496.877	2372.75
497.094	2376.75
497.312	2406.75
497.529	2349.75
497.746	2324.75
497.963	2266.75
498.181	2325.75
498.398	2318.75
498.615	2356.75
498.832	2407.75
499.049	2524.75
499.267	2652.75
499.484	2833.75
499.701	3115.75
499.918	3334.75
500.135	3680.75
500.352	4080.75
500.569	4187.75
500.786	4194.75
501.003	4022.75
501.22	3688.75
501.437	3336.75
501.654	3013.75
501.871	2935.75
502.088	2739.75
502.305	2578.75
502.522	2440.75
502.739	2401.75
502.956	2315.75
503.172	2278.75
503.389	2135.75
503.606	2085.75
503.823	2043.75
504.04	2008.75
504.256	2053.75
504.473	2073.75
504.69	2094.75
504.907	2084.75
505.123	1967.75
505.34	1943.75
505.557	1876.75
505.773	1864.75
505.99	1832.75
506.207	1813.75
506.423	1772.75
506.64	1745.75
506.856	1747.75
507.073	1706.75
507.289	1714.75
507.506	1725.75
507.722	1777.75
507.939	1757.75
508.155	1714.75
508.372	1674.75
508.588	1617.75
508.805	1587.75
509.021	1623.75
509.238	1566.75
509.454	1589.75
509.67	1569.75
509.887	1539.75
510.103	1504.75
510.319	1582.75
510.536	1863.75
510.752	3463.75
510.968	2422.75
511.184	1591.75
511.401	1519.75
511.617	1478.75
511.833	1577.75
512.049	1600.75
512.265	1634.75
512.481	1598.75
512.698	1575.75
512.914	1536.75
513.13	1497.75
513.346	1499.75
513.562	1501.75
513.778	1490.75
513.994	1487.75
514.21	1545.75
514.426	1568.75
514.642	1634.75
514.858	1725.75
515.074	1815.75
515.29	2212.75
515.506	3434.75
515.721	2594.75
515.937	1798.75
516.153	1635.75
516.369	1618.75
516.585	1600.75
516.801	1628.75
517.016	1647.75
517.232	1731.75
517.448	1775.75
517.664	1801.75
517.879	1795.75
518.095	1719.75
518.311	1738.75
518.527	1703.75
518.742	1689.75
518.958	1636.75
519.173	1631.75
519.389	1639.75
519.605	1595.75
519.82	1612.75
520.036	1572.75
520.251	1637.75
520.467	1663.75
520.682	1598.75
520.898	1583.75
521.113	1636.75
521.329	1705.75
521.544	1920.75
521.76	2506.75
521.975	4503.75
522.19	4101.75
522.406	2152.75
522.621	1664.75
522.836	1557.75
523.052	1524.75
523.267	1467.75
523.482	1429.75
523.698	1452.75
523.913	1468.75
524.128	1429.75
524.343	1460.75
524.559	1452.75
524.774	1440.75
524.989	1439.75
525.204	1464.75
525.419	1388.75
525.634	1372.75
525.849	1355.75
526.064	1318.75
526.28	1280.75
526.495	1223.75
526.71	1217.75
526.925	1165.75
527.14	1181.75
527.355	1222.75
527.57	1175.75
527.785	1214.75
527.999	1194.75
528.214	1252.75
528.429	1312.75
528.644	1374.75
528.859	1418.75
529.074	1497.75
529.289	1596.75
529.503	1772.75
529.718	1588.75
529.933	1392.75
530.148	1297.75
530.363	1253.75
530.577	1188.75
530.792	1163.75
531.007	1210.75
531.221	1159.75
531.436	1171.75
531.651	1180.75
531.865	1161.75
532.08	1176.75
532.295	1159.75
532.509	1181.75
532.724	1181.75
532.938	1205.75
533.153	1188.75
533.367	1271.75
533.582	1314.75
533.796	1332.75
534.011	1258.75
534.225	1200.75
534.44	1143.75
534.654	1180.75
534.868	1174.75
535.083	1156.75
535.297	1168.75
535.511	1211.75
535.726	1241.75
535.94	1210.75
536.154	1159.75
536.369	1142.75
536.583	1064.75
536.797	1077.75
537.011	1088.75
537.225	1074.75
537.44	1057.75
537.654	1140.75
537.868	1093.75
538.082	1096.75
538.296	1122.75
538.51	1158.75
538.724	1224.75
538.938	1244.75
539.153	1269.75
539.367	1294.75
539.581	1240.75
539.795	1177.75
540.009	1139.75
540.222	1126.75
540.436	1145.75
540.65	1253.75
540.864	1298.75
541.078	1416.75
541.292	1486.75
541.506	1538.75
541.72	1614.75
541.934	1770.75
542.147	1804.75
542.361	1672.75
542.575	1555.75
542.789	1402.75
543.002	1326.75
543.216	1283.75
543.43	1303.75
543.644	1342.75
543.857	1448.75
544.071	1572.75
544.285	1559.75
544.498	1567.75
544.712	1601.75
544.925	1599.75
545.139	1614.75
545.352	1631.75
545.566	1601.75
545.779	1592.75
545.993	1670.75
546.206	1676.75
546.42	1693.75
546.633	1654.75
546.847	1604.75
547.06	1611.75
547.274	1662.75
547.487	1718.75
547.7	1712.75
547.914	1700.75
548.127	1653.75
548.34	1627.75
548.554	1608.75
548.767	1642.75
548.98	1589.75
549.193	1610.75
549.407	1599.75
549.62	1585.75
549.833	1618.75
550.046	1594.75
550.259	1561.75
550.473	1573.75
550.686	1553.75
550.899	1501.75
551.112	1467.75
551.325	1441.75
551.538	1348.75
551.751	1249.75
551.964	1224.75
552.177	1301.75
552.39	1431.75
552.603	1512.75
552.816	1562.75
553.029	1634.75
553.242	1663.75
553.455	1680.75
553.667	1697.75
553.88	1656.75
554.093	1636.75
554.306	1602.75
554.519	1580.75
554.732	1507.75
554.944	1459.75
555.157	1469.75
555.37	1437.75
555.583	1416.75
555.795	1374.75
556.008	1361.75
556.221	1294.75
556.433	1270.75
556.646	1312.75
556.859	1329.75
557.071	1322.75
557.284	1328.75
557.496	1319.75
557.709	1330.75
557.921	1330.75
558.134	1309.75
558.346	1270.75
558.559	1288.75
558.771	1270.75
558.984	1272.75
559.196	1241.75
559.409	1193.75
559.621	1217.75
559.833	1168.75
560.046	1166.75
560.258	1201.75
560.47	1213.75
560.683	1229.75
560.895	1227.75
561.107	1184.75
561.32	1185.75
561.532	1198.75
561.744	1226.75
561.956	1226.75
562.168	1193.75
562.381	1177.75
562.593	1178.75
562.805	1153.75
563.017	1182.75
563.229	1168.75
563.441	1128.75
563.653	1137.75
563.865	1140.75
564.077	1127.75
564.289	1150.75
564.501	1138.75
564.713	1141.75
564.925	1165.75
565.137	1174.75
565.349	1156.75
565.561	1146.75
565.773	1208.75
565.985	1247.75
566.197	1283.75
566.408	1306.75
566.62	1398.75
566.832	1448.75
567.044	1480.75
567.255	1472.75
567.467	1444.75
567.679	1478.75
567.891	1512.75
568.102	1470.75
568.314	1400.75
568.526	1256.75
568.737	1154.75
568.949	1052.75
569.161	987.75
569.372	912.75
569.584	902.75
569.795	863.75
570.007	881.75
570.218	976.75
570.43	953.75
570.641	889.75
570.853	910.75
571.064	940.75
571.276	975.75
571.487	954.75
571.698	912.75
571.91	880.75
572.121	876.75
572.333	821.75
572.544	827.75
572.755	768.75
572.966	749.75
573.178	727.75
573.389	716.75
573.6	731.75
573.811	690.75
574.023	670.75
574.234	694.75
574.445	708.75
574.656	712.75
574.867	714.75
575.078	751.75
575.289	772.75
575.501	735.75
575.712	694.75
575.923	701.75
576.134	718.75
576.345	732.75
576.556	737.75
576.767	734.75
576.978	737.75
577.188	719.75
577.399	704.75
577.61	689.75
577.821	681.75
578.032	693.75
578.243	775.75
578.454	1220.75
578.665	848.75
578.875	668.75
579.086	605.75
579.297	624.75
579.508	604.75
579.718	622.75
579.929	594.75
580.14	584.75
580.35	593.75
580.561	626.75
580.772	618.75
580.982	622.75
581.193	628.75
581.403	635.75
581.614	636.75
581.825	604.75
582.035	605.75
582.246	613.75
582.456	614.75
582.667	603.75
582.877	610.75
583.087	613.75
583.298	607.75
583.508	606.75
583.719	565.75
583.929	566.75
584.139	580.75
584.35	548.75
584.56	591.75
584.77	556.75
584.981	563.75
585.191	571.75
585.401	580.75
585.611	581.75
585.821	558.75
586.032	567.75
586.242	543.75
586.452	556.75
586.662	559.75
586.872	511.75
587.082	534.75
587.292	545.75
587.502	544.75
587.713	540.75
587.923	537.75
588.133	523.75
588.343	540.75
588.553	544.75
588.762	525.75
588.972	558.75
589.182	548.75
589.392	565.75
589.602	562.75
589.812	566.75
590.022	561.75
590.232	534.75
590.441	516.75
590.651	558.75
590.861	532.75
591.071	548.75
591.281	565.75
591.49	551.75
591.7	568.75
591.91	575.75
592.119	569.75
592.329	590.75
592.539	618.75
592.748	624.75
592.958	624.75
593.167	646.75
593.377	655.75
593.587	641.75
593.796	632.75
594.006	640.75
594.215	678.75
594.424	694.75
594.634	677.75
594.843	670.75
595.053	684.75
595.262	635.75
595.472	621.75
595.681	584.75
595.89	574.75
596.1	556.75
596.309	564.75
596.518	594.75
596.727	595.75
596.937	616.75
597.146	579.75
597.355	573.75
597.564	537.75
597.774	548.75
597.983	538.75
598.192	523.75
598.401	497.75
598.61	506.75
598.819	519.75
599.028	531.75
599.237	526.75
599.446	550.75
599.655	516.75
599.864	510.75
600.073	534.75
600.282	539.75
600.491	545.75
600.7	523.75
600.909	550.75
601.118	600.75
601.327	638.75
601.536	646.75
601.745	679.75
601.953	707.75
602.162	671.75
602.371	696.75
602.58	696.75
602.789	686.75
602.997	700.75
603.206	681.75
603.415	684.75
603.623	686.75
603.832	693.75
604.041	668.75
604.249	620.75
604.458	569.75
604.666	542.75
604.875	576.75
605.084	602.75
605.292	654.75
605.501	712.75
605.709	718.75
605.918	721.75
606.126	754.75
606.334	736.75
606.543	752.75
606.751	738.75
606.96	738.75
607.168	731.75
607.376	714.75
607.585	720.75
607.793	743.75
608.001	741.75
608.21	724.75
608.418	752.75
608.626	737.75
608.834	736.75
609.043	738.75
609.251	758.75
609.459	753.75
609.667	740.75
609.875	772.75
610.083	811.75
610.291	783.75
610.499	741.75
610.707	776.75
610.916	773.75
611.124	776.75
611.332	787.75
611.54	793.75
611.748	753.75
611.955	795.75
612.163	775.75
612.371	789.75
612.579	785.75
612.787	743.75
612.995	774.75
613.203	731.75
613.411	743.75
613.618	736.75
613.826	728.75
614.034	720.75
614.242	738.75
614.449	742.75
614.657	730.75
614.865	728.75
615.072	776.75
615.28	744.75
615.488	726.75
615.695	744.75
615.903	762.75
616.111	738.75
616.318	752.75
616.526	768.75
616.733	762.75
616.941	758.75
617.148	738.75
617.356	720.75
617.563	754.75
617.771	733.75
617.978	667.75
618.185	696.75
618.393	754.75
618.6	714.75
618.807	734.75
619.015	730.75
619.222	717.75
619.429	670.75
619.637	640.75
619.844	572.75
620.051	613.75
620.258	638.75
620.466	680.75
620.673	639.75
620.88	672.75
621.087	632.75
621.294	606.75
621.501	582.75
621.708	605.75
621.915	617.75
622.122	653.75
622.329	673.75
622.536	659.75
622.743	676.75
622.95	654.75
623.157	662.75
623.364	668.75
623.571	654.75
623.778	654.75
623.985	653.75
624.192	674.75
624.399	652.75
624.606	644.75
624.812	623.75
625.019	619.75
625.226	594.75
625.433	577.75
625.639	545.75
625.846	500.75
626.053	466.75
626.259	450.75
626.466	428.75
626.673	426.75
626.879	437.75
627.086	443.75
627.293	501.75
627.499	558.75
627.706	597.75
627.912	604.75
628.119	622.75
628.325	600.75
628.532	600.75
628.738	601.75
628.945	576.75
629.151	574.75
629.357	567.75
629.564	548.75
629.77	533.75
629.976	540.75
630.183	516.75
630.389	514.75
630.595	525.75
630.802	551.75
631.008	547.75
631.214	545.75
631.42	532.75
631.627	500.75
631.833	492.75
632.039	510.75
632.245	519.75
632.451	528.75
632.657	528.75
632.863	519.75
633.069	524.75
633.275	484.75
633.481	520.75
633.688	493.75
633.893	494.75
634.099	506.75
634.305	495.75
634.511	483.75
634.717	468.75
634.923	420.75
635.129	438.75
635.335	450.75
635.541	435.75
635.747	466.75
635.952	496.75
636.158	536.75
636.364	642.75
636.57	689.75
636.775	612.75
636.981	590.75
637.187	559.75
637.392	561.75
637.598	551.75
637.804	550.75
638.009	536.75
638.215	536.75
638.421	502.75
638.626	527.75
638.832	487.75
639.037	474.75
639.243	474.75
639.448	482.75
639.654	476.75
639.859	489.75
640.065	479.75
640.27	498.75
640.475	483.75
640.681	479.75
640.886	470.75
641.091	481.75
641.297	481.75
641.502	509.75
641.707	478.75
641.913	499.75
642.118	468.75
642.323	477.75
642.528	480.75
642.733	484.75
642.939	472.75
643.144	459.75
643.349	464.75
643.554	441.75
643.759	434.75
643.964	441.75
644.169	426.75
644.374	444.75
644.579	441.75
644.784	450.75
644.989	436.75
645.194	460.75
645.399	485.75
645.604	454.75
645.809	457.75
646.014	440.75
646.219	458.75
646.423	473.75
646.628	455.75
646.833	447.75
647.038	462.75
647.243	450.75
647.447	454.75
647.652	456.75
647.857	450.75
648.062	473.75
648.266	484.75
648.471	477.75
648.676	464.75
648.88	441.75
649.085	446.75
649.289	449.75
649.494	449.75
649.698	481.75
649.903	455.75
650.107	452.75
650.312	426.75
650.516	421.75
650.721	401.75
650.925	417.75
651.13	405.75
651.334	405.75
651.539	397.75
651.743	381.75
651.947	386.75
652.152	365.75
652.356	350.75
652.56	366.75
652.764	350.75
652.969	348.75
653.173	351.75
653.377	349.75
653.581	340.75
653.785	330.75
653.99	329.75
654.194	320.75
654.398	333.75
654.602	321.75
654.806	310.75
655.01	309.75
655.214	314.75
655.418	309.75
655.622	295.75
655.826	274.75
656.03	286.75
656.234	294.75
656.438	288.75
656.642	292.75
656.846	279.75
657.049	247.75
657.253	247.75
657.457	221.75
657.661	221.75
657.865	232.75
658.068	217.75
658.272	206.75
658.476	198.75
658.68	196.75
658.883	190.75
659.087	175.75
659.291	177.75
659.494	165.75
659.698	187.75
659.901	167.75
660.105	158.75
660.309	166.75
660.512	150.75
660.716	157.75
660.919	138.75
661.123	122.75
661.326	143.75
661.53	120.75
661.733	128.75
661.936	124.75
662.14	113.75
662.343	109.75
662.546	114.75
662.75	111.75
662.953	108.75
663.156	112.75
663.36	101.75
663.563	109.75
663.766	97.75
663.969	90.75
664.173	92.75
664.376	93.75
664.579	93.75
664.782	99.75
664.985	88.75
665.188	77.75
665.391	78.75
665.594	92.75
665.797	88.75
666	88.75
666.203	87.75
666.406	90.75
666.609	89.75
666.812	90.75
667.015	80.75
667.218	69.75
667.421	77.75
667.624	92.75
667.827	88.75
668.03	91.75
668.232	86.75
668.435	70.75
668.638	81.75
668.841	96.75
669.043	88.75
669.246	80.75
669.449	69.75
669.651	94.75
669.854	98.75
670.057	76.75
670.259	82.75
670.462	75.75
670.665	98.75
670.867	76.75
671.07	86.75
671.272	89.75
671.475	97.75
671.677	85.75
671.88	97.75
672.082	85.75
672.284	96.75
672.487	82.75
672.689	85.75
672.892	84.75
