223.165	-2.38
223.4	-2.38
223.635	-2.38
223.869	-10.38
224.104	-2.38
224.338	-11.38
224.573	-19.38
224.808	-4.38
225.042	-16.38
225.277	3.62
225.511	-14.38
225.746	-2.38
225.98	-2.38
226.215	1.62
226.449	4.62
226.683	26.62
226.918	35.62
227.152	13.62
227.387	22.62
227.621	29.62
227.856	33.62
228.09	41.62
228.324	51.62
228.559	48.62
228.793	63.62
229.027	125.62
229.262	141.62
229.496	154.62
229.73	174.62
229.964	217.62
230.199	163.62
230.433	151.62
230.667	147.62
230.901	141.62
231.136	146.62
231.37	152.62
231.604	148.62
231.838	161.62
232.072	155.62
232.306	143.62
232.541	157.62
232.775	140.62
233.009	157.62
233.243	135.62
233.477	149.62
233.711	150.62
233.945	155.62
234.179	157.62
234.413	165.62
234.647	163.62
234.881	152.62
235.115	170.62
235.349	162.62
235.583	152.62
235.817	165.62
236.051	169.62
236.285	178.62
236.519	172.62
236.753	177.62
236.987	219.62
237.221	245.62
237.455	282.62
237.689	249.62
237.922	197.62
238.156	192.62
238.39	184.62
238.624	182.62
238.858	174.62
239.091	189.62
239.325	203.62
239.559	197.62
239.793	191.62
240.027	191.62
240.26	196.62
240.494	214.62
240.728	198.62
240.961	223.62
241.195	209.62
241.429	197.62
241.662	210.62
241.896	201.62
242.13	220.62
242.363	220.62
242.597	200.62
242.83	207.62
243.064	187.62
243.298	200.62
243.531	211.62
243.765	219.62
243.998	232.62
244.232	222.62
244.465	210.62
244.699	221.62
244.932	226.62
245.166	231.62
245.399	223.62
245.633	213.62
245.866	221.62
246.099	242.62
246.333	241.62
246.566	247.62
246.8	227.62
247.033	249.62
247.266	235.62
247.5	242.62
247.733	238.62
247.966	249.62
248.2	253.62
248.433	237.62
248.666	273.62
248.899	285.62
249.133	301.62
249.366	301.62
249.599	313.62
249.832	311.62
250.066	319.62
250.299	345.62
250.532	416.62
250.765	452.62
250.998	425.62
251.231	378.62
251.465	344.62
251.698	319.62
251.931	342.62
252.164	319.62
252.397	321.62
252.63	325.62
252.863	313.62
253.096	333.62
253.329	347.62
253.562	333.62
253.795	330.62
254.028	347.62
254.261	326.62
254.494	360.62
254.727	382.62
254.96	438.62
255.193	411.62
255.426	391.62
255.659	413.62
255.892	515.62
256.124	650.62
256.357	679.62
256.59	584.62
256.823	487.62
257.056	434.62
257.289	429.62
257.521	384.62
257.754	409.62
257.987	384.62
258.22	379.62
258.452	381.62
258.685	355.62
258.918	366.62
259.151	357.62
259.383	358.62
259.616	350.62
259.849	359.62
260.081	367.62
260.314	377.62
260.547	410.62
260.779	377.62
261.012	368.62
261.244	374.62
261.477	379.62
261.71	352.62
261.942	371.62
262.175	399.62
262.407	395.62
262.64	365.62
262.872	359.62
263.105	363.62
263.337	378.62
263.57	364.62
263.802	371.62
264.035	377.62
264.267	362.62
264.499	361.62
264.732	395.62
264.964	369.62
265.197	373.62
265.429	371.62
265.661	375.62
265.894	382.62
266.126	388.62
266.358	393.62
266.591	384.62
266.823	389.62
267.055	392.62
267.287	378.62
267.52	381.62
267.752	382.62
267.984	393.62
268.216	386.62
268.448	390.62
268.681	399.62
268.913	413.62
269.145	407.62
269.377	428.62
269.609	430.62
269.841	420.62
270.073	428.62
270.306	457.62
270.538	448.62
270.77	451.62
271.002	455.62
271.234	456.62
271.466	473.62
271.698	474.62
271.93	468.62
272.162	495.62
272.394	471.62
272.626	469.62
272.858	447.62
273.09	454.62
273.322	461.62
273.553	458.62
273.785	458.62
274.017	449.62
274.249	446.62
274.481	472.62
274.713	467.62
274.945	464.62
275.176	453.62
275.408	449.62
275.64	465.62
275.872	475.62
276.104	462.62
276.335	475.62
276.567	505.62
276.799	517.62
277.031	549.62
277.262	574.62
277.494	555.62
277.726	528.62
277.957	511.62
278.189	509.62
278.421	498.62
278.652	498.62
278.884	522.62
279.115	485.62
279.347	469.62
279.579	509.62
279.81	493.62
280.042	509.62
280.273	572.62
280.505	559.62
280.736	521.62
280.968	512.62
281.199	488.62
281.431	496.62
281.662	508.62
281.894	474.62
282.125	499.62
282.356	551.62
282.588	562.62
282.819	563.62
283.051	529.62
283.282	484.62
283.513	495.62
283.745	501.62
283.976	506.62
284.207	497.62
284.439	519.62
284.67	502.62
284.901	488.62
285.132	514.62
285.364	523.62
285.595	523.62
285.826	514.62
286.057	525.62
286.288	544.62
286.52	511.62
286.751	505.62
286.982	535.62
287.213	510.62
287.444	522.62
287.675	527.62
287.906	545.62
288.138	557.62
288.369	561.62
288.6	560.62
288.831	539.62
289.062	555.62
289.293	549.62
289.524	529.62
289.755	525.62
289.986	571.62
290.217	559.62
290.448	531.62
290.679	539.62
290.91	559.62
291.141	530.62
291.371	553.62
291.602	563.62
291.833	555.62
292.064	547.62
292.295	541.62
292.526	524.62
292.757	542.62
292.987	535.62
293.218	531.62
293.449	574.62
293.68	539.62
293.91	542.62
294.141	545.62
294.372	566.62
294.603	551.62
294.833	566.62
295.064	550.62
295.295	560.62
295.525	569.62
295.756	579.62
295.987	580.62
296.217	595.62
296.448	624.62
296.679	587.62
296.909	601.62
297.14	577.62
297.37	576.62
297.601	593.62
297.831	618.62
298.062	588.62
298.292	580.62
298.523	601.62
298.753	600.62
298.984	587.62
299.214	587.62
299.445	602.62
299.675	607.62
299.905	630.62
300.136	609.62
300.366	622.62
300.597	635.62
300.827	633.62
301.057	640.62
301.288	654.62
301.518	644.62
301.748	629.62
301.979	653.62
302.209	653.62
302.439	657.62
302.669	658.62
302.9	627.62
303.13	659.62
303.36	655.62
303.59	667.62
303.82	699.62
304.051	697.62
304.281	661.62
304.511	635.62
304.741	644.62
304.971	650.62
305.201	631.62
305.431	632.62
305.661	630.62
305.891	653.62
306.121	665.62
306.352	674.62
306.582	651.62
306.812	619.62
307.042	660.62
307.272	673.62
307.502	693.62
307.731	696.62
307.961	687.62
308.191	663.62
308.421	642.62
308.651	663.62
308.881	676.62
309.111	665.62
309.341	680.62
309.571	667.62
309.8	671.62
310.03	701.62
310.26	752.62
310.49	739.62
310.72	752.62
310.949	740.62
311.179	779.62
311.409	724.62
311.639	726.62
311.868	761.62
312.098	736.62
312.328	777.62
312.557	761.62
312.787	776.62
313.017	816.62
313.246	792.62
313.476	732.62
313.706	765.62
313.935	786.62
314.165	779.62
314.394	797.62
314.624	801.62
314.853	785.62
315.083	809.62
315.312	741.62
315.542	765.62
315.771	748.62
316.001	736.62
316.23	744.62
316.46	753.62
316.689	771.62
316.919	786.62
317.148	767.62
317.377	793.62
317.607	765.62
317.836	783.62
318.065	777.62
318.295	770.62
318.524	775.62
318.753	768.62
318.983	757.62
319.212	783.62
319.441	814.62
319.67	812.62
319.9	814.62
320.129	791.62
320.358	784.62
320.587	798.62
320.816	776.62
321.046	804.62
321.275	825.62
321.504	827.62
321.733	840.62
321.962	851.62
322.191	866.62
322.42	883.62
322.649	889.62
322.878	925.62
323.108	956.62
323.337	1015.62
323.566	1043.62
323.795	1103.62
324.024	1211.62
324.253	1398.62
324.482	2015.62
324.71	2904.62
324.939	4103.62
325.168	3348.62
325.397	1849.62
325.626	1389.62
325.855	1247.62
326.084	1138.62
326.313	1118.62
326.542	1163.62
326.77	1251.62
326.999	1411.62
327.228	1959.62
327.457	2833.62
327.686	3265.62
327.914	2271.62
328.143	1833.62
328.372	1814.62
328.6	1657.62
328.829	1376.62
329.058	1376.62
329.287	1386.62
329.515	1359.62
329.744	1403.62
329.972	1628.62
330.201	2049.62
330.43	2511.62
330.658	2215.62
330.887	1672.62
331.115	1447.62
331.344	1268.62
331.572	1190.62
331.801	1213.62
332.03	1216.62
332.258	1181.62
332.486	1183.62
332.715	1187.62
332.943	1242.62
333.172	1259.62
333.4	1368.62
333.629	1419.62
333.857	1576.62
334.085	1824.62
334.314	2322.62
334.542	3067.62
334.771	3275.62
334.999	2163.62
335.227	1562.62
335.455	1394.62
335.684	1268.62
335.912	1193.62
336.14	1183.62
336.369	1156.62
336.597	1153.62
336.825	1156.62
337.053	1092.62
337.281	1097.62
337.51	1078.62
337.738	1091.62
337.966	1057.62
338.194	1036.62
338.422	1041.62
338.65	1029.62
338.878	998.62
339.106	986.62
339.334	1002.62
339.562	988.62
339.79	948.62
340.018	944.62
340.246	963.62
340.474	984.62
340.702	968.62
340.93	952.62
341.158	938.62
341.386	971.62
341.614	958.62
341.842	972.62
342.07	976.62
342.298	932.62
342.526	960.62
342.754	925.62
342.981	911.62
343.209	929.62
343.437	960.62
343.665	1000.62
343.893	1044.62
344.12	1079.62
344.348	1057.62
344.576	986.62
344.804	982.62
345.031	1005.62
345.259	987.62
345.487	962.62
345.714	965.62
345.942	940.62
346.17	924.62
346.397	922.62
346.625	927.62
346.853	910.62
347.08	889.62
347.308	916.62
347.535	946.62
347.763	931.62
347.99	942.62
348.218	959.62
348.445	979.62
348.673	969.62
348.9	920.62
349.128	917.62
349.355	926.62
349.583	894.62
349.81	908.62
350.037	908.62
350.265	901.62
350.492	885.62
350.72	901.62
350.947	909.62
351.174	911.62
351.402	936.62
351.629	933.62
351.856	907.62
352.083	944.62
352.311	955.62
352.538	964.62
352.765	948.62
352.992	948.62
353.22	899.62
353.447	924.62
353.674	927.62
353.901	878.62
354.128	889.62
354.355	891.62
354.583	889.62
354.81	884.62
355.037	883.62
355.264	881.62
355.491	867.62
355.718	859.62
355.945	869.62
356.172	859.62
356.399	872.62
356.626	887.62
356.853	900.62
357.08	896.62
357.307	882.62
357.534	886.62
357.761	888.62
357.988	914.62
358.215	890.62
358.441	898.62
358.668	915.62
358.895	916.62
359.122	929.62
359.349	911.62
359.576	918.62
359.802	989.62
360.029	1056.62
360.256	1055.62
360.483	1010.62
360.709	946.62
360.936	955.62
361.163	949.62
361.39	941.62
361.616	966.62
361.843	977.62
362.07	940.62
362.296	976.62
362.523	982.62
362.749	975.62
362.976	939.62
363.203	937.62
363.429	920.62
363.656	956.62
363.882	926.62
364.109	908.62
364.335	884.62
364.562	921.62
364.788	909.62
365.015	939.62
365.241	953.62
365.468	946.62
365.694	965.62
365.92	957.62
366.147	908.62
366.373	945.62
366.599	934.62
366.826	921.62
367.052	935.62
367.278	933.62
367.505	955.62
367.731	953.62
367.957	935.62
368.184	932.62
368.41	991.62
368.636	973.62
368.862	981.62
369.089	965.62
369.315	981.62
369.541	943.62
369.767	970.62
369.993	953.62
370.219	968.62
370.445	973.62
370.672	966.62
370.898	968.62
371.124	980.62
371.35	1002.62
371.576	1017.62
371.802	994.62
372.028	1001.62
372.254	1006.62
372.48	1002.62
372.706	1033.62
372.932	1027.62
373.158	1034.62
373.384	1033.62
373.61	1025.62
373.835	1032.62
374.061	1006.62
374.287	1025.62
374.513	1031.62
374.739	1079.62
374.965	1076.62
375.191	1104.62
375.416	1047.62
375.642	1028.62
375.868	1041.62
376.094	1029.62
376.319	987.62
376.545	1050.62
376.771	1015.62
376.997	1004.62
377.222	1005.62
377.448	1001.62
377.674	974.62
377.899	999.62
378.125	1005.62
378.35	1015.62
378.576	1000.62
378.802	970.62
379.027	990.62
379.253	1025.62
379.478	977.62
379.704	1016.62
379.929	993.62
380.155	971.62
380.38	1035.62
380.606	1012.62
380.831	1014.62
381.057	1026.62
381.282	1037.62
381.507	1039.62
381.733	1035.62
381.958	1033.62
382.184	1035.62
382.409	1045.62
382.634	1051.62
382.86	1076.62
383.085	1098.62
383.31	1079.62
383.535	1093.62
383.761	1110.62
383.986	1117.62
384.211	1127.62
384.436	1151.62
384.662	1138.62
384.887	1144.62
385.112	1173.62
385.337	1178.62
385.562	1179.62
385.787	1200.62
386.013	1228.62
386.238	1231.62
386.463	1239.62
386.688	1219.62
386.913	1183.62
387.138	1201.62
387.363	1195.62
387.588	1171.62
387.813	1180.62
388.038	1181.62
388.263	1203.62
388.488	1202.62
388.713	1215.62
388.938	1216.62
389.163	1194.62
389.387	1195.62
389.612	1168.62
389.837	1187.62
390.062	1184.62
390.287	1193.62
390.512	1175.62
390.736	1217.62
390.961	1215.62
391.186	1247.62
391.411	1297.62
391.636	1255.62
391.86	1316.62
392.085	1331.62
392.31	1342.62
392.534	1305.62
392.759	1308.62
392.984	1262.62
393.208	1257.62
393.433	1298.62
393.658	1296.62
393.882	1272.62
394.107	1273.62
394.331	1294.62
394.556	1300.62
394.78	1285.62
395.005	1285.62
395.229	1307.62
395.454	1363.62
395.678	1331.62
395.903	1375.62
396.127	1366.62
396.352	1344.62
396.576	1322.62
396.801	1332.62
397.025	1310.62
397.249	1356.62
397.474	1365.62
397.698	1387.62
397.922	1396.62
398.147	1427.62
398.371	1455.62
398.595	1467.62
398.82	1524.62
399.044	1572.62
399.268	1662.62
399.492	1911.62
399.717	2065.62
399.941	2048.62
400.165	1952.62
400.389	1831.62
400.613	1700.62
400.837	1621.62
401.062	1602.62
401.286	1587.62
401.51	1575.62
401.734	1554.62
401.958	1581.62
402.182	1604.62
402.406	1653.62
402.63	1604.62
402.854	1708.62
403.078	1673.62
403.302	1691.62
403.526	1723.62
403.75	1753.62
403.974	1764.62
404.198	1748.62
404.422	1785.62
404.645	1831.62
404.869	1854.62
405.093	1921.62
405.317	1993.62
405.541	2088.62
405.765	1976.62
405.988	1852.62
406.212	1888.62
406.436	1904.62
406.66	1921.62
406.883	1886.62
407.107	1918.62
407.331	2016.62
407.555	2138.62
407.778	2071.62
408.002	1957.62
408.226	1903.62
408.449	1883.62
408.673	1824.62
408.896	1843.62
409.12	1898.62
409.344	1867.62
409.567	1800.62
409.791	1811.62
410.014	1764.62
410.238	1725.62
410.461	1729.62
410.685	1758.62
410.908	1787.62
411.132	1794.62
411.355	1801.62
411.578	1790.62
411.802	1717.62
412.025	1746.62
412.249	1827.62
412.472	1914.62
412.695	2087.62
412.919	2012.62
413.142	1888.62
413.365	1886.62
413.589	1809.62
413.812	1719.62
414.035	1707.62
414.258	1677.62
414.482	1671.62
414.705	1669.62
414.928	1675.62
415.151	1685.62
415.374	1643.62
415.597	1616.62
415.821	1639.62
416.044	1624.62
416.267	1616.62
416.49	1632.62
416.713	1604.62
416.936	1653.62
417.159	1655.62
417.382	1687.62
417.605	1688.62
417.828	1770.62
418.051	1752.62
418.274	1749.62
418.497	1699.62
418.72	1745.62
418.943	1730.62
419.166	1803.62
419.389	1914.62
419.611	1875.62
419.834	1848.62
420.057	1902.62
420.28	1993.62
420.503	1953.62
420.726	1872.62
420.948	1836.62
421.171	1860.62
421.394	1874.62
421.617	1814.62
421.839	1740.62
422.062	1771.62
422.285	1719.62
422.507	1804.62
422.73	1912.62
422.953	1856.62
423.175	1773.62
423.398	1805.62
423.621	1756.62
423.843	1819.62
424.066	1864.62
424.288	1854.62
424.511	1899.62
424.733	1932.62
424.956	1987.62
425.178	1967.62
425.401	1950.62
425.623	1942.62
425.846	1776.62
426.068	1727.62
426.291	1709.62
426.513	1668.62
426.735	1721.62
426.958	1759.62
427.18	1865.62
427.402	2087.62
427.625	2254.62
427.847	2156.62
428.069	2002.62
428.292	1866.62
428.514	1709.62
428.736	1648.62
428.958	1648.62
429.181	1611.62
429.403	1591.62
429.625	1603.62
429.847	1659.62
430.069	1731.62
430.292	1692.62
430.514	1576.62
430.736	1599.62
430.958	1567.62
431.18	1540.62
431.402	1570.62
431.624	1508.62
431.846	1477.62
432.068	1419.62
432.29	1413.62
432.512	1476.62
432.734	1549.62
432.956	1567.62
433.178	1591.62
433.4	1612.62
433.622	1608.62
433.844	1572.62
434.066	1488.62
434.287	1452.62
434.509	1483.62
434.731	1472.62
434.953	1587.62
435.175	1681.62
435.397	1687.62
435.618	1617.62
435.84	1651.62
436.062	1773.62
436.284	1851.62
436.505	1712.62
436.727	1679.62
436.949	1648.62
437.17	1580.62
437.392	1605.62
437.614	1514.62
437.835	1549.62
438.057	1742.62
438.278	1839.62
438.5	1858.62
438.721	2041.62
438.943	1971.62
439.165	1745.62
439.386	1699.62
439.608	1733.62
439.829	1740.62
440.05	1781.62
440.272	1835.62
440.493	1783.62
440.715	1740.62
440.936	1707.62
441.158	1737.62
441.379	1731.62
441.6	1791.62
441.822	1856.62
442.043	1879.62
442.264	1996.62
442.486	1972.62
442.707	1846.62
442.928	1818.62
443.149	1824.62
443.371	1865.62
443.592	1903.62
443.813	2087.62
444.034	2126.62
444.255	1956.62
444.476	1928.62
444.698	2008.62
444.919	2003.62
445.14	2050.62
445.361	1927.62
445.582	1942.62
445.803	1977.62
446.024	2082.62
446.245	2115.62
446.466	1959.62
446.687	1844.62
446.908	1769.62
447.129	1742.62
447.35	1677.62
447.571	1683.62
447.792	1601.62
448.013	1619.62
448.234	1620.62
448.455	1703.62
448.675	1868.62
448.896	1961.62
449.117	1776.62
449.338	1730.62
449.559	1906.62
449.779	2037.62
450	1742.62
450.221	1596.62
450.442	1569.62
450.662	1561.62
450.883	1603.62
451.104	1618.62
451.324	1559.62
451.545	1504.62
451.766	1466.62
451.986	1416.62
452.207	1404.62
452.428	1415.62
452.648	1419.62
452.869	1352.62
453.089	1350.62
453.31	1364.62
453.53	1331.62
453.751	1296.62
453.971	1273.62
454.192	1379.62
454.412	1329.62
454.633	1304.62
454.853	1333.62
455.073	1354.62
455.294	1363.62
455.514	1457.62
455.734	1427.62
455.955	1284.62
456.175	1281.62
456.395	1234.62
456.616	1223.62
456.836	1253.62
457.056	1217.62
457.276	1207.62
457.497	1251.62
457.717	1220.62
457.937	1237.62
458.157	1278.62
458.377	1236.62
458.598	1291.62
458.818	1427.62
459.038	1533.62
459.258	1485.62
459.478	1387.62
459.698	1379.62
459.918	1399.62
460.138	1477.62
460.358	1517.62
460.578	1565.62
460.798	1549.62
461.018	1591.62
461.238	1549.62
461.458	1553.62
461.678	1523.62
461.898	1530.62
462.118	1545.62
462.338	1648.62
462.558	1658.62
462.777	1679.62
462.997	1827.62
463.217	1890.62
463.437	1932.62
463.657	1787.62
463.876	1713.62
464.096	1731.62
464.316	1707.62
464.536	1791.62
464.755	1760.62
464.975	1732.62
465.195	1797.62
465.414	1862.62
465.634	1661.62
465.854	1592.62
466.073	1553.62
466.293	1528.62
466.512	1521.62
466.732	1480.62
466.951	1504.62
467.171	1501.62
467.391	1540.62
467.61	1560.62
467.829	1611.62
468.049	1803.62
468.268	2088.62
468.488	1756.62
468.707	1618.62
468.927	1591.62
469.146	1537.62
469.365	1547.62
469.585	1549.62
469.804	1566.62
470.023	1602.62
470.243	1650.62
470.462	1671.62
470.681	1713.62
470.901	1718.62
471.12	1630.62
471.339	1652.62
471.558	1627.62
471.777	1615.62
471.997	1667.62
472.216	1999.62
472.435	3166.62
472.654	2401.62
472.873	1774.62
473.092	1629.62
473.311	1533.62
473.53	1536.62
473.749	1572.62
473.968	1583.62
474.187	1640.62
474.406	1625.62
474.625	1551.62
474.844	1553.62
475.063	1519.62
475.282	1419.62
475.501	1418.62
475.72	1436.62
475.939	1472.62
476.158	1495.62
476.377	1497.62
476.596	1467.62
476.814	1450.62
477.033	1425.62
477.252	1459.62
477.471	1542.62
477.69	1620.62
477.908	1679.62
478.127	1730.62
478.346	1682.62
478.564	1722.62
478.783	1710.62
479.002	1787.62
479.22	1779.62
479.439	1801.62
479.658	1774.62
479.876	1727.62
480.095	1765.62
480.313	1863.62
480.532	1905.62
480.751	1925.62
480.969	2210.62
481.188	4003.62
481.406	4835.62
481.624	2683.62
481.843	2118.62
482.061	1905.62
482.28	1913.62
482.498	1787.62
482.717	1697.62
482.935	1812.62
483.153	1823.62
483.372	1909.62
483.59	1874.62
483.808	1769.62
484.027	1711.62
484.245	1719.62
484.463	1777.62
484.681	1834.62
484.9	1788.62
485.118	1807.62
485.336	1740.62
485.554	1664.62
485.772	1643.62
485.99	1640.62
486.209	1658.62
486.427	1661.62
486.645	1727.62
486.863	1884.62
487.081	1872.62
487.299	1811.62
487.517	1817.62
487.735	1988.62
487.953	2091.62
488.171	2095.62
488.389	2016.62
488.607	1921.62
488.825	1835.62
489.043	1803.62
489.261	1833.62
489.479	1873.62
489.696	1936.62
489.914	1943.62
490.132	1953.62
490.35	2071.62
490.568	2162.62
490.786	2224.62
491.003	2303.62
491.221	2409.62
491.439	2497.62
491.657	2531.62
491.874	2708.62
492.092	2811.62
492.31	2900.62
492.527	2919.62
492.745	2793.62
492.963	2701.62
493.18	2654.62
493.398	2583.62
493.615	2620.62
493.833	2558.62
494.05	2473.62
494.268	2485.62
494.485	2468.62
494.703	2436.62
494.92	2469.62
495.138	2414.62
495.355	2418.62
495.573	2362.62
495.79	2372.62
496.008	2359.62
496.225	2338.62
496.442	2343.62
496.66	2347.62
496.877	2328.62
497.094	2319.62
497.312	2325.62
497.529	2306.62
497.746	2303.62
497.963	2260.62
498.181	2228.62
498.398	2260.62
498.615	2284.62
498.832	2411.62
499.049	2505.62
499.267	2636.62
499.484	2819.62
499.701	3055.62
499.918	3305.62
500.135	3643.62
500.352	3967.62
500.569	4126.62
500.786	4136.62
501.003	3904.62
501.22	3588.62
501.437	3306.62
501.654	3026.62
501.871	2908.62
502.088	2702.62
502.305	2526.62
502.522	2395.62
502.739	2396.62
502.956	2252.62
503.172	2135.62
503.389	2079.62
503.606	2055.62
503.823	2034.62
504.04	1993.62
504.256	2023.62
504.473	1994.62
504.69	2029.62
504.907	2040.62
505.123	1932.62
505.34	1878.62
505.557	1848.62
505.773	1796.62
505.99	1775.62
506.207	1752.62
506.423	1747.62
506.64	1729.62
506.856	1692.62
507.073	1697.62
507.289	1708.62
507.506	1684.62
507.722	1665.62
507.939	1720.62
508.155	1650.62
508.372	1612.62
508.588	1575.62
508.805	1577.62
509.021	1541.62
509.238	1515.62
509.454	1531.62
509.67	1504.62
509.887	1510.62
510.103	1481.62
510.319	1483.62
510.536	1815.62
510.752	3404.62
510.968	2394.62
511.184	1551.62
511.401	1513.62
511.617	1517.62
511.833	1544.62
512.049	1600.62
512.265	1569.62
512.481	1539.62
512.698	1511.62
512.914	1494.62
513.13	1449.62
513.346	1460.62
513.562	1457.62
513.778	1450.62
513.994	1443.62
514.21	1524.62
514.426	1535.62
514.642	1649.62
514.858	1686.62
515.074	1764.62
515.29	2236.62
515.506	3416.62
515.721	2597.62
515.937	1756.62
516.153	1610.62
516.369	1591.62
516.585	1547.62
516.801	1593.62
517.016	1607.62
517.232	1673.62
517.448	1691.62
517.664	1755.62
517.879	1765.62
518.095	1757.62
518.311	1715.62
518.527	1699.62
518.742	1659.62
518.958	1603.62
519.173	1622.62
519.389	1631.62
519.605	1553.62
519.82	1546.62
520.036	1593.62
520.251	1598.62
520.467	1620.62
520.682	1567.62
520.898	1521.62
521.113	1585.62
521.329	1717.62
521.544	1915.62
521.76	2442.62
521.975	4595.62
522.19	4225.62
522.406	2160.62
522.621	1644.62
522.836	1489.62
523.052	1447.62
523.267	1452.62
523.482	1420.62
523.698	1440.62
523.913	1453.62
524.128	1480.62
524.343	1436.62
524.559	1413.62
524.774	1394.62
524.989	1397.62
525.204	1393.62
525.419	1400.62
525.634	1379.62
525.849	1308.62
526.064	1313.62
526.28	1269.62
526.495	1247.62
526.71	1179.62
526.925	1148.62
527.14	1168.62
527.355	1151.62
527.57	1178.62
527.785	1167.62
527.999	1180.62
528.214	1218.62
528.429	1269.62
528.644	1331.62
528.859	1401.62
529.074	1521.62
529.289	1592.62
529.503	1745.62
529.718	1593.62
529.933	1349.62
530.148	1253.62
530.363	1225.62
530.577	1171.62
530.792	1148.62
531.007	1136.62
531.221	1140.62
531.436	1139.62
531.651	1134.62
531.865	1132.62
532.08	1161.62
532.295	1166.62
532.509	1141.62
532.724	1130.62
532.938	1168.62
533.153	1173.62
533.367	1227.62
533.582	1285.62
533.796	1269.62
534.011	1207.62
534.225	1173.62
534.44	1084.62
534.654	1127.62
534.868	1145.62
535.083	1155.62
535.297	1164.62
535.511	1198.62
535.726	1227.62
535.94	1165.62
536.154	1150.62
536.369	1118.62
536.583	1076.62
536.797	1059.62
537.011	1047.62
537.225	1035.62
537.44	1074.62
537.654	1048.62
537.868	1088.62
538.082	1070.62
538.296	1069.62
538.51	1140.62
538.724	1173.62
538.938	1199.62
539.153	1213.62
539.367	1242.62
539.581	1163.62
539.795	1119.62
540.009	1076.62
540.222	1094.62
540.436	1097.62
540.65	1169.62
540.864	1260.62
541.078	1377.62
541.292	1468.62
541.506	1511.62
541.72	1626.62
541.934	1727.62
542.147	1762.62
542.361	1637.62
542.575	1502.62
542.789	1445.62
543.002	1311.62
543.216	1274.62
543.43	1264.62
543.644	1298.62
543.857	1412.62
544.071	1487.62
544.285	1551.62
544.498	1547.62
544.712	1559.62
544.925	1544.62
545.139	1571.62
545.352	1593.62
545.566	1584.62
545.779	1588.62
545.993	1631.62
546.206	1639.62
546.42	1631.62
546.633	1657.62
546.847	1605.62
547.06	1610.62
547.274	1694.62
547.487	1721.62
547.7	1725.62
547.914	1688.62
548.127	1639.62
548.34	1626.62
548.554	1596.62
548.767	1586.62
548.98	1561.62
549.193	1573.62
549.407	1587.62
549.62	1573.62
549.833	1599.62
550.046	1600.62
550.259	1554.62
550.473	1490.62
550.686	1569.62
550.899	1488.62
551.112	1435.62
551.325	1381.62
551.538	1353.62
551.751	1245.62
551.964	1237.62
552.177	1312.62
552.39	1393.62
552.603	1505.62
552.816	1528.62
553.029	1595.62
553.242	1660.62
553.455	1703.62
553.667	1679.62
553.88	1626.62
554.093	1579.62
554.306	1541.62
554.519	1560.62
554.732	1490.62
554.944	1471.62
555.157	1463.62
555.37	1410.62
555.583	1401.62
555.795	1388.62
556.008	1323.62
556.221	1272.62
556.433	1274.62
556.646	1292.62
556.859	1303.62
557.071	1288.62
557.284	1344.62
557.496	1334.62
557.709	1320.62
557.921	1335.62
558.134	1298.62
558.346	1282.62
558.559	1286.62
558.771	1252.62
558.984	1222.62
559.196	1204.62
559.409	1183.62
559.621	1156.62
559.833	1163.62
560.046	1151.62
560.258	1162.62
560.47	1169.62
560.683	1216.62
560.895	1173.62
561.107	1150.62
561.32	1199.62
561.532	1163.62
561.744	1203.62
561.956	1169.62
562.168	1173.62
562.381	1146.62
562.593	1125.62
562.805	1181.62
563.017	1147.62
563.229	1145.62
563.441	1156.62
563.653	1128.62
563.865	1102.62
564.077	1103.62
564.289	1127.62
564.501	1094.62
564.713	1149.62
564.925	1133.62
565.137	1147.62
565.349	1121.62
565.561	1145.62
565.773	1197.62
565.985	1181.62
566.197	1223.62
566.408	1306.62
566.62	1381.62
566.832	1435.62
567.044	1449.62
567.255	1397.62
567.467	1443.62
567.679	1417.62
567.891	1459.62
568.102	1478.62
568.314	1393.62
568.526	1203.62
568.737	1111.62
568.949	1017.62
569.161	960.62
569.372	914.62
569.584	868.62
569.795	854.62
570.007	840.62
570.218	964.62
570.43	905.62
570.641	859.62
570.853	886.62
571.064	903.62
571.276	921.62
571.487	942.62
571.698	895.62
571.91	872.62
572.121	862.62
572.333	844.62
572.544	802.62
572.755	774.62
572.966	721.62
573.178	696.62
573.389	669.62
573.6	679.62
573.811	664.62
574.023	706.62
574.234	689.62
574.445	686.62
574.656	696.62
574.867	723.62
575.078	719.62
575.289	745.62
575.501	719.62
575.712	689.62
575.923	666.62
576.134	701.62
576.345	707.62
576.556	743.62
576.767	727.62
576.978	722.62
577.188	708.62
577.399	666.62
577.61	670.62
577.821	664.62
578.032	681.62
578.243	779.62
578.454	1229.62
578.665	860.62
578.875	651.62
579.086	601.62
579.297	579.62
579.508	586.62
579.718	597.62
579.929	589.62
580.14	577.62
580.35	576.62
580.561	597.62
580.772	593.62
580.982	625.62
581.193	609.62
581.403	615.62
581.614	597.62
581.825	619.62
582.035	594.62
582.246	575.62
582.456	571.62
582.667	612.62
582.877	617.62
583.087	589.62
583.298	569.62
583.508	563.62
583.719	532.62
583.929	541.62
584.139	575.62
584.35	509.62
584.56	564.62
584.77	557.62
584.981	567.62
585.191	562.62
585.401	579.62
585.611	557.62
585.821	570.62
586.032	544.62
586.242	544.62
586.452	549.62
586.662	545.62
586.872	525.62
587.082	543.62
587.292	522.62
587.502	541.62
587.713	517.62
587.923	542.62
588.133	525.62
588.343	514.62
588.553	544.62
588.762	543.62
588.972	527.62
589.182	536.62
589.392	518.62
589.602	547.62
589.812	562.62
590.022	536.62
590.232	551.62
590.441	528.62
590.651	542.62
590.861	528.62
591.071	553.62
591.281	545.62
591.49	554.62
591.7	537.62
591.91	576.62
592.119	546.62
592.329	573.62
592.539	597.62
592.748	627.62
592.958	613.62
593.167	602.62
593.377	603.62
593.587	628.62
593.796	629.62
594.006	651.62
594.215	643.62
594.424	666.62
594.634	650.62
594.843	670.62
595.053	650.62
595.262	607.62
595.472	597.62
595.681	570.62
595.89	559.62
596.1	557.62
596.309	583.62
596.518	573.62
596.727	562.62
596.937	583.62
597.146	594.62
597.355	576.62
597.564	545.62
597.774	524.62
597.983	508.62
598.192	508.62
598.401	507.62
598.61	503.62
598.819	527.62
599.028	507.62
599.237	525.62
599.446	495.62
599.655	503.62
599.864	521.62
600.073	521.62
600.282	507.62
600.491	528.62
600.7	535.62
600.909	530.62
601.118	566.62
601.327	607.62
601.536	616.62
601.745	653.62
601.953	660.62
602.162	715.62
602.371	677.62
602.58	657.62
602.789	676.62
602.997	681.62
603.206	685.62
603.415	688.62
603.623	668.62
603.832	676.62
604.041	649.62
604.249	591.62
604.458	569.62
604.666	551.62
604.875	574.62
605.084	584.62
605.292	639.62
605.501	681.62
605.709	708.62
605.918	706.62
606.126	733.62
606.334	708.62
606.543	737.62
606.751	733.62
606.96	741.62
607.168	730.62
607.376	701.62
607.585	706.62
607.793	684.62
608.001	739.62
608.21	733.62
608.418	754.62
608.626	734.62
608.834	727.62
609.043	755.62
609.251	737.62
609.459	755.62
609.667	738.62
609.875	761.62
610.083	800.62
610.291	769.62
610.499	724.62
610.707	741.62
610.916	752.62
611.124	777.62
611.332	778.62
611.54	747.62
611.748	748.62
611.955	729.62
612.163	764.62
612.371	751.62
612.579	729.62
612.787	726.62
612.995	732.62
613.203	740.62
613.411	734.62
613.618	709.62
613.826	726.62
614.034	716.62
614.242	741.62
614.449	732.62
614.657	745.62
614.865	747.62
615.072	721.62
615.28	730.62
615.488	743.62
615.695	713.62
615.903	737.62
616.111	748.62
616.318	749.62
616.526	745.62
616.733	728.62
616.941	726.62
617.148	721.62
617.356	726.62
617.563	689.62
617.771	675.62
617.978	655.62
618.185	699.62
618.393	721.62
618.6	738.62
618.807	722.62
619.015	745.62
619.222	695.62
619.429	669.62
619.637	633.62
619.844	551.62
620.051	611.62
620.258	635.62
620.466	645.62
620.673	655.62
620.88	628.62
621.087	617.62
621.294	590.62
621.501	590.62
621.708	569.62
621.915	606.62
622.122	640.62
622.329	649.62
622.536	651.62
622.743	652.62
622.95	650.62
623.157	633.62
623.364	649.62
623.571	650.62
623.778	660.62
623.985	657.62
624.192	659.62
624.399	652.62
624.606	634.62
624.812	617.62
625.019	580.62
625.226	593.62
625.433	562.62
625.639	525.62
625.846	462.62
626.053	451.62
626.259	414.62
626.466	427.62
626.673	421.62
626.879	438.62
627.086	461.62
627.293	508.62
627.499	554.62
627.706	589.62
627.912	605.62
628.119	612.62
628.325	587.62
628.532	606.62
628.738	577.62
628.945	580.62
629.151	547.62
629.357	529.62
629.564	540.62
629.77	549.62
629.976	515.62
630.183	495.62
630.389	468.62
630.595	525.62
630.802	580.62
631.008	568.62
631.214	554.62
631.42	501.62
631.627	480.62
631.833	474.62
632.039	475.62
632.245	505.62
632.451	494.62
632.657	521.62
632.863	479.62
633.069	501.62
633.275	499.62
633.481	471.62
633.688	463.62
633.893	476.62
634.099	487.62
634.305	460.62
634.511	459.62
634.717	444.62
634.923	433.62
635.129	418.62
635.335	430.62
635.541	443.62
635.747	454.62
635.952	458.62
636.158	533.62
636.364	600.62
636.57	679.62
636.775	609.62
636.981	557.62
637.187	565.62
637.392	526.62
637.598	526.62
637.804	530.62
638.009	501.62
638.215	512.62
638.421	489.62
638.626	486.62
638.832	495.62
639.037	489.62
639.243	464.62
639.448	467.62
639.654	455.62
639.859	457.62
640.065	462.62
640.27	464.62
640.475	466.62
640.681	469.62
640.886	482.62
641.091	490.62
641.297	478.62
641.502	482.62
641.707	479.62
641.913	466.62
642.118	496.62
642.323	443.62
642.528	457.62
642.733	452.62
642.939	480.62
643.144	452.62
643.349	439.62
643.554	437.62
643.759	435.62
643.964	450.62
644.169	444.62
644.374	426.62
644.579	442.62
644.784	450.62
644.989	456.62
645.194	443.62
645.399	420.62
645.604	455.62
645.809	417.62
646.014	455.62
646.219	431.62
646.423	447.62
646.628	435.62
646.833	443.62
647.038	450.62
647.243	432.62
647.447	449.62
647.652	437.62
647.857	420.62
648.062	449.62
648.266	451.62
648.471	458.62
648.676	457.62
648.88	431.62
649.085	437.62
649.289	453.62
649.494	443.62
649.698	450.62
649.903	467.62
650.107	436.62
650.312	436.62
650.516	409.62
650.721	426.62
650.925	397.62
651.13	391.62
651.334	380.62
651.539	383.62
651.743	382.62
651.947	365.62
652.152	375.62
652.356	369.62
652.56	345.62
652.764	349.62
652.969	336.62
653.173	337.62
653.377	358.62
653.581	326.62
653.785	327.62
653.99	315.62
654.194	322.62
654.398	317.62
654.602	314.62
654.806	320.62
655.01	316.62
655.214	318.62
655.418	297.62
655.622	280.62
655.826	285.62
656.03	284.62
656.234	282.62
656.438	279.62
656.642	269.62
656.846	291.62
657.049	250.62
657.253	265.62
657.457	232.62
657.661	230.62
657.865	212.62
658.068	202.62
658.272	206.62
658.476	197.62
658.68	199.62
658.883	173.62
659.087	180.62
659.291	170.62
659.494	156.62
659.698	171.62
659.901	163.62
660.105	152.62
660.309	151.62
660.512	170.62
660.716	126.62
660.919	131.62
661.123	138.62
661.326	132.62
661.53	124.62
661.733	121.62
661.936	106.62
662.14	113.62
662.343	122.62
662.546	115.62
662.75	92.62
662.953	94.62
663.156	92.62
663.36	95.62
663.563	90.62
663.766	76.62
663.969	80.62
664.173	79.62
664.376	69.62
664.579	92.62
664.782	83.62
664.985	78.62
665.188	82.62
665.391	93.62
665.594	70.62
665.797	82.62
666	67.62
666.203	73.62
666.406	98.62
666.609	78.62
666.812	90.62
667.015	75.62
667.218	71.62
667.421	67.62
667.624	79.62
667.827	81.62
668.03	81.62
668.232	78.62
668.435	74.62
668.638	93.62
668.841	74.62
669.043	73.62
669.246	76.62
669.449	83.62
669.651	80.62
669.854	77.62
670.057	70.62
670.259	85.62
670.462	91.62
670.665	87.62
670.867	79.62
671.07	72.62
671.272	72.62
671.475	86.62
671.677	84.62
671.88	76.62
672.082	80.62
672.284	66.62
672.487	80.62
672.689	89.62
672.892	66.62
