223.165	-16.12
223.4	-16.12
223.635	-16.12
223.869	-12.12
224.104	-23.12
224.338	-8.12
224.573	-21.12
224.808	-18.12
225.042	-8.12
225.277	-2.12
225.511	-6.12
225.746	13.88
225.98	-7.12
226.215	4.88
226.449	19.88
226.683	15.88
226.918	33.88
227.152	33.88
227.387	29.88
227.621	36.88
227.856	36.88
228.09	47.88
228.324	43.88
228.559	51.88
228.793	74.88
229.027	129.88
229.262	129.88
229.496	148.88
229.73	177.88
229.964	201.88
230.199	186.88
230.433	163.88
230.667	137.88
230.901	149.88
231.136	132.88
231.37	144.88
231.604	147.88
231.838	134.88
232.072	134.88
232.306	147.88
232.541	146.88
232.775	146.88
233.009	150.88
233.243	142.88
233.477	152.88
233.711	150.88
233.945	152.88
234.179	144.88
234.413	161.88
234.647	151.88
234.881	149.88
235.115	156.88
235.349	166.88
235.583	146.88
235.817	153.88
236.051	175.88
236.285	166.88
236.519	155.88
236.753	191.88
236.987	186.88
237.221	234.88
237.455	290.88
237.689	220.88
237.922	191.88
238.156	172.88
238.39	181.88
238.624	159.88
238.858	166.88
239.091	163.88
239.325	167.88
239.559	166.88
239.793	172.88
240.027	175.88
240.26	196.88
240.494	196.88
240.728	200.88
240.961	195.88
241.195	185.88
241.429	181.88
241.662	186.88
241.896	180.88
242.13	197.88
242.363	188.88
242.597	192.88
242.83	204.88
243.064	187.88
243.298	202.88
243.531	227.88
243.765	209.88
243.998	201.88
244.232	203.88
244.465	206.88
244.699	225.88
244.932	227.88
245.166	212.88
245.399	205.88
245.633	202.88
245.866	226.88
246.099	208.88
246.333	201.88
246.566	215.88
246.8	212.88
247.033	236.88
247.266	217.88
247.5	232.88
247.733	236.88
247.966	228.88
248.2	261.88
248.433	220.88
248.666	260.88
248.899	258.88
249.133	282.88
249.366	292.88
249.599	283.88
249.832	277.88
250.066	282.88
250.299	287.88
250.532	306.88
250.765	336.88
250.998	348.88
251.231	328.88
251.465	301.88
251.698	315.88
251.931	281.88
252.164	284.88
252.397	286.88
252.63	297.88
252.863	305.88
253.096	325.88
253.329	325.88
253.562	333.88
253.795	305.88
254.028	300.88
254.261	318.88
254.494	329.88
254.727	329.88
254.96	382.88
255.193	375.88
255.426	344.88
255.659	347.88
255.892	371.88
256.124	435.88
256.357	437.88
256.59	385.88
256.823	365.88
257.056	324.88
257.289	361.88
257.521	335.88
257.754	331.88
257.987	322.88
258.22	313.88
258.452	314.88
258.685	297.88
258.918	331.88
259.151	324.88
259.383	322.88
259.616	339.88
259.849	325.88
260.081	333.88
260.314	347.88
260.547	338.88
260.779	339.88
261.012	334.88
261.244	327.88
261.477	338.88
261.71	332.88
261.942	335.88
262.175	367.88
262.407	340.88
262.64	319.88
262.872	327.88
263.105	310.88
263.337	319.88
263.57	320.88
263.802	334.88
264.035	299.88
264.267	327.88
264.499	300.88
264.732	323.88
264.964	327.88
265.197	330.88
265.429	333.88
265.661	332.88
265.894	324.88
266.126	348.88
266.358	344.88
266.591	338.88
266.823	338.88
267.055	348.88
267.287	331.88
267.52	352.88
267.752	367.88
267.984	358.88
268.216	355.88
268.448	345.88
268.681	367.88
268.913	387.88
269.145	383.88
269.377	409.88
269.609	392.88
269.841	410.88
270.073	404.88
270.306	428.88
270.538	443.88
270.77	435.88
271.002	427.88
271.234	427.88
271.466	451.88
271.698	431.88
271.93	445.88
272.162	472.88
272.394	470.88
272.626	427.88
272.858	437.88
273.09	420.88
273.322	435.88
273.553	412.88
273.785	413.88
274.017	417.88
274.249	418.88
274.481	390.88
274.713	406.88
274.945	393.88
275.176	424.88
275.408	423.88
275.64	421.88
275.872	425.88
276.104	431.88
276.335	413.88
276.567	443.88
276.799	468.88
277.031	472.88
277.262	484.88
277.494	499.88
277.726	473.88
277.957	447.88
278.189	440.88
278.421	451.88
278.652	443.88
278.884	426.88
279.115	428.88
279.347	446.88
279.579	448.88
279.81	440.88
280.042	445.88
280.273	464.88
280.505	457.88
280.736	452.88
280.968	442.88
281.199	451.88
281.431	444.88
281.662	442.88
281.894	421.88
282.125	454.88
282.356	475.88
282.588	501.88
282.819	527.88
283.051	492.88
283.282	447.88
283.513	446.88
283.745	453.88
283.976	472.88
284.207	477.88
284.439	446.88
284.67	460.88
284.901	475.88
285.132	449.88
285.364	459.88
285.595	450.88
285.826	454.88
286.057	462.88
286.288	461.88
286.52	452.88
286.751	474.88
286.982	457.88
287.213	472.88
287.444	476.88
287.675	477.88
287.906	470.88
288.138	491.88
288.369	490.88
288.6	509.88
288.831	484.88
289.062	499.88
289.293	467.88
289.524	491.88
289.755	501.88
289.986	482.88
290.217	492.88
290.448	504.88
290.679	483.88
290.91	502.88
291.141	500.88
291.371	479.88
291.602	503.88
291.833	496.88
292.064	480.88
292.295	493.88
292.526	507.88
292.757	506.88
292.987	491.88
293.218	500.88
293.449	511.88
293.68	492.88
293.91	493.88
294.141	497.88
294.372	490.88
294.603	492.88
294.833	503.88
295.064	525.88
295.295	517.88
295.525	508.88
295.756	516.88
295.987	544.88
296.217	554.88
296.448	579.88
296.679	551.88
296.909	533.88
297.14	538.88
297.37	521.88
297.601	521.88
297.831	521.88
298.062	537.88
298.292	533.88
298.523	547.88
298.753	538.88
298.984	533.88
299.214	522.88
299.445	574.88
299.675	557.88
299.905	567.88
300.136	555.88
300.366	556.88
300.597	579.88
300.827	594.88
301.057	588.88
301.288	607.88
301.518	602.88
301.748	595.88
301.979	611.88
302.209	615.88
302.439	598.88
302.669	588.88
302.9	594.88
303.13	600.88
303.36	578.88
303.59	610.88
303.82	600.88
304.051	615.88
304.281	579.88
304.511	589.88
304.741	592.88
304.971	585.88
305.201	581.88
305.431	582.88
305.661	599.88
305.891	597.88
306.121	591.88
306.352	604.88
306.582	600.88
306.812	606.88
307.042	607.88
307.272	613.88
307.502	608.88
307.731	612.88
307.961	609.88
308.191	596.88
308.421	617.88
308.651	608.88
308.881	607.88
309.111	634.88
309.341	637.88
309.571	663.88
309.8	635.88
310.03	629.88
310.26	675.88
310.49	672.88
310.72	664.88
310.949	687.88
311.179	685.88
311.409	674.88
311.639	662.88
311.868	671.88
312.098	673.88
312.328	696.88
312.557	713.88
312.787	713.88
313.017	746.88
313.246	704.88
313.476	684.88
313.706	690.88
313.935	689.88
314.165	722.88
314.394	731.88
314.624	741.88
314.853	708.88
315.083	712.88
315.312	714.88
315.542	701.88
315.771	656.88
316.001	683.88
316.23	669.88
316.46	701.88
316.689	706.88
316.919	714.88
317.148	685.88
317.377	703.88
317.607	717.88
317.836	715.88
318.065	723.88
318.295	688.88
318.524	669.88
318.753	693.88
318.983	685.88
319.212	701.88
319.441	696.88
319.67	732.88
319.9	700.88
320.129	715.88
320.358	728.88
320.587	724.88
320.816	746.88
321.046	757.88
321.275	731.88
321.504	745.88
321.733	743.88
321.962	743.88
322.191	739.88
322.42	808.88
322.649	809.88
322.878	840.88
323.108	831.88
323.337	887.88
323.566	909.88
323.795	965.88
324.024	1042.88
324.253	1281.88
324.482	1723.88
324.71	2652.88
324.939	3664.88
325.168	2968.88
325.397	1624.88
325.626	1209.88
325.855	1095.88
326.084	1044.88
326.313	1027.88
326.542	1003.88
326.77	1089.88
326.999	1236.88
327.228	1684.88
327.457	2464.88
327.686	2868.88
327.914	1870.88
328.143	1362.88
328.372	1298.88
328.6	1202.88
328.829	1105.88
329.058	1130.88
329.287	1122.88
329.515	1109.88
329.744	1060.88
329.972	1111.88
330.201	1265.88
330.43	1413.88
330.658	1354.88
330.887	1251.88
331.115	1163.88
331.344	1011.88
331.572	1020.88
331.801	992.88
332.03	1028.88
332.258	973.88
332.486	989.88
332.715	996.88
332.943	1026.88
333.172	1026.88
333.4	1082.88
333.629	1147.88
333.857	1164.88
334.085	1239.88
334.314	1406.88
334.542	1630.88
334.771	1705.88
334.999	1330.88
335.227	1167.88
335.455	1047.88
335.684	1020.88
335.912	993.88
336.14	972.88
336.369	977.88
336.597	973.88
336.825	997.88
337.053	960.88
337.281	916.88
337.51	939.88
337.738	905.88
337.966	937.88
338.194	900.88
338.422	899.88
338.65	873.88
338.878	881.88
339.106	898.88
339.334	902.88
339.562	876.88
339.79	891.88
340.018	867.88
340.246	869.88
340.474	879.88
340.702	863.88
340.93	872.88
341.158	856.88
341.386	871.88
341.614	869.88
341.842	877.88
342.07	855.88
342.298	871.88
342.526	852.88
342.754	841.88
342.981	822.88
343.209	855.88
343.437	859.88
343.665	919.88
343.893	965.88
344.12	1004.88
344.348	978.88
344.576	930.88
344.804	907.88
345.031	923.88
345.259	910.88
345.487	891.88
345.714	895.88
345.942	861.88
346.17	861.88
346.397	860.88
346.625	868.88
346.853	860.88
347.08	842.88
347.308	876.88
347.535	857.88
347.763	883.88
347.99	900.88
348.218	893.88
348.445	883.88
348.673	862.88
348.9	864.88
349.128	838.88
349.355	798.88
349.583	852.88
349.81	849.88
350.037	812.88
350.265	850.88
350.492	837.88
350.72	841.88
350.947	843.88
351.174	855.88
351.402	853.88
351.629	848.88
351.856	859.88
352.083	871.88
352.311	864.88
352.538	856.88
352.765	876.88
352.992	881.88
353.22	850.88
353.447	854.88
353.674	839.88
353.901	816.88
354.128	852.88
354.355	808.88
354.583	809.88
354.81	833.88
355.037	817.88
355.264	835.88
355.491	797.88
355.718	804.88
355.945	812.88
356.172	795.88
356.399	799.88
356.626	816.88
356.853	821.88
357.08	813.88
357.307	804.88
357.534	843.88
357.761	802.88
357.988	821.88
358.215	824.88
358.441	820.88
358.668	825.88
358.895	811.88
359.122	831.88
359.349	880.88
359.576	882.88
359.802	912.88
360.029	963.88
360.256	969.88
360.483	921.88
360.709	894.88
360.936	874.88
361.163	871.88
361.39	899.88
361.616	866.88
361.843	891.88
362.07	871.88
362.296	884.88
362.523	890.88
362.749	901.88
362.976	880.88
363.203	848.88
363.429	875.88
363.656	879.88
363.882	860.88
364.109	869.88
364.335	896.88
364.562	849.88
364.788	878.88
365.015	891.88
365.241	872.88
365.468	894.88
365.694	880.88
365.92	840.88
366.147	889.88
366.373	867.88
366.599	848.88
366.826	843.88
367.052	857.88
367.278	885.88
367.505	873.88
367.731	886.88
367.957	887.88
368.184	879.88
368.41	919.88
368.636	943.88
368.862	927.88
369.089	919.88
369.315	915.88
369.541	895.88
369.767	930.88
369.993	910.88
370.219	907.88
370.445	889.88
370.672	923.88
370.898	928.88
371.124	912.88
371.35	932.88
371.576	925.88
371.802	913.88
372.028	945.88
372.254	957.88
372.48	955.88
372.706	955.88
372.932	951.88
373.158	920.88
373.384	958.88
373.61	925.88
373.835	929.88
374.061	942.88
374.287	950.88
374.513	962.88
374.739	986.88
374.965	1014.88
375.191	1015.88
375.416	1027.88
375.642	954.88
375.868	986.88
376.094	959.88
376.319	921.88
376.545	944.88
376.771	965.88
376.997	953.88
377.222	939.88
377.448	939.88
377.674	919.88
377.899	925.88
378.125	954.88
378.35	935.88
378.576	933.88
378.802	898.88
379.027	933.88
379.253	939.88
379.478	926.88
379.704	963.88
379.929	948.88
380.155	943.88
380.38	926.88
380.606	936.88
380.831	946.88
381.057	966.88
381.282	956.88
381.507	952.88
381.733	961.88
381.958	971.88
382.184	1006.88
382.409	1000.88
382.634	996.88
382.86	966.88
383.085	1021.88
383.31	1001.88
383.535	1051.88
383.761	1058.88
383.986	1047.88
384.211	1075.88
384.436	1083.88
384.662	1069.88
384.887	1097.88
385.112	1114.88
385.337	1133.88
385.562	1133.88
385.787	1131.88
386.013	1116.88
386.238	1129.88
386.463	1161.88
386.688	1134.88
386.913	1124.88
387.138	1122.88
387.363	1129.88
387.588	1110.88
387.813	1133.88
388.038	1153.88
388.263	1137.88
388.488	1165.88
388.713	1153.88
388.938	1133.88
389.163	1125.88
389.387	1135.88
389.612	1125.88
389.837	1127.88
390.062	1090.88
390.287	1119.88
390.512	1107.88
390.736	1103.88
390.961	1149.88
391.186	1171.88
391.411	1198.88
391.636	1205.88
391.86	1267.88
392.085	1300.88
392.31	1255.88
392.534	1252.88
392.759	1249.88
392.984	1168.88
393.208	1229.88
393.433	1228.88
393.658	1236.88
393.882	1210.88
394.107	1237.88
394.331	1230.88
394.556	1249.88
394.78	1228.88
395.005	1230.88
395.229	1221.88
395.454	1256.88
395.678	1291.88
395.903	1331.88
396.127	1287.88
396.352	1302.88
396.576	1261.88
396.801	1231.88
397.025	1253.88
397.249	1293.88
397.474	1313.88
397.698	1267.88
397.922	1353.88
398.147	1351.88
398.371	1335.88
398.595	1383.88
398.82	1435.88
399.044	1518.88
399.268	1635.88
399.492	1806.88
399.717	1966.88
399.941	1982.88
400.165	1846.88
400.389	1760.88
400.613	1617.88
400.837	1553.88
401.062	1488.88
401.286	1478.88
401.51	1482.88
401.734	1470.88
401.958	1456.88
402.182	1510.88
402.406	1562.88
402.63	1571.88
402.854	1586.88
403.078	1567.88
403.302	1605.88
403.526	1629.88
403.75	1641.88
403.974	1661.88
404.198	1683.88
404.422	1684.88
404.645	1692.88
404.869	1683.88
405.093	1743.88
405.317	1818.88
405.541	1847.88
405.765	1764.88
405.988	1671.88
406.212	1705.88
406.436	1801.88
406.66	1789.88
406.883	1753.88
407.107	1859.88
407.331	1957.88
407.555	2059.88
407.778	1996.88
408.002	1908.88
408.226	1812.88
408.449	1802.88
408.673	1729.88
408.896	1777.88
409.12	1830.88
409.344	1763.88
409.567	1679.88
409.791	1712.88
410.014	1628.88
410.238	1641.88
410.461	1639.88
410.685	1652.88
410.908	1668.88
411.132	1713.88
411.355	1727.88
411.578	1646.88
411.802	1665.88
412.025	1628.88
412.249	1652.88
412.472	1729.88
412.695	1812.88
412.919	1753.88
413.142	1650.88
413.365	1613.88
413.589	1645.88
413.812	1589.88
414.035	1556.88
414.258	1529.88
414.482	1563.88
414.705	1573.88
414.928	1549.88
415.151	1540.88
415.374	1564.88
415.597	1544.88
415.821	1516.88
416.044	1542.88
416.267	1539.88
416.49	1531.88
416.713	1499.88
416.936	1527.88
417.159	1533.88
417.382	1570.88
417.605	1563.88
417.828	1601.88
418.051	1620.88
418.274	1604.88
418.497	1572.88
418.72	1609.88
418.943	1641.88
419.166	1700.88
419.389	1742.88
419.611	1759.88
419.834	1710.88
420.057	1691.88
420.28	1699.88
420.503	1708.88
420.726	1672.88
420.948	1684.88
421.171	1736.88
421.394	1746.88
421.617	1690.88
421.839	1657.88
422.062	1663.88
422.285	1659.88
422.507	1723.88
422.73	1823.88
422.953	1756.88
423.175	1699.88
423.398	1683.88
423.621	1680.88
423.843	1763.88
424.066	1779.88
424.288	1712.88
424.511	1781.88
424.733	1876.88
424.956	1932.88
425.178	1897.88
425.401	1867.88
425.623	1888.88
425.846	1713.88
426.068	1665.88
426.291	1620.88
426.513	1621.88
426.735	1621.88
426.958	1706.88
427.18	1852.88
427.402	1974.88
427.625	2122.88
427.847	1962.88
428.069	1825.88
428.292	1699.88
428.514	1638.88
428.736	1523.88
428.958	1532.88
429.181	1525.88
429.403	1483.88
429.625	1514.88
429.847	1522.88
430.069	1636.88
430.292	1597.88
430.514	1514.88
430.736	1508.88
430.958	1494.88
431.18	1483.88
431.402	1444.88
431.624	1390.88
431.846	1370.88
432.068	1300.88
432.29	1341.88
432.512	1411.88
432.734	1449.88
432.956	1498.88
433.178	1509.88
433.4	1523.88
433.622	1523.88
433.844	1529.88
434.066	1435.88
434.287	1396.88
434.509	1406.88
434.731	1447.88
434.953	1497.88
435.175	1597.88
435.397	1643.88
435.618	1533.88
435.84	1547.88
436.062	1675.88
436.284	1785.88
436.505	1641.88
436.727	1632.88
436.949	1560.88
437.17	1479.88
437.392	1483.88
437.614	1453.88
437.835	1416.88
438.057	1592.88
438.278	1806.88
438.5	1779.88
438.721	1933.88
438.943	1919.88
439.165	1692.88
439.386	1655.88
439.608	1660.88
439.829	1636.88
440.05	1689.88
440.272	1780.88
440.493	1715.88
440.715	1660.88
440.936	1661.88
441.158	1670.88
441.379	1667.88
441.6	1815.88
441.822	1782.88
442.043	1803.88
442.264	1912.88
442.486	1939.88
442.707	1760.88
442.928	1739.88
443.149	1728.88
443.371	1790.88
443.592	1836.88
443.813	1961.88
444.034	2069.88
444.255	1873.88
444.476	1828.88
444.698	1895.88
444.919	1912.88
445.14	1991.88
445.361	1892.88
445.582	1795.88
445.803	1896.88
446.024	1976.88
446.245	2015.88
446.466	1925.88
446.687	1760.88
446.908	1751.88
447.129	1687.88
447.35	1585.88
447.571	1608.88
447.792	1560.88
448.013	1563.88
448.234	1572.88
448.455	1634.88
448.675	1804.88
448.896	1924.88
449.117	1727.88
449.338	1704.88
449.559	1833.88
449.779	1988.88
450	1700.88
450.221	1576.88
450.442	1515.88
450.662	1466.88
450.883	1475.88
451.104	1530.88
451.324	1504.88
451.545	1470.88
451.766	1435.88
451.986	1421.88
452.207	1374.88
452.428	1313.88
452.648	1354.88
452.869	1295.88
453.089	1277.88
453.31	1315.88
453.53	1285.88
453.751	1219.88
453.971	1195.88
454.192	1269.88
454.412	1257.88
454.633	1257.88
454.853	1264.88
455.073	1283.88
455.294	1322.88
455.514	1391.88
455.734	1367.88
455.955	1245.88
456.175	1218.88
456.395	1152.88
456.616	1160.88
456.836	1171.88
457.056	1168.88
457.276	1146.88
457.497	1157.88
457.717	1147.88
457.937	1161.88
458.157	1151.88
458.377	1184.88
458.598	1212.88
458.818	1334.88
459.038	1427.88
459.258	1423.88
459.478	1308.88
459.698	1315.88
459.918	1297.88
460.138	1372.88
460.358	1435.88
460.578	1477.88
460.798	1515.88
461.018	1504.88
461.238	1462.88
461.458	1504.88
461.678	1458.88
461.898	1482.88
462.118	1476.88
462.338	1535.88
462.558	1587.88
462.777	1619.88
462.997	1709.88
463.217	1823.88
463.437	1817.88
463.657	1689.88
463.876	1648.88
464.096	1627.88
464.316	1690.88
464.536	1653.88
464.755	1685.88
464.975	1606.88
465.195	1715.88
465.414	1779.88
465.634	1579.88
465.854	1477.88
466.073	1431.88
466.293	1410.88
466.512	1412.88
466.732	1378.88
466.951	1417.88
467.171	1399.88
467.391	1429.88
467.61	1466.88
467.829	1523.88
468.049	1492.88
468.268	1577.88
468.488	1497.88
468.707	1412.88
468.927	1434.88
469.146	1401.88
469.365	1421.88
469.585	1422.88
469.804	1505.88
470.023	1543.88
470.243	1515.88
470.462	1539.88
470.681	1589.88
470.901	1571.88
471.12	1531.88
471.339	1534.88
471.558	1521.88
471.777	1467.88
471.997	1434.88
472.216	1509.88
472.435	1891.88
472.654	1605.88
472.873	1361.88
473.092	1305.88
473.311	1334.88
473.53	1340.88
473.749	1355.88
473.968	1395.88
474.187	1505.88
474.406	1514.88
474.625	1383.88
474.844	1411.88
475.063	1354.88
475.282	1341.88
475.501	1304.88
475.72	1319.88
475.939	1361.88
476.158	1398.88
476.377	1399.88
476.596	1325.88
476.814	1297.88
477.033	1307.88
477.252	1361.88
477.471	1427.88
477.69	1516.88
477.908	1536.88
478.127	1598.88
478.346	1587.88
478.564	1592.88
478.783	1626.88
479.002	1674.88
479.22	1648.88
479.439	1621.88
479.658	1639.88
479.876	1581.88
480.095	1579.88
480.313	1651.88
480.532	1689.88
480.751	1699.88
480.969	1665.88
481.188	2244.88
481.406	2530.88
481.624	1756.88
481.843	1545.88
482.061	1505.88
482.28	1485.88
482.498	1482.88
482.717	1434.88
482.935	1504.88
483.153	1626.88
483.372	1665.88
483.59	1650.88
483.808	1553.88
484.027	1496.88
484.245	1530.88
484.463	1630.88
484.681	1660.88
484.9	1587.88
485.118	1605.88
485.336	1601.88
485.554	1520.88
485.772	1481.88
485.99	1479.88
486.209	1508.88
486.427	1529.88
486.645	1627.88
486.863	1707.88
487.081	1729.88
487.299	1662.88
487.517	1671.88
487.735	1861.88
487.953	1967.88
488.171	1931.88
488.389	1874.88
488.607	1756.88
488.825	1675.88
489.043	1628.88
489.261	1639.88
489.479	1671.88
489.696	1717.88
489.914	1675.88
490.132	1787.88
490.35	1846.88
490.568	1890.88
490.786	2011.88
491.003	2099.88
491.221	2125.88
491.439	2202.88
491.657	2295.88
491.874	2332.88
492.092	2517.88
492.31	2569.88
492.527	2561.88
492.745	2418.88
492.963	2319.88
493.18	2323.88
493.398	2287.88
493.615	2239.88
493.833	2244.88
494.05	2196.88
494.268	2187.88
494.485	2176.88
494.703	2153.88
494.92	2139.88
495.138	2174.88
495.355	2126.88
495.573	2154.88
495.79	2093.88
496.008	2134.88
496.225	2123.88
496.442	2161.88
496.66	2144.88
496.877	2124.88
497.094	2115.88
497.312	2144.88
497.529	2136.88
497.746	2069.88
497.963	2050.88
498.181	2019.88
498.398	2072.88
498.615	2107.88
498.832	2193.88
499.049	2309.88
499.267	2436.88
499.484	2681.88
499.701	2817.88
499.918	3101.88
500.135	3486.88
500.352	3839.88
500.569	3972.88
500.786	3917.88
501.003	3674.88
501.22	3399.88
501.437	3129.88
501.654	2873.88
501.871	2723.88
502.088	2517.88
502.305	2375.88
502.522	2255.88
502.739	2211.88
502.956	2111.88
503.172	2029.88
503.389	1995.88
503.606	1933.88
503.823	1917.88
504.04	1885.88
504.256	1890.88
504.473	1898.88
504.69	1915.88
504.907	1842.88
505.123	1805.88
505.34	1748.88
505.557	1696.88
505.773	1701.88
505.99	1726.88
506.207	1655.88
506.423	1655.88
506.64	1605.88
506.856	1591.88
507.073	1525.88
507.289	1558.88
507.506	1572.88
507.722	1559.88
507.939	1626.88
508.155	1513.88
508.372	1485.88
508.588	1490.88
508.805	1480.88
509.021	1436.88
509.238	1433.88
509.454	1466.88
509.67	1413.88
509.887	1379.88
510.103	1407.88
510.319	1443.88
510.536	1679.88
510.752	3231.88
510.968	2216.88
511.184	1411.88
511.401	1385.88
511.617	1355.88
511.833	1377.88
512.049	1396.88
512.265	1370.88
512.481	1377.88
512.698	1339.88
512.914	1364.88
513.13	1325.88
513.346	1311.88
513.562	1362.88
513.778	1335.88
513.994	1352.88
514.21	1403.88
514.426	1430.88
514.642	1480.88
514.858	1569.88
515.074	1640.88
515.29	1985.88
515.506	3223.88
515.721	2451.88
515.937	1635.88
516.153	1514.88
516.369	1487.88
516.585	1481.88
516.801	1511.88
517.016	1564.88
517.232	1584.88
517.448	1607.88
517.664	1665.88
517.879	1660.88
518.095	1651.88
518.311	1618.88
518.527	1614.88
518.742	1554.88
518.958	1540.88
519.173	1477.88
519.389	1509.88
519.605	1471.88
519.82	1461.88
520.036	1525.88
520.251	1504.88
520.467	1504.88
520.682	1489.88
520.898	1474.88
521.113	1484.88
521.329	1512.88
521.544	1752.88
521.76	2270.88
521.975	4249.88
522.19	3908.88
522.406	1985.88
522.621	1529.88
522.836	1412.88
523.052	1343.88
523.267	1357.88
523.482	1346.88
523.698	1328.88
523.913	1343.88
524.128	1358.88
524.343	1337.88
524.559	1341.88
524.774	1304.88
524.989	1335.88
525.204	1328.88
525.419	1325.88
525.634	1241.88
525.849	1226.88
526.064	1170.88
526.28	1156.88
526.495	1140.88
526.71	1102.88
526.925	1091.88
527.14	1086.88
527.355	1049.88
527.57	1059.88
527.785	1060.88
527.999	1129.88
528.214	1139.88
528.429	1188.88
528.644	1259.88
528.859	1329.88
529.074	1401.88
529.289	1481.88
529.503	1620.88
529.718	1462.88
529.933	1299.88
530.148	1195.88
530.363	1124.88
530.577	1090.88
530.792	1052.88
531.007	1035.88
531.221	1043.88
531.436	1065.88
531.651	1029.88
531.865	1028.88
532.08	1040.88
532.295	1097.88
532.509	1038.88
532.724	1075.88
532.938	1090.88
533.153	1117.88
533.367	1183.88
533.582	1196.88
533.796	1215.88
534.011	1149.88
534.225	1074.88
534.44	1052.88
534.654	1049.88
534.868	1061.88
535.083	1075.88
535.297	1090.88
535.511	1087.88
535.726	1131.88
535.94	1098.88
536.154	1063.88
536.369	1029.88
536.583	994.88
536.797	1015.88
537.011	991.88
537.225	1015.88
537.44	976.88
537.654	1003.88
537.868	990.88
538.082	986.88
538.296	1018.88
538.51	1061.88
538.724	1129.88
538.938	1175.88
539.153	1194.88
539.367	1187.88
539.581	1131.88
539.795	1058.88
540.009	996.88
540.222	1018.88
540.436	1041.88
540.65	1098.88
540.864	1223.88
541.078	1280.88
541.292	1362.88
541.506	1435.88
541.72	1521.88
541.934	1621.88
542.147	1717.88
542.361	1631.88
542.575	1464.88
542.789	1343.88
543.002	1223.88
543.216	1182.88
543.43	1186.88
543.644	1226.88
543.857	1325.88
544.071	1422.88
544.285	1431.88
544.498	1460.88
544.712	1464.88
544.925	1471.88
545.139	1502.88
545.352	1532.88
545.566	1520.88
545.779	1490.88
545.993	1552.88
546.206	1589.88
546.42	1586.88
546.633	1552.88
546.847	1545.88
547.06	1549.88
547.274	1576.88
547.487	1597.88
547.7	1676.88
547.914	1636.88
548.127	1521.88
548.34	1542.88
548.554	1521.88
548.767	1517.88
548.98	1547.88
549.193	1501.88
549.407	1504.88
549.62	1532.88
549.833	1498.88
550.046	1512.88
550.259	1474.88
550.473	1443.88
550.686	1455.88
550.899	1424.88
551.112	1390.88
551.325	1340.88
551.538	1249.88
551.751	1173.88
551.964	1165.88
552.177	1232.88
552.39	1300.88
552.603	1422.88
552.816	1467.88
553.029	1534.88
553.242	1597.88
553.455	1631.88
553.667	1601.88
553.88	1601.88
554.093	1533.88
554.306	1492.88
554.519	1464.88
554.732	1440.88
554.944	1418.88
555.157	1384.88
555.37	1351.88
555.583	1327.88
555.795	1292.88
556.008	1236.88
556.221	1226.88
556.433	1204.88
556.646	1211.88
556.859	1231.88
557.071	1244.88
557.284	1225.88
557.496	1264.88
557.709	1277.88
557.921	1255.88
558.134	1248.88
558.346	1207.88
558.559	1213.88
558.771	1186.88
558.984	1189.88
559.196	1153.88
559.409	1130.88
559.621	1097.88
559.833	1108.88
560.046	1106.88
560.258	1144.88
560.47	1104.88
560.683	1143.88
560.895	1129.88
561.107	1118.88
561.32	1105.88
561.532	1134.88
561.744	1122.88
561.956	1120.88
562.168	1127.88
562.381	1123.88
562.593	1120.88
562.805	1100.88
563.017	1095.88
563.229	1076.88
563.441	1096.88
563.653	1064.88
563.865	1036.88
564.077	1020.88
564.289	1057.88
564.501	1055.88
564.713	1069.88
564.925	1089.88
565.137	1093.88
565.349	1094.88
565.561	1076.88
565.773	1123.88
565.985	1181.88
566.197	1197.88
566.408	1237.88
566.62	1335.88
566.832	1391.88
567.044	1383.88
567.255	1377.88
567.467	1325.88
567.679	1369.88
567.891	1429.88
568.102	1409.88
568.314	1316.88
568.526	1196.88
568.737	1065.88
568.949	993.88
569.161	919.88
569.372	882.88
569.584	855.88
569.795	803.88
570.007	794.88
570.218	926.88
570.43	865.88
570.641	814.88
570.853	847.88
571.064	885.88
571.276	886.88
571.487	835.88
571.698	857.88
571.91	814.88
572.121	812.88
572.333	788.88
572.544	740.88
572.755	708.88
572.966	656.88
573.178	674.88
573.389	657.88
573.6	615.88
573.811	621.88
574.023	643.88
574.234	640.88
574.445	642.88
574.656	667.88
574.867	663.88
575.078	695.88
575.289	701.88
575.501	656.88
575.712	660.88
575.923	667.88
576.134	668.88
576.345	677.88
576.556	677.88
576.767	667.88
576.978	672.88
577.188	655.88
577.399	636.88
577.61	656.88
577.821	641.88
578.032	647.88
578.243	737.88
578.454	1211.88
578.665	802.88
578.875	623.88
579.086	580.88
579.297	566.88
579.508	563.88
579.718	539.88
579.929	539.88
580.14	527.88
580.35	547.88
580.561	567.88
580.772	583.88
580.982	580.88
581.193	569.88
581.403	574.88
581.614	568.88
581.825	562.88
582.035	561.88
582.246	556.88
582.456	583.88
582.667	556.88
582.877	551.88
583.087	552.88
583.298	528.88
583.508	532.88
583.719	516.88
583.929	536.88
584.139	511.88
584.35	514.88
584.56	516.88
584.77	503.88
584.981	540.88
585.191	541.88
585.401	539.88
585.611	506.88
585.821	506.88
586.032	496.88
586.242	493.88
586.452	508.88
586.662	485.88
586.872	501.88
587.082	513.88
587.292	492.88
587.502	497.88
587.713	489.88
587.923	500.88
588.133	494.88
588.343	472.88
588.553	493.88
588.762	491.88
588.972	484.88
589.182	509.88
589.392	473.88
589.602	517.88
589.812	520.88
590.022	507.88
590.232	501.88
590.441	515.88
590.651	507.88
590.861	509.88
591.071	500.88
591.281	503.88
591.49	513.88
591.7	508.88
591.91	512.88
592.119	540.88
592.329	551.88
592.539	553.88
592.748	570.88
592.958	601.88
593.167	589.88
593.377	596.88
593.587	607.88
593.796	581.88
594.006	612.88
594.215	644.88
594.424	618.88
594.634	644.88
594.843	635.88
595.053	639.88
595.262	596.88
595.472	567.88
595.681	531.88
595.89	532.88
596.1	516.88
596.309	533.88
596.518	544.88
596.727	549.88
596.937	563.88
597.146	538.88
597.355	533.88
597.564	509.88
597.774	489.88
597.983	489.88
598.192	456.88
598.401	454.88
598.61	456.88
598.819	472.88
599.028	474.88
599.237	481.88
599.446	485.88
599.655	465.88
599.864	479.88
600.073	484.88
600.282	496.88
600.491	491.88
600.7	490.88
600.909	483.88
601.118	558.88
601.327	558.88
601.536	623.88
601.745	617.88
601.953	633.88
602.162	655.88
602.371	648.88
602.58	666.88
602.789	659.88
602.997	675.88
603.206	664.88
603.415	671.88
603.623	686.88
603.832	639.88
604.041	635.88
604.249	568.88
604.458	573.88
604.666	512.88
604.875	530.88
605.084	563.88
605.292	617.88
605.501	646.88
605.709	699.88
605.918	665.88
606.126	704.88
606.334	692.88
606.543	691.88
606.751	706.88
606.96	665.88
607.168	668.88
607.376	687.88
607.585	667.88
607.793	693.88
608.001	696.88
608.21	709.88
608.418	714.88
608.626	706.88
608.834	701.88
609.043	685.88
609.251	712.88
609.459	720.88
609.667	720.88
609.875	780.88
610.083	757.88
610.291	770.88
610.499	720.88
610.707	727.88
610.916	736.88
611.124	739.88
611.332	715.88
611.54	721.88
611.748	724.88
611.955	719.88
612.163	739.88
612.371	702.88
612.579	738.88
612.787	739.88
612.995	716.88
613.203	724.88
613.411	710.88
613.618	697.88
613.826	729.88
614.034	720.88
614.242	706.88
614.449	712.88
614.657	699.88
614.865	722.88
615.072	701.88
615.28	729.88
615.488	707.88
615.695	718.88
615.903	714.88
616.111	714.88
616.318	739.88
616.526	733.88
616.733	711.88
616.941	723.88
617.148	707.88
617.356	688.88
617.563	665.88
617.771	671.88
617.978	654.88
618.185	685.88
618.393	713.88
618.6	693.88
618.807	700.88
619.015	715.88
619.222	688.88
619.429	645.88
619.637	579.88
619.844	546.88
620.051	589.88
620.258	624.88
620.466	654.88
620.673	639.88
620.88	632.88
621.087	617.88
621.294	603.88
621.501	564.88
621.708	581.88
621.915	613.88
622.122	619.88
622.329	626.88
622.536	658.88
622.743	645.88
622.95	649.88
623.157	624.88
623.364	638.88
623.571	642.88
623.778	677.88
623.985	653.88
624.192	659.88
624.399	627.88
624.606	623.88
624.812	608.88
625.019	588.88
625.226	563.88
625.433	540.88
625.639	521.88
625.846	484.88
626.053	430.88
626.259	427.88
626.466	417.88
626.673	417.88
626.879	397.88
627.086	456.88
627.293	482.88
627.499	567.88
627.706	566.88
627.912	582.88
628.119	598.88
628.325	597.88
628.532	596.88
628.738	570.88
628.945	553.88
629.151	536.88
629.357	508.88
629.564	517.88
629.77	528.88
629.976	505.88
630.183	461.88
630.389	473.88
630.595	512.88
630.802	563.88
631.008	514.88
631.214	517.88
631.42	508.88
631.627	464.88
631.833	482.88
632.039	509.88
632.245	505.88
632.451	503.88
632.657	506.88
632.863	500.88
633.069	499.88
633.275	499.88
633.481	481.88
633.688	464.88
633.893	461.88
634.099	468.88
634.305	448.88
634.511	455.88
634.717	409.88
634.923	409.88
635.129	383.88
635.335	405.88
635.541	405.88
635.747	428.88
635.952	444.88
636.158	492.88
636.364	533.88
636.57	561.88
636.775	519.88
636.981	536.88
637.187	524.88
637.392	513.88
637.598	501.88
637.804	523.88
638.009	493.88
638.215	488.88
638.421	481.88
638.626	480.88
638.832	489.88
639.037	479.88
639.243	453.88
639.448	436.88
639.654	447.88
639.859	457.88
640.065	440.88
640.27	443.88
640.475	457.88
640.681	440.88
640.886	471.88
641.091	461.88
641.297	469.88
641.502	465.88
641.707	457.88
641.913	459.88
642.118	461.88
642.323	460.88
642.528	450.88
642.733	447.88
642.939	444.88
643.144	435.88
643.349	434.88
643.554	429.88
643.759	436.88
643.964	428.88
644.169	427.88
644.374	407.88
644.579	418.88
644.784	445.88
644.989	457.88
645.194	452.88
645.399	443.88
645.604	436.88
645.809	447.88
646.014	427.88
646.219	450.88
646.423	435.88
646.628	441.88
646.833	431.88
647.038	446.88
647.243	443.88
647.447	431.88
647.652	452.88
647.857	460.88
648.062	455.88
648.266	455.88
648.471	448.88
648.676	432.88
648.88	461.88
649.085	455.88
649.289	459.88
649.494	437.88
649.698	438.88
649.903	449.88
650.107	420.88
650.312	403.88
650.516	387.88
650.721	417.88
650.925	417.88
651.13	405.88
651.334	385.88
651.539	380.88
651.743	371.88
651.947	377.88
652.152	363.88
652.356	347.88
652.56	360.88
652.764	350.88
652.969	349.88
653.173	342.88
653.377	327.88
653.581	324.88
653.785	330.88
653.99	322.88
654.194	317.88
654.398	295.88
654.602	290.88
654.806	289.88
655.01	317.88
655.214	298.88
655.418	282.88
655.622	281.88
655.826	276.88
656.03	283.88
656.234	283.88
656.438	276.88
656.642	274.88
656.846	269.88
657.049	252.88
657.253	238.88
657.457	222.88
657.661	223.88
657.865	221.88
658.068	213.88
658.272	204.88
658.476	195.88
658.68	193.88
658.883	168.88
659.087	180.88
659.291	170.88
659.494	176.88
659.698	169.88
659.901	168.88
660.105	158.88
660.309	160.88
660.512	144.88
660.716	137.88
660.919	142.88
661.123	128.88
661.326	134.88
661.53	113.88
661.733	111.88
661.936	112.88
662.14	106.88
662.343	107.88
662.546	98.88
662.75	115.88
662.953	107.88
663.156	90.88
663.36	89.88
663.563	103.88
663.766	97.88
663.969	80.88
664.173	91.88
664.376	91.88
664.579	94.88
664.782	87.88
664.985	83.88
665.188	94.88
665.391	91.88
665.594	90.88
665.797	84.88
666	65.88
666.203	88.88
666.406	91.88
666.609	81.88
666.812	80.88
667.015	74.88
667.218	80.88
667.421	84.88
667.624	82.88
667.827	85.88
668.03	87.88
668.232	86.88
668.435	63.88
668.638	83.88
668.841	93.88
669.043	67.88
669.246	84.88
669.449	80.88
669.651	73.88
669.854	75.88
670.057	86.88
670.259	84.88
670.462	84.88
670.665	76.88
670.867	76.88
671.07	73.88
671.272	78.88
671.475	75.88
671.677	76.88
671.88	72.88
672.082	77.88
672.284	76.88
672.487	83.88
672.689	63.88
672.892	81.88
