223.165	-19.5
223.4	-19.5
223.635	-19.5
223.869	-16.5
224.104	-21.5
224.338	-12.5
224.573	-14.5
224.808	-21.5
225.042	5.5
225.277	0.5
225.511	-3.5
225.746	-2.5
225.98	7.5
226.215	8.5
226.449	23.5
226.683	23.5
226.918	23.5
227.152	19.5
227.387	8.5
227.621	35.5
227.856	26.5
228.09	46.5
228.324	46.5
228.559	61.5
228.793	72.5
229.027	140.5
229.262	132.5
229.496	166.5
229.73	185.5
229.964	216.5
230.199	170.5
230.433	164.5
230.667	164.5
230.901	148.5
231.136	143.5
231.37	135.5
231.604	138.5
231.838	167.5
232.072	152.5
232.306	160.5
232.541	148.5
232.775	162.5
233.009	155.5
233.243	134.5
233.477	150.5
233.711	151.5
233.945	161.5
234.179	163.5
234.413	158.5
234.647	170.5
234.881	172.5
235.115	170.5
235.349	168.5
235.583	174.5
235.817	166.5
236.051	166.5
236.285	162.5
236.519	174.5
236.753	177.5
236.987	198.5
237.221	254.5
237.455	313.5
237.689	257.5
237.922	216.5
238.156	184.5
238.39	186.5
238.624	173.5
238.858	198.5
239.091	193.5
239.325	195.5
239.559	173.5
239.793	182.5
240.027	178.5
240.26	203.5
240.494	219.5
240.728	222.5
240.961	206.5
241.195	208.5
241.429	201.5
241.662	202.5
241.896	206.5
242.13	200.5
242.363	210.5
242.597	204.5
242.83	203.5
243.064	226.5
243.298	225.5
243.531	202.5
243.765	211.5
243.998	214.5
244.232	205.5
244.465	219.5
244.699	231.5
244.932	221.5
245.166	240.5
245.399	223.5
245.633	220.5
245.866	220.5
246.099	229.5
246.333	225.5
246.566	239.5
246.8	233.5
247.033	244.5
247.266	234.5
247.5	252.5
247.733	258.5
247.966	264.5
248.2	264.5
248.433	238.5
248.666	273.5
248.899	274.5
249.133	284.5
249.366	323.5
249.599	334.5
249.832	297.5
250.066	287.5
250.299	332.5
250.532	358.5
250.765	416.5
250.998	398.5
251.231	382.5
251.465	357.5
251.698	342.5
251.931	327.5
252.164	305.5
252.397	326.5
252.63	322.5
252.863	320.5
253.096	337.5
253.329	350.5
253.562	329.5
253.795	318.5
254.028	344.5
254.261	341.5
254.494	351.5
254.727	368.5
254.96	399.5
255.193	384.5
255.426	378.5
255.659	404.5
255.892	464.5
256.124	552.5
256.357	586.5
256.59	531.5
256.823	448.5
257.056	424.5
257.289	367.5
257.521	379.5
257.754	366.5
257.987	355.5
258.22	344.5
258.452	353.5
258.685	339.5
258.918	355.5
259.151	356.5
259.383	367.5
259.616	368.5
259.849	356.5
260.081	381.5
260.314	372.5
260.547	398.5
260.779	399.5
261.012	368.5
261.244	367.5
261.477	378.5
261.71	372.5
261.942	376.5
262.175	396.5
262.407	369.5
262.64	358.5
262.872	365.5
263.105	378.5
263.337	362.5
263.57	358.5
263.802	372.5
264.035	342.5
264.267	378.5
264.499	366.5
264.732	358.5
264.964	369.5
265.197	365.5
265.429	387.5
265.661	361.5
265.894	346.5
266.126	360.5
266.358	357.5
266.591	386.5
266.823	390.5
267.055	382.5
267.287	392.5
267.52	384.5
267.752	374.5
267.984	391.5
268.216	399.5
268.448	386.5
268.681	385.5
268.913	412.5
269.145	411.5
269.377	434.5
269.609	448.5
269.841	415.5
270.073	418.5
270.306	464.5
270.538	444.5
270.77	489.5
271.002	473.5
271.234	446.5
271.466	469.5
271.698	485.5
271.93	492.5
272.162	471.5
272.394	492.5
272.626	488.5
272.858	467.5
273.09	474.5
273.322	465.5
273.553	465.5
273.785	455.5
274.017	435.5
274.249	446.5
274.481	450.5
274.713	448.5
274.945	465.5
275.176	479.5
275.408	455.5
275.64	479.5
275.872	474.5
276.104	479.5
276.335	464.5
276.567	473.5
276.799	507.5
277.031	541.5
277.262	558.5
277.494	544.5
277.726	519.5
277.957	524.5
278.189	507.5
278.421	481.5
278.652	517.5
278.884	475.5
279.115	473.5
279.347	484.5
279.579	486.5
279.81	508.5
280.042	533.5
280.273	534.5
280.505	529.5
280.736	510.5
280.968	508.5
281.199	504.5
281.431	523.5
281.662	488.5
281.894	504.5
282.125	493.5
282.356	512.5
282.588	590.5
282.819	576.5
283.051	523.5
283.282	482.5
283.513	514.5
283.745	503.5
283.976	511.5
284.207	498.5
284.439	506.5
284.67	515.5
284.901	518.5
285.132	510.5
285.364	492.5
285.595	506.5
285.826	510.5
286.057	524.5
286.288	530.5
286.52	516.5
286.751	528.5
286.982	519.5
287.213	543.5
287.444	536.5
287.675	523.5
287.906	521.5
288.138	544.5
288.369	542.5
288.6	553.5
288.831	547.5
289.062	563.5
289.293	558.5
289.524	516.5
289.755	526.5
289.986	530.5
290.217	536.5
290.448	514.5
290.679	555.5
290.91	537.5
291.141	538.5
291.371	570.5
291.602	547.5
291.833	540.5
292.064	526.5
292.295	543.5
292.526	571.5
292.757	544.5
292.987	522.5
293.218	540.5
293.449	554.5
293.68	550.5
293.91	565.5
294.141	561.5
294.372	567.5
294.603	551.5
294.833	551.5
295.064	553.5
295.295	577.5
295.525	556.5
295.756	570.5
295.987	582.5
296.217	636.5
296.448	640.5
296.679	600.5
296.909	572.5
297.14	561.5
297.37	568.5
297.601	590.5
297.831	583.5
298.062	591.5
298.292	574.5
298.523	607.5
298.753	616.5
298.984	618.5
299.214	581.5
299.445	616.5
299.675	602.5
299.905	626.5
300.136	616.5
300.366	626.5
300.597	595.5
300.827	625.5
301.057	625.5
301.288	647.5
301.518	641.5
301.748	660.5
301.979	643.5
302.209	659.5
302.439	643.5
302.669	651.5
302.9	636.5
303.13	639.5
303.36	642.5
303.59	667.5
303.82	695.5
304.051	692.5
304.281	687.5
304.511	629.5
304.741	648.5
304.971	654.5
305.201	636.5
305.431	636.5
305.661	648.5
305.891	653.5
306.121	636.5
306.352	686.5
306.582	657.5
306.812	660.5
307.042	651.5
307.272	665.5
307.502	691.5
307.731	705.5
307.961	690.5
308.191	678.5
308.421	668.5
308.651	677.5
308.881	654.5
309.111	692.5
309.341	686.5
309.571	703.5
309.8	704.5
310.03	726.5
310.26	734.5
310.49	700.5
310.72	758.5
310.949	775.5
311.179	778.5
311.409	748.5
311.639	745.5
311.868	742.5
312.098	771.5
312.328	782.5
312.557	803.5
312.787	822.5
313.017	826.5
313.246	774.5
313.476	753.5
313.706	750.5
313.935	765.5
314.165	788.5
314.394	812.5
314.624	807.5
314.853	794.5
315.083	776.5
315.312	779.5
315.542	747.5
315.771	777.5
316.001	762.5
316.23	770.5
316.46	754.5
316.689	760.5
316.919	776.5
317.148	799.5
317.377	782.5
317.607	792.5
317.836	779.5
318.065	787.5
318.295	788.5
318.524	790.5
318.753	773.5
318.983	754.5
319.212	770.5
319.441	799.5
319.67	823.5
319.9	816.5
320.129	771.5
320.358	782.5
320.587	782.5
320.816	803.5
321.046	841.5
321.275	829.5
321.504	832.5
321.733	848.5
321.962	876.5
322.191	860.5
322.42	911.5
322.649	928.5
322.878	951.5
323.108	974.5
323.337	1043.5
323.566	1043.5
323.795	1114.5
324.024	1244.5
324.253	1474.5
324.482	2127.5
324.71	3163.5
324.939	4285.5
325.168	3480.5
325.397	1952.5
325.626	1444.5
325.855	1240.5
326.084	1179.5
326.313	1166.5
326.542	1146.5
326.77	1307.5
326.999	1474.5
327.228	2003.5
327.457	2940.5
327.686	3401.5
327.914	2291.5
328.143	1815.5
328.372	1760.5
328.6	1582.5
328.829	1354.5
329.058	1360.5
329.287	1406.5
329.515	1357.5
329.744	1366.5
329.972	1526.5
330.201	1879.5
330.43	2205.5
330.658	2008.5
330.887	1600.5
331.115	1430.5
331.344	1270.5
331.572	1217.5
331.801	1202.5
332.03	1222.5
332.258	1196.5
332.486	1181.5
332.715	1165.5
332.943	1213.5
333.172	1262.5
333.4	1290.5
333.629	1364.5
333.857	1470.5
334.085	1691.5
334.314	2022.5
334.542	2606.5
334.771	2806.5
334.999	1932.5
335.227	1429.5
335.455	1324.5
335.684	1256.5
335.912	1195.5
336.14	1126.5
336.369	1137.5
336.597	1146.5
336.825	1137.5
337.053	1108.5
337.281	1082.5
337.51	1047.5
337.738	1065.5
337.966	1018.5
338.194	1024.5
338.422	992.5
338.65	998.5
338.878	1005.5
339.106	1020.5
339.334	998.5
339.562	988.5
339.79	954.5
340.018	973.5
340.246	962.5
340.474	964.5
340.702	987.5
340.93	987.5
341.158	987.5
341.386	960.5
341.614	993.5
341.842	970.5
342.07	938.5
342.298	951.5
342.526	937.5
342.754	950.5
342.981	937.5
343.209	933.5
343.437	955.5
343.665	996.5
343.893	1057.5
344.12	1073.5
344.348	1040.5
344.576	1019.5
344.804	989.5
345.031	975.5
345.259	987.5
345.487	978.5
345.714	964.5
345.942	942.5
346.17	939.5
346.397	966.5
346.625	921.5
346.853	946.5
347.08	939.5
347.308	970.5
347.535	938.5
347.763	946.5
347.99	943.5
348.218	956.5
348.445	992.5
348.673	931.5
348.9	949.5
349.128	917.5
349.355	928.5
349.583	922.5
349.81	925.5
350.037	927.5
350.265	914.5
350.492	916.5
350.72	910.5
350.947	923.5
351.174	980.5
351.402	973.5
351.629	950.5
351.856	948.5
352.083	951.5
352.311	979.5
352.538	972.5
352.765	965.5
352.992	960.5
353.22	935.5
353.447	910.5
353.674	950.5
353.901	938.5
354.128	922.5
354.355	886.5
354.583	896.5
354.81	899.5
355.037	890.5
355.264	893.5
355.491	883.5
355.718	898.5
355.945	883.5
356.172	882.5
356.399	890.5
356.626	893.5
356.853	892.5
357.08	887.5
357.307	904.5
357.534	897.5
357.761	927.5
357.988	886.5
358.215	894.5
358.441	909.5
358.668	913.5
358.895	899.5
359.122	911.5
359.349	948.5
359.576	954.5
359.802	1037.5
360.029	1057.5
360.256	1103.5
360.483	1054.5
360.709	972.5
360.936	968.5
361.163	967.5
361.39	977.5
361.616	943.5
361.843	953.5
362.07	961.5
362.296	980.5
362.523	967.5
362.749	996.5
362.976	940.5
363.203	947.5
363.429	964.5
363.656	942.5
363.882	932.5
364.109	930.5
364.335	933.5
364.562	946.5
364.788	914.5
365.015	926.5
365.241	954.5
365.468	951.5
365.694	918.5
365.92	939.5
366.147	918.5
366.373	931.5
366.599	937.5
366.826	945.5
367.052	935.5
367.278	958.5
367.505	959.5
367.731	972.5
367.957	963.5
368.184	985.5
368.41	962.5
368.636	958.5
368.862	973.5
369.089	1002.5
369.315	970.5
369.541	973.5
369.767	1010.5
369.993	990.5
370.219	976.5
370.445	970.5
370.672	984.5
370.898	978.5
371.124	982.5
371.35	1001.5
371.576	995.5
371.802	1008.5
372.028	984.5
372.254	990.5
372.48	1008.5
372.706	1003.5
372.932	1036.5
373.158	1043.5
373.384	1001.5
373.61	1018.5
373.835	1008.5
374.061	1010.5
374.287	1032.5
374.513	1006.5
374.739	1033.5
374.965	1046.5
375.191	1083.5
375.416	1072.5
375.642	1048.5
375.868	1026.5
376.094	1037.5
376.319	1023.5
376.545	1057.5
376.771	1023.5
376.997	992.5
377.222	1035.5
377.448	1018.5
377.674	1017.5
377.899	974.5
378.125	1001.5
378.35	985.5
378.576	994.5
378.802	1040.5
379.027	1007.5
379.253	1011.5
379.478	1034.5
379.704	1019.5
379.929	1018.5
380.155	1031.5
380.38	1033.5
380.606	1006.5
380.831	1005.5
381.057	1019.5
381.282	1044.5
381.507	1024.5
381.733	1030.5
381.958	1033.5
382.184	1046.5
382.409	1079.5
382.634	1057.5
382.86	1098.5
383.085	1052.5
383.31	1068.5
383.535	1117.5
383.761	1081.5
383.986	1098.5
384.211	1131.5
384.436	1152.5
384.662	1186.5
384.887	1167.5
385.112	1179.5
385.337	1194.5
385.562	1196.5
385.787	1196.5
386.013	1234.5
386.238	1213.5
386.463	1236.5
386.688	1205.5
386.913	1200.5
387.138	1169.5
387.363	1206.5
387.588	1168.5
387.813	1192.5
388.038	1184.5
388.263	1184.5
388.488	1246.5
388.713	1219.5
388.938	1208.5
389.163	1196.5
389.387	1191.5
389.612	1194.5
389.837	1181.5
390.062	1186.5
390.287	1220.5
390.512	1193.5
390.736	1241.5
390.961	1200.5
391.186	1239.5
391.411	1276.5
391.636	1292.5
391.86	1340.5
392.085	1333.5
392.31	1338.5
392.534	1318.5
392.759	1326.5
392.984	1288.5
393.208	1300.5
393.433	1297.5
393.658	1277.5
393.882	1299.5
394.107	1322.5
394.331	1281.5
394.556	1314.5
394.78	1344.5
395.005	1318.5
395.229	1328.5
395.454	1370.5
395.678	1376.5
395.903	1398.5
396.127	1401.5
396.352	1384.5
396.576	1339.5
396.801	1311.5
397.025	1320.5
397.249	1368.5
397.474	1370.5
397.698	1405.5
397.922	1412.5
398.147	1459.5
398.371	1460.5
398.595	1462.5
398.82	1502.5
399.044	1585.5
399.268	1719.5
399.492	1954.5
399.717	2088.5
399.941	2113.5
400.165	1971.5
400.389	1868.5
400.613	1732.5
400.837	1656.5
401.062	1574.5
401.286	1563.5
401.51	1547.5
401.734	1537.5
401.958	1571.5
402.182	1624.5
402.406	1658.5
402.63	1690.5
402.854	1704.5
403.078	1691.5
403.302	1706.5
403.526	1763.5
403.75	1795.5
403.974	1790.5
404.198	1800.5
404.422	1846.5
404.645	1831.5
404.869	1850.5
405.093	1931.5
405.317	1987.5
405.541	2058.5
405.765	1907.5
405.988	1838.5
406.212	1860.5
406.436	1952.5
406.66	1985.5
406.883	1881.5
407.107	1961.5
407.331	2036.5
407.555	2133.5
407.778	2162.5
408.002	2036.5
408.226	1960.5
408.449	1900.5
408.673	1878.5
408.896	1862.5
409.12	1903.5
409.344	1866.5
409.567	1804.5
409.791	1796.5
410.014	1751.5
410.238	1763.5
410.461	1746.5
410.685	1754.5
410.908	1762.5
411.132	1794.5
411.355	1792.5
411.578	1775.5
411.802	1738.5
412.025	1751.5
412.249	1816.5
412.472	1885.5
412.695	2017.5
412.919	1952.5
413.142	1823.5
413.365	1804.5
413.589	1790.5
413.812	1726.5
414.035	1712.5
414.258	1687.5
414.482	1679.5
414.705	1674.5
414.928	1666.5
415.151	1707.5
415.374	1659.5
415.597	1668.5
415.821	1624.5
416.044	1606.5
416.267	1611.5
416.49	1622.5
416.713	1607.5
416.936	1647.5
417.159	1662.5
417.382	1692.5
417.605	1710.5
417.828	1727.5
418.051	1760.5
418.274	1770.5
418.497	1658.5
418.72	1724.5
418.943	1719.5
419.166	1813.5
419.389	1914.5
419.611	1862.5
419.834	1853.5
420.057	1862.5
420.28	1860.5
420.503	1894.5
420.726	1871.5
420.948	1827.5
421.171	1852.5
421.394	1899.5
421.617	1792.5
421.839	1793.5
422.062	1771.5
422.285	1711.5
422.507	1826.5
422.73	1948.5
422.953	1895.5
423.175	1820.5
423.398	1786.5
423.621	1791.5
423.843	1822.5
424.066	1841.5
424.288	1830.5
424.511	1921.5
424.733	1961.5
424.956	2016.5
425.178	1995.5
425.401	1975.5
425.623	1984.5
425.846	1788.5
426.068	1752.5
426.291	1738.5
426.513	1703.5
426.735	1714.5
426.958	1810.5
427.18	1896.5
427.402	2091.5
427.625	2266.5
427.847	2128.5
428.069	1995.5
428.292	1820.5
428.514	1735.5
428.736	1648.5
428.958	1670.5
429.181	1580.5
429.403	1619.5
429.625	1594.5
429.847	1674.5
430.069	1726.5
430.292	1774.5
430.514	1575.5
430.736	1600.5
430.958	1590.5
431.18	1540.5
431.402	1528.5
431.624	1475.5
431.846	1433.5
432.068	1388.5
432.29	1418.5
432.512	1453.5
432.734	1513.5
432.956	1570.5
433.178	1616.5
433.4	1640.5
433.622	1631.5
433.844	1610.5
434.066	1500.5
434.287	1474.5
434.509	1459.5
434.731	1510.5
434.953	1630.5
435.175	1667.5
435.397	1695.5
435.618	1632.5
435.84	1674.5
436.062	1754.5
436.284	1873.5
436.505	1748.5
436.727	1702.5
436.949	1640.5
437.17	1614.5
437.392	1565.5
437.614	1585.5
437.835	1590.5
438.057	1714.5
438.278	1856.5
438.5	1879.5
438.721	2028.5
438.943	2014.5
439.165	1806.5
439.386	1717.5
439.608	1774.5
439.829	1743.5
440.05	1820.5
440.272	1873.5
440.493	1814.5
440.715	1753.5
440.936	1748.5
441.158	1750.5
441.379	1770.5
441.6	1823.5
441.822	1884.5
442.043	1915.5
442.264	2011.5
442.486	2015.5
442.707	1878.5
442.928	1849.5
443.149	1891.5
443.371	1895.5
443.592	1942.5
443.813	2125.5
444.034	2166.5
444.255	1994.5
444.476	1916.5
444.698	1975.5
444.919	2020.5
445.14	2134.5
445.361	1994.5
445.582	1969.5
445.803	1999.5
446.024	2121.5
446.245	2128.5
446.466	1986.5
446.687	1872.5
446.908	1820.5
447.129	1758.5
447.35	1739.5
447.571	1701.5
447.792	1670.5
448.013	1620.5
448.234	1663.5
448.455	1689.5
448.675	1867.5
448.896	2020.5
449.117	1807.5
449.338	1750.5
449.559	1949.5
449.779	2050.5
450	1794.5
450.221	1629.5
450.442	1614.5
450.662	1587.5
450.883	1590.5
451.104	1654.5
451.324	1592.5
451.545	1530.5
451.766	1507.5
451.986	1468.5
452.207	1409.5
452.428	1410.5
452.648	1431.5
452.869	1403.5
453.089	1393.5
453.31	1411.5
453.53	1308.5
453.751	1298.5
453.971	1326.5
454.192	1358.5
454.412	1353.5
454.633	1357.5
454.853	1321.5
455.073	1357.5
455.294	1411.5
455.514	1486.5
455.734	1444.5
455.955	1352.5
456.175	1285.5
456.395	1275.5
456.616	1256.5
456.836	1258.5
457.056	1235.5
457.276	1210.5
457.497	1261.5
457.717	1244.5
457.937	1244.5
458.157	1278.5
458.377	1241.5
458.598	1294.5
458.818	1437.5
459.038	1586.5
459.258	1564.5
459.478	1413.5
459.698	1367.5
459.918	1422.5
460.138	1462.5
460.358	1548.5
460.578	1566.5
460.798	1598.5
461.018	1608.5
461.238	1578.5
461.458	1616.5
461.678	1563.5
461.898	1587.5
462.118	1602.5
462.338	1614.5
462.558	1693.5
462.777	1708.5
462.997	1821.5
463.217	1941.5
463.437	1916.5
463.657	1794.5
463.876	1745.5
464.096	1753.5
464.316	1763.5
464.536	1803.5
464.755	1722.5
464.975	1731.5
465.195	1857.5
465.414	1966.5
465.634	1676.5
465.854	1588.5
466.073	1527.5
466.293	1531.5
466.512	1503.5
466.732	1500.5
466.951	1553.5
467.171	1511.5
467.391	1503.5
467.61	1548.5
467.829	1654.5
468.049	1736.5
468.268	1986.5
468.488	1720.5
468.707	1577.5
468.927	1573.5
469.146	1539.5
469.365	1527.5
469.585	1564.5
469.804	1561.5
470.023	1622.5
470.243	1674.5
470.462	1681.5
470.681	1726.5
470.901	1690.5
471.12	1643.5
471.339	1640.5
471.558	1622.5
471.777	1634.5
471.997	1693.5
472.216	1872.5
472.435	2764.5
472.654	2182.5
472.873	1682.5
473.092	1550.5
473.311	1538.5
473.53	1523.5
473.749	1515.5
473.968	1566.5
474.187	1654.5
474.406	1603.5
474.625	1540.5
474.844	1501.5
475.063	1475.5
475.282	1431.5
475.501	1402.5
475.72	1440.5
475.939	1436.5
476.158	1513.5
476.377	1507.5
476.596	1455.5
476.814	1469.5
477.033	1412.5
477.252	1483.5
477.471	1551.5
477.69	1632.5
477.908	1692.5
478.127	1693.5
478.346	1672.5
478.564	1692.5
478.783	1736.5
479.002	1814.5
479.22	1790.5
479.439	1790.5
479.658	1777.5
479.876	1735.5
480.095	1719.5
480.313	1831.5
480.532	1851.5
480.751	1846.5
480.969	2065.5
481.188	3488.5
481.406	4238.5
481.624	2475.5
481.843	1974.5
482.061	1823.5
482.28	1790.5
482.498	1742.5
482.717	1624.5
482.935	1722.5
483.153	1840.5
483.372	1872.5
483.59	1826.5
483.808	1737.5
484.027	1692.5
484.245	1712.5
484.463	1751.5
484.681	1818.5
484.9	1772.5
485.118	1761.5
485.336	1710.5
485.554	1643.5
485.772	1614.5
485.99	1649.5
486.209	1628.5
486.427	1666.5
486.645	1776.5
486.863	1884.5
487.081	1866.5
487.299	1763.5
487.517	1823.5
487.735	1994.5
487.953	2092.5
488.171	2087.5
488.389	1994.5
488.607	1934.5
488.825	1816.5
489.043	1763.5
489.261	1802.5
489.479	1872.5
489.696	1870.5
489.914	1917.5
490.132	1926.5
490.35	2000.5
490.568	2098.5
490.786	2178.5
491.003	2235.5
491.221	2320.5
491.439	2393.5
491.657	2474.5
491.874	2608.5
492.092	2765.5
492.31	2857.5
492.527	2796.5
492.745	2671.5
492.963	2600.5
493.18	2562.5
493.398	2574.5
493.615	2489.5
493.833	2475.5
494.05	2461.5
494.268	2405.5
494.485	2410.5
494.703	2406.5
494.92	2391.5
495.138	2358.5
495.355	2393.5
495.573	2353.5
495.79	2384.5
496.008	2316.5
496.225	2342.5
496.442	2279.5
496.66	2301.5
496.877	2299.5
497.094	2309.5
497.312	2291.5
497.529	2313.5
497.746	2234.5
497.963	2214.5
498.181	2250.5
498.398	2266.5
498.615	2346.5
498.832	2368.5
499.049	2488.5
499.267	2641.5
499.484	2835.5
499.701	3071.5
499.918	3327.5
500.135	3613.5
500.352	4038.5
500.569	4168.5
500.786	4043.5
501.003	3906.5
501.22	3544.5
501.437	3337.5
501.654	3028.5
501.871	2855.5
502.088	2691.5
502.305	2563.5
502.522	2471.5
502.739	2373.5
502.956	2274.5
503.172	2193.5
503.389	2065.5
503.606	2078.5
503.823	2042.5
504.04	2030.5
504.256	2009.5
504.473	2003.5
504.69	2046.5
504.907	2056.5
505.123	1950.5
505.34	1902.5
505.557	1864.5
505.773	1839.5
505.99	1810.5
506.207	1745.5
506.423	1750.5
506.64	1719.5
506.856	1696.5
507.073	1710.5
507.289	1703.5
507.506	1722.5
507.722	1747.5
507.939	1748.5
508.155	1654.5
508.372	1616.5
508.588	1620.5
508.805	1568.5
509.021	1577.5
509.238	1558.5
509.454	1524.5
509.67	1542.5
509.887	1497.5
510.103	1548.5
510.319	1574.5
510.536	1904.5
510.752	3674.5
510.968	2585.5
511.184	1612.5
511.401	1506.5
511.617	1482.5
511.833	1534.5
512.049	1558.5
512.265	1524.5
512.481	1524.5
512.698	1475.5
512.914	1458.5
513.13	1480.5
513.346	1484.5
513.562	1449.5
513.778	1504.5
513.994	1510.5
514.21	1539.5
514.426	1566.5
514.642	1720.5
514.858	1776.5
515.074	1886.5
515.29	2339.5
515.506	3954.5
515.721	2918.5
515.937	1852.5
516.153	1687.5
516.369	1650.5
516.585	1600.5
516.801	1611.5
517.016	1694.5
517.232	1746.5
517.448	1742.5
517.664	1793.5
517.879	1804.5
518.095	1758.5
518.311	1774.5
518.527	1683.5
518.742	1661.5
518.958	1642.5
519.173	1631.5
519.389	1648.5
519.605	1616.5
519.82	1607.5
520.036	1646.5
520.251	1687.5
520.467	1683.5
520.682	1639.5
520.898	1654.5
521.113	1694.5
521.329	1807.5
521.544	2009.5
521.76	2718.5
521.975	5256.5
522.19	4824.5
522.406	2326.5
522.621	1759.5
522.836	1603.5
523.052	1540.5
523.267	1518.5
523.482	1486.5
523.698	1478.5
523.913	1453.5
524.128	1446.5
524.343	1465.5
524.559	1447.5
524.774	1420.5
524.989	1418.5
525.204	1418.5
525.419	1377.5
525.634	1365.5
525.849	1318.5
526.064	1299.5
526.28	1286.5
526.495	1212.5
526.71	1199.5
526.925	1190.5
527.14	1176.5
527.355	1166.5
527.57	1191.5
527.785	1186.5
527.999	1218.5
528.214	1256.5
528.429	1285.5
528.644	1371.5
528.859	1446.5
529.074	1498.5
529.289	1646.5
529.503	1824.5
529.718	1592.5
529.933	1405.5
530.148	1274.5
530.363	1208.5
530.577	1186.5
530.792	1154.5
531.007	1141.5
531.221	1119.5
531.436	1134.5
531.651	1118.5
531.865	1138.5
532.08	1162.5
532.295	1118.5
532.509	1181.5
532.724	1131.5
532.938	1167.5
533.153	1200.5
533.367	1282.5
533.582	1305.5
533.796	1283.5
534.011	1226.5
534.225	1142.5
534.44	1151.5
534.654	1156.5
534.868	1144.5
535.083	1163.5
535.297	1159.5
535.511	1217.5
535.726	1223.5
535.94	1220.5
536.154	1158.5
536.369	1104.5
536.583	1087.5
536.797	1070.5
537.011	1050.5
537.225	1051.5
537.44	1070.5
537.654	1091.5
537.868	1049.5
538.082	1032.5
538.296	1088.5
538.51	1125.5
538.724	1206.5
538.938	1258.5
539.153	1290.5
539.367	1282.5
539.581	1230.5
539.795	1097.5
540.009	1114.5
540.222	1082.5
540.436	1136.5
540.65	1211.5
540.864	1279.5
541.078	1405.5
541.292	1454.5
541.506	1523.5
541.72	1608.5
541.934	1724.5
542.147	1789.5
542.361	1661.5
542.575	1546.5
542.789	1404.5
543.002	1314.5
543.216	1251.5
543.43	1248.5
543.644	1305.5
543.857	1406.5
544.071	1475.5
544.285	1561.5
544.498	1581.5
544.712	1566.5
544.925	1595.5
545.139	1609.5
545.352	1598.5
545.566	1630.5
545.779	1594.5
545.993	1592.5
546.206	1647.5
546.42	1644.5
546.633	1622.5
546.847	1601.5
547.06	1614.5
547.274	1684.5
547.487	1708.5
547.7	1694.5
547.914	1657.5
548.127	1631.5
548.34	1611.5
548.554	1579.5
548.767	1594.5
548.98	1597.5
549.193	1602.5
549.407	1568.5
549.62	1584.5
549.833	1583.5
550.046	1579.5
550.259	1547.5
550.473	1545.5
550.686	1482.5
550.899	1499.5
551.112	1495.5
551.325	1440.5
551.538	1374.5
551.751	1227.5
551.964	1210.5
552.177	1305.5
552.39	1414.5
552.603	1470.5
552.816	1524.5
553.029	1603.5
553.242	1690.5
553.455	1693.5
553.667	1672.5
553.88	1650.5
554.093	1598.5
554.306	1555.5
554.519	1532.5
554.732	1516.5
554.944	1468.5
555.157	1452.5
555.37	1449.5
555.583	1404.5
555.795	1345.5
556.008	1299.5
556.221	1268.5
556.433	1290.5
556.646	1277.5
556.859	1288.5
557.071	1263.5
557.284	1325.5
557.496	1344.5
557.709	1315.5
557.921	1306.5
558.134	1290.5
558.346	1261.5
558.559	1252.5
558.771	1230.5
558.984	1235.5
559.196	1186.5
559.409	1186.5
559.621	1155.5
559.833	1163.5
560.046	1158.5
560.258	1192.5
560.47	1212.5
560.683	1182.5
560.895	1192.5
561.107	1187.5
561.32	1178.5
561.532	1186.5
561.744	1198.5
561.956	1209.5
562.168	1184.5
562.381	1158.5
562.593	1174.5
562.805	1141.5
563.017	1141.5
563.229	1122.5
563.441	1152.5
563.653	1164.5
563.865	1123.5
564.077	1144.5
564.289	1102.5
564.501	1113.5
564.713	1145.5
564.925	1152.5
565.137	1172.5
565.349	1158.5
565.561	1161.5
565.773	1192.5
565.985	1214.5
566.197	1265.5
566.408	1313.5
566.62	1383.5
566.832	1440.5
567.044	1424.5
567.255	1434.5
567.467	1445.5
567.679	1407.5
567.891	1483.5
568.102	1505.5
568.314	1417.5
568.526	1242.5
568.737	1156.5
568.949	1041.5
569.161	944.5
569.372	940.5
569.584	883.5
569.795	849.5
570.007	849.5
570.218	1016.5
570.43	931.5
570.641	866.5
570.853	894.5
571.064	910.5
571.276	944.5
571.487	900.5
571.698	900.5
571.91	900.5
572.121	856.5
572.333	820.5
572.544	796.5
572.755	789.5
572.966	734.5
573.178	691.5
573.389	690.5
573.6	684.5
573.811	705.5
574.023	682.5
574.234	675.5
574.445	682.5
574.656	706.5
574.867	705.5
575.078	723.5
575.289	706.5
575.501	673.5
575.712	680.5
575.923	673.5
576.134	700.5
576.345	718.5
576.556	737.5
576.767	726.5
576.978	714.5
577.188	703.5
577.399	680.5
577.61	658.5
577.821	660.5
578.032	689.5
578.243	790.5
578.454	1397.5
578.665	904.5
578.875	648.5
579.086	627.5
579.297	605.5
579.508	579.5
579.718	576.5
579.929	596.5
580.14	590.5
580.35	581.5
580.561	588.5
580.772	603.5
580.982	611.5
581.193	610.5
581.403	624.5
581.614	620.5
581.825	588.5
582.035	614.5
582.246	570.5
582.456	590.5
582.667	616.5
582.877	611.5
583.087	592.5
583.298	563.5
583.508	583.5
583.719	559.5
583.929	552.5
584.139	544.5
584.35	550.5
584.56	541.5
584.77	563.5
584.981	562.5
585.191	567.5
585.401	566.5
585.611	539.5
585.821	556.5
586.032	560.5
586.242	542.5
586.452	565.5
586.662	529.5
586.872	522.5
587.082	508.5
587.292	539.5
587.502	507.5
587.713	516.5
587.923	530.5
588.133	519.5
588.343	525.5
588.553	529.5
588.762	510.5
588.972	523.5
589.182	550.5
589.392	528.5
589.602	558.5
589.812	526.5
590.022	532.5
590.232	541.5
590.441	553.5
590.651	554.5
590.861	547.5
591.071	506.5
591.281	542.5
591.49	524.5
591.7	534.5
591.91	539.5
592.119	602.5
592.329	603.5
592.539	603.5
592.748	589.5
592.958	624.5
593.167	626.5
593.377	627.5
593.587	619.5
593.796	641.5
594.006	648.5
594.215	642.5
594.424	666.5
594.634	681.5
594.843	682.5
595.053	634.5
595.262	611.5
595.472	593.5
595.681	565.5
595.89	542.5
596.1	567.5
596.309	560.5
596.518	580.5
596.727	604.5
596.937	600.5
597.146	595.5
597.355	574.5
597.564	540.5
597.774	510.5
597.983	505.5
598.192	500.5
598.401	502.5
598.61	505.5
598.819	497.5
599.028	519.5
599.237	534.5
599.446	508.5
599.655	508.5
599.864	495.5
600.073	490.5
600.282	522.5
600.491	515.5
600.7	516.5
600.909	544.5
601.118	566.5
601.327	605.5
601.536	650.5
601.745	648.5
601.953	645.5
602.162	680.5
602.371	669.5
602.58	659.5
602.789	674.5
602.997	704.5
603.206	686.5
603.415	682.5
603.623	640.5
603.832	676.5
604.041	641.5
604.249	610.5
604.458	560.5
604.666	552.5
604.875	547.5
605.084	591.5
605.292	649.5
605.501	690.5
605.709	717.5
605.918	711.5
606.126	723.5
606.334	740.5
606.543	729.5
606.751	695.5
606.96	715.5
607.168	740.5
607.376	686.5
607.585	708.5
607.793	716.5
608.001	747.5
608.21	755.5
608.418	729.5
608.626	739.5
608.834	736.5
609.043	737.5
609.251	743.5
609.459	744.5
609.667	735.5
609.875	781.5
610.083	771.5
610.291	762.5
610.499	740.5
610.707	750.5
610.916	790.5
611.124	770.5
611.332	766.5
611.54	767.5
611.748	778.5
611.955	739.5
612.163	752.5
612.371	745.5
612.579	758.5
612.787	739.5
612.995	760.5
613.203	731.5
613.411	738.5
613.618	731.5
613.826	737.5
614.034	744.5
614.242	736.5
614.449	718.5
614.657	769.5
614.865	746.5
615.072	738.5
615.28	735.5
615.488	751.5
615.695	749.5
615.903	759.5
616.111	732.5
616.318	717.5
616.526	752.5
616.733	735.5
616.941	723.5
617.148	759.5
617.356	733.5
617.563	704.5
617.771	689.5
617.978	665.5
618.185	702.5
618.393	727.5
618.6	746.5
618.807	724.5
619.015	716.5
619.222	702.5
619.429	676.5
619.637	633.5
619.844	577.5
620.051	587.5
620.258	627.5
620.466	661.5
620.673	645.5
620.88	623.5
621.087	641.5
621.294	609.5
621.501	598.5
621.708	572.5
621.915	641.5
622.122	643.5
622.329	652.5
622.536	672.5
622.743	674.5
622.95	652.5
623.157	639.5
623.364	678.5
623.571	628.5
623.778	661.5
623.985	654.5
624.192	637.5
624.399	628.5
624.606	638.5
624.812	624.5
625.019	588.5
625.226	559.5
625.433	530.5
625.639	538.5
625.846	484.5
626.053	448.5
626.259	439.5
626.466	430.5
626.673	416.5
626.879	422.5
627.086	445.5
627.293	515.5
627.499	550.5
627.706	572.5
627.912	614.5
628.119	620.5
628.325	603.5
628.532	600.5
628.738	575.5
628.945	585.5
629.151	538.5
629.357	507.5
629.564	536.5
629.77	550.5
629.976	541.5
630.183	496.5
630.389	532.5
630.595	530.5
630.802	543.5
631.008	560.5
631.214	558.5
631.42	528.5
631.627	487.5
631.833	480.5
632.039	496.5
632.245	498.5
632.451	521.5
632.657	543.5
632.863	520.5
633.069	499.5
633.275	507.5
633.481	482.5
633.688	479.5
633.893	461.5
634.099	473.5
634.305	469.5
634.511	478.5
634.717	449.5
634.923	404.5
635.129	408.5
635.335	425.5
635.541	418.5
635.747	457.5
635.952	485.5
636.158	520.5
636.364	572.5
636.57	634.5
636.775	575.5
636.981	556.5
637.187	546.5
637.392	525.5
637.598	511.5
637.804	536.5
638.009	517.5
638.215	512.5
638.421	500.5
638.626	503.5
638.832	479.5
639.037	488.5
639.243	452.5
639.448	459.5
639.654	452.5
639.859	460.5
640.065	463.5
640.27	468.5
640.475	466.5
640.681	476.5
640.886	483.5
641.091	456.5
641.297	483.5
641.502	493.5
641.707	472.5
641.913	484.5
642.118	460.5
642.323	478.5
642.528	459.5
642.733	488.5
642.939	466.5
643.144	458.5
643.349	412.5
643.554	426.5
643.759	447.5
643.964	431.5
644.169	441.5
644.374	439.5
644.579	451.5
644.784	450.5
644.989	447.5
645.194	442.5
645.399	446.5
645.604	452.5
645.809	439.5
646.014	429.5
646.219	433.5
646.423	440.5
646.628	443.5
646.833	463.5
647.038	449.5
647.243	457.5
647.447	439.5
647.652	467.5
647.857	442.5
648.062	456.5
648.266	449.5
648.471	438.5
648.676	461.5
648.88	451.5
649.085	432.5
649.289	440.5
649.494	454.5
649.698	469.5
649.903	453.5
650.107	434.5
650.312	424.5
650.516	416.5
650.721	417.5
650.925	391.5
651.13	401.5
651.334	371.5
651.539	382.5
651.743	393.5
651.947	380.5
652.152	393.5
652.356	370.5
652.56	380.5
652.764	344.5
652.969	330.5
653.173	344.5
653.377	335.5
653.581	323.5
653.785	340.5
653.99	336.5
654.194	314.5
654.398	307.5
654.602	314.5
654.806	313.5
655.01	306.5
655.214	309.5
655.418	292.5
655.622	284.5
655.826	295.5
656.03	283.5
656.234	289.5
656.438	290.5
656.642	281.5
656.846	251.5
657.049	262.5
657.253	251.5
657.457	232.5
657.661	217.5
657.865	209.5
658.068	203.5
658.272	203.5
658.476	196.5
658.68	206.5
658.883	190.5
659.087	174.5
659.291	178.5
659.494	174.5
659.698	155.5
659.901	169.5
660.105	175.5
660.309	156.5
660.512	150.5
660.716	150.5
660.919	137.5
661.123	139.5
661.326	139.5
661.53	126.5
661.733	118.5
661.936	120.5
662.14	99.5
662.343	99.5
662.546	102.5
662.75	92.5
662.953	94.5
663.156	95.5
663.36	99.5
663.563	80.5
663.766	93.5
663.969	96.5
664.173	69.5
664.376	93.5
664.579	85.5
664.782	76.5
664.985	92.5
665.188	81.5
665.391	78.5
665.594	84.5
665.797	81.5
666	83.5
666.203	67.5
666.406	78.5
666.609	80.5
666.812	75.5
667.015	88.5
667.218	84.5
667.421	83.5
667.624	78.5
667.827	78.5
668.03	81.5
668.232	79.5
668.435	93.5
668.638	85.5
668.841	96.5
669.043	79.5
669.246	78.5
669.449	80.5
669.651	80.5
669.854	78.5
670.057	79.5
670.259	90.5
670.462	90.5
670.665	87.5
670.867	82.5
671.07	86.5
671.272	68.5
671.475	92.5
671.677	83.5
671.88	84.5
672.082	82.5
672.284	80.5
672.487	89.5
672.689	60.5
672.892	83.5
