223.165	-23.19
223.4	-23.19
223.635	-23.19
223.869	-20.19
224.104	-26.19
224.338	-17.19
224.573	-15.19
224.808	-18.19
225.042	-1.19
225.277	-10.19
225.511	-5.19
225.746	7.81
225.98	8.81
226.215	10.81
226.449	22.81
226.683	26.81
226.918	32.81
227.152	26.81
227.387	36.81
227.621	56.81
227.856	50.81
228.09	48.81
228.324	45.81
228.559	53.81
228.793	76.81
229.027	134.81
229.262	151.81
229.496	145.81
229.73	198.81
229.964	208.81
230.199	183.81
230.433	161.81
230.667	147.81
230.901	141.81
231.136	156.81
231.37	145.81
231.604	142.81
231.838	159.81
232.072	142.81
232.306	145.81
232.541	143.81
232.775	152.81
233.009	157.81
233.243	144.81
233.477	161.81
233.711	158.81
233.945	155.81
234.179	145.81
234.413	168.81
234.647	157.81
234.881	159.81
235.115	145.81
235.349	161.81
235.583	165.81
235.817	156.81
236.051	157.81
236.285	178.81
236.519	189.81
236.753	198.81
236.987	210.81
237.221	244.81
237.455	304.81
237.689	229.81
237.922	192.81
238.156	180.81
238.39	179.81
238.624	202.81
238.858	170.81
239.091	189.81
239.325	185.81
239.559	174.81
239.793	197.81
240.027	186.81
240.26	198.81
240.494	223.81
240.728	228.81
240.961	211.81
241.195	214.81
241.429	197.81
241.662	184.81
241.896	190.81
242.13	181.81
242.363	195.81
242.597	213.81
242.83	223.81
243.064	192.81
243.298	224.81
243.531	233.81
243.765	211.81
243.998	217.81
244.232	227.81
244.465	195.81
244.699	219.81
244.932	221.81
245.166	217.81
245.399	218.81
245.633	233.81
245.866	212.81
246.099	213.81
246.333	210.81
246.566	221.81
246.8	221.81
247.033	229.81
247.266	224.81
247.5	220.81
247.733	254.81
247.966	246.81
248.2	248.81
248.433	250.81
248.666	240.81
248.899	257.81
249.133	302.81
249.366	300.81
249.599	294.81
249.832	296.81
250.066	302.81
250.299	298.81
250.532	336.81
250.765	343.81
250.998	345.81
251.231	348.81
251.465	308.81
251.698	303.81
251.931	302.81
252.164	314.81
252.397	296.81
252.63	293.81
252.863	297.81
253.096	312.81
253.329	313.81
253.562	321.81
253.795	322.81
254.028	319.81
254.261	317.81
254.494	333.81
254.727	344.81
254.96	382.81
255.193	358.81
255.426	364.81
255.659	364.81
255.892	397.81
256.124	456.81
256.357	457.81
256.59	435.81
256.823	386.81
257.056	356.81
257.289	354.81
257.521	343.81
257.754	322.81
257.987	327.81
258.22	329.81
258.452	317.81
258.685	331.81
258.918	349.81
259.151	313.81
259.383	325.81
259.616	338.81
259.849	328.81
260.081	353.81
260.314	360.81
260.547	364.81
260.779	353.81
261.012	344.81
261.244	347.81
261.477	350.81
261.71	342.81
261.942	353.81
262.175	373.81
262.407	360.81
262.64	348.81
262.872	343.81
263.105	353.81
263.337	339.81
263.57	331.81
263.802	332.81
264.035	326.81
264.267	338.81
264.499	332.81
264.732	348.81
264.964	346.81
265.197	361.81
265.429	360.81
265.661	343.81
265.894	351.81
266.126	330.81
266.358	336.81
266.591	356.81
266.823	360.81
267.055	374.81
267.287	351.81
267.52	372.81
267.752	349.81
267.984	354.81
268.216	355.81
268.448	372.81
268.681	363.81
268.913	384.81
269.145	410.81
269.377	411.81
269.609	436.81
269.841	398.81
270.073	414.81
270.306	436.81
270.538	447.81
270.77	434.81
271.002	438.81
271.234	428.81
271.466	430.81
271.698	450.81
271.93	483.81
272.162	470.81
272.394	454.81
272.626	468.81
272.858	442.81
273.09	423.81
273.322	430.81
273.553	432.81
273.785	449.81
274.017	432.81
274.249	424.81
274.481	429.81
274.713	421.81
274.945	428.81
275.176	436.81
275.408	428.81
275.64	438.81
275.872	448.81
276.104	437.81
276.335	427.81
276.567	464.81
276.799	467.81
277.031	511.81
277.262	539.81
277.494	525.81
277.726	510.81
277.957	491.81
278.189	460.81
278.421	456.81
278.652	429.81
278.884	457.81
279.115	462.81
279.347	446.81
279.579	434.81
279.81	466.81
280.042	474.81
280.273	470.81
280.505	481.81
280.736	479.81
280.968	464.81
281.199	472.81
281.431	461.81
281.662	458.81
281.894	464.81
282.125	482.81
282.356	488.81
282.588	539.81
282.819	549.81
283.051	494.81
283.282	480.81
283.513	488.81
283.745	483.81
283.976	489.81
284.207	468.81
284.439	484.81
284.67	492.81
284.901	480.81
285.132	476.81
285.364	495.81
285.595	506.81
285.826	476.81
286.057	488.81
286.288	488.81
286.52	494.81
286.751	510.81
286.982	504.81
287.213	482.81
287.444	510.81
287.675	517.81
287.906	525.81
288.138	498.81
288.369	542.81
288.6	538.81
288.831	495.81
289.062	524.81
289.293	532.81
289.524	516.81
289.755	516.81
289.986	505.81
290.217	496.81
290.448	526.81
290.679	525.81
290.91	519.81
291.141	542.81
291.371	518.81
291.602	511.81
291.833	513.81
292.064	496.81
292.295	523.81
292.526	517.81
292.757	485.81
292.987	518.81
293.218	512.81
293.449	506.81
293.68	532.81
293.91	518.81
294.141	516.81
294.372	536.81
294.603	535.81
294.833	517.81
295.064	516.81
295.295	535.81
295.525	542.81
295.756	564.81
295.987	564.81
296.217	614.81
296.448	622.81
296.679	567.81
296.909	545.81
297.14	563.81
297.37	543.81
297.601	563.81
297.831	546.81
298.062	570.81
298.292	570.81
298.523	559.81
298.753	572.81
298.984	588.81
299.214	577.81
299.445	568.81
299.675	576.81
299.905	578.81
300.136	593.81
300.366	564.81
300.597	578.81
300.827	598.81
301.057	613.81
301.288	622.81
301.518	612.81
301.748	625.81
301.979	627.81
302.209	613.81
302.439	622.81
302.669	620.81
302.9	618.81
303.13	622.81
303.36	613.81
303.59	626.81
303.82	615.81
304.051	645.81
304.281	607.81
304.511	629.81
304.741	625.81
304.971	618.81
305.201	609.81
305.431	595.81
305.661	637.81
305.891	620.81
306.121	625.81
306.352	635.81
306.582	653.81
306.812	620.81
307.042	612.81
307.272	616.81
307.502	636.81
307.731	654.81
307.961	623.81
308.191	616.81
308.421	644.81
308.651	635.81
308.881	634.81
309.111	621.81
309.341	632.81
309.571	654.81
309.8	673.81
310.03	682.81
310.26	664.81
310.49	665.81
310.72	697.81
310.949	747.81
311.179	720.81
311.409	705.81
311.639	713.81
311.868	687.81
312.098	730.81
312.328	717.81
312.557	739.81
312.787	776.81
313.017	779.81
313.246	732.81
313.476	707.81
313.706	716.81
313.935	718.81
314.165	766.81
314.394	776.81
314.624	746.81
314.853	745.81
315.083	745.81
315.312	730.81
315.542	713.81
315.771	705.81
316.001	734.81
316.23	732.81
316.46	736.81
316.689	724.81
316.919	711.81
317.148	754.81
317.377	750.81
317.607	751.81
317.836	716.81
318.065	694.81
318.295	706.81
318.524	719.81
318.753	724.81
318.983	731.81
319.212	723.81
319.441	737.81
319.67	768.81
319.9	706.81
320.129	745.81
320.358	737.81
320.587	747.81
320.816	734.81
321.046	756.81
321.275	765.81
321.504	768.81
321.733	797.81
321.962	808.81
322.191	797.81
322.42	829.81
322.649	845.81
322.878	892.81
323.108	897.81
323.337	917.81
323.566	962.81
323.795	1023.81
324.024	1130.81
324.253	1316.81
324.482	1905.81
324.71	2918.81
324.939	4002.81
325.168	3205.81
325.397	1732.81
325.626	1290.81
325.855	1119.81
326.084	1056.81
326.313	1048.81
326.542	1045.81
326.77	1146.81
326.999	1302.81
327.228	1798.81
327.457	2722.81
327.686	3024.81
327.914	2020.81
328.143	1483.81
328.372	1444.81
328.6	1295.81
328.829	1212.81
329.058	1218.81
329.287	1217.81
329.515	1158.81
329.744	1124.81
329.972	1218.81
330.201	1436.81
330.43	1673.81
330.658	1509.81
330.887	1325.81
331.115	1261.81
331.344	1077.81
331.572	1086.81
331.801	1041.81
332.03	1066.81
332.258	1043.81
332.486	1037.81
332.715	1054.81
332.943	1102.81
333.172	1082.81
333.4	1153.81
333.629	1212.81
333.857	1249.81
334.085	1335.81
334.314	1534.81
334.542	1818.81
334.771	2011.81
334.999	1482.81
335.227	1203.81
335.455	1136.81
335.684	1098.81
335.912	1040.81
336.14	1035.81
336.369	1024.81
336.597	1053.81
336.825	1010.81
337.053	1019.81
337.281	974.81
337.51	970.81
337.738	956.81
337.966	952.81
338.194	938.81
338.422	961.81
338.65	930.81
338.878	945.81
339.106	925.81
339.334	940.81
339.562	932.81
339.79	898.81
340.018	903.81
340.246	910.81
340.474	897.81
340.702	933.81
340.93	927.81
341.158	918.81
341.386	898.81
341.614	910.81
341.842	896.81
342.07	905.81
342.298	859.81
342.526	882.81
342.754	884.81
342.981	875.81
343.209	913.81
343.437	908.81
343.665	970.81
343.893	1019.81
344.12	1020.81
344.348	1025.81
344.576	954.81
344.804	954.81
345.031	948.81
345.259	936.81
345.487	929.81
345.714	908.81
345.942	918.81
346.17	873.81
346.397	864.81
346.625	895.81
346.853	887.81
347.08	898.81
347.308	904.81
347.535	910.81
347.763	924.81
347.99	922.81
348.218	892.81
348.445	927.81
348.673	897.81
348.9	916.81
349.128	860.81
349.355	853.81
349.583	850.81
349.81	859.81
350.037	888.81
350.265	869.81
350.492	880.81
350.72	862.81
350.947	872.81
351.174	862.81
351.402	904.81
351.629	902.81
351.856	876.81
352.083	921.81
352.311	913.81
352.538	896.81
352.765	917.81
352.992	885.81
353.22	888.81
353.447	886.81
353.674	880.81
353.901	858.81
354.128	857.81
354.355	853.81
354.583	866.81
354.81	854.81
355.037	857.81
355.264	861.81
355.491	844.81
355.718	853.81
355.945	860.81
356.172	846.81
356.399	872.81
356.626	848.81
356.853	837.81
357.08	844.81
357.307	855.81
357.534	880.81
357.761	866.81
357.988	858.81
358.215	879.81
358.441	848.81
358.668	885.81
358.895	880.81
359.122	898.81
359.349	898.81
359.576	890.81
359.802	950.81
360.029	983.81
360.256	1020.81
360.483	954.81
360.709	927.81
360.936	896.81
361.163	916.81
361.39	918.81
361.616	944.81
361.843	906.81
362.07	894.81
362.296	906.81
362.523	907.81
362.749	924.81
362.976	910.81
363.203	876.81
363.429	885.81
363.656	863.81
363.882	898.81
364.109	867.81
364.335	882.81
364.562	872.81
364.788	873.81
365.015	894.81
365.241	921.81
365.468	890.81
365.694	925.81
365.92	920.81
366.147	917.81
366.373	923.81
366.599	892.81
366.826	908.81
367.052	884.81
367.278	895.81
367.505	921.81
367.731	944.81
367.957	881.81
368.184	920.81
368.41	924.81
368.636	926.81
368.862	948.81
369.089	959.81
369.315	917.81
369.541	915.81
369.767	930.81
369.993	944.81
370.219	916.81
370.445	941.81
370.672	919.81
370.898	956.81
371.124	943.81
371.35	942.81
371.576	942.81
371.802	963.81
372.028	962.81
372.254	953.81
372.48	961.81
372.706	962.81
372.932	974.81
373.158	980.81
373.384	985.81
373.61	951.81
373.835	966.81
374.061	981.81
374.287	966.81
374.513	1002.81
374.739	1016.81
374.965	1032.81
375.191	1049.81
375.416	1036.81
375.642	996.81
375.868	1008.81
376.094	981.81
376.319	988.81
376.545	996.81
376.771	964.81
376.997	978.81
377.222	973.81
377.448	979.81
377.674	987.81
377.899	980.81
378.125	945.81
378.35	968.81
378.576	972.81
378.802	960.81
379.027	981.81
379.253	963.81
379.478	964.81
379.704	975.81
379.929	966.81
380.155	965.81
380.38	997.81
380.606	953.81
380.831	987.81
381.057	992.81
381.282	960.81
381.507	1021.81
381.733	996.81
381.958	1023.81
382.184	984.81
382.409	1023.81
382.634	1027.81
382.86	1026.81
383.085	1052.81
383.31	1031.81
383.535	1052.81
383.761	1078.81
383.986	1099.81
384.211	1125.81
384.436	1113.81
384.662	1118.81
384.887	1124.81
385.112	1144.81
385.337	1144.81
385.562	1145.81
385.787	1112.81
386.013	1165.81
386.238	1183.81
386.463	1186.81
386.688	1187.81
386.913	1184.81
387.138	1144.81
387.363	1166.81
387.588	1138.81
387.813	1142.81
388.038	1144.81
388.263	1172.81
388.488	1171.81
388.713	1150.81
388.938	1163.81
389.163	1177.81
389.387	1196.81
389.612	1148.81
389.837	1162.81
390.062	1149.81
390.287	1158.81
390.512	1169.81
390.736	1180.81
390.961	1177.81
391.186	1196.81
391.411	1270.81
391.636	1252.81
391.86	1287.81
392.085	1313.81
392.31	1280.81
392.534	1262.81
392.759	1250.81
392.984	1234.81
393.208	1272.81
393.433	1273.81
393.658	1296.81
393.882	1236.81
394.107	1241.81
394.331	1284.81
394.556	1279.81
394.78	1282.81
395.005	1277.81
395.229	1259.81
395.454	1307.81
395.678	1329.81
395.903	1339.81
396.127	1356.81
396.352	1344.81
396.576	1293.81
396.801	1244.81
397.025	1314.81
397.249	1315.81
397.474	1332.81
397.698	1359.81
397.922	1385.81
398.147	1396.81
398.371	1394.81
398.595	1448.81
398.82	1463.81
399.044	1592.81
399.268	1636.81
399.492	1862.81
399.717	2054.81
399.941	2037.81
400.165	1944.81
400.389	1814.81
400.613	1650.81
400.837	1573.81
401.062	1555.81
401.286	1503.81
401.51	1470.81
401.734	1455.81
401.958	1550.81
402.182	1576.81
402.406	1603.81
402.63	1640.81
402.854	1614.81
403.078	1664.81
403.302	1668.81
403.526	1675.81
403.75	1708.81
403.974	1738.81
404.198	1737.81
404.422	1757.81
404.645	1725.81
404.869	1754.81
405.093	1846.81
405.317	1889.81
405.541	1918.81
405.765	1871.81
405.988	1748.81
406.212	1811.81
406.436	1834.81
406.66	1890.81
406.883	1837.81
407.107	1892.81
407.331	2004.81
407.555	2100.81
407.778	2107.81
408.002	1983.81
408.226	1896.81
408.449	1852.81
408.673	1797.81
408.896	1823.81
409.12	1897.81
409.344	1824.81
409.567	1756.81
409.791	1680.81
410.014	1732.81
410.238	1739.81
410.461	1699.81
410.685	1730.81
410.908	1744.81
411.132	1745.81
411.355	1770.81
411.578	1750.81
411.802	1670.81
412.025	1724.81
412.249	1764.81
412.472	1823.81
412.695	1858.81
412.919	1791.81
413.142	1747.81
413.365	1656.81
413.589	1654.81
413.812	1625.81
414.035	1586.81
414.258	1579.81
414.482	1598.81
414.705	1614.81
414.928	1595.81
415.151	1581.81
415.374	1581.81
415.597	1588.81
415.821	1584.81
416.044	1574.81
416.267	1579.81
416.49	1587.81
416.713	1578.81
416.936	1573.81
417.159	1591.81
417.382	1598.81
417.605	1614.81
417.828	1643.81
418.051	1659.81
418.274	1649.81
418.497	1660.81
418.72	1684.81
418.943	1638.81
419.166	1754.81
419.389	1859.81
419.611	1833.81
419.834	1781.81
420.057	1749.81
420.28	1791.81
420.503	1779.81
420.726	1744.81
420.948	1699.81
421.171	1791.81
421.394	1853.81
421.617	1724.81
421.839	1716.81
422.062	1720.81
422.285	1680.81
422.507	1817.81
422.73	1906.81
422.953	1850.81
423.175	1764.81
423.398	1760.81
423.621	1744.81
423.843	1798.81
424.066	1839.81
424.288	1810.81
424.511	1841.81
424.733	1942.81
424.956	2026.81
425.178	1926.81
425.401	1911.81
425.623	1935.81
425.846	1727.81
426.068	1712.81
426.291	1693.81
426.513	1691.81
426.735	1680.81
426.958	1755.81
427.18	1877.81
427.402	2070.81
427.625	2208.81
427.847	2066.81
428.069	1881.81
428.292	1761.81
428.514	1596.81
428.736	1586.81
428.958	1597.81
429.181	1546.81
429.403	1548.81
429.625	1577.81
429.847	1608.81
430.069	1712.81
430.292	1682.81
430.514	1573.81
430.736	1554.81
430.958	1529.81
431.18	1473.81
431.402	1490.81
431.624	1450.81
431.846	1390.81
432.068	1380.81
432.29	1384.81
432.512	1401.81
432.734	1519.81
432.956	1538.81
433.178	1592.81
433.4	1571.81
433.622	1561.81
433.844	1535.81
434.066	1478.81
434.287	1417.81
434.509	1399.81
434.731	1502.81
434.953	1570.81
435.175	1656.81
435.397	1684.81
435.618	1595.81
435.84	1629.81
436.062	1754.81
436.284	1848.81
436.505	1685.81
436.727	1640.81
436.949	1619.81
437.17	1584.81
437.392	1536.81
437.614	1510.81
437.835	1503.81
438.057	1654.81
438.278	1809.81
438.5	1868.81
438.721	1980.81
438.943	1985.81
439.165	1746.81
439.386	1681.81
439.608	1708.81
439.829	1764.81
440.05	1803.81
440.272	1817.81
440.493	1769.81
440.715	1711.81
440.936	1695.81
441.158	1723.81
441.379	1756.81
441.6	1887.81
441.822	1826.81
442.043	1860.81
442.264	1970.81
442.486	1969.81
442.707	1781.81
442.928	1829.81
443.149	1824.81
443.371	1867.81
443.592	1912.81
443.813	2078.81
444.034	2129.81
444.255	1926.81
444.476	1897.81
444.698	1887.81
444.919	1982.81
445.14	2014.81
445.361	1950.81
445.582	1934.81
445.803	1976.81
446.024	2062.81
446.245	2108.81
446.466	1977.81
446.687	1834.81
446.908	1797.81
447.129	1685.81
447.35	1684.81
447.571	1633.81
447.792	1615.81
448.013	1612.81
448.234	1632.81
448.455	1709.81
448.675	1848.81
448.896	1974.81
449.117	1818.81
449.338	1790.81
449.559	1943.81
449.779	2006.81
450	1700.81
450.221	1637.81
450.442	1547.81
450.662	1557.81
450.883	1530.81
451.104	1581.81
451.324	1552.81
451.545	1503.81
451.766	1462.81
451.986	1423.81
452.207	1398.81
452.428	1415.81
452.648	1413.81
452.869	1341.81
453.089	1296.81
453.31	1377.81
453.53	1310.81
453.751	1281.81
453.971	1284.81
454.192	1321.81
454.412	1309.81
454.633	1318.81
454.853	1352.81
455.073	1342.81
455.294	1400.81
455.514	1438.81
455.734	1391.81
455.955	1283.81
456.175	1222.81
456.395	1210.81
456.616	1183.81
456.836	1241.81
457.056	1201.81
457.276	1157.81
457.497	1175.81
457.717	1202.81
457.937	1194.81
458.157	1227.81
458.377	1264.81
458.598	1276.81
458.818	1355.81
459.038	1508.81
459.258	1469.81
459.478	1364.81
459.698	1352.81
459.918	1425.81
460.138	1434.81
460.358	1501.81
460.578	1535.81
460.798	1503.81
461.018	1530.81
461.238	1541.81
461.458	1497.81
461.678	1500.81
461.898	1553.81
462.118	1496.81
462.338	1620.81
462.558	1648.81
462.777	1640.81
462.997	1767.81
463.217	1904.81
463.437	1839.81
463.657	1776.81
463.876	1680.81
464.096	1661.81
464.316	1706.81
464.536	1742.81
464.755	1708.81
464.975	1732.81
465.195	1730.81
465.414	1841.81
465.634	1604.81
465.854	1502.81
466.073	1485.81
466.293	1475.81
466.512	1516.81
466.732	1480.81
466.951	1464.81
467.171	1477.81
467.391	1456.81
467.61	1513.81
467.829	1534.81
468.049	1558.81
468.268	1688.81
468.488	1579.81
468.707	1505.81
468.927	1473.81
469.146	1437.81
469.365	1466.81
469.585	1476.81
469.804	1515.81
470.023	1566.81
470.243	1574.81
470.462	1608.81
470.681	1643.81
470.901	1601.81
471.12	1582.81
471.339	1568.81
471.558	1559.81
471.777	1539.81
471.997	1493.81
472.216	1669.81
472.435	2054.81
472.654	1764.81
472.873	1429.81
473.092	1358.81
473.311	1398.81
473.53	1428.81
473.749	1369.81
473.968	1456.81
474.187	1544.81
474.406	1539.81
474.625	1456.81
474.844	1450.81
475.063	1410.81
475.282	1365.81
475.501	1343.81
475.72	1376.81
475.939	1364.81
476.158	1400.81
476.377	1438.81
476.596	1410.81
476.814	1371.81
477.033	1378.81
477.252	1392.81
477.471	1472.81
477.69	1541.81
477.908	1603.81
478.127	1651.81
478.346	1613.81
478.564	1625.81
478.783	1629.81
479.002	1686.81
479.22	1695.81
479.439	1727.81
479.658	1683.81
479.876	1619.81
480.095	1613.81
480.313	1735.81
480.532	1749.81
480.751	1742.81
480.969	1777.81
481.188	2584.81
481.406	2910.81
481.624	1921.81
481.843	1654.81
482.061	1616.81
482.28	1603.81
482.498	1562.81
482.717	1538.81
482.935	1563.81
483.153	1687.81
483.372	1762.81
483.59	1678.81
483.808	1656.81
484.027	1645.81
484.245	1592.81
484.463	1640.81
484.681	1736.81
484.9	1662.81
485.118	1676.81
485.336	1626.81
485.554	1563.81
485.772	1532.81
485.99	1531.81
486.209	1550.81
486.427	1566.81
486.645	1630.81
486.863	1805.81
487.081	1771.81
487.299	1710.81
487.517	1730.81
487.735	1916.81
487.953	2002.81
488.171	1994.81
488.389	1936.81
488.607	1854.81
488.825	1707.81
489.043	1678.81
489.261	1703.81
489.479	1736.81
489.696	1773.81
489.914	1783.81
490.132	1862.81
490.35	1875.81
490.568	1952.81
490.786	2076.81
491.003	2135.81
491.221	2209.81
491.439	2300.81
491.657	2292.81
491.874	2391.81
492.092	2536.81
492.31	2669.81
492.527	2627.81
492.745	2480.81
492.963	2376.81
493.18	2392.81
493.398	2347.81
493.615	2377.81
493.833	2349.81
494.05	2300.81
494.268	2300.81
494.485	2224.81
494.703	2237.81
494.92	2272.81
495.138	2209.81
495.355	2221.81
495.573	2263.81
495.79	2213.81
496.008	2235.81
496.225	2188.81
496.442	2172.81
496.66	2201.81
496.877	2198.81
497.094	2190.81
497.312	2192.81
497.529	2191.81
497.746	2139.81
497.963	2096.81
498.181	2162.81
498.398	2162.81
498.615	2173.81
498.832	2284.81
499.049	2437.81
499.267	2534.81
499.484	2777.81
499.701	3010.81
499.918	3237.81
500.135	3577.81
500.352	3974.81
500.569	4121.81
500.786	4064.81
501.003	3809.81
501.22	3507.81
501.437	3161.81
501.654	2943.81
501.871	2827.81
502.088	2584.81
502.305	2427.81
502.522	2332.81
502.739	2269.81
502.956	2181.81
503.172	2126.81
503.389	1978.81
503.606	2019.81
503.823	1974.81
504.04	1966.81
504.256	1904.81
504.473	1954.81
504.69	2002.81
504.907	1951.81
505.123	1903.81
505.34	1800.81
505.557	1758.81
505.773	1736.81
505.99	1742.81
506.207	1705.81
506.423	1665.81
506.64	1689.81
506.856	1653.81
507.073	1647.81
507.289	1627.81
507.506	1633.81
507.722	1629.81
507.939	1679.81
508.155	1570.81
508.372	1555.81
508.588	1551.81
508.805	1544.81
509.021	1509.81
509.238	1509.81
509.454	1475.81
509.67	1469.81
509.887	1475.81
510.103	1433.81
510.319	1468.81
510.536	1782.81
510.752	3358.81
510.968	2371.81
511.184	1506.81
511.401	1418.81
511.617	1381.81
511.833	1430.81
512.049	1450.81
512.265	1424.81
512.481	1457.81
512.698	1381.81
512.914	1398.81
513.13	1400.81
513.346	1378.81
513.562	1381.81
513.778	1396.81
513.994	1418.81
514.21	1441.81
514.426	1503.81
514.642	1582.81
514.858	1613.81
515.074	1688.81
515.29	2105.81
515.506	3463.81
515.721	2533.81
515.937	1712.81
516.153	1580.81
516.369	1576.81
516.585	1550.81
516.801	1563.81
517.016	1587.81
517.232	1660.81
517.448	1717.81
517.664	1696.81
517.879	1708.81
518.095	1714.81
518.311	1649.81
518.527	1614.81
518.742	1595.81
518.958	1560.81
519.173	1588.81
519.389	1567.81
519.605	1523.81
519.82	1503.81
520.036	1540.81
520.251	1516.81
520.467	1568.81
520.682	1541.81
520.898	1551.81
521.113	1548.81
521.329	1675.81
521.544	1859.81
521.76	2388.81
521.975	4654.81
522.19	4238.81
522.406	2102.81
522.621	1619.81
522.836	1485.81
523.052	1458.81
523.267	1405.81
523.482	1400.81
523.698	1366.81
523.913	1388.81
524.128	1381.81
524.343	1340.81
524.559	1374.81
524.774	1350.81
524.989	1360.81
525.204	1364.81
525.419	1349.81
525.634	1310.81
525.849	1294.81
526.064	1204.81
526.28	1208.81
526.495	1170.81
526.71	1147.81
526.925	1122.81
527.14	1114.81
527.355	1140.81
527.57	1109.81
527.785	1157.81
527.999	1158.81
528.214	1180.81
528.429	1218.81
528.644	1324.81
528.859	1370.81
529.074	1424.81
529.289	1548.81
529.503	1750.81
529.718	1588.81
529.933	1340.81
530.148	1210.81
530.363	1142.81
530.577	1094.81
530.792	1084.81
531.007	1094.81
531.221	1087.81
531.436	1089.81
531.651	1091.81
531.865	1100.81
532.08	1091.81
532.295	1066.81
532.509	1102.81
532.724	1093.81
532.938	1132.81
533.153	1130.81
533.367	1209.81
533.582	1236.81
533.796	1217.81
534.011	1164.81
534.225	1109.81
534.44	1088.81
534.654	1085.81
534.868	1100.81
535.083	1121.81
535.297	1097.81
535.511	1126.81
535.726	1144.81
535.94	1133.81
536.154	1109.81
536.369	1079.81
536.583	1014.81
536.797	1033.81
537.011	1026.81
537.225	987.81
537.44	1027.81
537.654	1030.81
537.868	1053.81
538.082	1026.81
538.296	1023.81
538.51	1076.81
538.724	1172.81
538.938	1211.81
539.153	1234.81
539.367	1216.81
539.581	1151.81
539.795	1090.81
540.009	1057.81
540.222	991.81
540.436	1075.81
540.65	1163.81
540.864	1256.81
541.078	1320.81
541.292	1425.81
541.506	1430.81
541.72	1595.81
541.934	1682.81
542.147	1708.81
542.361	1654.81
542.575	1480.81
542.789	1340.81
543.002	1242.81
543.216	1211.81
543.43	1229.81
543.644	1276.81
543.857	1321.81
544.071	1519.81
544.285	1565.81
544.498	1525.81
544.712	1529.81
544.925	1507.81
545.139	1535.81
545.352	1540.81
545.566	1550.81
545.779	1550.81
545.993	1632.81
546.206	1584.81
546.42	1621.81
546.633	1587.81
546.847	1588.81
547.06	1585.81
547.274	1604.81
547.487	1678.81
547.7	1646.81
547.914	1608.81
548.127	1597.81
548.34	1577.81
548.554	1548.81
548.767	1546.81
548.98	1534.81
549.193	1570.81
549.407	1552.81
549.62	1568.81
549.833	1542.81
550.046	1550.81
550.259	1523.81
550.473	1506.81
550.686	1460.81
550.899	1433.81
551.112	1446.81
551.325	1394.81
551.538	1315.81
551.751	1220.81
551.964	1200.81
552.177	1262.81
552.39	1341.81
552.603	1459.81
552.816	1543.81
553.029	1562.81
553.242	1587.81
553.455	1620.81
553.667	1609.81
553.88	1589.81
554.093	1579.81
554.306	1510.81
554.519	1506.81
554.732	1445.81
554.944	1488.81
555.157	1426.81
555.37	1408.81
555.583	1386.81
555.795	1361.81
556.008	1254.81
556.221	1217.81
556.433	1221.81
556.646	1223.81
556.859	1268.81
557.071	1244.81
557.284	1276.81
557.496	1273.81
557.709	1313.81
557.921	1246.81
558.134	1248.81
558.346	1242.81
558.559	1259.81
558.771	1229.81
558.984	1201.81
559.196	1142.81
559.409	1160.81
559.621	1152.81
559.833	1093.81
560.046	1131.81
560.258	1119.81
560.47	1162.81
560.683	1115.81
560.895	1152.81
561.107	1130.81
561.32	1153.81
561.532	1158.81
561.744	1134.81
561.956	1160.81
562.168	1167.81
562.381	1135.81
562.593	1118.81
562.805	1112.81
563.017	1080.81
563.229	1115.81
563.441	1125.81
563.653	1102.81
563.865	1099.81
564.077	1078.81
564.289	1078.81
564.501	1073.81
564.713	1116.81
564.925	1123.81
565.137	1108.81
565.349	1120.81
565.561	1118.81
565.773	1150.81
565.985	1187.81
566.197	1212.81
566.408	1276.81
566.62	1333.81
566.832	1481.81
567.044	1443.81
567.255	1431.81
567.467	1386.81
567.679	1402.81
567.891	1474.81
568.102	1424.81
568.314	1343.81
568.526	1235.81
568.737	1074.81
568.949	1022.81
569.161	956.81
569.372	877.81
569.584	858.81
569.795	837.81
570.007	805.81
570.218	926.81
570.43	894.81
570.641	840.81
570.853	862.81
571.064	873.81
571.276	904.81
571.487	880.81
571.698	888.81
571.91	829.81
572.121	849.81
572.333	824.81
572.544	766.81
572.755	721.81
572.966	712.81
573.178	676.81
573.389	670.81
573.6	673.81
573.811	647.81
574.023	623.81
574.234	646.81
574.445	649.81
574.656	686.81
574.867	700.81
575.078	720.81
575.289	683.81
575.501	713.81
575.712	672.81
575.923	662.81
576.134	694.81
576.345	703.81
576.556	715.81
576.767	712.81
576.978	705.81
577.188	667.81
577.399	655.81
577.61	649.81
577.821	667.81
578.032	667.81
578.243	741.81
578.454	1322.81
578.665	842.81
578.875	619.81
579.086	586.81
579.297	577.81
579.508	565.81
579.718	543.81
579.929	554.81
580.14	576.81
580.35	552.81
580.561	574.81
580.772	582.81
580.982	591.81
581.193	593.81
581.403	608.81
581.614	571.81
581.825	560.81
582.035	565.81
582.246	582.81
582.456	588.81
582.667	574.81
582.877	612.81
583.087	565.81
583.298	556.81
583.508	529.81
583.719	545.81
583.929	549.81
584.139	543.81
584.35	547.81
584.56	534.81
584.77	535.81
584.981	527.81
585.191	555.81
585.401	552.81
585.611	546.81
585.821	552.81
586.032	533.81
586.242	506.81
586.452	522.81
586.662	518.81
586.872	520.81
587.082	494.81
587.292	519.81
587.502	534.81
587.713	510.81
587.923	508.81
588.133	506.81
588.343	509.81
588.553	479.81
588.762	522.81
588.972	490.81
589.182	528.81
589.392	521.81
589.602	529.81
589.812	516.81
590.022	512.81
590.232	499.81
590.441	513.81
590.651	538.81
590.861	513.81
591.071	512.81
591.281	510.81
591.49	522.81
591.7	533.81
591.91	512.81
592.119	537.81
592.329	551.81
592.539	587.81
592.748	608.81
592.958	612.81
593.167	611.81
593.377	632.81
593.587	618.81
593.796	630.81
594.006	620.81
594.215	623.81
594.424	634.81
594.634	668.81
594.843	656.81
595.053	634.81
595.262	616.81
595.472	585.81
595.681	571.81
595.89	560.81
596.1	529.81
596.309	550.81
596.518	567.81
596.727	572.81
596.937	593.81
597.146	566.81
597.355	560.81
597.564	544.81
597.774	515.81
597.983	500.81
598.192	490.81
598.401	461.81
598.61	467.81
598.819	495.81
599.028	484.81
599.237	525.81
599.446	504.81
599.655	518.81
599.864	473.81
600.073	496.81
600.282	488.81
600.491	509.81
600.7	507.81
600.909	530.81
601.118	566.81
601.327	592.81
601.536	641.81
601.745	654.81
601.953	664.81
602.162	652.81
602.371	661.81
602.58	624.81
602.789	638.81
602.997	669.81
603.206	660.81
603.415	646.81
603.623	653.81
603.832	645.81
604.041	624.81
604.249	577.81
604.458	554.81
604.666	517.81
604.875	530.81
605.084	554.81
605.292	633.81
605.501	684.81
605.709	722.81
605.918	719.81
606.126	724.81
606.334	722.81
606.543	703.81
606.751	715.81
606.96	699.81
607.168	704.81
607.376	674.81
607.585	698.81
607.793	693.81
608.001	731.81
608.21	728.81
608.418	709.81
608.626	738.81
608.834	748.81
609.043	720.81
609.251	738.81
609.459	711.81
609.667	732.81
609.875	758.81
610.083	770.81
610.291	765.81
610.499	728.81
610.707	725.81
610.916	756.81
611.124	745.81
611.332	731.81
611.54	741.81
611.748	741.81
611.955	753.81
612.163	737.81
612.371	735.81
612.579	733.81
612.787	741.81
612.995	746.81
613.203	758.81
613.411	724.81
613.618	703.81
613.826	727.81
614.034	706.81
614.242	711.81
614.449	721.81
614.657	725.81
614.865	714.81
615.072	724.81
615.28	760.81
615.488	730.81
615.695	760.81
615.903	722.81
616.111	714.81
616.318	722.81
616.526	724.81
616.733	725.81
616.941	717.81
617.148	700.81
617.356	700.81
617.563	711.81
617.771	685.81
617.978	644.81
618.185	652.81
618.393	697.81
618.6	696.81
618.807	731.81
619.015	726.81
619.222	682.81
619.429	654.81
619.637	607.81
619.844	558.81
620.051	617.81
620.258	628.81
620.466	646.81
620.673	642.81
620.88	633.81
621.087	629.81
621.294	604.81
621.501	570.81
621.708	583.81
621.915	610.81
622.122	646.81
622.329	635.81
622.536	654.81
622.743	639.81
622.95	630.81
623.157	642.81
623.364	655.81
623.571	662.81
623.778	661.81
623.985	655.81
624.192	641.81
624.399	628.81
624.606	620.81
624.812	591.81
625.019	628.81
625.226	577.81
625.433	548.81
625.639	518.81
625.846	475.81
626.053	456.81
626.259	425.81
626.466	415.81
626.673	398.81
626.879	406.81
627.086	440.81
627.293	494.81
627.499	577.81
627.706	566.81
627.912	608.81
628.119	635.81
628.325	615.81
628.532	554.81
628.738	591.81
628.945	546.81
629.151	542.81
629.357	553.81
629.564	520.81
629.77	530.81
629.976	541.81
630.183	477.81
630.389	478.81
630.595	533.81
630.802	541.81
631.008	546.81
631.214	534.81
631.42	519.81
631.627	477.81
631.833	476.81
632.039	486.81
632.245	502.81
632.451	494.81
632.657	493.81
632.863	501.81
633.069	508.81
633.275	487.81
633.481	503.81
633.688	457.81
633.893	472.81
634.099	471.81
634.305	491.81
634.511	461.81
634.717	442.81
634.923	423.81
635.129	412.81
635.335	414.81
635.541	441.81
635.747	453.81
635.952	472.81
636.158	501.81
636.364	549.81
636.57	576.81
636.775	536.81
636.981	523.81
637.187	526.81
637.392	530.81
637.598	526.81
637.804	497.81
638.009	504.81
638.215	494.81
638.421	504.81
638.626	492.81
638.832	464.81
639.037	463.81
639.243	459.81
639.448	453.81
639.654	448.81
639.859	458.81
640.065	444.81
640.27	470.81
640.475	464.81
640.681	450.81
640.886	452.81
641.091	474.81
641.297	487.81
641.502	488.81
641.707	464.81
641.913	471.81
642.118	478.81
642.323	467.81
642.528	459.81
642.733	465.81
642.939	462.81
643.144	437.81
643.349	438.81
643.554	420.81
643.759	444.81
643.964	459.81
644.169	446.81
644.374	442.81
644.579	437.81
644.784	453.81
644.989	443.81
645.194	450.81
645.399	454.81
645.604	445.81
645.809	459.81
646.014	458.81
646.219	440.81
646.423	451.81
646.628	440.81
646.833	432.81
647.038	457.81
647.243	465.81
647.447	446.81
647.652	456.81
647.857	434.81
648.062	447.81
648.266	452.81
648.471	428.81
648.676	468.81
648.88	439.81
649.085	424.81
649.289	449.81
649.494	447.81
649.698	461.81
649.903	450.81
650.107	437.81
650.312	420.81
650.516	431.81
650.721	403.81
650.925	406.81
651.13	406.81
651.334	360.81
651.539	394.81
651.743	397.81
651.947	367.81
652.152	356.81
652.356	381.81
652.56	346.81
652.764	360.81
652.969	352.81
653.173	338.81
653.377	344.81
653.581	341.81
653.785	334.81
653.99	322.81
654.194	326.81
654.398	316.81
654.602	306.81
654.806	302.81
655.01	321.81
655.214	291.81
655.418	308.81
655.622	294.81
655.826	286.81
656.03	275.81
656.234	281.81
656.438	268.81
656.642	272.81
656.846	283.81
657.049	254.81
657.253	250.81
657.457	235.81
657.661	207.81
657.865	218.81
658.068	223.81
658.272	203.81
658.476	208.81
658.68	195.81
658.883	174.81
659.087	185.81
659.291	184.81
659.494	177.81
659.698	176.81
659.901	165.81
660.105	168.81
660.309	158.81
660.512	146.81
660.716	150.81
660.919	139.81
661.123	135.81
661.326	125.81
661.53	115.81
661.733	130.81
661.936	116.81
662.14	99.81
662.343	124.81
662.546	110.81
662.75	90.81
662.953	109.81
663.156	85.81
663.36	92.81
663.563	84.81
663.766	96.81
663.969	88.81
664.173	98.81
664.376	100.81
664.579	86.81
664.782	80.81
664.985	82.81
665.188	75.81
665.391	86.81
665.594	84.81
665.797	77.81
666	95.81
666.203	89.81
666.406	75.81
666.609	75.81
666.812	86.81
667.015	81.81
667.218	89.81
667.421	89.81
667.624	87.81
667.827	83.81
668.03	78.81
668.232	77.81
668.435	72.81
668.638	82.81
668.841	85.81
669.043	77.81
669.246	76.81
669.449	81.81
669.651	89.81
669.854	83.81
670.057	88.81
670.259	76.81
670.462	74.81
670.665	82.81
670.867	69.81
671.07	80.81
671.272	65.81
671.475	87.81
671.677	97.81
671.88	85.81
672.082	89.81
672.284	76.81
672.487	91.81
672.689	75.81
672.892	80.81
