223.165	-7.12
223.4	-7.12
223.635	-7.12
223.869	-11.12
224.104	-22.12
224.338	-18.12
224.573	-19.12
224.808	-22.12
225.042	-1.12
225.277	-9.12
225.511	4.88
225.746	6.88
225.98	2.88
226.215	9.88
226.449	20.88
226.683	11.88
226.918	30.88
227.152	21.88
227.387	36.88
227.621	42.88
227.856	42.88
228.09	47.88
228.324	44.88
228.559	53.88
228.793	77.88
229.027	146.88
229.262	159.88
229.496	159.88
229.73	178.88
229.964	219.88
230.199	187.88
230.433	156.88
230.667	161.88
230.901	150.88
231.136	164.88
231.37	167.88
231.604	156.88
231.838	159.88
232.072	163.88
232.306	162.88
232.541	166.88
232.775	159.88
233.009	161.88
233.243	159.88
233.477	164.88
233.711	169.88
233.945	166.88
234.179	174.88
234.413	165.88
234.647	167.88
234.881	150.88
235.115	163.88
235.349	169.88
235.583	183.88
235.817	160.88
236.051	160.88
236.285	192.88
236.519	181.88
236.753	215.88
236.987	207.88
237.221	264.88
237.455	326.88
237.689	279.88
237.922	199.88
238.156	187.88
238.39	203.88
238.624	176.88
238.858	177.88
239.091	198.88
239.325	201.88
239.559	191.88
239.793	181.88
240.027	200.88
240.26	203.88
240.494	213.88
240.728	236.88
240.961	234.88
241.195	230.88
241.429	207.88
241.662	216.88
241.896	207.88
242.13	216.88
242.363	199.88
242.597	199.88
242.83	212.88
243.064	211.88
243.298	224.88
243.531	224.88
243.765	237.88
243.998	225.88
244.232	232.88
244.465	209.88
244.699	218.88
244.932	250.88
245.166	239.88
245.399	225.88
245.633	239.88
245.866	227.88
246.099	225.88
246.333	222.88
246.566	227.88
246.8	239.88
247.033	254.88
247.266	243.88
247.5	248.88
247.733	251.88
247.966	256.88
248.2	261.88
248.433	263.88
248.666	273.88
248.899	281.88
249.133	312.88
249.366	311.88
249.599	305.88
249.832	313.88
250.066	306.88
250.299	317.88
250.532	352.88
250.765	405.88
250.998	375.88
251.231	375.88
251.465	349.88
251.698	342.88
251.931	321.88
252.164	312.88
252.397	323.88
252.63	326.88
252.863	337.88
253.096	339.88
253.329	337.88
253.562	346.88
253.795	340.88
254.028	356.88
254.261	366.88
254.494	339.88
254.727	367.88
254.96	417.88
255.193	384.88
255.426	384.88
255.659	396.88
255.892	443.88
256.124	537.88
256.357	539.88
256.59	483.88
256.823	420.88
257.056	405.88
257.289	377.88
257.521	368.88
257.754	371.88
257.987	360.88
258.22	377.88
258.452	371.88
258.685	325.88
258.918	343.88
259.151	341.88
259.383	372.88
259.616	352.88
259.849	366.88
260.081	359.88
260.314	388.88
260.547	392.88
260.779	373.88
261.012	392.88
261.244	383.88
261.477	368.88
261.71	369.88
261.942	387.88
262.175	421.88
262.407	397.88
262.64	350.88
262.872	347.88
263.105	354.88
263.337	371.88
263.57	369.88
263.802	357.88
264.035	369.88
264.267	371.88
264.499	356.88
264.732	363.88
264.964	351.88
265.197	360.88
265.429	369.88
265.661	365.88
265.894	368.88
266.126	377.88
266.358	372.88
266.591	387.88
266.823	372.88
267.055	366.88
267.287	394.88
267.52	389.88
267.752	378.88
267.984	392.88
268.216	385.88
268.448	416.88
268.681	397.88
268.913	409.88
269.145	414.88
269.377	431.88
269.609	417.88
269.841	440.88
270.073	459.88
270.306	465.88
270.538	465.88
270.77	483.88
271.002	480.88
271.234	461.88
271.466	492.88
271.698	482.88
271.93	501.88
272.162	508.88
272.394	513.88
272.626	500.88
272.858	467.88
273.09	468.88
273.322	452.88
273.553	461.88
273.785	444.88
274.017	458.88
274.249	468.88
274.481	484.88
274.713	459.88
274.945	471.88
275.176	476.88
275.408	455.88
275.64	463.88
275.872	482.88
276.104	463.88
276.335	471.88
276.567	491.88
276.799	516.88
277.031	521.88
277.262	564.88
277.494	557.88
277.726	520.88
277.957	519.88
278.189	488.88
278.421	491.88
278.652	483.88
278.884	514.88
279.115	495.88
279.347	476.88
279.579	477.88
279.81	499.88
280.042	534.88
280.273	516.88
280.505	532.88
280.736	524.88
280.968	496.88
281.199	504.88
281.431	504.88
281.662	499.88
281.894	503.88
282.125	525.88
282.356	521.88
282.588	562.88
282.819	570.88
283.051	520.88
283.282	493.88
283.513	495.88
283.745	512.88
283.976	498.88
284.207	516.88
284.439	520.88
284.67	516.88
284.901	507.88
285.132	517.88
285.364	493.88
285.595	521.88
285.826	509.88
286.057	531.88
286.288	518.88
286.52	533.88
286.751	520.88
286.982	530.88
287.213	505.88
287.444	521.88
287.675	532.88
287.906	532.88
288.138	552.88
288.369	551.88
288.6	555.88
288.831	561.88
289.062	553.88
289.293	550.88
289.524	535.88
289.755	547.88
289.986	515.88
290.217	562.88
290.448	551.88
290.679	568.88
290.91	542.88
291.141	528.88
291.371	555.88
291.602	534.88
291.833	527.88
292.064	541.88
292.295	563.88
292.526	544.88
292.757	578.88
292.987	529.88
293.218	548.88
293.449	558.88
293.68	560.88
293.91	546.88
294.141	546.88
294.372	543.88
294.603	557.88
294.833	559.88
295.064	567.88
295.295	565.88
295.525	572.88
295.756	571.88
295.987	573.88
296.217	629.88
296.448	636.88
296.679	580.88
296.909	599.88
297.14	575.88
297.37	587.88
297.601	604.88
297.831	583.88
298.062	594.88
298.292	593.88
298.523	615.88
298.753	595.88
298.984	607.88
299.214	619.88
299.445	603.88
299.675	591.88
299.905	583.88
300.136	629.88
300.366	600.88
300.597	618.88
300.827	639.88
301.057	632.88
301.288	667.88
301.518	661.88
301.748	659.88
301.979	645.88
302.209	647.88
302.439	677.88
302.669	655.88
302.9	635.88
303.13	643.88
303.36	675.88
303.59	665.88
303.82	674.88
304.051	662.88
304.281	665.88
304.511	629.88
304.741	620.88
304.971	662.88
305.201	658.88
305.431	647.88
305.661	656.88
305.891	653.88
306.121	675.88
306.352	643.88
306.582	692.88
306.812	676.88
307.042	666.88
307.272	656.88
307.502	689.88
307.731	668.88
307.961	686.88
308.191	686.88
308.421	630.88
308.651	671.88
308.881	661.88
309.111	659.88
309.341	670.88
309.571	693.88
309.8	708.88
310.03	703.88
310.26	727.88
310.49	720.88
310.72	719.88
310.949	750.88
311.179	776.88
311.409	745.88
311.639	744.88
311.868	751.88
312.098	779.88
312.328	756.88
312.557	785.88
312.787	781.88
313.017	784.88
313.246	777.88
313.476	785.88
313.706	767.88
313.935	765.88
314.165	787.88
314.394	818.88
314.624	822.88
314.853	783.88
315.083	760.88
315.312	757.88
315.542	767.88
315.771	744.88
316.001	764.88
316.23	765.88
316.46	758.88
316.689	761.88
316.919	788.88
317.148	775.88
317.377	776.88
317.607	786.88
317.836	780.88
318.065	794.88
318.295	778.88
318.524	771.88
318.753	755.88
318.983	776.88
319.212	773.88
319.441	775.88
319.67	799.88
319.9	779.88
320.129	790.88
320.358	799.88
320.587	780.88
320.816	831.88
321.046	827.88
321.275	845.88
321.504	801.88
321.733	835.88
321.962	861.88
322.191	841.88
322.42	899.88
322.649	930.88
322.878	936.88
323.108	966.88
323.337	1035.88
323.566	1062.88
323.795	1103.88
324.024	1226.88
324.253	1451.88
324.482	2072.88
324.71	3094.88
324.939	4226.88
325.168	3475.88
325.397	1933.88
325.626	1407.88
325.855	1268.88
326.084	1159.88
326.313	1124.88
326.542	1186.88
326.77	1251.88
326.999	1433.88
327.228	1936.88
327.457	2876.88
327.686	3343.88
327.914	2226.88
328.143	1697.88
328.372	1618.88
328.6	1484.88
328.829	1318.88
329.058	1321.88
329.287	1296.88
329.515	1310.88
329.744	1261.88
329.972	1403.88
330.201	1681.88
330.43	1906.88
330.658	1731.88
330.887	1527.88
331.115	1408.88
331.344	1230.88
331.572	1163.88
331.801	1183.88
332.03	1155.88
332.258	1143.88
332.486	1162.88
332.715	1149.88
332.943	1191.88
333.172	1215.88
333.4	1237.88
333.629	1294.88
333.857	1349.88
334.085	1525.88
334.314	1758.88
334.542	2248.88
334.771	2359.88
334.999	1693.88
335.227	1380.88
335.455	1246.88
335.684	1175.88
335.912	1120.88
336.14	1118.88
336.369	1103.88
336.597	1110.88
336.825	1110.88
337.053	1097.88
337.281	1056.88
337.51	1030.88
337.738	1036.88
337.966	1025.88
338.194	1007.88
338.422	1012.88
338.65	996.88
338.878	999.88
339.106	998.88
339.334	971.88
339.562	973.88
339.79	956.88
340.018	954.88
340.246	947.88
340.474	987.88
340.702	999.88
340.93	969.88
341.158	962.88
341.386	948.88
341.614	987.88
341.842	951.88
342.07	965.88
342.298	939.88
342.526	932.88
342.754	927.88
342.981	926.88
343.209	933.88
343.437	987.88
343.665	1041.88
343.893	1056.88
344.12	1102.88
344.348	1069.88
344.576	1019.88
344.804	1025.88
345.031	1006.88
345.259	993.88
345.487	1003.88
345.714	990.88
345.942	974.88
346.17	970.88
346.397	960.88
346.625	921.88
346.853	956.88
347.08	905.88
347.308	946.88
347.535	972.88
347.763	982.88
347.99	951.88
348.218	977.88
348.445	963.88
348.673	1009.88
348.9	961.88
349.128	935.88
349.355	913.88
349.583	932.88
349.81	899.88
350.037	902.88
350.265	919.88
350.492	930.88
350.72	933.88
350.947	975.88
351.174	946.88
351.402	948.88
351.629	975.88
351.856	941.88
352.083	936.88
352.311	975.88
352.538	978.88
352.765	970.88
352.992	965.88
353.22	935.88
353.447	936.88
353.674	944.88
353.901	898.88
354.128	887.88
354.355	899.88
354.583	939.88
354.81	909.88
355.037	896.88
355.264	883.88
355.491	873.88
355.718	911.88
355.945	917.88
356.172	899.88
356.399	885.88
356.626	904.88
356.853	894.88
357.08	915.88
357.307	922.88
357.534	906.88
357.761	887.88
357.988	902.88
358.215	895.88
358.441	891.88
358.668	888.88
358.895	921.88
359.122	908.88
359.349	950.88
359.576	960.88
359.802	1019.88
360.029	1052.88
360.256	1088.88
360.483	1037.88
360.709	992.88
360.936	998.88
361.163	975.88
361.39	960.88
361.616	973.88
361.843	966.88
362.07	976.88
362.296	980.88
362.523	975.88
362.749	978.88
362.976	941.88
363.203	949.88
363.429	956.88
363.656	964.88
363.882	936.88
364.109	949.88
364.335	947.88
364.562	941.88
364.788	931.88
365.015	943.88
365.241	945.88
365.468	969.88
365.694	958.88
365.92	970.88
366.147	938.88
366.373	942.88
366.599	953.88
366.826	970.88
367.052	965.88
367.278	985.88
367.505	959.88
367.731	946.88
367.957	984.88
368.184	1003.88
368.41	975.88
368.636	1005.88
368.862	1032.88
369.089	1001.88
369.315	976.88
369.541	999.88
369.767	998.88
369.993	956.88
370.219	975.88
370.445	959.88
370.672	978.88
370.898	998.88
371.124	995.88
371.35	986.88
371.576	990.88
371.802	1026.88
372.028	996.88
372.254	996.88
372.48	1004.88
372.706	1014.88
372.932	1008.88
373.158	1016.88
373.384	1050.88
373.61	1019.88
373.835	1026.88
374.061	1016.88
374.287	1031.88
374.513	1004.88
374.739	1071.88
374.965	1077.88
375.191	1114.88
375.416	1090.88
375.642	1056.88
375.868	1065.88
376.094	1043.88
376.319	1041.88
376.545	1037.88
376.771	1001.88
376.997	1029.88
377.222	1046.88
377.448	1016.88
377.674	1012.88
377.899	1039.88
378.125	1027.88
378.35	995.88
378.576	974.88
378.802	989.88
379.027	1009.88
379.253	1020.88
379.478	1011.88
379.704	1026.88
379.929	1008.88
380.155	1016.88
380.38	1013.88
380.606	1030.88
380.831	1008.88
381.057	1043.88
381.282	1034.88
381.507	1023.88
381.733	1053.88
381.958	1046.88
382.184	1042.88
382.409	1067.88
382.634	1076.88
382.86	1095.88
383.085	1056.88
383.31	1087.88
383.535	1085.88
383.761	1137.88
383.986	1157.88
384.211	1159.88
384.436	1168.88
384.662	1149.88
384.887	1165.88
385.112	1148.88
385.337	1181.88
385.562	1198.88
385.787	1198.88
386.013	1225.88
386.238	1240.88
386.463	1228.88
386.688	1239.88
386.913	1175.88
387.138	1180.88
387.363	1191.88
387.588	1154.88
387.813	1183.88
388.038	1200.88
388.263	1242.88
388.488	1217.88
388.713	1221.88
388.938	1219.88
389.163	1182.88
389.387	1237.88
389.612	1191.88
389.837	1184.88
390.062	1184.88
390.287	1204.88
390.512	1218.88
390.736	1221.88
390.961	1260.88
391.186	1251.88
391.411	1291.88
391.636	1310.88
391.86	1319.88
392.085	1339.88
392.31	1371.88
392.534	1330.88
392.759	1298.88
392.984	1287.88
393.208	1308.88
393.433	1336.88
393.658	1340.88
393.882	1318.88
394.107	1297.88
394.331	1328.88
394.556	1302.88
394.78	1325.88
395.005	1301.88
395.229	1318.88
395.454	1372.88
395.678	1366.88
395.903	1373.88
396.127	1390.88
396.352	1373.88
396.576	1359.88
396.801	1343.88
397.025	1353.88
397.249	1340.88
397.474	1384.88
397.698	1393.88
397.922	1445.88
398.147	1418.88
398.371	1469.88
398.595	1469.88
398.82	1522.88
399.044	1597.88
399.268	1752.88
399.492	1945.88
399.717	2074.88
399.941	2113.88
400.165	2002.88
400.389	1855.88
400.613	1747.88
400.837	1633.88
401.062	1591.88
401.286	1582.88
401.51	1569.88
401.734	1549.88
401.958	1609.88
402.182	1618.88
402.406	1671.88
402.63	1701.88
402.854	1643.88
403.078	1656.88
403.302	1719.88
403.526	1741.88
403.75	1780.88
403.974	1783.88
404.198	1759.88
404.422	1844.88
404.645	1815.88
404.869	1825.88
405.093	1920.88
405.317	2013.88
405.541	2047.88
405.765	1937.88
405.988	1845.88
406.212	1883.88
406.436	1972.88
406.66	1970.88
406.883	1915.88
407.107	1998.88
407.331	2107.88
407.555	2200.88
407.778	2153.88
408.002	2007.88
408.226	1938.88
408.449	1933.88
408.673	1863.88
408.896	1877.88
409.12	1983.88
409.344	1917.88
409.567	1834.88
409.791	1803.88
410.014	1792.88
410.238	1754.88
410.461	1803.88
410.685	1795.88
410.908	1774.88
411.132	1831.88
411.355	1830.88
411.578	1821.88
411.802	1766.88
412.025	1801.88
412.249	1839.88
412.472	1877.88
412.695	1955.88
412.919	1933.88
413.142	1840.88
413.365	1787.88
413.589	1775.88
413.812	1700.88
414.035	1630.88
414.258	1675.88
414.482	1665.88
414.705	1688.88
414.928	1732.88
415.151	1693.88
415.374	1654.88
415.597	1637.88
415.821	1635.88
416.044	1641.88
416.267	1650.88
416.49	1645.88
416.713	1633.88
416.936	1630.88
417.159	1657.88
417.382	1684.88
417.605	1727.88
417.828	1748.88
418.051	1774.88
418.274	1779.88
418.497	1674.88
418.72	1720.88
418.943	1710.88
419.166	1800.88
419.389	1927.88
419.611	1896.88
419.834	1862.88
420.057	1889.88
420.28	1868.88
420.503	1850.88
420.726	1826.88
420.948	1865.88
421.171	1860.88
421.394	1890.88
421.617	1814.88
421.839	1789.88
422.062	1768.88
422.285	1764.88
422.507	1843.88
422.73	1981.88
422.953	1892.88
423.175	1821.88
423.398	1824.88
423.621	1789.88
423.843	1880.88
424.066	1937.88
424.288	1832.88
424.511	1884.88
424.733	1966.88
424.956	2112.88
425.178	1990.88
425.401	2032.88
425.623	2020.88
425.846	1821.88
426.068	1781.88
426.291	1759.88
426.513	1697.88
426.735	1732.88
426.958	1838.88
427.18	1949.88
427.402	2134.88
427.625	2293.88
427.847	2184.88
428.069	1962.88
428.292	1877.88
428.514	1728.88
428.736	1675.88
428.958	1673.88
429.181	1590.88
429.403	1589.88
429.625	1648.88
429.847	1674.88
430.069	1812.88
430.292	1701.88
430.514	1624.88
430.736	1610.88
430.958	1573.88
431.18	1562.88
431.402	1548.88
431.624	1510.88
431.846	1469.88
432.068	1428.88
432.29	1463.88
432.512	1460.88
432.734	1543.88
432.956	1595.88
433.178	1624.88
433.4	1666.88
433.622	1624.88
433.844	1609.88
434.066	1548.88
434.287	1485.88
434.509	1464.88
434.731	1534.88
434.953	1624.88
435.175	1685.88
435.397	1730.88
435.618	1638.88
435.84	1684.88
436.062	1811.88
436.284	1948.88
436.505	1747.88
436.727	1687.88
436.949	1637.88
437.17	1605.88
437.392	1581.88
437.614	1606.88
437.835	1583.88
438.057	1756.88
438.278	1913.88
438.5	1936.88
438.721	2117.88
438.943	2028.88
439.165	1801.88
439.386	1750.88
439.608	1769.88
439.829	1786.88
440.05	1855.88
440.272	1887.88
440.493	1817.88
440.715	1795.88
440.936	1778.88
441.158	1748.88
441.379	1818.88
441.6	1838.88
441.822	1937.88
442.043	2003.88
442.264	2057.88
442.486	2038.88
442.707	1886.88
442.928	1842.88
443.149	1856.88
443.371	1911.88
443.592	1989.88
443.813	2187.88
444.034	2171.88
444.255	2007.88
444.476	1958.88
444.698	2024.88
444.919	2036.88
445.14	2112.88
445.361	2010.88
445.582	1976.88
445.803	2057.88
446.024	2112.88
446.245	2122.88
446.466	2032.88
446.687	1912.88
446.908	1859.88
447.129	1783.88
447.35	1734.88
447.571	1708.88
447.792	1653.88
448.013	1726.88
448.234	1707.88
448.455	1734.88
448.675	1923.88
448.896	2043.88
449.117	1854.88
449.338	1841.88
449.559	1978.88
449.779	2059.88
450	1786.88
450.221	1691.88
450.442	1624.88
450.662	1584.88
450.883	1612.88
451.104	1659.88
451.324	1613.88
451.545	1567.88
451.766	1515.88
451.986	1473.88
452.207	1478.88
452.428	1453.88
452.648	1442.88
452.869	1399.88
453.089	1413.88
453.31	1419.88
453.53	1376.88
453.751	1315.88
453.971	1318.88
454.192	1359.88
454.412	1352.88
454.633	1380.88
454.853	1361.88
455.073	1349.88
455.294	1452.88
455.514	1527.88
455.734	1445.88
455.955	1382.88
456.175	1315.88
456.395	1215.88
456.616	1240.88
456.836	1255.88
457.056	1258.88
457.276	1208.88
457.497	1231.88
457.717	1260.88
457.937	1261.88
458.157	1281.88
458.377	1265.88
458.598	1318.88
458.818	1423.88
459.038	1600.88
459.258	1567.88
459.478	1453.88
459.698	1397.88
459.918	1448.88
460.138	1464.88
460.358	1567.88
460.578	1565.88
460.798	1588.88
461.018	1622.88
461.238	1587.88
461.458	1601.88
461.678	1565.88
461.898	1623.88
462.118	1533.88
462.338	1668.88
462.558	1650.88
462.777	1692.88
462.997	1815.88
463.217	1948.88
463.437	1928.88
463.657	1792.88
463.876	1748.88
464.096	1750.88
464.316	1716.88
464.536	1789.88
464.755	1758.88
464.975	1751.88
465.195	1829.88
465.414	1968.88
465.634	1712.88
465.854	1606.88
466.073	1581.88
466.293	1541.88
466.512	1519.88
466.732	1500.88
466.951	1535.88
467.171	1543.88
467.391	1565.88
467.61	1595.88
467.829	1641.88
468.049	1685.88
468.268	1850.88
468.488	1665.88
468.707	1585.88
468.927	1558.88
469.146	1516.88
469.365	1557.88
469.585	1543.88
469.804	1603.88
470.023	1649.88
470.243	1679.88
470.462	1673.88
470.681	1726.88
470.901	1701.88
471.12	1637.88
471.339	1635.88
471.558	1661.88
471.777	1611.88
471.997	1583.88
472.216	1772.88
472.435	2414.88
472.654	1988.88
472.873	1578.88
473.092	1503.88
473.311	1507.88
473.53	1487.88
473.749	1503.88
473.968	1519.88
474.187	1660.88
474.406	1655.88
474.625	1543.88
474.844	1531.88
475.063	1509.88
475.282	1465.88
475.501	1447.88
475.72	1421.88
475.939	1488.88
476.158	1490.88
476.377	1483.88
476.596	1445.88
476.814	1455.88
477.033	1433.88
477.252	1481.88
477.471	1589.88
477.69	1638.88
477.908	1702.88
478.127	1727.88
478.346	1691.88
478.564	1717.88
478.783	1741.88
479.002	1779.88
479.22	1799.88
479.439	1768.88
479.658	1758.88
479.876	1718.88
480.095	1699.88
480.313	1791.88
480.532	1801.88
480.751	1820.88
480.969	1942.88
481.188	3035.88
481.406	3519.88
481.624	2176.88
481.843	1826.88
482.061	1727.88
482.28	1730.88
482.498	1702.88
482.717	1654.88
482.935	1704.88
483.153	1782.88
483.372	1826.88
483.59	1805.88
483.808	1758.88
484.027	1675.88
484.245	1705.88
484.463	1719.88
484.681	1808.88
484.9	1766.88
485.118	1775.88
485.336	1711.88
485.554	1710.88
485.772	1609.88
485.99	1603.88
486.209	1640.88
486.427	1663.88
486.645	1728.88
486.863	1865.88
487.081	1868.88
487.299	1794.88
487.517	1819.88
487.735	2071.88
487.953	2093.88
488.171	2082.88
488.389	2047.88
488.607	1890.88
488.825	1808.88
489.043	1767.88
489.261	1766.88
489.479	1888.88
489.696	1904.88
489.914	1887.88
490.132	1943.88
490.35	2013.88
490.568	2095.88
490.786	2166.88
491.003	2284.88
491.221	2367.88
491.439	2451.88
491.657	2454.88
491.874	2569.88
492.092	2756.88
492.31	2856.88
492.527	2792.88
492.745	2681.88
492.963	2589.88
493.18	2523.88
493.398	2499.88
493.615	2470.88
493.833	2487.88
494.05	2457.88
494.268	2451.88
494.485	2396.88
494.703	2393.88
494.92	2375.88
495.138	2356.88
495.355	2342.88
495.573	2336.88
495.79	2316.88
496.008	2321.88
496.225	2308.88
496.442	2303.88
496.66	2327.88
496.877	2309.88
497.094	2309.88
497.312	2312.88
497.529	2316.88
497.746	2252.88
497.963	2261.88
498.181	2246.88
498.398	2215.88
498.615	2320.88
498.832	2393.88
499.049	2511.88
499.267	2649.88
499.484	2795.88
499.701	3093.88
499.918	3314.88
500.135	3647.88
500.352	3979.88
500.569	4173.88
500.786	4169.88
501.003	3900.88
501.22	3602.88
501.437	3301.88
501.654	3086.88
501.871	2870.88
502.088	2711.88
502.305	2559.88
502.522	2482.88
502.739	2375.88
502.956	2255.88
503.172	2207.88
503.389	2141.88
503.606	2095.88
503.823	2047.88
504.04	2034.88
504.256	1996.88
504.473	2019.88
504.69	2049.88
504.907	2054.88
505.123	1947.88
505.34	1890.88
505.557	1889.88
505.773	1842.88
505.99	1826.88
506.207	1792.88
506.423	1778.88
506.64	1794.88
506.856	1757.88
507.073	1716.88
507.289	1713.88
507.506	1687.88
507.722	1743.88
507.939	1766.88
508.155	1709.88
508.372	1647.88
508.588	1635.88
508.805	1590.88
509.021	1613.88
509.238	1576.88
509.454	1584.88
509.67	1519.88
509.887	1555.88
510.103	1516.88
510.319	1550.88
510.536	1916.88
510.752	3667.88
510.968	2506.88
511.184	1592.88
511.401	1521.88
511.617	1480.88
511.833	1537.88
512.049	1560.88
512.265	1511.88
512.481	1535.88
512.698	1465.88
512.914	1503.88
513.13	1492.88
513.346	1471.88
513.562	1455.88
513.778	1439.88
513.994	1513.88
514.21	1533.88
514.426	1636.88
514.642	1688.88
514.858	1733.88
515.074	1887.88
515.29	2277.88
515.506	3855.88
515.721	2815.88
515.937	1793.88
516.153	1647.88
516.369	1650.88
516.585	1641.88
516.801	1631.88
517.016	1686.88
517.232	1743.88
517.448	1769.88
517.664	1801.88
517.879	1798.88
518.095	1783.88
518.311	1763.88
518.527	1702.88
518.742	1670.88
518.958	1636.88
519.173	1639.88
519.389	1630.88
519.605	1610.88
519.82	1598.88
520.036	1623.88
520.251	1647.88
520.467	1659.88
520.682	1658.88
520.898	1634.88
521.113	1683.88
521.329	1755.88
521.544	2008.88
521.76	2689.88
521.975	5054.88
522.19	4676.88
522.406	2262.88
522.621	1720.88
522.836	1593.88
523.052	1559.88
523.267	1479.88
523.482	1463.88
523.698	1453.88
523.913	1478.88
524.128	1492.88
524.343	1463.88
524.559	1451.88
524.774	1452.88
524.989	1444.88
525.204	1439.88
525.419	1458.88
525.634	1374.88
525.849	1361.88
526.064	1317.88
526.28	1267.88
526.495	1224.88
526.71	1197.88
526.925	1174.88
527.14	1195.88
527.355	1210.88
527.57	1174.88
527.785	1188.88
527.999	1200.88
528.214	1261.88
528.429	1312.88
528.644	1365.88
528.859	1416.88
529.074	1499.88
529.289	1626.88
529.503	1825.88
529.718	1609.88
529.933	1396.88
530.148	1307.88
530.363	1239.88
530.577	1184.88
530.792	1155.88
531.007	1144.88
531.221	1154.88
531.436	1179.88
531.651	1137.88
531.865	1136.88
532.08	1151.88
532.295	1153.88
532.509	1146.88
532.724	1141.88
532.938	1174.88
533.153	1216.88
533.367	1249.88
533.582	1291.88
533.796	1280.88
534.011	1238.88
534.225	1171.88
534.44	1139.88
534.654	1125.88
534.868	1149.88
535.083	1154.88
535.297	1151.88
535.511	1215.88
535.726	1204.88
535.94	1201.88
536.154	1123.88
536.369	1082.88
536.583	1079.88
536.797	1071.88
537.011	1063.88
537.225	1036.88
537.44	1076.88
537.654	1108.88
537.868	1115.88
538.082	1101.88
538.296	1090.88
538.51	1165.88
538.724	1221.88
538.938	1253.88
539.153	1272.88
539.367	1265.88
539.581	1223.88
539.795	1167.88
540.009	1072.88
540.222	1107.88
540.436	1138.88
540.65	1165.88
540.864	1270.88
541.078	1379.88
541.292	1461.88
541.506	1511.88
541.72	1634.88
541.934	1767.88
542.147	1796.88
542.361	1687.88
542.575	1539.88
542.789	1397.88
543.002	1308.88
543.216	1275.88
543.43	1281.88
543.644	1343.88
543.857	1385.88
544.071	1508.88
544.285	1558.88
544.498	1564.88
544.712	1580.88
544.925	1569.88
545.139	1573.88
545.352	1613.88
545.566	1573.88
545.779	1622.88
545.993	1625.88
546.206	1697.88
546.42	1634.88
546.633	1643.88
546.847	1656.88
547.06	1650.88
547.274	1696.88
547.487	1716.88
547.7	1728.88
547.914	1653.88
548.127	1645.88
548.34	1646.88
548.554	1607.88
548.767	1617.88
548.98	1604.88
549.193	1577.88
549.407	1590.88
549.62	1643.88
549.833	1617.88
550.046	1571.88
550.259	1543.88
550.473	1550.88
550.686	1560.88
550.899	1512.88
551.112	1475.88
551.325	1410.88
551.538	1353.88
551.751	1253.88
551.964	1238.88
552.177	1295.88
552.39	1399.88
552.603	1488.88
552.816	1590.88
553.029	1592.88
553.242	1633.88
553.455	1707.88
553.667	1730.88
553.88	1655.88
554.093	1629.88
554.306	1589.88
554.519	1547.88
554.732	1502.88
554.944	1471.88
555.157	1466.88
555.37	1450.88
555.583	1396.88
555.795	1393.88
556.008	1307.88
556.221	1252.88
556.433	1293.88
556.646	1316.88
556.859	1297.88
557.071	1327.88
557.284	1330.88
557.496	1322.88
557.709	1312.88
557.921	1315.88
558.134	1336.88
558.346	1320.88
558.559	1289.88
558.771	1257.88
558.984	1251.88
559.196	1196.88
559.409	1179.88
559.621	1195.88
559.833	1144.88
560.046	1171.88
560.258	1174.88
560.47	1201.88
560.683	1185.88
560.895	1191.88
561.107	1183.88
561.32	1153.88
561.532	1170.88
561.744	1212.88
561.956	1188.88
562.168	1200.88
562.381	1199.88
562.593	1133.88
562.805	1181.88
563.017	1150.88
563.229	1159.88
563.441	1125.88
563.653	1127.88
563.865	1134.88
564.077	1126.88
564.289	1119.88
564.501	1112.88
564.713	1156.88
564.925	1155.88
565.137	1160.88
565.349	1140.88
565.561	1175.88
565.773	1183.88
565.985	1197.88
566.197	1240.88
566.408	1320.88
566.62	1394.88
566.832	1451.88
567.044	1451.88
567.255	1411.88
567.467	1431.88
567.679	1465.88
567.891	1509.88
568.102	1506.88
568.314	1385.88
568.526	1259.88
568.737	1128.88
568.949	1014.88
569.161	957.88
569.372	924.88
569.584	911.88
569.795	894.88
570.007	867.88
570.218	1019.88
570.43	913.88
570.641	891.88
570.853	912.88
571.064	917.88
571.276	926.88
571.487	953.88
571.698	888.88
571.91	880.88
572.121	877.88
572.333	836.88
572.544	791.88
572.755	763.88
572.966	733.88
573.178	708.88
573.389	704.88
573.6	687.88
573.811	679.88
574.023	700.88
574.234	670.88
574.445	688.88
574.656	701.88
574.867	731.88
575.078	748.88
575.289	725.88
575.501	738.88
575.712	703.88
575.923	703.88
576.134	713.88
576.345	724.88
576.556	708.88
576.767	735.88
576.978	716.88
577.188	710.88
577.399	712.88
577.61	688.88
577.821	697.88
578.032	667.88
578.243	771.88
578.454	1349.88
578.665	887.88
578.875	669.88
579.086	598.88
579.297	602.88
579.508	604.88
579.718	590.88
579.929	586.88
580.14	569.88
580.35	582.88
580.561	578.88
580.772	608.88
580.982	632.88
581.193	637.88
581.403	606.88
581.614	643.88
581.825	623.88
582.035	607.88
582.246	607.88
582.456	621.88
582.667	597.88
582.877	609.88
583.087	599.88
583.298	580.88
583.508	565.88
583.719	545.88
583.929	550.88
584.139	568.88
584.35	549.88
584.56	543.88
584.77	557.88
584.981	585.88
585.191	556.88
585.401	557.88
585.611	551.88
585.821	539.88
586.032	542.88
586.242	519.88
586.452	546.88
586.662	550.88
586.872	539.88
587.082	534.88
587.292	544.88
587.502	537.88
587.713	530.88
587.923	541.88
588.133	513.88
588.343	517.88
588.553	537.88
588.762	550.88
588.972	530.88
589.182	543.88
589.392	547.88
589.602	550.88
589.812	535.88
590.022	551.88
590.232	549.88
590.441	540.88
590.651	559.88
590.861	543.88
591.071	532.88
591.281	526.88
591.49	539.88
591.7	553.88
591.91	575.88
592.119	562.88
592.329	562.88
592.539	604.88
592.748	631.88
592.958	629.88
593.167	624.88
593.377	615.88
593.587	631.88
593.796	640.88
594.006	657.88
594.215	652.88
594.424	676.88
594.634	694.88
594.843	641.88
595.053	632.88
595.262	635.88
595.472	608.88
595.681	564.88
595.89	564.88
596.1	564.88
596.309	583.88
596.518	598.88
596.727	600.88
596.937	583.88
597.146	582.88
597.355	567.88
597.564	543.88
597.774	535.88
597.983	511.88
598.192	480.88
598.401	480.88
598.61	485.88
598.819	496.88
599.028	529.88
599.237	507.88
599.446	527.88
599.655	515.88
599.864	514.88
600.073	498.88
600.282	521.88
600.491	535.88
600.7	530.88
600.909	551.88
601.118	593.88
601.327	628.88
601.536	660.88
601.745	655.88
601.953	672.88
602.162	707.88
602.371	674.88
602.58	667.88
602.789	679.88
602.997	679.88
603.206	677.88
603.415	670.88
603.623	701.88
603.832	705.88
604.041	665.88
604.249	600.88
604.458	561.88
604.666	540.88
604.875	565.88
605.084	602.88
605.292	639.88
605.501	686.88
605.709	719.88
605.918	731.88
606.126	741.88
606.334	730.88
606.543	749.88
606.751	705.88
606.96	745.88
607.168	720.88
607.376	708.88
607.585	733.88
607.793	757.88
608.001	748.88
608.21	702.88
608.418	726.88
608.626	747.88
608.834	750.88
609.043	755.88
609.251	740.88
609.459	729.88
609.667	761.88
609.875	762.88
610.083	783.88
610.291	774.88
610.499	764.88
610.707	772.88
610.916	788.88
611.124	767.88
611.332	747.88
611.54	769.88
611.748	777.88
611.955	762.88
612.163	748.88
612.371	744.88
612.579	745.88
612.787	754.88
612.995	763.88
613.203	743.88
613.411	765.88
613.618	728.88
613.826	733.88
614.034	739.88
614.242	732.88
614.449	781.88
614.657	753.88
614.865	723.88
615.072	732.88
615.28	728.88
615.488	727.88
615.695	753.88
615.903	749.88
616.111	733.88
616.318	740.88
616.526	756.88
616.733	751.88
616.941	748.88
617.148	758.88
617.356	730.88
617.563	729.88
617.771	680.88
617.978	649.88
618.185	700.88
618.393	751.88
618.6	725.88
618.807	725.88
619.015	717.88
619.222	716.88
619.429	694.88
619.637	624.88
619.844	606.88
620.051	592.88
620.258	639.88
620.466	671.88
620.673	686.88
620.88	630.88
621.087	629.88
621.294	631.88
621.501	604.88
621.708	594.88
621.915	639.88
622.122	655.88
622.329	653.88
622.536	670.88
622.743	668.88
622.95	663.88
623.157	637.88
623.364	657.88
623.571	659.88
623.778	666.88
623.985	655.88
624.192	656.88
624.399	684.88
624.606	633.88
624.812	617.88
625.019	595.88
625.226	590.88
625.433	569.88
625.639	516.88
625.846	487.88
626.053	466.88
626.259	431.88
626.466	450.88
626.673	429.88
626.879	440.88
627.086	457.88
627.293	516.88
627.499	567.88
627.706	591.88
627.912	614.88
628.119	619.88
628.325	623.88
628.532	612.88
628.738	593.88
628.945	588.88
629.151	551.88
629.357	536.88
629.564	543.88
629.77	557.88
629.976	535.88
630.183	498.88
630.389	510.88
630.595	536.88
630.802	569.88
631.008	582.88
631.214	549.88
631.42	532.88
631.627	499.88
631.833	484.88
632.039	501.88
632.245	506.88
632.451	516.88
632.657	526.88
632.863	525.88
633.069	519.88
633.275	491.88
633.481	501.88
633.688	450.88
633.893	488.88
634.099	485.88
634.305	470.88
634.511	483.88
634.717	447.88
634.923	428.88
635.129	427.88
635.335	429.88
635.541	431.88
635.747	455.88
635.952	499.88
636.158	516.88
636.364	577.88
636.57	620.88
636.775	571.88
636.981	537.88
637.187	534.88
637.392	528.88
637.598	545.88
637.804	539.88
638.009	529.88
638.215	521.88
638.421	501.88
638.626	506.88
638.832	492.88
639.037	493.88
639.243	485.88
639.448	470.88
639.654	461.88
639.859	480.88
640.065	465.88
640.27	471.88
640.475	457.88
640.681	469.88
640.886	457.88
641.091	465.88
641.297	509.88
641.502	495.88
641.707	492.88
641.913	493.88
642.118	495.88
642.323	474.88
642.528	475.88
642.733	457.88
642.939	473.88
643.144	465.88
643.349	445.88
643.554	448.88
643.759	468.88
643.964	452.88
644.169	456.88
644.374	461.88
644.579	453.88
644.784	473.88
644.989	446.88
645.194	473.88
645.399	469.88
645.604	449.88
645.809	453.88
646.014	450.88
646.219	451.88
646.423	475.88
646.628	454.88
646.833	451.88
647.038	463.88
647.243	437.88
647.447	443.88
647.652	465.88
647.857	464.88
648.062	445.88
648.266	436.88
648.471	469.88
648.676	463.88
648.88	451.88
649.085	459.88
649.289	446.88
649.494	465.88
649.698	490.88
649.903	448.88
650.107	415.88
650.312	441.88
650.516	433.88
650.721	415.88
650.925	413.88
651.13	411.88
651.334	398.88
651.539	391.88
651.743	408.88
651.947	377.88
652.152	380.88
652.356	373.88
652.56	358.88
652.764	350.88
652.969	347.88
653.173	353.88
653.377	359.88
653.581	353.88
653.785	334.88
653.99	333.88
654.194	320.88
654.398	324.88
654.602	302.88
654.806	322.88
655.01	301.88
655.214	310.88
655.418	282.88
655.622	298.88
655.826	301.88
656.03	289.88
656.234	278.88
656.438	291.88
656.642	273.88
656.846	304.88
657.049	264.88
657.253	264.88
657.457	228.88
657.661	247.88
657.865	224.88
658.068	218.88
658.272	217.88
658.476	211.88
658.68	183.88
658.883	194.88
659.087	178.88
659.291	186.88
659.494	187.88
659.698	185.88
659.901	170.88
660.105	173.88
660.309	170.88
660.512	161.88
660.716	162.88
660.919	127.88
661.123	132.88
661.326	128.88
661.53	129.88
661.733	131.88
661.936	117.88
662.14	121.88
662.343	105.88
662.546	112.88
662.75	94.88
662.953	102.88
663.156	91.88
663.36	97.88
663.563	113.88
663.766	85.88
663.969	93.88
664.173	107.88
664.376	91.88
664.579	80.88
664.782	97.88
664.985	89.88
665.188	91.88
665.391	93.88
665.594	89.88
665.797	74.88
666	82.88
666.203	75.88
666.406	102.88
666.609	88.88
666.812	74.88
667.015	98.88
667.218	88.88
667.421	85.88
667.624	87.88
667.827	92.88
668.03	78.88
668.232	88.88
668.435	100.88
668.638	85.88
668.841	95.88
669.043	77.88
669.246	89.88
669.449	82.88
669.651	84.88
669.854	76.88
670.057	73.88
670.259	84.88
670.462	78.88
670.665	85.88
670.867	80.88
671.07	88.88
671.272	77.88
671.475	83.88
671.677	92.88
671.88	99.88
672.082	80.88
672.284	79.88
672.487	87.88
672.689	74.88
672.892	90.88
