223.165	-8.38
223.4	-8.38
223.635	-8.38
223.869	-25.38
224.104	-10.38
224.338	-9.38
224.573	-21.38
224.808	-15.38
225.042	-4.38
225.277	-1.38
225.511	-7.38
225.746	17.62
225.98	8.62
226.215	9.62
226.449	2.62
226.683	19.62
226.918	10.62
227.152	34.62
227.387	38.62
227.621	25.62
227.856	41.62
228.09	43.62
228.324	50.62
228.559	46.62
228.793	76.62
229.027	121.62
229.262	149.62
229.496	157.62
229.73	188.62
229.964	204.62
230.199	171.62
230.433	165.62
230.667	147.62
230.901	150.62
231.136	146.62
231.37	138.62
231.604	136.62
231.838	156.62
232.072	143.62
232.306	154.62
232.541	167.62
232.775	147.62
233.009	169.62
233.243	158.62
233.477	160.62
233.711	173.62
233.945	157.62
234.179	149.62
234.413	155.62
234.647	172.62
234.881	137.62
235.115	154.62
235.349	166.62
235.583	163.62
235.817	162.62
236.051	165.62
236.285	181.62
236.519	175.62
236.753	168.62
236.987	197.62
237.221	263.62
237.455	305.62
237.689	249.62
237.922	205.62
238.156	199.62
238.39	187.62
238.624	176.62
238.858	180.62
239.091	193.62
239.325	195.62
239.559	194.62
239.793	191.62
240.027	220.62
240.26	213.62
240.494	218.62
240.728	215.62
240.961	213.62
241.195	203.62
241.429	190.62
241.662	204.62
241.896	208.62
242.13	208.62
242.363	204.62
242.597	191.62
242.83	214.62
243.064	208.62
243.298	222.62
243.531	222.62
243.765	208.62
243.998	224.62
244.232	216.62
244.465	240.62
244.699	223.62
244.932	240.62
245.166	242.62
245.399	233.62
245.633	251.62
245.866	233.62
246.099	236.62
246.333	234.62
246.566	240.62
246.8	239.62
247.033	256.62
247.266	235.62
247.5	252.62
247.733	273.62
247.966	270.62
248.2	271.62
248.433	271.62
248.666	269.62
248.899	303.62
249.133	314.62
249.366	320.62
249.599	323.62
249.832	316.62
250.066	329.62
250.299	371.62
250.532	450.62
250.765	490.62
250.998	466.62
251.231	433.62
251.465	373.62
251.698	334.62
251.931	344.62
252.164	314.62
252.397	346.62
252.63	325.62
252.863	332.62
253.096	343.62
253.329	359.62
253.562	366.62
253.795	349.62
254.028	345.62
254.261	336.62
254.494	353.62
254.727	388.62
254.96	423.62
255.193	408.62
255.426	414.62
255.659	440.62
255.892	546.62
256.124	686.62
256.357	749.62
256.59	651.62
256.823	512.62
257.056	479.62
257.289	420.62
257.521	417.62
257.754	411.62
257.987	397.62
258.22	396.62
258.452	391.62
258.685	387.62
258.918	364.62
259.151	386.62
259.383	368.62
259.616	387.62
259.849	383.62
260.081	383.62
260.314	395.62
260.547	405.62
260.779	387.62
261.012	407.62
261.244	383.62
261.477	387.62
261.71	372.62
261.942	399.62
262.175	407.62
262.407	391.62
262.64	403.62
262.872	375.62
263.105	367.62
263.337	361.62
263.57	370.62
263.802	360.62
264.035	374.62
264.267	381.62
264.499	360.62
264.732	373.62
264.964	360.62
265.197	379.62
265.429	375.62
265.661	362.62
265.894	390.62
266.126	386.62
266.358	382.62
266.591	384.62
266.823	394.62
267.055	385.62
267.287	410.62
267.52	398.62
267.752	411.62
267.984	418.62
268.216	383.62
268.448	393.62
268.681	383.62
268.913	431.62
269.145	440.62
269.377	461.62
269.609	433.62
269.841	446.62
270.073	455.62
270.306	474.62
270.538	489.62
270.77	490.62
271.002	486.62
271.234	486.62
271.466	471.62
271.698	493.62
271.93	506.62
272.162	514.62
272.394	492.62
272.626	485.62
272.858	476.62
273.09	461.62
273.322	475.62
273.553	491.62
273.785	450.62
274.017	464.62
274.249	476.62
274.481	473.62
274.713	478.62
274.945	459.62
275.176	478.62
275.408	505.62
275.64	505.62
275.872	505.62
276.104	516.62
276.335	487.62
276.567	491.62
276.799	532.62
277.031	562.62
277.262	605.62
277.494	618.62
277.726	567.62
277.957	537.62
278.189	508.62
278.421	530.62
278.652	511.62
278.884	505.62
279.115	502.62
279.347	505.62
279.579	519.62
279.81	519.62
280.042	573.62
280.273	604.62
280.505	607.62
280.736	579.62
280.968	531.62
281.199	536.62
281.431	523.62
281.662	522.62
281.894	514.62
282.125	506.62
282.356	539.62
282.588	595.62
282.819	585.62
283.051	537.62
283.282	509.62
283.513	512.62
283.745	516.62
283.976	545.62
284.207	540.62
284.439	524.62
284.67	530.62
284.901	528.62
285.132	521.62
285.364	505.62
285.595	534.62
285.826	517.62
286.057	539.62
286.288	526.62
286.52	538.62
286.751	532.62
286.982	542.62
287.213	533.62
287.444	552.62
287.675	564.62
287.906	552.62
288.138	577.62
288.369	546.62
288.6	574.62
288.831	544.62
289.062	564.62
289.293	545.62
289.524	559.62
289.755	547.62
289.986	559.62
290.217	542.62
290.448	540.62
290.679	543.62
290.91	568.62
291.141	565.62
291.371	546.62
291.602	559.62
291.833	542.62
292.064	556.62
292.295	550.62
292.526	553.62
292.757	559.62
292.987	549.62
293.218	556.62
293.449	558.62
293.68	567.62
293.91	527.62
294.141	530.62
294.372	569.62
294.603	581.62
294.833	550.62
295.064	567.62
295.295	585.62
295.525	550.62
295.756	594.62
295.987	598.62
296.217	600.62
296.448	649.62
296.679	591.62
296.909	565.62
297.14	577.62
297.37	584.62
297.601	598.62
297.831	584.62
298.062	619.62
298.292	613.62
298.523	627.62
298.753	625.62
298.984	618.62
299.214	605.62
299.445	602.62
299.675	625.62
299.905	627.62
300.136	627.62
300.366	603.62
300.597	649.62
300.827	619.62
301.057	667.62
301.288	655.62
301.518	660.62
301.748	659.62
301.979	649.62
302.209	660.62
302.439	655.62
302.669	681.62
302.9	649.62
303.13	655.62
303.36	670.62
303.59	673.62
303.82	722.62
304.051	723.62
304.281	648.62
304.511	657.62
304.741	682.62
304.971	649.62
305.201	641.62
305.431	650.62
305.661	659.62
305.891	626.62
306.121	648.62
306.352	658.62
306.582	670.62
306.812	660.62
307.042	673.62
307.272	717.62
307.502	748.62
307.731	750.62
307.961	705.62
308.191	670.62
308.421	692.62
308.651	687.62
308.881	685.62
309.111	671.62
309.341	693.62
309.571	690.62
309.8	713.62
310.03	729.62
310.26	713.62
310.49	749.62
310.72	774.62
310.949	790.62
311.179	799.62
311.409	737.62
311.639	749.62
311.868	732.62
312.098	739.62
312.328	775.62
312.557	805.62
312.787	830.62
313.017	796.62
313.246	775.62
313.476	777.62
313.706	773.62
313.935	765.62
314.165	794.62
314.394	815.62
314.624	815.62
314.853	801.62
315.083	804.62
315.312	793.62
315.542	792.62
315.771	755.62
316.001	767.62
316.23	765.62
316.46	765.62
316.689	779.62
316.919	793.62
317.148	800.62
317.377	807.62
317.607	772.62
317.836	791.62
318.065	797.62
318.295	778.62
318.524	783.62
318.753	812.62
318.983	791.62
319.212	782.62
319.441	814.62
319.67	821.62
319.9	801.62
320.129	810.62
320.358	832.62
320.587	817.62
320.816	834.62
321.046	852.62
321.275	857.62
321.504	854.62
321.733	857.62
321.962	861.62
322.191	881.62
322.42	896.62
322.649	955.62
322.878	930.62
323.108	984.62
323.337	1028.62
323.566	1096.62
323.795	1149.62
324.024	1238.62
324.253	1502.62
324.482	2095.62
324.71	3191.62
324.939	4506.62
325.168	3579.62
325.397	1914.62
325.626	1428.62
325.855	1246.62
326.084	1211.62
326.313	1194.62
326.542	1217.62
326.77	1333.62
326.999	1541.62
327.228	2039.62
327.457	3067.62
327.686	3594.62
327.914	2423.62
328.143	2021.62
328.372	2121.62
328.6	1895.62
328.829	1529.62
329.058	1471.62
329.287	1471.62
329.515	1511.62
329.744	1572.62
329.972	1934.62
330.201	2538.62
330.43	3098.62
330.658	2603.62
330.887	1895.62
331.115	1685.62
331.344	1405.62
331.572	1331.62
331.801	1321.62
332.03	1321.62
332.258	1298.62
332.486	1286.62
332.715	1304.62
332.943	1362.62
333.172	1427.62
333.4	1449.62
333.629	1589.62
333.857	1772.62
334.085	2098.62
334.314	2747.62
334.542	3826.62
334.771	4066.62
334.999	2526.62
335.227	1746.62
335.455	1557.62
335.684	1395.62
335.912	1297.62
336.14	1260.62
336.369	1229.62
336.597	1224.62
336.825	1203.62
337.053	1169.62
337.281	1095.62
337.51	1116.62
337.738	1085.62
337.966	1100.62
338.194	1083.62
338.422	1036.62
338.65	1042.62
338.878	1048.62
339.106	1007.62
339.334	1032.62
339.562	993.62
339.79	999.62
340.018	981.62
340.246	1013.62
340.474	1013.62
340.702	989.62
340.93	994.62
341.158	985.62
341.386	991.62
341.614	983.62
341.842	975.62
342.07	976.62
342.298	970.62
342.526	969.62
342.754	958.62
342.981	933.62
343.209	960.62
343.437	989.62
343.665	1015.62
343.893	1065.62
344.12	1075.62
344.348	1076.62
344.576	1050.62
344.804	1005.62
345.031	1036.62
345.259	1012.62
345.487	973.62
345.714	961.62
345.942	952.62
346.17	952.62
346.397	961.62
346.625	947.62
346.853	930.62
347.08	914.62
347.308	961.62
347.535	961.62
347.763	958.62
347.99	946.62
348.218	952.62
348.445	997.62
348.673	972.62
348.9	957.62
349.128	950.62
349.355	899.62
349.583	928.62
349.81	927.62
350.037	916.62
350.265	922.62
350.492	910.62
350.72	907.62
350.947	942.62
351.174	948.62
351.402	977.62
351.629	944.62
351.856	980.62
352.083	967.62
352.311	958.62
352.538	990.62
352.765	978.62
352.992	971.62
353.22	944.62
353.447	935.62
353.674	910.62
353.901	882.62
354.128	913.62
354.355	875.62
354.583	933.62
354.81	918.62
355.037	887.62
355.264	898.62
355.491	867.62
355.718	930.62
355.945	887.62
356.172	879.62
356.399	877.62
356.626	912.62
356.853	913.62
357.08	878.62
357.307	883.62
357.534	894.62
357.761	899.62
357.988	890.62
358.215	897.62
358.441	903.62
358.668	901.62
358.895	929.62
359.122	930.62
359.349	926.62
359.576	967.62
359.802	999.62
360.029	1074.62
360.256	1077.62
360.483	1034.62
360.709	958.62
360.936	942.62
361.163	950.62
361.39	942.62
361.616	943.62
361.843	970.62
362.07	939.62
362.296	978.62
362.523	982.62
362.749	962.62
362.976	962.62
363.203	940.62
363.429	922.62
363.656	955.62
363.882	948.62
364.109	941.62
364.335	940.62
364.562	926.62
364.788	930.62
365.015	961.62
365.241	935.62
365.468	955.62
365.694	954.62
365.92	947.62
366.147	935.62
366.373	928.62
366.599	943.62
366.826	973.62
367.052	946.62
367.278	960.62
367.505	970.62
367.731	936.62
367.957	953.62
368.184	943.62
368.41	993.62
368.636	1013.62
368.862	1007.62
369.089	1016.62
369.315	964.62
369.541	975.62
369.767	968.62
369.993	942.62
370.219	981.62
370.445	976.62
370.672	965.62
370.898	984.62
371.124	993.62
371.35	1000.62
371.576	987.62
371.802	979.62
372.028	981.62
372.254	981.62
372.48	1005.62
372.706	1031.62
372.932	1021.62
373.158	1032.62
373.384	1003.62
373.61	1016.62
373.835	1014.62
374.061	1023.62
374.287	1006.62
374.513	1027.62
374.739	1071.62
374.965	1026.62
375.191	1069.62
375.416	1052.62
375.642	1043.62
375.868	1044.62
376.094	1027.62
376.319	1031.62
376.545	1031.62
376.771	1030.62
376.997	988.62
377.222	1002.62
377.448	991.62
377.674	1013.62
377.899	978.62
378.125	1025.62
378.35	972.62
378.576	979.62
378.802	1024.62
379.027	993.62
379.253	979.62
379.478	977.62
379.704	977.62
379.929	975.62
380.155	990.62
380.38	989.62
380.606	1012.62
380.831	1009.62
381.057	1014.62
381.282	1004.62
381.507	1029.62
381.733	1037.62
381.958	1021.62
382.184	1018.62
382.409	1066.62
382.634	1031.62
382.86	1046.62
383.085	1074.62
383.31	1061.62
383.535	1073.62
383.761	1050.62
383.986	1081.62
384.211	1102.62
384.436	1139.62
384.662	1139.62
384.887	1119.62
385.112	1141.62
385.337	1181.62
385.562	1155.62
385.787	1185.62
386.013	1203.62
386.238	1223.62
386.463	1182.62
386.688	1183.62
386.913	1145.62
387.138	1189.62
387.363	1141.62
387.588	1135.62
387.813	1161.62
388.038	1142.62
388.263	1184.62
388.488	1205.62
388.713	1175.62
388.938	1193.62
389.163	1173.62
389.387	1178.62
389.612	1151.62
389.837	1164.62
390.062	1156.62
390.287	1163.62
390.512	1157.62
390.736	1182.62
390.961	1185.62
391.186	1178.62
391.411	1255.62
391.636	1275.62
391.86	1289.62
392.085	1282.62
392.31	1307.62
392.534	1280.62
392.759	1251.62
392.984	1248.62
393.208	1278.62
393.433	1279.62
393.658	1219.62
393.882	1241.62
394.107	1235.62
394.331	1241.62
394.556	1209.62
394.78	1294.62
395.005	1249.62
395.229	1243.62
395.454	1320.62
395.678	1325.62
395.903	1304.62
396.127	1348.62
396.352	1351.62
396.576	1290.62
396.801	1277.62
397.025	1295.62
397.249	1342.62
397.474	1335.62
397.698	1322.62
397.922	1360.62
398.147	1370.62
398.371	1416.62
398.595	1421.62
398.82	1453.62
399.044	1539.62
399.268	1649.62
399.492	1851.62
399.717	1963.62
399.941	2031.62
400.165	1858.62
400.389	1794.62
400.613	1676.62
400.837	1571.62
401.062	1524.62
401.286	1516.62
401.51	1472.62
401.734	1491.62
401.958	1488.62
402.182	1535.62
402.406	1610.62
402.63	1614.62
402.854	1593.62
403.078	1631.62
403.302	1625.62
403.526	1670.62
403.75	1714.62
403.974	1731.62
404.198	1705.62
404.422	1751.62
404.645	1758.62
404.869	1793.62
405.093	1929.62
405.317	1995.62
405.541	2042.62
405.765	1889.62
405.988	1804.62
406.212	1830.62
406.436	1858.62
406.66	1904.62
406.883	1851.62
407.107	1901.62
407.331	1965.62
407.555	2092.62
407.778	2055.62
408.002	1942.62
408.226	1854.62
408.449	1822.62
408.673	1781.62
408.896	1796.62
409.12	1869.62
409.344	1802.62
409.567	1704.62
409.791	1709.62
410.014	1675.62
410.238	1647.62
410.461	1675.62
410.685	1662.62
410.908	1673.62
411.132	1730.62
411.355	1726.62
411.578	1722.62
411.802	1645.62
412.025	1713.62
412.249	1768.62
412.472	1911.62
412.695	1995.62
412.919	1937.62
413.142	1855.62
413.365	1791.62
413.589	1720.62
413.812	1649.62
414.035	1646.62
414.258	1640.62
414.482	1620.62
414.705	1627.62
414.928	1614.62
415.151	1603.62
415.374	1547.62
415.597	1527.62
415.821	1546.62
416.044	1580.62
416.267	1547.62
416.49	1545.62
416.713	1573.62
416.936	1555.62
417.159	1580.62
417.382	1563.62
417.605	1593.62
417.828	1666.62
418.051	1663.62
418.274	1590.62
418.497	1577.62
418.72	1622.62
418.943	1588.62
419.166	1672.62
419.389	1793.62
419.611	1733.62
419.834	1729.62
420.057	1722.62
420.28	1826.62
420.503	1903.62
420.726	1771.62
420.948	1781.62
421.171	1755.62
421.394	1761.62
421.617	1682.62
421.839	1666.62
422.062	1638.62
422.285	1641.62
422.507	1730.62
422.73	1835.62
422.953	1810.62
423.175	1687.62
423.398	1670.62
423.621	1663.62
423.843	1722.62
424.066	1719.62
424.288	1666.62
424.511	1764.62
424.733	1805.62
424.956	1914.62
425.178	1826.62
425.401	1788.62
425.623	1858.62
425.846	1675.62
426.068	1609.62
426.291	1618.62
426.513	1628.62
426.735	1598.62
426.958	1654.62
427.18	1791.62
427.402	1974.62
427.625	2197.62
427.847	2067.62
428.069	1980.62
428.292	1753.62
428.514	1597.62
428.736	1533.62
428.958	1553.62
429.181	1484.62
429.403	1483.62
429.625	1515.62
429.847	1536.62
430.069	1644.62
430.292	1589.62
430.514	1458.62
430.736	1486.62
430.958	1462.62
431.18	1432.62
431.402	1440.62
431.624	1419.62
431.846	1402.62
432.068	1382.62
432.29	1425.62
432.512	1389.62
432.734	1428.62
432.956	1408.62
433.178	1469.62
433.4	1453.62
433.622	1436.62
433.844	1463.62
434.066	1411.62
434.287	1425.62
434.509	1408.62
434.731	1462.62
434.953	1499.62
435.175	1564.62
435.397	1637.62
435.618	1566.62
435.84	1549.62
436.062	1726.62
436.284	1813.62
436.505	1579.62
436.727	1531.62
436.949	1458.62
437.17	1473.62
437.392	1429.62
437.614	1484.62
437.835	1489.62
438.057	1686.62
438.278	1760.62
438.5	1782.62
438.721	1945.62
438.943	1857.62
439.165	1591.62
439.386	1568.62
439.608	1533.62
439.829	1567.62
440.05	1635.62
440.272	1646.62
440.493	1594.62
440.715	1527.62
440.936	1553.62
441.158	1523.62
441.379	1523.62
441.6	1641.62
441.822	1624.62
442.043	1709.62
442.264	1822.62
442.486	1875.62
442.707	1683.62
442.928	1633.62
443.149	1650.62
443.371	1675.62
443.592	1771.62
443.813	1865.62
444.034	2014.62
444.255	1810.62
444.476	1755.62
444.698	1791.62
444.919	1839.62
445.14	1886.62
445.361	1776.62
445.582	1769.62
445.803	1815.62
446.024	1954.62
446.245	1923.62
446.466	1769.62
446.687	1628.62
446.908	1594.62
447.129	1518.62
447.35	1454.62
447.571	1475.62
447.792	1426.62
448.013	1435.62
448.234	1466.62
448.455	1535.62
448.675	1717.62
448.896	1857.62
449.117	1644.62
449.338	1592.62
449.559	1764.62
449.779	1913.62
450	1593.62
450.221	1448.62
450.442	1425.62
450.662	1428.62
450.883	1427.62
451.104	1467.62
451.324	1441.62
451.545	1364.62
451.766	1337.62
451.986	1307.62
452.207	1271.62
452.428	1297.62
452.648	1279.62
452.869	1264.62
453.089	1294.62
453.31	1284.62
453.53	1281.62
453.751	1238.62
453.971	1225.62
454.192	1295.62
454.412	1262.62
454.633	1257.62
454.853	1273.62
455.073	1218.62
455.294	1298.62
455.514	1327.62
455.734	1340.62
455.955	1201.62
456.175	1163.62
456.395	1158.62
456.616	1164.62
456.836	1164.62
457.056	1186.62
457.276	1138.62
457.497	1142.62
457.717	1181.62
457.937	1189.62
458.157	1172.62
458.377	1184.62
458.598	1245.62
458.818	1378.62
459.038	1568.62
459.258	1539.62
459.478	1408.62
459.698	1357.62
459.918	1371.62
460.138	1435.62
460.358	1461.62
460.578	1461.62
460.798	1498.62
461.018	1488.62
461.238	1487.62
461.458	1471.62
461.678	1451.62
461.898	1498.62
462.118	1496.62
462.338	1533.62
462.558	1552.62
462.777	1609.62
462.997	1762.62
463.217	1845.62
463.437	1841.62
463.657	1699.62
463.876	1662.62
464.096	1648.62
464.316	1678.62
464.536	1670.62
464.755	1648.62
464.975	1617.62
465.195	1724.62
465.414	1851.62
465.634	1567.62
465.854	1447.62
466.073	1403.62
466.293	1383.62
466.512	1369.62
466.732	1349.62
466.951	1355.62
467.171	1386.62
467.391	1367.62
467.61	1413.62
467.829	1497.62
468.049	1760.62
468.268	2212.62
468.488	1761.62
468.707	1489.62
468.927	1409.62
469.146	1384.62
469.365	1395.62
469.585	1391.62
469.804	1423.62
470.023	1424.62
470.243	1452.62
470.462	1462.62
470.681	1511.62
470.901	1477.62
471.12	1464.62
471.339	1449.62
471.558	1478.62
471.777	1478.62
471.997	1545.62
472.216	2039.62
472.435	3819.62
472.654	2871.62
472.873	1890.62
473.092	1653.62
473.311	1522.62
473.53	1488.62
473.749	1478.62
473.968	1498.62
474.187	1630.62
474.406	1607.62
474.625	1443.62
474.844	1422.62
475.063	1356.62
475.282	1364.62
475.501	1377.62
475.72	1368.62
475.939	1371.62
476.158	1415.62
476.377	1402.62
476.596	1380.62
476.814	1390.62
477.033	1435.62
477.252	1406.62
477.471	1429.62
477.69	1458.62
477.908	1493.62
478.127	1561.62
478.346	1571.62
478.564	1552.62
478.783	1599.62
479.002	1626.62
479.22	1628.62
479.439	1654.62
479.658	1686.62
479.876	1709.62
480.095	1713.62
480.313	1795.62
480.532	1889.62
480.751	1968.62
480.969	2431.62
481.188	4903.62
481.406	6173.62
481.624	3167.62
481.843	2378.62
482.061	2082.62
482.28	1928.62
482.498	1826.62
482.717	1769.62
482.935	1711.62
483.153	1746.62
483.372	1774.62
483.59	1735.62
483.808	1721.62
484.027	1667.62
484.245	1651.62
484.463	1677.62
484.681	1721.62
484.9	1697.62
485.118	1679.62
485.336	1639.62
485.554	1625.62
485.772	1607.62
485.99	1619.62
486.209	1673.62
486.427	1643.62
486.645	1682.62
486.863	1741.62
487.081	1761.62
487.299	1715.62
487.517	1726.62
487.735	1731.62
487.953	1820.62
488.171	1813.62
488.389	1752.62
488.607	1771.62
488.825	1705.62
489.043	1703.62
489.261	1691.62
489.479	1742.62
489.696	1728.62
489.914	1770.62
490.132	1816.62
490.35	1859.62
490.568	1892.62
490.786	1991.62
491.003	1995.62
491.221	2051.62
491.439	2174.62
491.657	2179.62
491.874	2238.62
492.092	2305.62
492.31	2363.62
492.527	2379.62
492.745	2401.62
492.963	2388.62
493.18	2341.62
493.398	2332.62
493.615	2270.62
493.833	2294.62
494.05	2246.62
494.268	2188.62
494.485	2130.62
494.703	2166.62
494.92	2145.62
495.138	2131.62
495.355	2110.62
495.573	2078.62
495.79	2063.62
496.008	2051.62
496.225	2055.62
496.442	2039.62
496.66	2024.62
496.877	2064.62
497.094	2055.62
497.312	2085.62
497.529	2089.62
497.746	2078.62
497.963	2097.62
498.181	2102.62
498.398	2142.62
498.615	2204.62
498.832	2319.62
499.049	2419.62
499.267	2517.62
499.484	2688.62
499.701	2879.62
499.918	3127.62
500.135	3398.62
500.352	3745.62
500.569	3956.62
500.786	3943.62
501.003	3741.62
501.22	3409.62
501.437	3149.62
501.654	2854.62
501.871	2734.62
502.088	2588.62
502.305	2433.62
502.522	2252.62
502.739	2201.62
502.956	2167.62
503.172	2067.62
503.389	1994.62
503.606	1997.62
503.823	1991.62
504.04	1962.62
504.256	1909.62
504.473	1885.62
504.69	1952.62
504.907	1931.62
505.123	1834.62
505.34	1814.62
505.557	1736.62
505.773	1703.62
505.99	1709.62
506.207	1671.62
506.423	1610.62
506.64	1622.62
506.856	1614.62
507.073	1621.62
507.289	1621.62
507.506	1560.62
507.722	1601.62
507.939	1637.62
508.155	1568.62
508.372	1561.62
508.588	1533.62
508.805	1510.62
509.021	1497.62
509.238	1516.62
509.454	1511.62
509.67	1499.62
509.887	1448.62
510.103	1535.62
510.319	1547.62
510.536	1863.62
510.752	3483.62
510.968	2506.62
511.184	1559.62
511.401	1499.62
511.617	1525.62
511.833	1626.62
512.049	1634.62
512.265	1595.62
512.481	1558.62
512.698	1512.62
512.914	1495.62
513.13	1492.62
513.346	1500.62
513.562	1440.62
513.778	1490.62
513.994	1497.62
514.21	1548.62
514.426	1573.62
514.642	1674.62
514.858	1720.62
515.074	1814.62
515.29	2274.62
515.506	3720.62
515.721	2752.62
515.937	1817.62
516.153	1634.62
516.369	1607.62
516.585	1539.62
516.801	1573.62
517.016	1607.62
517.232	1628.62
517.448	1710.62
517.664	1733.62
517.879	1735.62
518.095	1741.62
518.311	1725.62
518.527	1684.62
518.742	1637.62
518.958	1592.62
519.173	1568.62
519.389	1533.62
519.605	1556.62
519.82	1516.62
520.036	1551.62
520.251	1562.62
520.467	1587.62
520.682	1596.62
520.898	1597.62
521.113	1621.62
521.329	1707.62
521.544	1921.62
521.76	2588.62
521.975	4957.62
522.19	4469.62
522.406	2225.62
522.621	1644.62
522.836	1491.62
523.052	1457.62
523.267	1386.62
523.482	1406.62
523.698	1370.62
523.913	1379.62
524.128	1373.62
524.343	1366.62
524.559	1327.62
524.774	1292.62
524.989	1329.62
525.204	1325.62
525.419	1348.62
525.634	1287.62
525.849	1266.62
526.064	1230.62
526.28	1218.62
526.495	1221.62
526.71	1174.62
526.925	1161.62
527.14	1163.62
527.355	1159.62
527.57	1143.62
527.785	1180.62
527.999	1179.62
528.214	1204.62
528.429	1197.62
528.644	1228.62
528.859	1268.62
529.074	1290.62
529.289	1376.62
529.503	1549.62
529.718	1399.62
529.933	1280.62
530.148	1250.62
530.363	1197.62
530.577	1151.62
530.792	1149.62
531.007	1146.62
531.221	1168.62
531.436	1120.62
531.651	1149.62
531.865	1142.62
532.08	1119.62
532.295	1167.62
532.509	1143.62
532.724	1159.62
532.938	1134.62
533.153	1149.62
533.367	1163.62
533.582	1204.62
533.796	1183.62
534.011	1139.62
534.225	1129.62
534.44	1116.62
534.654	1138.62
534.868	1151.62
535.083	1138.62
535.297	1146.62
535.511	1118.62
535.726	1150.62
535.94	1125.62
536.154	1090.62
536.369	1087.62
536.583	1088.62
536.797	1076.62
537.011	1077.62
537.225	1057.62
537.44	1088.62
537.654	1087.62
537.868	1091.62
538.082	1033.62
538.296	1039.62
538.51	1055.62
538.724	1101.62
538.938	1103.62
539.153	1101.62
539.367	1130.62
539.581	1109.62
539.795	1073.62
540.009	1050.62
540.222	1056.62
540.436	1068.62
540.65	1118.62
540.864	1123.62
541.078	1149.62
541.292	1185.62
541.506	1182.62
541.72	1214.62
541.934	1262.62
542.147	1242.62
542.361	1213.62
542.575	1143.62
542.789	1130.62
543.002	1093.62
543.216	1084.62
543.43	1103.62
543.644	1126.62
543.857	1141.62
544.071	1151.62
544.285	1182.62
544.498	1200.62
544.712	1202.62
544.925	1189.62
545.139	1197.62
545.352	1225.62
545.566	1205.62
545.779	1206.62
545.993	1240.62
546.206	1206.62
546.42	1262.62
546.633	1245.62
546.847	1203.62
547.06	1223.62
547.274	1258.62
547.487	1234.62
547.7	1254.62
547.914	1197.62
548.127	1236.62
548.34	1200.62
548.554	1172.62
548.767	1199.62
548.98	1196.62
549.193	1190.62
549.407	1185.62
549.62	1211.62
549.833	1209.62
550.046	1192.62
550.259	1146.62
550.473	1177.62
550.686	1160.62
550.899	1155.62
551.112	1151.62
551.325	1121.62
551.538	1116.62
551.751	1054.62
551.964	1065.62
552.177	1076.62
552.39	1125.62
552.603	1175.62
552.816	1215.62
553.029	1212.62
553.242	1243.62
553.455	1263.62
553.667	1290.62
553.88	1273.62
554.093	1245.62
554.306	1205.62
554.519	1192.62
554.732	1148.62
554.944	1137.62
555.157	1141.62
555.37	1110.62
555.583	1101.62
555.795	1073.62
556.008	1038.62
556.221	998.62
556.433	1033.62
556.646	1007.62
556.859	1033.62
557.071	1025.62
557.284	1004.62
557.496	1019.62
557.709	1017.62
557.921	983.62
558.134	994.62
558.346	993.62
558.559	1000.62
558.771	990.62
558.984	963.62
559.196	952.62
559.409	969.62
559.621	965.62
559.833	960.62
560.046	935.62
560.258	956.62
560.47	966.62
560.683	960.62
560.895	970.62
561.107	953.62
561.32	937.62
561.532	929.62
561.744	931.62
561.956	960.62
562.168	960.62
562.381	941.62
562.593	921.62
562.805	929.62
563.017	929.62
563.229	961.62
563.441	917.62
563.653	923.62
563.865	918.62
564.077	923.62
564.289	911.62
564.501	929.62
564.713	920.62
564.925	959.62
565.137	997.62
565.349	993.62
565.561	985.62
565.773	1008.62
565.985	1055.62
566.197	1097.62
566.408	1124.62
566.62	1219.62
566.832	1262.62
567.044	1320.62
567.255	1277.62
567.467	1312.62
567.679	1310.62
567.891	1393.62
568.102	1401.62
568.314	1328.62
568.526	1182.62
568.737	1083.62
568.949	1012.62
569.161	959.62
569.372	945.62
569.584	887.62
569.795	873.62
570.007	852.62
570.218	967.62
570.43	909.62
570.641	824.62
570.853	835.62
571.064	854.62
571.276	849.62
571.487	817.62
571.698	825.62
571.91	779.62
572.121	786.62
572.333	767.62
572.544	749.62
572.755	730.62
572.966	711.62
573.178	694.62
573.389	691.62
573.6	689.62
573.811	685.62
574.023	662.62
574.234	704.62
574.445	674.62
574.656	694.62
574.867	689.62
575.078	656.62
575.289	650.62
575.501	666.62
575.712	652.62
575.923	670.62
576.134	662.62
576.345	654.62
576.556	662.62
576.767	678.62
576.978	640.62
577.188	623.62
577.399	672.62
577.61	654.62
577.821	644.62
578.032	671.62
578.243	723.62
578.454	1243.62
578.665	846.62
578.875	651.62
579.086	606.62
579.297	606.62
579.508	586.62
579.718	594.62
579.929	583.62
580.14	584.62
580.35	550.62
580.561	602.62
580.772	568.62
580.982	573.62
581.193	583.62
581.403	579.62
581.614	583.62
581.825	562.62
582.035	587.62
582.246	541.62
582.456	598.62
582.667	577.62
582.877	576.62
583.087	585.62
583.298	551.62
583.508	544.62
583.719	554.62
583.929	572.62
584.139	553.62
584.35	541.62
584.56	521.62
584.77	546.62
584.981	552.62
585.191	552.62
585.401	544.62
585.611	528.62
585.821	546.62
586.032	547.62
586.242	541.62
586.452	550.62
586.662	535.62
586.872	525.62
587.082	525.62
587.292	541.62
587.502	545.62
587.713	522.62
587.923	517.62
588.133	527.62
588.343	518.62
588.553	529.62
588.762	533.62
588.972	529.62
589.182	550.62
589.392	544.62
589.602	541.62
589.812	569.62
590.022	530.62
590.232	509.62
590.441	529.62
590.651	540.62
590.861	511.62
591.071	535.62
591.281	552.62
591.49	541.62
591.7	546.62
591.91	583.62
592.119	569.62
592.329	565.62
592.539	584.62
592.748	594.62
592.958	626.62
593.167	625.62
593.377	632.62
593.587	640.62
593.796	625.62
594.006	643.62
594.215	621.62
594.424	634.62
594.634	651.62
594.843	606.62
595.053	609.62
595.262	621.62
595.472	568.62
595.681	542.62
595.89	533.62
596.1	557.62
596.309	524.62
596.518	536.62
596.727	515.62
596.937	527.62
597.146	532.62
597.355	530.62
597.564	495.62
597.774	476.62
597.983	487.62
598.192	467.62
598.401	460.62
598.61	473.62
598.819	465.62
599.028	476.62
599.237	488.62
599.446	467.62
599.655	479.62
599.864	464.62
600.073	462.62
600.282	478.62
600.491	491.62
600.7	499.62
600.909	497.62
601.118	503.62
601.327	491.62
601.536	509.62
601.745	506.62
601.953	522.62
602.162	522.62
602.371	521.62
602.58	525.62
602.789	526.62
602.997	503.62
603.206	539.62
603.415	511.62
603.623	521.62
603.832	508.62
604.041	493.62
604.249	491.62
604.458	478.62
604.666	461.62
604.875	471.62
605.084	461.62
605.292	515.62
605.501	519.62
605.709	521.62
605.918	507.62
606.126	511.62
606.334	519.62
606.543	506.62
606.751	503.62
606.96	513.62
607.168	497.62
607.376	529.62
607.585	516.62
607.793	520.62
608.001	511.62
608.21	521.62
608.418	507.62
608.626	501.62
608.834	512.62
609.043	525.62
609.251	511.62
609.459	502.62
609.667	505.62
609.875	525.62
610.083	515.62
610.291	508.62
610.499	501.62
610.707	522.62
610.916	518.62
611.124	519.62
611.332	520.62
611.54	523.62
611.748	533.62
611.955	514.62
612.163	492.62
612.371	521.62
612.579	519.62
612.787	498.62
612.995	503.62
613.203	511.62
613.411	505.62
613.618	509.62
613.826	509.62
614.034	486.62
614.242	480.62
614.449	499.62
614.657	491.62
614.865	495.62
615.072	505.62
615.28	477.62
615.488	473.62
615.695	511.62
615.903	505.62
616.111	500.62
616.318	523.62
616.526	505.62
616.733	502.62
616.941	502.62
617.148	501.62
617.356	472.62
617.563	470.62
617.771	466.62
617.978	469.62
618.185	484.62
618.393	489.62
618.6	468.62
618.807	489.62
619.015	503.62
619.222	466.62
619.429	449.62
619.637	442.62
619.844	444.62
620.051	433.62
620.258	449.62
620.466	453.62
620.673	434.62
620.88	420.62
621.087	448.62
621.294	443.62
621.501	421.62
621.708	407.62
621.915	440.62
622.122	456.62
622.329	435.62
622.536	459.62
622.743	446.62
622.95	433.62
623.157	422.62
623.364	437.62
623.571	440.62
623.778	431.62
623.985	428.62
624.192	428.62
624.399	433.62
624.606	417.62
624.812	405.62
625.019	418.62
625.226	413.62
625.433	390.62
625.639	365.62
625.846	383.62
626.053	354.62
626.259	343.62
626.466	378.62
626.673	349.62
626.879	342.62
627.086	362.62
627.293	384.62
627.499	368.62
627.706	387.62
627.912	383.62
628.119	393.62
628.325	395.62
628.532	403.62
628.738	371.62
628.945	392.62
629.151	381.62
629.357	377.62
629.564	369.62
629.77	384.62
629.976	366.62
630.183	346.62
630.389	342.62
630.595	376.62
630.802	386.62
631.008	375.62
631.214	376.62
631.42	364.62
631.627	365.62
631.833	342.62
632.039	365.62
632.245	336.62
632.451	378.62
632.657	363.62
632.863	347.62
633.069	344.62
633.275	350.62
633.481	345.62
633.688	339.62
633.893	342.62
634.099	336.62
634.305	342.62
634.511	342.62
634.717	340.62
634.923	329.62
635.129	322.62
635.335	319.62
635.541	347.62
635.747	357.62
635.952	389.62
636.158	378.62
636.364	535.62
636.57	588.62
636.775	483.62
636.981	437.62
637.187	392.62
637.392	382.62
637.598	368.62
637.804	358.62
638.009	357.62
638.215	347.62
638.421	350.62
638.626	348.62
638.832	350.62
639.037	333.62
639.243	327.62
639.448	323.62
639.654	325.62
639.859	322.62
640.065	324.62
640.27	323.62
640.475	312.62
640.681	327.62
640.886	328.62
641.091	329.62
641.297	318.62
641.502	306.62
641.707	317.62
641.913	299.62
642.118	317.62
642.323	322.62
642.528	317.62
642.733	312.62
642.939	294.62
643.144	309.62
643.349	311.62
643.554	312.62
643.759	304.62
643.964	296.62
644.169	297.62
644.374	296.62
644.579	304.62
644.784	310.62
644.989	306.62
645.194	293.62
645.399	302.62
645.604	299.62
645.809	302.62
646.014	301.62
646.219	309.62
646.423	304.62
646.628	304.62
646.833	299.62
647.038	311.62
647.243	286.62
647.447	310.62
647.652	299.62
647.857	295.62
648.062	299.62
648.266	318.62
648.471	323.62
648.676	322.62
648.88	302.62
649.085	299.62
649.289	303.62
649.494	295.62
649.698	334.62
649.903	311.62
650.107	301.62
650.312	296.62
650.516	290.62
650.721	287.62
650.925	274.62
651.13	259.62
651.334	253.62
651.539	251.62
651.743	257.62
651.947	249.62
652.152	251.62
652.356	247.62
652.56	249.62
652.764	247.62
652.969	232.62
653.173	231.62
653.377	230.62
653.581	205.62
653.785	226.62
653.99	225.62
654.194	220.62
654.398	220.62
654.602	215.62
654.806	225.62
655.01	219.62
655.214	220.62
655.418	214.62
655.622	205.62
655.826	213.62
656.03	205.62
656.234	206.62
656.438	223.62
656.642	213.62
656.846	206.62
657.049	206.62
657.253	181.62
657.457	184.62
657.661	167.62
657.865	156.62
658.068	158.62
658.272	155.62
658.476	150.62
658.68	146.62
658.883	137.62
659.087	143.62
659.291	135.62
659.494	127.62
659.698	129.62
659.901	131.62
660.105	113.62
660.309	113.62
660.512	107.62
660.716	109.62
660.919	119.62
661.123	122.62
661.326	111.62
661.53	97.62
661.733	86.62
661.936	103.62
662.14	90.62
662.343	94.62
662.546	98.62
662.75	92.62
662.953	98.62
663.156	87.62
663.36	90.62
663.563	76.62
663.766	93.62
663.969	78.62
664.173	76.62
664.376	85.62
664.579	72.62
664.782	89.62
664.985	89.62
665.188	71.62
665.391	82.62
665.594	63.62
665.797	89.62
666	68.62
666.203	91.62
666.406	83.62
666.609	85.62
666.812	81.62
667.015	88.62
667.218	80.62
667.421	81.62
667.624	63.62
667.827	81.62
668.03	82.62
668.232	73.62
668.435	66.62
668.638	78.62
668.841	86.62
669.043	83.62
669.246	64.62
669.449	75.62
669.651	76.62
669.854	66.62
670.057	74.62
670.259	80.62
670.462	65.62
670.665	94.62
670.867	75.62
671.07	79.62
671.272	70.62
671.475	83.62
671.677	85.62
671.88	102.62
672.082	80.62
672.284	88.62
672.487	77.62
672.689	72.62
672.892	80.62
