223.165	-11.38
223.4	-11.38
223.635	-11.38
223.869	-18.38
224.104	-13.38
224.338	-21.38
224.573	-40.38
224.808	-14.38
225.042	6.62
225.277	-11.38
225.511	-1.38
225.746	-0.38
225.98	-5.38
226.215	16.62
226.449	19.62
226.683	30.62
226.918	28.62
227.152	35.62
227.387	35.62
227.621	43.62
227.856	47.62
228.09	55.62
228.324	53.62
228.559	54.62
228.793	91.62
229.027	124.62
229.262	146.62
229.496	161.62
229.73	179.62
229.964	207.62
230.199	180.62
230.433	160.62
230.667	152.62
230.901	150.62
231.136	158.62
231.37	149.62
231.604	142.62
231.838	139.62
232.072	135.62
232.306	153.62
232.541	166.62
232.775	159.62
233.009	158.62
233.243	135.62
233.477	161.62
233.711	172.62
233.945	176.62
234.179	153.62
234.413	172.62
234.647	178.62
234.881	172.62
235.115	166.62
235.349	160.62
235.583	176.62
235.817	161.62
236.051	170.62
236.285	183.62
236.519	180.62
236.753	171.62
236.987	191.62
237.221	231.62
237.455	296.62
237.689	252.62
237.922	191.62
238.156	193.62
238.39	193.62
238.624	168.62
238.858	185.62
239.091	176.62
239.325	186.62
239.559	174.62
239.793	173.62
240.027	193.62
240.26	193.62
240.494	219.62
240.728	214.62
240.961	221.62
241.195	219.62
241.429	220.62
241.662	210.62
241.896	217.62
242.13	208.62
242.363	196.62
242.597	215.62
242.83	213.62
243.064	230.62
243.298	239.62
243.531	206.62
243.765	227.62
243.998	238.62
244.232	212.62
244.465	237.62
244.699	230.62
244.932	255.62
245.166	235.62
245.399	223.62
245.633	227.62
245.866	223.62
246.099	250.62
246.333	242.62
246.566	236.62
246.8	244.62
247.033	243.62
247.266	254.62
247.5	261.62
247.733	271.62
247.966	278.62
248.2	268.62
248.433	268.62
248.666	258.62
248.899	291.62
249.133	291.62
249.366	306.62
249.599	326.62
249.832	323.62
250.066	349.62
250.299	372.62
250.532	481.62
250.765	542.62
250.998	484.62
251.231	427.62
251.465	390.62
251.698	372.62
251.931	355.62
252.164	356.62
252.397	328.62
252.63	359.62
252.863	331.62
253.096	347.62
253.329	362.62
253.562	376.62
253.795	360.62
254.028	366.62
254.261	372.62
254.494	381.62
254.727	402.62
254.96	415.62
255.193	416.62
255.426	436.62
255.659	476.62
255.892	596.62
256.124	788.62
256.357	859.62
256.59	686.62
256.823	571.62
257.056	501.62
257.289	478.62
257.521	446.62
257.754	418.62
257.987	412.62
258.22	421.62
258.452	404.62
258.685	387.62
258.918	399.62
259.151	382.62
259.383	378.62
259.616	396.62
259.849	371.62
260.081	399.62
260.314	408.62
260.547	427.62
260.779	408.62
261.012	380.62
261.244	402.62
261.477	365.62
261.71	384.62
261.942	395.62
262.175	397.62
262.407	416.62
262.64	391.62
262.872	370.62
263.105	394.62
263.337	376.62
263.57	371.62
263.802	386.62
264.035	384.62
264.267	383.62
264.499	378.62
264.732	380.62
264.964	367.62
265.197	381.62
265.429	368.62
265.661	381.62
265.894	393.62
266.126	387.62
266.358	380.62
266.591	385.62
266.823	375.62
267.055	400.62
267.287	406.62
267.52	390.62
267.752	402.62
267.984	410.62
268.216	395.62
268.448	405.62
268.681	402.62
268.913	416.62
269.145	429.62
269.377	432.62
269.609	436.62
269.841	413.62
270.073	442.62
270.306	469.62
270.538	461.62
270.77	485.62
271.002	471.62
271.234	475.62
271.466	474.62
271.698	482.62
271.93	489.62
272.162	489.62
272.394	490.62
272.626	472.62
272.858	475.62
273.09	479.62
273.322	455.62
273.553	467.62
273.785	466.62
274.017	454.62
274.249	458.62
274.481	472.62
274.713	482.62
274.945	469.62
275.176	504.62
275.408	479.62
275.64	504.62
275.872	507.62
276.104	522.62
276.335	542.62
276.567	544.62
276.799	547.62
277.031	600.62
277.262	626.62
277.494	609.62
277.726	566.62
277.957	540.62
278.189	535.62
278.421	549.62
278.652	524.62
278.884	516.62
279.115	505.62
279.347	517.62
279.579	541.62
279.81	540.62
280.042	608.62
280.273	671.62
280.505	681.62
280.736	594.62
280.968	549.62
281.199	534.62
281.431	543.62
281.662	531.62
281.894	521.62
282.125	538.62
282.356	545.62
282.588	572.62
282.819	602.62
283.051	529.62
283.282	539.62
283.513	522.62
283.745	522.62
283.976	541.62
284.207	546.62
284.439	543.62
284.67	525.62
284.901	532.62
285.132	552.62
285.364	537.62
285.595	538.62
285.826	568.62
286.057	547.62
286.288	569.62
286.52	553.62
286.751	533.62
286.982	556.62
287.213	547.62
287.444	546.62
287.675	559.62
287.906	587.62
288.138	572.62
288.369	568.62
288.6	580.62
288.831	571.62
289.062	581.62
289.293	568.62
289.524	561.62
289.755	568.62
289.986	558.62
290.217	567.62
290.448	573.62
290.679	575.62
290.91	550.62
291.141	562.62
291.371	568.62
291.602	559.62
291.833	568.62
292.064	574.62
292.295	568.62
292.526	558.62
292.757	563.62
292.987	557.62
293.218	536.62
293.449	567.62
293.68	572.62
293.91	551.62
294.141	551.62
294.372	582.62
294.603	576.62
294.833	566.62
295.064	575.62
295.295	583.62
295.525	559.62
295.756	589.62
295.987	582.62
296.217	610.62
296.448	651.62
296.679	598.62
296.909	572.62
297.14	589.62
297.37	595.62
297.601	608.62
297.831	610.62
298.062	597.62
298.292	621.62
298.523	621.62
298.753	602.62
298.984	612.62
299.214	626.62
299.445	612.62
299.675	613.62
299.905	619.62
300.136	614.62
300.366	616.62
300.597	634.62
300.827	632.62
301.057	647.62
301.288	642.62
301.518	650.62
301.748	653.62
301.979	662.62
302.209	672.62
302.439	668.62
302.669	655.62
302.9	664.62
303.13	673.62
303.36	671.62
303.59	701.62
303.82	732.62
304.051	699.62
304.281	664.62
304.511	661.62
304.741	678.62
304.971	678.62
305.201	670.62
305.431	673.62
305.661	651.62
305.891	677.62
306.121	691.62
306.352	691.62
306.582	684.62
306.812	684.62
307.042	689.62
307.272	747.62
307.502	755.62
307.731	754.62
307.961	708.62
308.191	684.62
308.421	672.62
308.651	718.62
308.881	680.62
309.111	693.62
309.341	706.62
309.571	702.62
309.8	748.62
310.03	732.62
310.26	762.62
310.49	726.62
310.72	750.62
310.949	778.62
311.179	772.62
311.409	726.62
311.639	749.62
311.868	755.62
312.098	764.62
312.328	788.62
312.557	792.62
312.787	812.62
313.017	825.62
313.246	789.62
313.476	764.62
313.706	749.62
313.935	780.62
314.165	784.62
314.394	801.62
314.624	799.62
314.853	799.62
315.083	781.62
315.312	780.62
315.542	750.62
315.771	764.62
316.001	797.62
316.23	780.62
316.46	770.62
316.689	776.62
316.919	803.62
317.148	799.62
317.377	794.62
317.607	800.62
317.836	818.62
318.065	821.62
318.295	804.62
318.524	806.62
318.753	801.62
318.983	799.62
319.212	808.62
319.441	827.62
319.67	848.62
319.9	804.62
320.129	801.62
320.358	832.62
320.587	835.62
320.816	827.62
321.046	853.62
321.275	871.62
321.504	848.62
321.733	862.62
321.962	879.62
322.191	888.62
322.42	951.62
322.649	932.62
322.878	946.62
323.108	980.62
323.337	1020.62
323.566	1072.62
323.795	1120.62
324.024	1201.62
324.253	1475.62
324.482	1973.62
324.71	2948.62
324.939	4145.62
325.168	3300.62
325.397	1836.62
325.626	1408.62
325.855	1255.62
326.084	1198.62
326.313	1176.62
326.542	1189.62
326.77	1306.62
326.999	1479.62
327.228	1950.62
327.457	2877.62
327.686	3329.62
327.914	2352.62
328.143	2063.62
328.372	2262.62
328.6	2050.62
328.829	1627.62
329.058	1554.62
329.287	1596.62
329.515	1591.62
329.744	1746.62
329.972	2192.62
330.201	2918.62
330.43	3661.62
330.658	3032.62
330.887	2044.62
331.115	1683.62
331.344	1442.62
331.572	1389.62
331.801	1360.62
332.03	1366.62
332.258	1360.62
332.486	1339.62
332.715	1381.62
332.943	1452.62
333.172	1519.62
333.4	1584.62
333.629	1671.62
333.857	1972.62
334.085	2410.62
334.314	3191.62
334.542	4467.62
334.771	4858.62
334.999	2933.62
335.227	1970.62
335.455	1699.62
335.684	1471.62
335.912	1404.62
336.14	1354.62
336.369	1284.62
336.597	1295.62
336.825	1255.62
337.053	1234.62
337.281	1194.62
337.51	1166.62
337.738	1119.62
337.966	1117.62
338.194	1102.62
338.422	1080.62
338.65	1079.62
338.878	1088.62
339.106	1008.62
339.334	1049.62
339.562	1039.62
339.79	1017.62
340.018	1012.62
340.246	991.62
340.474	1002.62
340.702	1024.62
340.93	1011.62
341.158	980.62
341.386	1008.62
341.614	987.62
341.842	974.62
342.07	973.62
342.298	978.62
342.526	969.62
342.754	963.62
342.981	960.62
343.209	973.62
343.437	997.62
343.665	1019.62
343.893	1074.62
344.12	1095.62
344.348	1054.62
344.576	1044.62
344.804	1041.62
345.031	1024.62
345.259	1004.62
345.487	1000.62
345.714	966.62
345.942	923.62
346.17	908.62
346.397	936.62
346.625	959.62
346.853	939.62
347.08	929.62
347.308	930.62
347.535	953.62
347.763	974.62
347.99	967.62
348.218	951.62
348.445	959.62
348.673	981.62
348.9	962.62
349.128	914.62
349.355	915.62
349.583	922.62
349.81	932.62
350.037	945.62
350.265	922.62
350.492	946.62
350.72	946.62
350.947	954.62
351.174	969.62
351.402	959.62
351.629	948.62
351.856	942.62
352.083	984.62
352.311	980.62
352.538	947.62
352.765	961.62
352.992	938.62
353.22	946.62
353.447	901.62
353.674	908.62
353.901	927.62
354.128	917.62
354.355	891.62
354.583	901.62
354.81	917.62
355.037	905.62
355.264	910.62
355.491	900.62
355.718	923.62
355.945	935.62
356.172	859.62
356.399	876.62
356.626	886.62
356.853	893.62
357.08	902.62
357.307	901.62
357.534	902.62
357.761	892.62
357.988	921.62
358.215	923.62
358.441	903.62
358.668	920.62
358.895	911.62
359.122	908.62
359.349	914.62
359.576	947.62
359.802	1015.62
360.029	1023.62
360.256	1063.62
360.483	1028.62
360.709	943.62
360.936	928.62
361.163	983.62
361.39	961.62
361.616	980.62
361.843	954.62
362.07	979.62
362.296	958.62
362.523	951.62
362.749	958.62
362.976	959.62
363.203	958.62
363.429	949.62
363.656	950.62
363.882	921.62
364.109	946.62
364.335	934.62
364.562	947.62
364.788	926.62
365.015	922.62
365.241	945.62
365.468	946.62
365.694	969.62
365.92	968.62
366.147	936.62
366.373	932.62
366.599	916.62
366.826	944.62
367.052	928.62
367.278	935.62
367.505	950.62
367.731	975.62
367.957	929.62
368.184	958.62
368.41	968.62
368.636	1015.62
368.862	1017.62
369.089	982.62
369.315	984.62
369.541	999.62
369.767	976.62
369.993	951.62
370.219	995.62
370.445	1018.62
370.672	990.62
370.898	966.62
371.124	982.62
371.35	1037.62
371.576	1000.62
371.802	1025.62
372.028	1006.62
372.254	999.62
372.48	1028.62
372.706	1007.62
372.932	1029.62
373.158	1038.62
373.384	1038.62
373.61	1013.62
373.835	1033.62
374.061	996.62
374.287	1050.62
374.513	1028.62
374.739	1042.62
374.965	1060.62
375.191	1095.62
375.416	1047.62
375.642	1070.62
375.868	1040.62
376.094	1030.62
376.319	1025.62
376.545	982.62
376.771	997.62
376.997	1022.62
377.222	1006.62
377.448	1005.62
377.674	998.62
377.899	996.62
378.125	990.62
378.35	992.62
378.576	1011.62
378.802	1024.62
379.027	964.62
379.253	992.62
379.478	1000.62
379.704	979.62
379.929	981.62
380.155	1003.62
380.38	992.62
380.606	1000.62
380.831	1010.62
381.057	1023.62
381.282	981.62
381.507	975.62
381.733	1027.62
381.958	1012.62
382.184	1013.62
382.409	1032.62
382.634	1014.62
382.86	1074.62
383.085	1058.62
383.31	1072.62
383.535	1096.62
383.761	1098.62
383.986	1099.62
384.211	1130.62
384.436	1136.62
384.662	1145.62
384.887	1135.62
385.112	1150.62
385.337	1158.62
385.562	1152.62
385.787	1122.62
386.013	1194.62
386.238	1172.62
386.463	1180.62
386.688	1191.62
386.913	1147.62
387.138	1156.62
387.363	1167.62
387.588	1162.62
387.813	1179.62
388.038	1153.62
388.263	1150.62
388.488	1144.62
388.713	1191.62
388.938	1172.62
389.163	1151.62
389.387	1192.62
389.612	1147.62
389.837	1159.62
390.062	1166.62
390.287	1190.62
390.512	1184.62
390.736	1152.62
390.961	1162.62
391.186	1219.62
391.411	1258.62
391.636	1294.62
391.86	1280.62
392.085	1297.62
392.31	1282.62
392.534	1243.62
392.759	1249.62
392.984	1250.62
393.208	1242.62
393.433	1269.62
393.658	1241.62
393.882	1242.62
394.107	1212.62
394.331	1241.62
394.556	1262.62
394.78	1255.62
395.005	1258.62
395.229	1283.62
395.454	1269.62
395.678	1309.62
395.903	1311.62
396.127	1307.62
396.352	1329.62
396.576	1266.62
396.801	1264.62
397.025	1276.62
397.249	1293.62
397.474	1315.62
397.698	1353.62
397.922	1339.62
398.147	1361.62
398.371	1382.62
398.595	1391.62
398.82	1422.62
399.044	1554.62
399.268	1634.62
399.492	1822.62
399.717	1961.62
399.941	2000.62
400.165	1859.62
400.389	1776.62
400.613	1629.62
400.837	1528.62
401.062	1508.62
401.286	1500.62
401.51	1472.62
401.734	1520.62
401.958	1512.62
402.182	1540.62
402.406	1551.62
402.63	1583.62
402.854	1557.62
403.078	1594.62
403.302	1642.62
403.526	1657.62
403.75	1643.62
403.974	1689.62
404.198	1703.62
404.422	1731.62
404.645	1747.62
404.869	1807.62
405.093	1889.62
405.317	1985.62
405.541	2030.62
405.765	1905.62
405.988	1826.62
406.212	1823.62
406.436	1826.62
406.66	1835.62
406.883	1770.62
407.107	1869.62
407.331	1926.62
407.555	2040.62
407.778	2027.62
408.002	1891.62
408.226	1772.62
408.449	1776.62
408.673	1747.62
408.896	1743.62
409.12	1812.62
409.344	1790.62
409.567	1659.62
409.791	1650.62
410.014	1702.62
410.238	1654.62
410.461	1654.62
410.685	1637.62
410.908	1648.62
411.132	1672.62
411.355	1709.62
411.578	1672.62
411.802	1670.62
412.025	1712.62
412.249	1767.62
412.472	1906.62
412.695	2016.62
412.919	1950.62
413.142	1882.62
413.365	1806.62
413.589	1727.62
413.812	1678.62
414.035	1635.62
414.258	1607.62
414.482	1619.62
414.705	1603.62
414.928	1615.62
415.151	1578.62
415.374	1563.62
415.597	1570.62
415.821	1535.62
416.044	1594.62
416.267	1560.62
416.49	1539.62
416.713	1475.62
416.936	1549.62
417.159	1564.62
417.382	1586.62
417.605	1620.62
417.828	1657.62
418.051	1650.62
418.274	1553.62
418.497	1546.62
418.72	1592.62
418.943	1601.62
419.166	1663.62
419.389	1765.62
419.611	1735.62
419.834	1759.62
420.057	1780.62
420.28	1906.62
420.503	1887.62
420.726	1826.62
420.948	1771.62
421.171	1766.62
421.394	1756.62
421.617	1644.62
421.839	1640.62
422.062	1636.62
422.285	1622.62
422.507	1722.62
422.73	1831.62
422.953	1716.62
423.175	1670.62
423.398	1672.62
423.621	1654.62
423.843	1662.62
424.066	1729.62
424.288	1670.62
424.511	1695.62
424.733	1761.62
424.956	1886.62
425.178	1767.62
425.401	1795.62
425.623	1808.62
425.846	1653.62
426.068	1562.62
426.291	1592.62
426.513	1520.62
426.735	1564.62
426.958	1619.62
427.18	1718.62
427.402	1932.62
427.625	2107.62
427.847	2022.62
428.069	1927.62
428.292	1804.62
428.514	1610.62
428.736	1576.62
428.958	1553.62
429.181	1447.62
429.403	1464.62
429.625	1475.62
429.847	1493.62
430.069	1600.62
430.292	1584.62
430.514	1439.62
430.736	1407.62
430.958	1405.62
431.18	1401.62
431.402	1427.62
431.624	1404.62
431.846	1373.62
432.068	1390.62
432.29	1400.62
432.512	1362.62
432.734	1423.62
432.956	1423.62
433.178	1437.62
433.4	1461.62
433.622	1428.62
433.844	1445.62
434.066	1401.62
434.287	1395.62
434.509	1420.62
434.731	1483.62
434.953	1491.62
435.175	1508.62
435.397	1505.62
435.618	1503.62
435.84	1572.62
436.062	1653.62
436.284	1762.62
436.505	1586.62
436.727	1480.62
436.949	1453.62
437.17	1456.62
437.392	1423.62
437.614	1430.62
437.835	1458.62
438.057	1632.62
438.278	1706.62
438.5	1727.62
438.721	1872.62
438.943	1798.62
439.165	1570.62
439.386	1500.62
439.608	1507.62
439.829	1528.62
440.05	1574.62
440.272	1647.62
440.493	1598.62
440.715	1544.62
440.936	1496.62
441.158	1529.62
441.379	1534.62
441.6	1603.62
441.822	1616.62
442.043	1685.62
442.264	1754.62
442.486	1817.62
442.707	1635.62
442.928	1582.62
443.149	1646.62
443.371	1668.62
443.592	1710.62
443.813	1840.62
444.034	1922.62
444.255	1757.62
444.476	1699.62
444.698	1733.62
444.919	1786.62
445.14	1849.62
445.361	1770.62
445.582	1713.62
445.803	1744.62
446.024	1864.62
446.245	1856.62
446.466	1718.62
446.687	1570.62
446.908	1553.62
447.129	1517.62
447.35	1456.62
447.571	1436.62
447.792	1396.62
448.013	1432.62
448.234	1447.62
448.455	1499.62
448.675	1619.62
448.896	1782.62
449.117	1595.62
449.338	1554.62
449.559	1701.62
449.779	1861.62
450	1550.62
450.221	1468.62
450.442	1379.62
450.662	1354.62
450.883	1382.62
451.104	1414.62
451.324	1392.62
451.545	1356.62
451.766	1298.62
451.986	1284.62
452.207	1274.62
452.428	1262.62
452.648	1252.62
452.869	1265.62
453.089	1272.62
453.31	1307.62
453.53	1228.62
453.751	1213.62
453.971	1200.62
454.192	1271.62
454.412	1218.62
454.633	1207.62
454.853	1223.62
455.073	1228.62
455.294	1286.62
455.514	1342.62
455.734	1282.62
455.955	1196.62
456.175	1194.62
456.395	1132.62
456.616	1130.62
456.836	1159.62
457.056	1114.62
457.276	1127.62
457.497	1160.62
457.717	1128.62
457.937	1173.62
458.157	1191.62
458.377	1206.62
458.598	1207.62
458.818	1324.62
459.038	1465.62
459.258	1468.62
459.478	1386.62
459.698	1326.62
459.918	1355.62
460.138	1387.62
460.358	1442.62
460.578	1466.62
460.798	1441.62
461.018	1501.62
461.238	1432.62
461.458	1453.62
461.678	1424.62
461.898	1467.62
462.118	1450.62
462.338	1554.62
462.558	1568.62
462.777	1623.62
462.997	1686.62
463.217	1846.62
463.437	1801.62
463.657	1678.62
463.876	1643.62
464.096	1654.62
464.316	1614.62
464.536	1640.62
464.755	1628.62
464.975	1593.62
465.195	1634.62
465.414	1722.62
465.634	1535.62
465.854	1444.62
466.073	1402.62
466.293	1399.62
466.512	1314.62
466.732	1370.62
466.951	1363.62
467.171	1368.62
467.391	1417.62
467.61	1424.62
467.829	1531.62
468.049	1778.62
468.268	2456.62
468.488	1885.62
468.707	1600.62
468.927	1468.62
469.146	1403.62
469.365	1417.62
469.585	1417.62
469.804	1417.62
470.023	1446.62
470.243	1436.62
470.462	1489.62
470.681	1521.62
470.901	1495.62
471.12	1433.62
471.339	1464.62
471.558	1501.62
471.777	1530.62
471.997	1646.62
472.216	2339.62
472.435	4498.62
472.654	3326.62
472.873	2107.62
473.092	1806.62
473.311	1608.62
473.53	1551.62
473.749	1520.62
473.968	1543.62
474.187	1637.62
474.406	1586.62
474.625	1470.62
474.844	1415.62
475.063	1430.62
475.282	1370.62
475.501	1361.62
475.72	1359.62
475.939	1401.62
476.158	1424.62
476.377	1388.62
476.596	1397.62
476.814	1409.62
477.033	1399.62
477.252	1421.62
477.471	1450.62
477.69	1482.62
477.908	1530.62
478.127	1597.62
478.346	1569.62
478.564	1578.62
478.783	1588.62
479.002	1666.62
479.22	1692.62
479.439	1664.62
479.658	1654.62
479.876	1674.62
480.095	1727.62
480.313	1808.62
480.532	1934.62
480.751	2052.62
480.969	2648.62
481.188	5785.62
481.406	7434.62
481.624	3691.62
481.843	2659.62
482.061	2295.62
482.28	2123.62
482.498	1996.62
482.717	1893.62
482.935	1811.62
483.153	1860.62
483.372	1806.62
483.59	1774.62
483.808	1735.62
484.027	1741.62
484.245	1754.62
484.463	1709.62
484.681	1751.62
484.9	1715.62
485.118	1708.62
485.336	1717.62
485.554	1682.62
485.772	1660.62
485.99	1659.62
486.209	1692.62
486.427	1664.62
486.645	1708.62
486.863	1792.62
487.081	1767.62
487.299	1726.62
487.517	1721.62
487.735	1792.62
487.953	1839.62
488.171	1882.62
488.389	1792.62
488.607	1775.62
488.825	1745.62
489.043	1740.62
489.261	1703.62
489.479	1763.62
489.696	1797.62
489.914	1792.62
490.132	1826.62
490.35	1893.62
490.568	1976.62
490.786	1992.62
491.003	2062.62
491.221	2110.62
491.439	2239.62
491.657	2306.62
491.874	2335.62
492.092	2432.62
492.31	2499.62
492.527	2481.62
492.745	2504.62
492.963	2483.62
493.18	2469.62
493.398	2380.62
493.615	2389.62
493.833	2335.62
494.05	2286.62
494.268	2306.62
494.485	2245.62
494.703	2234.62
494.92	2200.62
495.138	2160.62
495.355	2165.62
495.573	2147.62
495.79	2135.62
496.008	2062.62
496.225	2077.62
496.442	2111.62
496.66	2085.62
496.877	2104.62
497.094	2092.62
497.312	2062.62
497.529	2097.62
497.746	2124.62
497.963	2099.62
498.181	2131.62
498.398	2191.62
498.615	2247.62
498.832	2331.62
499.049	2389.62
499.267	2544.62
499.484	2643.62
499.701	2853.62
499.918	3040.62
500.135	3417.62
500.352	3758.62
500.569	3882.62
500.786	3932.62
501.003	3702.62
501.22	3391.62
501.437	3084.62
501.654	2845.62
501.871	2704.62
502.088	2584.62
502.305	2370.62
502.522	2271.62
502.739	2198.62
502.956	2120.62
503.172	2026.62
503.389	1971.62
503.606	1960.62
503.823	1951.62
504.04	1910.62
504.256	1906.62
504.473	1905.62
504.69	1913.62
504.907	1927.62
505.123	1875.62
505.34	1803.62
505.557	1745.62
505.773	1669.62
505.99	1669.62
506.207	1646.62
506.423	1619.62
506.64	1652.62
506.856	1609.62
507.073	1608.62
507.289	1596.62
507.506	1588.62
507.722	1596.62
507.939	1608.62
508.155	1574.62
508.372	1552.62
508.588	1527.62
508.805	1519.62
509.021	1516.62
509.238	1488.62
509.454	1504.62
509.67	1492.62
509.887	1512.62
510.103	1467.62
510.319	1516.62
510.536	1796.62
510.752	3128.62
510.968	2262.62
511.184	1519.62
511.401	1516.62
511.617	1547.62
511.833	1600.62
512.049	1681.62
512.265	1630.62
512.481	1572.62
512.698	1562.62
512.914	1492.62
513.13	1466.62
513.346	1468.62
513.562	1494.62
513.778	1449.62
513.994	1474.62
514.21	1486.62
514.426	1542.62
514.642	1607.62
514.858	1651.62
515.074	1711.62
515.29	2106.62
515.506	3230.62
515.721	2485.62
515.937	1734.62
516.153	1588.62
516.369	1598.62
516.585	1572.62
516.801	1563.62
517.016	1610.62
517.232	1642.62
517.448	1693.62
517.664	1703.62
517.879	1718.62
518.095	1674.62
518.311	1680.62
518.527	1655.62
518.742	1632.62
518.958	1550.62
519.173	1561.62
519.389	1524.62
519.605	1486.62
519.82	1459.62
520.036	1478.62
520.251	1535.62
520.467	1568.62
520.682	1547.62
520.898	1550.62
521.113	1568.62
521.329	1612.62
521.544	1836.62
521.76	2274.62
521.975	4149.62
522.19	3800.62
522.406	2013.62
522.621	1545.62
522.836	1461.62
523.052	1398.62
523.267	1393.62
523.482	1360.62
523.698	1353.62
523.913	1372.62
524.128	1351.62
524.343	1350.62
524.559	1302.62
524.774	1298.62
524.989	1281.62
525.204	1291.62
525.419	1328.62
525.634	1274.62
525.849	1256.62
526.064	1198.62
526.28	1231.62
526.495	1187.62
526.71	1179.62
526.925	1165.62
527.14	1196.62
527.355	1186.62
527.57	1170.62
527.785	1151.62
527.999	1173.62
528.214	1190.62
528.429	1204.62
528.644	1246.62
528.859	1304.62
529.074	1280.62
529.289	1337.62
529.503	1482.62
529.718	1349.62
529.933	1222.62
530.148	1204.62
530.363	1180.62
530.577	1174.62
530.792	1134.62
531.007	1150.62
531.221	1168.62
531.436	1141.62
531.651	1168.62
531.865	1109.62
532.08	1111.62
532.295	1136.62
532.509	1152.62
532.724	1127.62
532.938	1171.62
533.153	1142.62
533.367	1152.62
533.582	1176.62
533.796	1159.62
534.011	1170.62
534.225	1110.62
534.44	1090.62
534.654	1117.62
534.868	1111.62
535.083	1089.62
535.297	1131.62
535.511	1121.62
535.726	1159.62
535.94	1164.62
536.154	1135.62
536.369	1099.62
536.583	1047.62
536.797	1087.62
537.011	1064.62
537.225	1047.62
537.44	1069.62
537.654	1051.62
537.868	1056.62
538.082	1049.62
538.296	1087.62
538.51	1082.62
538.724	1064.62
538.938	1099.62
539.153	1092.62
539.367	1130.62
539.581	1102.62
539.795	1071.62
540.009	1055.62
540.222	1041.62
540.436	1037.62
540.65	1080.62
540.864	1100.62
541.078	1134.62
541.292	1168.62
541.506	1161.62
541.72	1215.62
541.934	1255.62
542.147	1280.62
542.361	1210.62
542.575	1150.62
542.789	1110.62
543.002	1093.62
543.216	1060.62
543.43	1070.62
543.644	1103.62
543.857	1126.62
544.071	1164.62
544.285	1174.62
544.498	1161.62
544.712	1203.62
544.925	1190.62
545.139	1195.62
545.352	1231.62
545.566	1221.62
545.779	1199.62
545.993	1214.62
546.206	1211.62
546.42	1191.62
546.633	1224.62
546.847	1239.62
547.06	1204.62
547.274	1213.62
547.487	1232.62
547.7	1239.62
547.914	1238.62
548.127	1227.62
548.34	1206.62
548.554	1196.62
548.767	1175.62
548.98	1168.62
549.193	1220.62
549.407	1158.62
549.62	1176.62
549.833	1206.62
550.046	1187.62
550.259	1170.62
550.473	1172.62
550.686	1172.62
550.899	1155.62
551.112	1137.62
551.325	1131.62
551.538	1095.62
551.751	1090.62
551.964	1082.62
552.177	1107.62
552.39	1126.62
552.603	1173.62
552.816	1195.62
553.029	1221.62
553.242	1224.62
553.455	1272.62
553.667	1259.62
553.88	1264.62
554.093	1220.62
554.306	1212.62
554.519	1178.62
554.732	1176.62
554.944	1146.62
555.157	1121.62
555.37	1095.62
555.583	1111.62
555.795	1039.62
556.008	1070.62
556.221	1038.62
556.433	992.62
556.646	1006.62
556.859	1032.62
557.071	997.62
557.284	990.62
557.496	1025.62
557.709	993.62
557.921	1006.62
558.134	980.62
558.346	993.62
558.559	1006.62
558.771	1010.62
558.984	960.62
559.196	948.62
559.409	954.62
559.621	966.62
559.833	961.62
560.046	946.62
560.258	983.62
560.47	998.62
560.683	942.62
560.895	942.62
561.107	940.62
561.32	952.62
561.532	942.62
561.744	923.62
561.956	924.62
562.168	943.62
562.381	953.62
562.593	943.62
562.805	928.62
563.017	936.62
563.229	916.62
563.441	943.62
563.653	939.62
563.865	936.62
564.077	916.62
564.289	922.62
564.501	954.62
564.713	975.62
564.925	956.62
565.137	979.62
565.349	942.62
565.561	1002.62
565.773	991.62
565.985	1024.62
566.197	1056.62
566.408	1135.62
566.62	1195.62
566.832	1235.62
567.044	1291.62
567.255	1255.62
567.467	1248.62
567.679	1331.62
567.891	1362.62
568.102	1364.62
568.314	1305.62
568.526	1183.62
568.737	1101.62
568.949	1009.62
569.161	950.62
569.372	914.62
569.584	853.62
569.795	850.62
570.007	861.62
570.218	940.62
570.43	899.62
570.641	843.62
570.853	842.62
571.064	843.62
571.276	830.62
571.487	853.62
571.698	815.62
571.91	776.62
572.121	795.62
572.333	746.62
572.544	733.62
572.755	723.62
572.966	699.62
573.178	717.62
573.389	690.62
573.6	686.62
573.811	679.62
574.023	674.62
574.234	669.62
574.445	675.62
574.656	683.62
574.867	696.62
575.078	695.62
575.289	694.62
575.501	664.62
575.712	664.62
575.923	652.62
576.134	658.62
576.345	649.62
576.556	654.62
576.767	678.62
576.978	653.62
577.188	643.62
577.399	644.62
577.61	644.62
577.821	637.62
578.032	624.62
578.243	696.62
578.454	1142.62
578.665	816.62
578.875	641.62
579.086	621.62
579.297	611.62
579.508	596.62
579.718	586.62
579.929	595.62
580.14	603.62
580.35	583.62
580.561	583.62
580.772	600.62
580.982	573.62
581.193	584.62
581.403	576.62
581.614	588.62
581.825	582.62
582.035	572.62
582.246	598.62
582.456	566.62
582.667	580.62
582.877	598.62
583.087	582.62
583.298	561.62
583.508	556.62
583.719	557.62
583.929	554.62
584.139	546.62
584.35	545.62
584.56	562.62
584.77	556.62
584.981	561.62
585.191	550.62
585.401	531.62
585.611	549.62
585.821	555.62
586.032	554.62
586.242	560.62
586.452	544.62
586.662	530.62
586.872	541.62
587.082	529.62
587.292	539.62
587.502	543.62
587.713	527.62
587.923	535.62
588.133	523.62
588.343	541.62
588.553	514.62
588.762	536.62
588.972	530.62
589.182	530.62
589.392	544.62
589.602	564.62
589.812	578.62
590.022	566.62
590.232	533.62
590.441	503.62
590.651	556.62
590.861	527.62
591.071	538.62
591.281	554.62
591.49	551.62
591.7	556.62
591.91	562.62
592.119	563.62
592.329	596.62
592.539	598.62
592.748	610.62
592.958	612.62
593.167	610.62
593.377	635.62
593.587	622.62
593.796	615.62
594.006	634.62
594.215	640.62
594.424	654.62
594.634	630.62
594.843	597.62
595.053	620.62
595.262	584.62
595.472	578.62
595.681	568.62
595.89	552.62
596.1	547.62
596.309	545.62
596.518	532.62
596.727	526.62
596.937	531.62
597.146	510.62
597.355	537.62
597.564	516.62
597.774	495.62
597.983	508.62
598.192	475.62
598.401	476.62
598.61	462.62
598.819	488.62
599.028	497.62
599.237	482.62
599.446	476.62
599.655	465.62
599.864	466.62
600.073	465.62
600.282	493.62
600.491	484.62
600.7	484.62
600.909	491.62
601.118	498.62
601.327	493.62
601.536	504.62
601.745	502.62
601.953	515.62
602.162	511.62
602.371	529.62
602.58	531.62
602.789	516.62
602.997	499.62
603.206	531.62
603.415	534.62
603.623	511.62
603.832	515.62
604.041	516.62
604.249	492.62
604.458	471.62
604.666	462.62
604.875	476.62
605.084	496.62
605.292	506.62
605.501	542.62
605.709	535.62
605.918	512.62
606.126	509.62
606.334	515.62
606.543	517.62
606.751	530.62
606.96	503.62
607.168	495.62
607.376	501.62
607.585	516.62
607.793	516.62
608.001	506.62
608.21	529.62
608.418	518.62
608.626	509.62
608.834	510.62
609.043	529.62
609.251	519.62
609.459	510.62
609.667	515.62
609.875	529.62
610.083	533.62
610.291	535.62
610.499	522.62
610.707	517.62
610.916	538.62
611.124	531.62
611.332	520.62
611.54	498.62
611.748	504.62
611.955	519.62
612.163	485.62
612.371	516.62
612.579	518.62
612.787	511.62
612.995	504.62
613.203	514.62
613.411	508.62
613.618	498.62
613.826	496.62
614.034	504.62
614.242	496.62
614.449	491.62
614.657	511.62
614.865	508.62
615.072	484.62
615.28	490.62
615.488	470.62
615.695	496.62
615.903	494.62
616.111	484.62
616.318	492.62
616.526	488.62
616.733	510.62
616.941	503.62
617.148	491.62
617.356	513.62
617.563	480.62
617.771	474.62
617.978	455.62
618.185	493.62
618.393	487.62
618.6	485.62
618.807	468.62
619.015	468.62
619.222	457.62
619.429	481.62
619.637	448.62
619.844	437.62
620.051	444.62
620.258	453.62
620.466	454.62
620.673	445.62
620.88	447.62
621.087	440.62
621.294	449.62
621.501	430.62
621.708	447.62
621.915	455.62
622.122	447.62
622.329	435.62
622.536	462.62
622.743	440.62
622.95	439.62
623.157	420.62
623.364	444.62
623.571	431.62
623.778	455.62
623.985	436.62
624.192	417.62
624.399	426.62
624.606	419.62
624.812	428.62
625.019	427.62
625.226	394.62
625.433	392.62
625.639	378.62
625.846	374.62
626.053	360.62
626.259	368.62
626.466	357.62
626.673	362.62
626.879	354.62
627.086	359.62
627.293	371.62
627.499	393.62
627.706	407.62
627.912	412.62
628.119	420.62
628.325	396.62
628.532	399.62
628.738	394.62
628.945	386.62
629.151	399.62
629.357	369.62
629.564	365.62
629.77	369.62
629.976	365.62
630.183	375.62
630.389	374.62
630.595	371.62
630.802	387.62
631.008	370.62
631.214	360.62
631.42	367.62
631.627	350.62
631.833	351.62
632.039	346.62
632.245	330.62
632.451	365.62
632.657	342.62
632.863	358.62
633.069	347.62
633.275	352.62
633.481	347.62
633.688	350.62
633.893	344.62
634.099	341.62
634.305	335.62
634.511	370.62
634.717	358.62
634.923	334.62
635.129	337.62
635.335	333.62
635.541	352.62
635.747	370.62
635.952	374.62
636.158	410.62
636.364	556.62
636.57	662.62
636.775	528.62
636.981	444.62
637.187	425.62
637.392	395.62
637.598	402.62
637.804	376.62
638.009	392.62
638.215	365.62
638.421	359.62
638.626	359.62
638.832	357.62
639.037	346.62
639.243	335.62
639.448	313.62
639.654	339.62
639.859	316.62
640.065	343.62
640.27	338.62
640.475	327.62
640.681	321.62
640.886	342.62
641.091	332.62
641.297	334.62
641.502	308.62
641.707	332.62
641.913	322.62
642.118	323.62
642.323	309.62
642.528	326.62
642.733	324.62
642.939	309.62
643.144	296.62
643.349	322.62
643.554	299.62
643.759	312.62
643.964	298.62
644.169	301.62
644.374	294.62
644.579	310.62
644.784	319.62
644.989	302.62
645.194	315.62
645.399	287.62
645.604	287.62
645.809	299.62
646.014	313.62
646.219	289.62
646.423	302.62
646.628	300.62
646.833	307.62
647.038	311.62
647.243	318.62
647.447	300.62
647.652	304.62
647.857	299.62
648.062	306.62
648.266	315.62
648.471	306.62
648.676	309.62
648.88	318.62
649.085	311.62
649.289	291.62
649.494	320.62
649.698	336.62
649.903	331.62
650.107	301.62
650.312	300.62
650.516	279.62
650.721	275.62
650.925	284.62
651.13	277.62
651.334	273.62
651.539	259.62
651.743	268.62
651.947	264.62
652.152	246.62
652.356	248.62
652.56	242.62
652.764	238.62
652.969	226.62
653.173	220.62
653.377	236.62
653.581	219.62
653.785	224.62
653.99	235.62
654.194	229.62
654.398	215.62
654.602	236.62
654.806	222.62
655.01	222.62
655.214	212.62
655.418	203.62
655.622	218.62
655.826	212.62
656.03	222.62
656.234	200.62
656.438	205.62
656.642	209.62
656.846	210.62
657.049	198.62
657.253	190.62
657.457	158.62
657.661	186.62
657.865	171.62
658.068	163.62
658.272	171.62
658.476	153.62
658.68	131.62
658.883	147.62
659.087	138.62
659.291	144.62
659.494	139.62
659.698	136.62
659.901	109.62
660.105	133.62
660.309	118.62
660.512	106.62
660.716	116.62
660.919	127.62
661.123	114.62
661.326	116.62
661.53	94.62
661.733	107.62
661.936	108.62
662.14	108.62
662.343	97.62
662.546	83.62
662.75	106.62
662.953	108.62
663.156	100.62
663.36	75.62
663.563	83.62
663.766	80.62
663.969	91.62
664.173	102.62
664.376	94.62
664.579	84.62
664.782	84.62
664.985	75.62
665.188	81.62
665.391	93.62
665.594	84.62
665.797	97.62
666	87.62
666.203	80.62
666.406	95.62
666.609	84.62
666.812	96.62
667.015	86.62
667.218	76.62
667.421	79.62
667.624	80.62
667.827	76.62
668.03	81.62
668.232	88.62
668.435	80.62
668.638	83.62
668.841	83.62
669.043	77.62
669.246	98.62
669.449	78.62
669.651	92.62
669.854	80.62
670.057	81.62
670.259	75.62
670.462	85.62
670.665	91.62
670.867	80.62
671.07	75.62
671.272	91.62
671.475	83.62
671.677	78.62
671.88	81.62
672.082	81.62
672.284	69.62
672.487	86.62
672.689	74.62
672.892	83.62
