223.165	-15.5
223.4	-15.5
223.635	-15.5
223.869	-20.5
224.104	-17.5
224.338	-9.5
224.573	-11.5
224.808	-13.5
225.042	3.5
225.277	-11.5
225.511	-9.5
225.746	2.5
225.98	11.5
226.215	-0.5
226.449	23.5
226.683	20.5
226.918	23.5
227.152	24.5
227.387	23.5
227.621	33.5
227.856	42.5
228.09	49.5
228.324	47.5
228.559	66.5
228.793	88.5
229.027	147.5
229.262	157.5
229.496	143.5
229.73	187.5
229.964	209.5
230.199	184.5
230.433	169.5
230.667	155.5
230.901	153.5
231.136	163.5
231.37	160.5
231.604	155.5
231.838	143.5
232.072	153.5
232.306	161.5
232.541	156.5
232.775	143.5
233.009	151.5
233.243	163.5
233.477	148.5
233.711	148.5
233.945	151.5
234.179	155.5
234.413	157.5
234.647	156.5
234.881	163.5
235.115	150.5
235.349	148.5
235.583	165.5
235.817	168.5
236.051	180.5
236.285	167.5
236.519	164.5
236.753	176.5
236.987	199.5
237.221	251.5
237.455	296.5
237.689	240.5
237.922	200.5
238.156	197.5
238.39	191.5
238.624	178.5
238.858	181.5
239.091	174.5
239.325	194.5
239.559	177.5
239.793	198.5
240.027	183.5
240.26	197.5
240.494	208.5
240.728	219.5
240.961	210.5
241.195	202.5
241.429	207.5
241.662	201.5
241.896	216.5
242.13	204.5
242.363	209.5
242.597	204.5
242.83	205.5
243.064	222.5
243.298	219.5
243.531	225.5
243.765	223.5
243.998	223.5
244.232	237.5
244.465	239.5
244.699	237.5
244.932	228.5
245.166	233.5
245.399	234.5
245.633	228.5
245.866	221.5
246.099	217.5
246.333	216.5
246.566	226.5
246.8	228.5
247.033	249.5
247.266	235.5
247.5	247.5
247.733	268.5
247.966	251.5
248.2	262.5
248.433	255.5
248.666	275.5
248.899	284.5
249.133	288.5
249.366	302.5
249.599	307.5
249.832	280.5
250.066	312.5
250.299	319.5
250.532	375.5
250.765	418.5
250.998	411.5
251.231	385.5
251.465	350.5
251.698	338.5
251.931	321.5
252.164	328.5
252.397	328.5
252.63	323.5
252.863	305.5
253.096	322.5
253.329	352.5
253.562	340.5
253.795	329.5
254.028	345.5
254.261	333.5
254.494	330.5
254.727	375.5
254.96	395.5
255.193	395.5
255.426	399.5
255.659	417.5
255.892	461.5
256.124	566.5
256.357	590.5
256.59	514.5
256.823	470.5
257.056	427.5
257.289	395.5
257.521	374.5
257.754	372.5
257.987	374.5
258.22	367.5
258.452	373.5
258.685	369.5
258.918	365.5
259.151	352.5
259.383	351.5
259.616	353.5
259.849	370.5
260.081	373.5
260.314	380.5
260.547	370.5
260.779	374.5
261.012	403.5
261.244	374.5
261.477	377.5
261.71	373.5
261.942	404.5
262.175	399.5
262.407	385.5
262.64	350.5
262.872	370.5
263.105	359.5
263.337	344.5
263.57	356.5
263.802	363.5
264.035	356.5
264.267	377.5
264.499	359.5
264.732	363.5
264.964	347.5
265.197	342.5
265.429	357.5
265.661	333.5
265.894	366.5
266.126	371.5
266.358	359.5
266.591	350.5
266.823	358.5
267.055	364.5
267.287	411.5
267.52	367.5
267.752	393.5
267.984	376.5
268.216	385.5
268.448	389.5
268.681	385.5
268.913	395.5
269.145	426.5
269.377	430.5
269.609	429.5
269.841	425.5
270.073	424.5
270.306	459.5
270.538	448.5
270.77	465.5
271.002	463.5
271.234	446.5
271.466	454.5
271.698	455.5
271.93	494.5
272.162	477.5
272.394	487.5
272.626	483.5
272.858	479.5
273.09	454.5
273.322	465.5
273.553	443.5
273.785	447.5
274.017	457.5
274.249	454.5
274.481	434.5
274.713	462.5
274.945	446.5
275.176	464.5
275.408	444.5
275.64	468.5
275.872	465.5
276.104	450.5
276.335	482.5
276.567	514.5
276.799	528.5
277.031	548.5
277.262	565.5
277.494	550.5
277.726	521.5
277.957	494.5
278.189	480.5
278.421	498.5
278.652	467.5
278.884	472.5
279.115	490.5
279.347	459.5
279.579	494.5
279.81	499.5
280.042	539.5
280.273	569.5
280.505	545.5
280.736	536.5
280.968	484.5
281.199	497.5
281.431	483.5
281.662	480.5
281.894	478.5
282.125	485.5
282.356	535.5
282.588	576.5
282.819	551.5
283.051	520.5
283.282	480.5
283.513	503.5
283.745	513.5
283.976	523.5
284.207	522.5
284.439	501.5
284.67	484.5
284.901	501.5
285.132	515.5
285.364	501.5
285.595	507.5
285.826	492.5
286.057	518.5
286.288	521.5
286.52	515.5
286.751	507.5
286.982	525.5
287.213	507.5
287.444	517.5
287.675	516.5
287.906	520.5
288.138	549.5
288.369	552.5
288.6	544.5
288.831	548.5
289.062	540.5
289.293	531.5
289.524	527.5
289.755	527.5
289.986	519.5
290.217	531.5
290.448	540.5
290.679	522.5
290.91	522.5
291.141	538.5
291.371	509.5
291.602	527.5
291.833	542.5
292.064	541.5
292.295	553.5
292.526	524.5
292.757	532.5
292.987	532.5
293.218	520.5
293.449	544.5
293.68	566.5
293.91	540.5
294.141	535.5
294.372	536.5
294.603	529.5
294.833	547.5
295.064	538.5
295.295	531.5
295.525	545.5
295.756	552.5
295.987	571.5
296.217	625.5
296.448	624.5
296.679	562.5
296.909	596.5
297.14	584.5
297.37	577.5
297.601	589.5
297.831	569.5
298.062	568.5
298.292	583.5
298.523	591.5
298.753	593.5
298.984	628.5
299.214	619.5
299.445	593.5
299.675	597.5
299.905	619.5
300.136	577.5
300.366	608.5
300.597	607.5
300.827	631.5
301.057	609.5
301.288	652.5
301.518	616.5
301.748	627.5
301.979	650.5
302.209	647.5
302.439	639.5
302.669	642.5
302.9	625.5
303.13	629.5
303.36	654.5
303.59	665.5
303.82	662.5
304.051	668.5
304.281	657.5
304.511	651.5
304.741	643.5
304.971	634.5
305.201	637.5
305.431	612.5
305.661	649.5
305.891	624.5
306.121	635.5
306.352	639.5
306.582	662.5
306.812	662.5
307.042	645.5
307.272	665.5
307.502	689.5
307.731	713.5
307.961	685.5
308.191	627.5
308.421	661.5
308.651	638.5
308.881	663.5
309.111	677.5
309.341	656.5
309.571	668.5
309.8	694.5
310.03	693.5
310.26	725.5
310.49	711.5
310.72	735.5
310.949	767.5
311.179	764.5
311.409	715.5
311.639	706.5
311.868	742.5
312.098	729.5
312.328	744.5
312.557	779.5
312.787	797.5
313.017	799.5
313.246	786.5
313.476	740.5
313.706	742.5
313.935	755.5
314.165	779.5
314.394	807.5
314.624	768.5
314.853	766.5
315.083	751.5
315.312	751.5
315.542	727.5
315.771	726.5
316.001	741.5
316.23	748.5
316.46	741.5
316.689	719.5
316.919	775.5
317.148	773.5
317.377	780.5
317.607	747.5
317.836	785.5
318.065	743.5
318.295	764.5
318.524	740.5
318.753	761.5
318.983	736.5
319.212	760.5
319.441	787.5
319.67	801.5
319.9	791.5
320.129	771.5
320.358	749.5
320.587	795.5
320.816	797.5
321.046	827.5
321.275	790.5
321.504	814.5
321.733	819.5
321.962	853.5
322.191	872.5
322.42	873.5
322.649	895.5
322.878	927.5
323.108	934.5
323.337	973.5
323.566	1015.5
323.795	1097.5
324.024	1201.5
324.253	1435.5
324.482	2023.5
324.71	3197.5
324.939	4323.5
325.168	3451.5
325.397	1869.5
325.626	1409.5
325.855	1203.5
326.084	1145.5
326.313	1120.5
326.542	1117.5
326.77	1235.5
326.999	1430.5
327.228	1946.5
327.457	2953.5
327.686	3394.5
327.914	2272.5
328.143	1801.5
328.372	1820.5
328.6	1639.5
328.829	1361.5
329.058	1384.5
329.287	1383.5
329.515	1350.5
329.744	1351.5
329.972	1604.5
330.201	1992.5
330.43	2454.5
330.658	2110.5
330.887	1632.5
331.115	1458.5
331.344	1279.5
331.572	1177.5
331.801	1159.5
332.03	1208.5
332.258	1149.5
332.486	1112.5
332.715	1183.5
332.943	1197.5
333.172	1241.5
333.4	1317.5
333.629	1375.5
333.857	1504.5
334.085	1724.5
334.314	2176.5
334.542	2809.5
334.771	3075.5
334.999	2112.5
335.227	1523.5
335.455	1320.5
335.684	1251.5
335.912	1178.5
336.14	1148.5
336.369	1145.5
336.597	1134.5
336.825	1132.5
337.053	1091.5
337.281	1047.5
337.51	1010.5
337.738	1000.5
337.966	1045.5
338.194	1039.5
338.422	1009.5
338.65	995.5
338.878	997.5
339.106	951.5
339.334	984.5
339.562	960.5
339.79	940.5
340.018	953.5
340.246	936.5
340.474	964.5
340.702	962.5
340.93	939.5
341.158	933.5
341.386	934.5
341.614	924.5
341.842	913.5
342.07	907.5
342.298	931.5
342.526	905.5
342.754	925.5
342.981	872.5
343.209	921.5
343.437	980.5
343.665	979.5
343.893	1037.5
344.12	1038.5
344.348	1040.5
344.576	980.5
344.804	965.5
345.031	981.5
345.259	985.5
345.487	938.5
345.714	947.5
345.942	911.5
346.17	920.5
346.397	921.5
346.625	912.5
346.853	888.5
347.08	916.5
347.308	924.5
347.535	911.5
347.763	953.5
347.99	933.5
348.218	935.5
348.445	925.5
348.673	896.5
348.9	909.5
349.128	889.5
349.355	857.5
349.583	877.5
349.81	889.5
350.037	867.5
350.265	874.5
350.492	872.5
350.72	877.5
350.947	905.5
351.174	909.5
351.402	921.5
351.629	926.5
351.856	919.5
352.083	923.5
352.311	945.5
352.538	927.5
352.765	933.5
352.992	942.5
353.22	886.5
353.447	929.5
353.674	910.5
353.901	833.5
354.128	847.5
354.355	866.5
354.583	872.5
354.81	903.5
355.037	872.5
355.264	839.5
355.491	853.5
355.718	867.5
355.945	882.5
356.172	852.5
356.399	879.5
356.626	883.5
356.853	878.5
357.08	878.5
357.307	871.5
357.534	855.5
357.761	877.5
357.988	900.5
358.215	860.5
358.441	854.5
358.668	873.5
358.895	881.5
359.122	881.5
359.349	944.5
359.576	935.5
359.802	995.5
360.029	1044.5
360.256	1047.5
360.483	988.5
360.709	934.5
360.936	916.5
361.163	939.5
361.39	918.5
361.616	961.5
361.843	969.5
362.07	942.5
362.296	930.5
362.523	933.5
362.749	938.5
362.976	911.5
363.203	895.5
363.429	935.5
363.656	921.5
363.882	893.5
364.109	888.5
364.335	891.5
364.562	908.5
364.788	908.5
365.015	884.5
365.241	923.5
365.468	936.5
365.694	961.5
365.92	935.5
366.147	910.5
366.373	904.5
366.599	917.5
366.826	917.5
367.052	910.5
367.278	906.5
367.505	941.5
367.731	933.5
367.957	927.5
368.184	931.5
368.41	954.5
368.636	969.5
368.862	952.5
369.089	951.5
369.315	939.5
369.541	947.5
369.767	927.5
369.993	941.5
370.219	943.5
370.445	943.5
370.672	923.5
370.898	969.5
371.124	954.5
371.35	970.5
371.576	983.5
371.802	983.5
372.028	963.5
372.254	926.5
372.48	944.5
372.706	982.5
372.932	1001.5
373.158	992.5
373.384	969.5
373.61	953.5
373.835	952.5
374.061	993.5
374.287	989.5
374.513	1037.5
374.739	1013.5
374.965	1012.5
375.191	1030.5
375.416	1025.5
375.642	1032.5
375.868	1006.5
376.094	968.5
376.319	972.5
376.545	973.5
376.771	966.5
376.997	980.5
377.222	975.5
377.448	955.5
377.674	962.5
377.899	974.5
378.125	962.5
378.35	969.5
378.576	974.5
378.802	955.5
379.027	958.5
379.253	983.5
379.478	973.5
379.704	968.5
379.929	966.5
380.155	976.5
380.38	959.5
380.606	1006.5
380.831	984.5
381.057	997.5
381.282	957.5
381.507	967.5
381.733	980.5
381.958	1009.5
382.184	987.5
382.409	1043.5
382.634	1001.5
382.86	1007.5
383.085	1013.5
383.31	1017.5
383.535	1040.5
383.761	1075.5
383.986	1081.5
384.211	1096.5
384.436	1122.5
384.662	1120.5
384.887	1139.5
385.112	1092.5
385.337	1117.5
385.562	1155.5
385.787	1120.5
386.013	1173.5
386.238	1195.5
386.463	1185.5
386.688	1166.5
386.913	1132.5
387.138	1140.5
387.363	1136.5
387.588	1140.5
387.813	1110.5
388.038	1118.5
388.263	1119.5
388.488	1171.5
388.713	1135.5
388.938	1142.5
389.163	1117.5
389.387	1161.5
389.612	1096.5
389.837	1112.5
390.062	1134.5
390.287	1133.5
390.512	1127.5
390.736	1137.5
390.961	1171.5
391.186	1175.5
391.411	1200.5
391.636	1223.5
391.86	1247.5
392.085	1279.5
392.31	1248.5
392.534	1219.5
392.759	1227.5
392.984	1217.5
393.208	1219.5
393.433	1236.5
393.658	1231.5
393.882	1207.5
394.107	1212.5
394.331	1251.5
394.556	1221.5
394.78	1211.5
395.005	1260.5
395.229	1183.5
395.454	1232.5
395.678	1259.5
395.903	1312.5
396.127	1301.5
396.352	1301.5
396.576	1254.5
396.801	1248.5
397.025	1272.5
397.249	1262.5
397.474	1316.5
397.698	1289.5
397.922	1303.5
398.147	1336.5
398.371	1335.5
398.595	1388.5
398.82	1403.5
399.044	1460.5
399.268	1603.5
399.492	1750.5
399.717	1927.5
399.941	1959.5
400.165	1831.5
400.389	1739.5
400.613	1604.5
400.837	1521.5
401.062	1495.5
401.286	1461.5
401.51	1465.5
401.734	1436.5
401.958	1453.5
402.182	1475.5
402.406	1597.5
402.63	1557.5
402.854	1553.5
403.078	1527.5
403.302	1590.5
403.526	1606.5
403.75	1631.5
403.974	1663.5
404.198	1670.5
404.422	1681.5
404.645	1707.5
404.869	1700.5
405.093	1818.5
405.317	1875.5
405.541	1963.5
405.765	1801.5
405.988	1736.5
406.212	1761.5
406.436	1785.5
406.66	1824.5
406.883	1771.5
407.107	1845.5
407.331	1918.5
407.555	2032.5
407.778	1988.5
408.002	1878.5
408.226	1776.5
408.449	1759.5
408.673	1711.5
408.896	1731.5
409.12	1781.5
409.344	1741.5
409.567	1620.5
409.791	1626.5
410.014	1630.5
410.238	1628.5
410.461	1615.5
410.685	1621.5
410.908	1606.5
411.132	1694.5
411.355	1681.5
411.578	1615.5
411.802	1592.5
412.025	1596.5
412.249	1701.5
412.472	1794.5
412.695	1871.5
412.919	1819.5
413.142	1738.5
413.365	1645.5
413.589	1612.5
413.812	1555.5
414.035	1525.5
414.258	1512.5
414.482	1507.5
414.705	1531.5
414.928	1559.5
415.151	1520.5
415.374	1475.5
415.597	1461.5
415.821	1458.5
416.044	1467.5
416.267	1500.5
416.49	1462.5
416.713	1466.5
416.936	1472.5
417.159	1484.5
417.382	1528.5
417.605	1524.5
417.828	1601.5
418.051	1605.5
418.274	1526.5
418.497	1488.5
418.72	1510.5
418.943	1507.5
419.166	1612.5
419.389	1716.5
419.611	1679.5
419.834	1648.5
420.057	1666.5
420.28	1708.5
420.503	1732.5
420.726	1682.5
420.948	1645.5
421.171	1710.5
421.394	1677.5
421.617	1599.5
421.839	1598.5
422.062	1564.5
422.285	1564.5
422.507	1650.5
422.73	1759.5
422.953	1726.5
423.175	1617.5
423.398	1636.5
423.621	1602.5
423.843	1677.5
424.066	1673.5
424.288	1659.5
424.511	1638.5
424.733	1715.5
424.956	1798.5
425.178	1780.5
425.401	1774.5
425.623	1797.5
425.846	1637.5
426.068	1589.5
426.291	1567.5
426.513	1529.5
426.735	1559.5
426.958	1589.5
427.18	1734.5
427.402	1941.5
427.625	2108.5
427.847	2000.5
428.069	1866.5
428.292	1670.5
428.514	1539.5
428.736	1502.5
428.958	1481.5
429.181	1408.5
429.403	1399.5
429.625	1396.5
429.847	1460.5
430.069	1613.5
430.292	1595.5
430.514	1423.5
430.736	1439.5
430.958	1400.5
431.18	1406.5
431.402	1381.5
431.624	1363.5
431.846	1359.5
432.068	1342.5
432.29	1337.5
432.512	1377.5
432.734	1394.5
432.956	1396.5
433.178	1428.5
433.4	1447.5
433.622	1376.5
433.844	1389.5
434.066	1358.5
434.287	1347.5
434.509	1399.5
434.731	1417.5
434.953	1444.5
435.175	1500.5
435.397	1534.5
435.618	1531.5
435.84	1526.5
436.062	1660.5
436.284	1778.5
436.505	1589.5
436.727	1496.5
436.949	1451.5
437.17	1411.5
437.392	1398.5
437.614	1438.5
437.835	1446.5
438.057	1574.5
438.278	1711.5
438.5	1741.5
438.721	1854.5
438.943	1794.5
439.165	1547.5
439.386	1514.5
439.608	1481.5
439.829	1513.5
440.05	1577.5
440.272	1641.5
440.493	1583.5
440.715	1512.5
440.936	1494.5
441.158	1523.5
441.379	1534.5
441.6	1579.5
441.822	1655.5
442.043	1662.5
442.264	1802.5
442.486	1792.5
442.707	1624.5
442.928	1581.5
443.149	1632.5
443.371	1659.5
443.592	1691.5
443.813	1850.5
444.034	1903.5
444.255	1742.5
444.476	1703.5
444.698	1738.5
444.919	1748.5
445.14	1842.5
445.361	1747.5
445.582	1683.5
445.803	1808.5
446.024	1860.5
446.245	1859.5
446.466	1731.5
446.687	1560.5
446.908	1511.5
447.129	1432.5
447.35	1411.5
447.571	1398.5
447.792	1405.5
448.013	1429.5
448.234	1413.5
448.455	1503.5
448.675	1688.5
448.896	1826.5
449.117	1599.5
449.338	1558.5
449.559	1691.5
449.779	1828.5
450	1555.5
450.221	1417.5
450.442	1374.5
450.662	1346.5
450.883	1375.5
451.104	1400.5
451.324	1383.5
451.545	1345.5
451.766	1318.5
451.986	1290.5
452.207	1231.5
452.428	1261.5
452.648	1273.5
452.869	1265.5
453.089	1260.5
453.31	1264.5
453.53	1214.5
453.751	1187.5
453.971	1213.5
454.192	1251.5
454.412	1254.5
454.633	1204.5
454.853	1205.5
455.073	1198.5
455.294	1227.5
455.514	1332.5
455.734	1288.5
455.955	1198.5
456.175	1127.5
456.395	1128.5
456.616	1107.5
456.836	1120.5
457.056	1147.5
457.276	1130.5
457.497	1144.5
457.717	1133.5
457.937	1135.5
458.157	1150.5
458.377	1174.5
458.598	1227.5
458.818	1371.5
459.038	1518.5
459.258	1483.5
459.478	1337.5
459.698	1346.5
459.918	1310.5
460.138	1356.5
460.358	1421.5
460.578	1390.5
460.798	1439.5
461.018	1469.5
461.238	1444.5
461.458	1421.5
461.678	1412.5
461.898	1453.5
462.118	1445.5
462.338	1535.5
462.558	1545.5
462.777	1581.5
462.997	1660.5
463.217	1775.5
463.437	1765.5
463.657	1621.5
463.876	1632.5
464.096	1592.5
464.316	1627.5
464.536	1671.5
464.755	1623.5
464.975	1587.5
465.195	1688.5
465.414	1803.5
465.634	1522.5
465.854	1466.5
466.073	1343.5
466.293	1343.5
466.512	1300.5
466.732	1284.5
466.951	1304.5
467.171	1303.5
467.391	1307.5
467.61	1387.5
467.829	1401.5
468.049	1524.5
468.268	1882.5
468.488	1595.5
468.707	1384.5
468.927	1329.5
469.146	1296.5
469.365	1295.5
469.585	1332.5
469.804	1361.5
470.023	1410.5
470.243	1383.5
470.462	1446.5
470.681	1472.5
470.901	1464.5
471.12	1382.5
471.339	1382.5
471.558	1366.5
471.777	1377.5
471.997	1463.5
472.216	1809.5
472.435	2945.5
472.654	2299.5
472.873	1652.5
473.092	1455.5
473.311	1393.5
473.53	1365.5
473.749	1349.5
473.968	1390.5
474.187	1506.5
474.406	1503.5
474.625	1341.5
474.844	1333.5
475.063	1336.5
475.282	1299.5
475.501	1295.5
475.72	1279.5
475.939	1265.5
476.158	1295.5
476.377	1337.5
476.596	1327.5
476.814	1300.5
477.033	1314.5
477.252	1330.5
477.471	1373.5
477.69	1433.5
477.908	1457.5
478.127	1458.5
478.346	1472.5
478.564	1489.5
478.783	1555.5
479.002	1589.5
479.22	1564.5
479.439	1586.5
479.658	1594.5
479.876	1615.5
480.095	1599.5
480.313	1662.5
480.532	1707.5
480.751	1832.5
480.969	2117.5
481.188	3902.5
481.406	4783.5
481.624	2530.5
481.843	2021.5
482.061	1835.5
482.28	1718.5
482.498	1687.5
482.717	1592.5
482.935	1568.5
483.153	1655.5
483.372	1631.5
483.59	1638.5
483.808	1580.5
484.027	1550.5
484.245	1553.5
484.463	1566.5
484.681	1616.5
484.9	1591.5
485.118	1553.5
485.336	1537.5
485.554	1550.5
485.772	1549.5
485.99	1557.5
486.209	1577.5
486.427	1571.5
486.645	1580.5
486.863	1623.5
487.081	1620.5
487.299	1579.5
487.517	1641.5
487.735	1660.5
487.953	1706.5
488.171	1717.5
488.389	1681.5
488.607	1655.5
488.825	1584.5
489.043	1622.5
489.261	1591.5
489.479	1604.5
489.696	1663.5
489.914	1667.5
490.132	1672.5
490.35	1719.5
490.568	1754.5
490.786	1828.5
491.003	1883.5
491.221	1896.5
491.439	1942.5
491.657	1999.5
491.874	2068.5
492.092	2081.5
492.31	2164.5
492.527	2147.5
492.745	2099.5
492.963	2083.5
493.18	2059.5
493.398	2081.5
493.615	2077.5
493.833	2096.5
494.05	2030.5
494.268	2009.5
494.485	2015.5
494.703	1990.5
494.92	1992.5
495.138	1974.5
495.355	1959.5
495.573	1927.5
495.79	1917.5
496.008	1967.5
496.225	1935.5
496.442	1875.5
496.66	1956.5
496.877	1897.5
497.094	1933.5
497.312	1937.5
497.529	1960.5
497.746	1941.5
497.963	1989.5
498.181	2013.5
498.398	2021.5
498.615	2144.5
498.832	2179.5
499.049	2322.5
499.267	2424.5
499.484	2621.5
499.701	2783.5
499.918	3008.5
500.135	3271.5
500.352	3675.5
500.569	3821.5
500.786	3765.5
501.003	3568.5
501.22	3239.5
501.437	3010.5
501.654	2743.5
501.871	2619.5
502.088	2451.5
502.305	2287.5
502.522	2183.5
502.739	2136.5
502.956	2027.5
503.172	1995.5
503.389	1912.5
503.606	1896.5
503.823	1871.5
504.04	1815.5
504.256	1847.5
504.473	1848.5
504.69	1865.5
504.907	1844.5
505.123	1732.5
505.34	1709.5
505.557	1635.5
505.773	1609.5
505.99	1619.5
506.207	1603.5
506.423	1590.5
506.64	1539.5
506.856	1567.5
507.073	1577.5
507.289	1582.5
507.506	1543.5
507.722	1592.5
507.939	1583.5
508.155	1540.5
508.372	1456.5
508.588	1501.5
508.805	1455.5
509.021	1451.5
509.238	1492.5
509.454	1473.5
509.67	1451.5
509.887	1440.5
510.103	1445.5
510.319	1497.5
510.536	1818.5
510.752	3494.5
510.968	2427.5
511.184	1511.5
511.401	1446.5
511.617	1463.5
511.833	1488.5
512.049	1499.5
512.265	1486.5
512.481	1445.5
512.698	1437.5
512.914	1429.5
513.13	1422.5
513.346	1414.5
513.562	1391.5
513.778	1416.5
513.994	1418.5
514.21	1460.5
514.426	1546.5
514.642	1652.5
514.858	1671.5
515.074	1780.5
515.29	2289.5
515.506	3768.5
515.721	2705.5
515.937	1759.5
516.153	1616.5
516.369	1594.5
516.585	1569.5
516.801	1561.5
517.016	1527.5
517.232	1627.5
517.448	1673.5
517.664	1705.5
517.879	1694.5
518.095	1714.5
518.311	1659.5
518.527	1667.5
518.742	1591.5
518.958	1553.5
519.173	1535.5
519.389	1537.5
519.605	1507.5
519.82	1481.5
520.036	1499.5
520.251	1554.5
520.467	1604.5
520.682	1539.5
520.898	1563.5
521.113	1594.5
521.329	1703.5
521.544	1962.5
521.76	2579.5
521.975	5071.5
522.19	4543.5
522.406	2156.5
522.621	1575.5
522.836	1471.5
523.052	1421.5
523.267	1397.5
523.482	1363.5
523.698	1345.5
523.913	1371.5
524.128	1341.5
524.343	1350.5
524.559	1315.5
524.774	1280.5
524.989	1271.5
525.204	1286.5
525.419	1280.5
525.634	1247.5
525.849	1214.5
526.064	1192.5
526.28	1184.5
526.495	1179.5
526.71	1144.5
526.925	1147.5
527.14	1117.5
527.355	1149.5
527.57	1153.5
527.785	1151.5
527.999	1166.5
528.214	1148.5
528.429	1175.5
528.644	1172.5
528.859	1222.5
529.074	1254.5
529.289	1308.5
529.503	1521.5
529.718	1385.5
529.933	1238.5
530.148	1184.5
530.363	1177.5
530.577	1122.5
530.792	1116.5
531.007	1138.5
531.221	1113.5
531.436	1094.5
531.651	1097.5
531.865	1116.5
532.08	1133.5
532.295	1130.5
532.509	1094.5
532.724	1079.5
532.938	1093.5
533.153	1131.5
533.367	1111.5
533.582	1140.5
533.796	1159.5
534.011	1131.5
534.225	1076.5
534.44	1069.5
534.654	1082.5
534.868	1097.5
535.083	1074.5
535.297	1093.5
535.511	1121.5
535.726	1112.5
535.94	1115.5
536.154	1073.5
536.369	1056.5
536.583	1047.5
536.797	1007.5
537.011	1013.5
537.225	1021.5
537.44	1000.5
537.654	1020.5
537.868	1009.5
538.082	1022.5
538.296	1045.5
538.51	1010.5
538.724	1068.5
538.938	1093.5
539.153	1085.5
539.367	1121.5
539.581	1118.5
539.795	1041.5
540.009	981.5
540.222	990.5
540.436	1014.5
540.65	1049.5
540.864	1081.5
541.078	1101.5
541.292	1124.5
541.506	1132.5
541.72	1170.5
541.934	1203.5
542.147	1234.5
542.361	1203.5
542.575	1145.5
542.789	1112.5
543.002	1050.5
543.216	1058.5
543.43	1069.5
543.644	1080.5
543.857	1125.5
544.071	1117.5
544.285	1146.5
544.498	1177.5
544.712	1135.5
544.925	1160.5
545.139	1154.5
545.352	1175.5
545.566	1155.5
545.779	1160.5
545.993	1184.5
546.206	1187.5
546.42	1142.5
546.633	1183.5
546.847	1135.5
547.06	1181.5
547.274	1157.5
547.487	1175.5
547.7	1191.5
547.914	1164.5
548.127	1152.5
548.34	1169.5
548.554	1172.5
548.767	1174.5
548.98	1137.5
549.193	1138.5
549.407	1153.5
549.62	1159.5
549.833	1171.5
550.046	1179.5
550.259	1175.5
550.473	1104.5
550.686	1097.5
550.899	1127.5
551.112	1116.5
551.325	1082.5
551.538	1062.5
551.751	1019.5
551.964	999.5
552.177	1070.5
552.39	1087.5
552.603	1119.5
552.816	1158.5
553.029	1186.5
553.242	1226.5
553.455	1223.5
553.667	1247.5
553.88	1257.5
554.093	1229.5
554.306	1178.5
554.519	1149.5
554.732	1122.5
554.944	1110.5
555.157	1100.5
555.37	1050.5
555.583	1047.5
555.795	1041.5
556.008	1016.5
556.221	989.5
556.433	988.5
556.646	987.5
556.859	978.5
557.071	975.5
557.284	966.5
557.496	1002.5
557.709	994.5
557.921	972.5
558.134	963.5
558.346	934.5
558.559	933.5
558.771	946.5
558.984	919.5
559.196	911.5
559.409	960.5
559.621	903.5
559.833	906.5
560.046	911.5
560.258	936.5
560.47	933.5
560.683	910.5
560.895	913.5
561.107	911.5
561.32	872.5
561.532	886.5
561.744	915.5
561.956	920.5
562.168	927.5
562.381	928.5
562.593	908.5
562.805	919.5
563.017	901.5
563.229	896.5
563.441	894.5
563.653	904.5
563.865	900.5
564.077	901.5
564.289	881.5
564.501	939.5
564.713	896.5
564.925	928.5
565.137	961.5
565.349	932.5
565.561	957.5
565.773	1009.5
565.985	1025.5
566.197	1066.5
566.408	1126.5
566.62	1155.5
566.832	1231.5
567.044	1242.5
567.255	1243.5
567.467	1270.5
567.679	1283.5
567.891	1340.5
568.102	1383.5
568.314	1290.5
568.526	1176.5
568.737	1103.5
568.949	1003.5
569.161	914.5
569.372	884.5
569.584	882.5
569.795	833.5
570.007	840.5
570.218	951.5
570.43	891.5
570.641	813.5
570.853	827.5
571.064	861.5
571.276	836.5
571.487	809.5
571.698	766.5
571.91	787.5
572.121	755.5
572.333	701.5
572.544	716.5
572.755	673.5
572.966	688.5
573.178	672.5
573.389	682.5
573.6	670.5
573.811	660.5
574.023	671.5
574.234	656.5
574.445	667.5
574.656	641.5
574.867	668.5
575.078	671.5
575.289	655.5
575.501	641.5
575.712	631.5
575.923	612.5
576.134	642.5
576.345	644.5
576.556	639.5
576.767	626.5
576.978	672.5
577.188	624.5
577.399	616.5
577.61	596.5
577.821	630.5
578.032	649.5
578.243	709.5
578.454	1314.5
578.665	846.5
578.875	660.5
579.086	615.5
579.297	579.5
579.508	581.5
579.718	574.5
579.929	603.5
580.14	569.5
580.35	567.5
580.561	576.5
580.772	572.5
580.982	563.5
581.193	561.5
581.403	575.5
581.614	592.5
581.825	583.5
582.035	575.5
582.246	566.5
582.456	557.5
582.667	574.5
582.877	564.5
583.087	550.5
583.298	560.5
583.508	559.5
583.719	548.5
583.929	551.5
584.139	534.5
584.35	524.5
584.56	539.5
584.77	546.5
584.981	536.5
585.191	524.5
585.401	521.5
585.611	528.5
585.821	515.5
586.032	532.5
586.242	522.5
586.452	545.5
586.662	509.5
586.872	507.5
587.082	532.5
587.292	517.5
587.502	516.5
587.713	531.5
587.923	495.5
588.133	525.5
588.343	501.5
588.553	517.5
588.762	514.5
588.972	505.5
589.182	534.5
589.392	534.5
589.602	511.5
589.812	573.5
590.022	530.5
590.232	507.5
590.441	516.5
590.651	519.5
590.861	510.5
591.071	505.5
591.281	537.5
591.49	534.5
591.7	543.5
591.91	561.5
592.119	578.5
592.329	539.5
592.539	579.5
592.748	580.5
592.958	576.5
593.167	622.5
593.377	616.5
593.587	611.5
593.796	595.5
594.006	623.5
594.215	637.5
594.424	635.5
594.634	627.5
594.843	599.5
595.053	591.5
595.262	558.5
595.472	572.5
595.681	530.5
595.89	513.5
596.1	527.5
596.309	510.5
596.518	510.5
596.727	511.5
596.937	515.5
597.146	487.5
597.355	511.5
597.564	499.5
597.774	485.5
597.983	481.5
598.192	467.5
598.401	465.5
598.61	455.5
598.819	471.5
599.028	456.5
599.237	462.5
599.446	465.5
599.655	456.5
599.864	477.5
600.073	453.5
600.282	479.5
600.491	467.5
600.7	477.5
600.909	454.5
601.118	477.5
601.327	487.5
601.536	502.5
601.745	494.5
601.953	503.5
602.162	471.5
602.371	492.5
602.58	509.5
602.789	514.5
602.997	489.5
603.206	509.5
603.415	516.5
603.623	500.5
603.832	484.5
604.041	494.5
604.249	459.5
604.458	438.5
604.666	459.5
604.875	438.5
605.084	455.5
605.292	476.5
605.501	502.5
605.709	499.5
605.918	508.5
606.126	507.5
606.334	494.5
606.543	508.5
606.751	499.5
606.96	484.5
607.168	502.5
607.376	513.5
607.585	496.5
607.793	509.5
608.001	533.5
608.21	515.5
608.418	509.5
608.626	508.5
608.834	502.5
609.043	510.5
609.251	512.5
609.459	484.5
609.667	494.5
609.875	505.5
610.083	514.5
610.291	488.5
610.499	500.5
610.707	498.5
610.916	502.5
611.124	502.5
611.332	504.5
611.54	524.5
611.748	496.5
611.955	512.5
612.163	492.5
612.371	507.5
612.579	487.5
612.787	504.5
612.995	484.5
613.203	482.5
613.411	491.5
613.618	480.5
613.826	497.5
614.034	476.5
614.242	492.5
614.449	467.5
614.657	471.5
614.865	487.5
615.072	476.5
615.28	487.5
615.488	476.5
615.695	491.5
615.903	479.5
616.111	495.5
616.318	496.5
616.526	483.5
616.733	487.5
616.941	489.5
617.148	487.5
617.356	486.5
617.563	475.5
617.771	464.5
617.978	466.5
618.185	468.5
618.393	459.5
618.6	463.5
618.807	469.5
619.015	485.5
619.222	470.5
619.429	456.5
619.637	437.5
619.844	424.5
620.051	417.5
620.258	447.5
620.466	456.5
620.673	412.5
620.88	422.5
621.087	434.5
621.294	422.5
621.501	425.5
621.708	423.5
621.915	430.5
622.122	442.5
622.329	433.5
622.536	420.5
622.743	433.5
622.95	431.5
623.157	423.5
623.364	428.5
623.571	423.5
623.778	435.5
623.985	415.5
624.192	443.5
624.399	424.5
624.606	422.5
624.812	431.5
625.019	398.5
625.226	417.5
625.433	423.5
625.639	375.5
625.846	364.5
626.053	363.5
626.259	371.5
626.466	360.5
626.673	348.5
626.879	351.5
627.086	349.5
627.293	376.5
627.499	407.5
627.706	355.5
627.912	403.5
628.119	407.5
628.325	415.5
628.532	393.5
628.738	393.5
628.945	388.5
629.151	404.5
629.357	392.5
629.564	369.5
629.77	381.5
629.976	364.5
630.183	358.5
630.389	368.5
630.595	363.5
630.802	376.5
631.008	381.5
631.214	368.5
631.42	351.5
631.627	339.5
631.833	350.5
632.039	352.5
632.245	364.5
632.451	354.5
632.657	356.5
632.863	349.5
633.069	354.5
633.275	337.5
633.481	338.5
633.688	336.5
633.893	340.5
634.099	322.5
634.305	329.5
634.511	335.5
634.717	323.5
634.923	308.5
635.129	312.5
635.335	319.5
635.541	326.5
635.747	342.5
635.952	361.5
636.158	377.5
636.364	461.5
636.57	515.5
636.775	415.5
636.981	397.5
637.187	373.5
637.392	380.5
637.598	328.5
637.804	363.5
638.009	346.5
638.215	341.5
638.421	352.5
638.626	348.5
638.832	330.5
639.037	329.5
639.243	336.5
639.448	309.5
639.654	328.5
639.859	320.5
640.065	307.5
640.27	313.5
640.475	311.5
640.681	307.5
640.886	313.5
641.091	327.5
641.297	311.5
641.502	317.5
641.707	305.5
641.913	308.5
642.118	318.5
642.323	327.5
642.528	321.5
642.733	325.5
642.939	309.5
643.144	301.5
643.349	305.5
643.554	303.5
643.759	300.5
643.964	292.5
644.169	287.5
644.374	295.5
644.579	302.5
644.784	300.5
644.989	281.5
645.194	302.5
645.399	319.5
645.604	302.5
645.809	305.5
646.014	304.5
646.219	304.5
646.423	318.5
646.628	307.5
646.833	298.5
647.038	301.5
647.243	297.5
647.447	330.5
647.652	289.5
647.857	301.5
648.062	297.5
648.266	295.5
648.471	320.5
648.676	316.5
648.88	329.5
649.085	297.5
649.289	304.5
649.494	294.5
649.698	335.5
649.903	326.5
650.107	292.5
650.312	296.5
650.516	280.5
650.721	264.5
650.925	265.5
651.13	255.5
651.334	281.5
651.539	278.5
651.743	254.5
651.947	271.5
652.152	235.5
652.356	252.5
652.56	238.5
652.764	235.5
652.969	240.5
653.173	219.5
653.377	253.5
653.581	233.5
653.785	231.5
653.99	225.5
654.194	223.5
654.398	209.5
654.602	204.5
654.806	217.5
655.01	225.5
655.214	229.5
655.418	209.5
655.622	210.5
655.826	196.5
656.03	239.5
656.234	229.5
656.438	211.5
656.642	213.5
656.846	195.5
657.049	196.5
657.253	190.5
657.457	176.5
657.661	167.5
657.865	183.5
658.068	162.5
658.272	170.5
658.476	152.5
658.68	152.5
658.883	150.5
659.087	142.5
659.291	125.5
659.494	130.5
659.698	131.5
659.901	132.5
660.105	127.5
660.309	117.5
660.512	138.5
660.716	99.5
660.919	117.5
661.123	119.5
661.326	111.5
661.53	104.5
661.733	107.5
661.936	102.5
662.14	89.5
662.343	105.5
662.546	87.5
662.75	89.5
662.953	84.5
663.156	91.5
663.36	91.5
663.563	95.5
663.766	92.5
663.969	88.5
664.173	77.5
664.376	84.5
664.579	77.5
664.782	83.5
664.985	95.5
665.188	84.5
665.391	78.5
665.594	94.5
665.797	83.5
666	89.5
666.203	87.5
666.406	84.5
666.609	95.5
666.812	92.5
667.015	84.5
667.218	67.5
667.421	90.5
667.624	90.5
667.827	80.5
668.03	83.5
668.232	82.5
668.435	95.5
668.638	97.5
668.841	87.5
669.043	99.5
669.246	80.5
669.449	86.5
669.651	72.5
669.854	87.5
670.057	85.5
670.259	87.5
670.462	76.5
670.665	78.5
670.867	80.5
671.07	81.5
671.272	93.5
671.475	85.5
671.677	89.5
671.88	79.5
672.082	87.5
672.284	68.5
672.487	87.5
672.689	89.5
672.892	64.5
