223.165	-14.19
223.4	-14.19
223.635	-14.19
223.869	-31.19
224.104	-11.19
224.338	-15.19
224.573	-26.19
224.808	0.81
225.042	0.81
225.277	-20.19
225.511	-8.19
225.746	12.81
225.98	11.81
226.215	11.81
226.449	17.81
226.683	25.81
226.918	17.81
227.152	26.81
227.387	21.81
227.621	22.81
227.856	34.81
228.09	33.81
228.324	46.81
228.559	39.81
228.793	73.81
229.027	126.81
229.262	151.81
229.496	143.81
229.73	186.81
229.964	208.81
230.199	158.81
230.433	159.81
230.667	145.81
230.901	143.81
231.136	156.81
231.37	171.81
231.604	136.81
231.838	136.81
232.072	158.81
232.306	147.81
232.541	153.81
232.775	143.81
233.009	145.81
233.243	161.81
233.477	161.81
233.711	156.81
233.945	152.81
234.179	154.81
234.413	149.81
234.647	151.81
234.881	155.81
235.115	165.81
235.349	165.81
235.583	155.81
235.817	160.81
236.051	167.81
236.285	183.81
236.519	160.81
236.753	165.81
236.987	190.81
237.221	243.81
237.455	324.81
237.689	255.81
237.922	204.81
238.156	188.81
238.39	191.81
238.624	168.81
238.858	181.81
239.091	170.81
239.325	168.81
239.559	175.81
239.793	199.81
240.027	189.81
240.26	206.81
240.494	219.81
240.728	211.81
240.961	220.81
241.195	212.81
241.429	187.81
241.662	198.81
241.896	187.81
242.13	190.81
242.363	193.81
242.597	205.81
242.83	209.81
243.064	205.81
243.298	199.81
243.531	205.81
243.765	207.81
243.998	237.81
244.232	216.81
244.465	225.81
244.699	230.81
244.932	229.81
245.166	233.81
245.399	222.81
245.633	240.81
245.866	225.81
246.099	216.81
246.333	233.81
246.566	231.81
246.8	227.81
247.033	248.81
247.266	254.81
247.5	254.81
247.733	256.81
247.966	263.81
248.2	272.81
248.433	283.81
248.666	287.81
248.899	269.81
249.133	297.81
249.366	328.81
249.599	331.81
249.832	298.81
250.066	320.81
250.299	358.81
250.532	424.81
250.765	452.81
250.998	447.81
251.231	394.81
251.465	357.81
251.698	345.81
251.931	325.81
252.164	323.81
252.397	332.81
252.63	335.81
252.863	332.81
253.096	332.81
253.329	351.81
253.562	353.81
253.795	352.81
254.028	332.81
254.261	368.81
254.494	363.81
254.727	392.81
254.96	397.81
255.193	409.81
255.426	396.81
255.659	435.81
255.892	526.81
256.124	693.81
256.357	704.81
256.59	584.81
256.823	489.81
257.056	450.81
257.289	416.81
257.521	405.81
257.754	395.81
257.987	380.81
258.22	382.81
258.452	384.81
258.685	375.81
258.918	378.81
259.151	353.81
259.383	361.81
259.616	367.81
259.849	382.81
260.081	368.81
260.314	386.81
260.547	403.81
260.779	378.81
261.012	371.81
261.244	374.81
261.477	382.81
261.71	350.81
261.942	388.81
262.175	381.81
262.407	376.81
262.64	344.81
262.872	363.81
263.105	345.81
263.337	367.81
263.57	351.81
263.802	365.81
264.035	359.81
264.267	370.81
264.499	369.81
264.732	349.81
264.964	354.81
265.197	366.81
265.429	381.81
265.661	344.81
265.894	366.81
266.126	365.81
266.358	380.81
266.591	386.81
266.823	381.81
267.055	384.81
267.287	380.81
267.52	376.81
267.752	378.81
267.984	372.81
268.216	395.81
268.448	391.81
268.681	387.81
268.913	410.81
269.145	418.81
269.377	448.81
269.609	431.81
269.841	430.81
270.073	407.81
270.306	447.81
270.538	462.81
270.77	471.81
271.002	447.81
271.234	446.81
271.466	458.81
271.698	483.81
271.93	477.81
272.162	483.81
272.394	504.81
272.626	491.81
272.858	487.81
273.09	467.81
273.322	475.81
273.553	467.81
273.785	464.81
274.017	478.81
274.249	458.81
274.481	455.81
274.713	474.81
274.945	466.81
275.176	460.81
275.408	488.81
275.64	482.81
275.872	477.81
276.104	499.81
276.335	496.81
276.567	493.81
276.799	529.81
277.031	558.81
277.262	587.81
277.494	577.81
277.726	547.81
277.957	512.81
278.189	506.81
278.421	488.81
278.652	494.81
278.884	489.81
279.115	499.81
279.347	509.81
279.579	513.81
279.81	503.81
280.042	553.81
280.273	572.81
280.505	593.81
280.736	538.81
280.968	518.81
281.199	501.81
281.431	514.81
281.662	493.81
281.894	501.81
282.125	507.81
282.356	543.81
282.588	566.81
282.819	571.81
283.051	523.81
283.282	500.81
283.513	513.81
283.745	504.81
283.976	506.81
284.207	499.81
284.439	526.81
284.67	511.81
284.901	501.81
285.132	519.81
285.364	519.81
285.595	502.81
285.826	506.81
286.057	523.81
286.288	522.81
286.52	544.81
286.751	520.81
286.982	519.81
287.213	512.81
287.444	520.81
287.675	549.81
287.906	553.81
288.138	559.81
288.369	523.81
288.6	535.81
288.831	536.81
289.062	531.81
289.293	563.81
289.524	536.81
289.755	552.81
289.986	547.81
290.217	557.81
290.448	533.81
290.679	550.81
290.91	549.81
291.141	550.81
291.371	553.81
291.602	545.81
291.833	544.81
292.064	549.81
292.295	546.81
292.526	567.81
292.757	538.81
292.987	550.81
293.218	525.81
293.449	549.81
293.68	550.81
293.91	554.81
294.141	540.81
294.372	530.81
294.603	575.81
294.833	563.81
295.064	560.81
295.295	557.81
295.525	555.81
295.756	555.81
295.987	608.81
296.217	626.81
296.448	653.81
296.679	571.81
296.909	549.81
297.14	591.81
297.37	568.81
297.601	579.81
297.831	582.81
298.062	591.81
298.292	568.81
298.523	623.81
298.753	597.81
298.984	604.81
299.214	585.81
299.445	589.81
299.675	615.81
299.905	610.81
300.136	614.81
300.366	606.81
300.597	597.81
300.827	614.81
301.057	631.81
301.288	653.81
301.518	651.81
301.748	637.81
301.979	654.81
302.209	655.81
302.439	667.81
302.669	667.81
302.9	615.81
303.13	637.81
303.36	636.81
303.59	677.81
303.82	671.81
304.051	705.81
304.281	667.81
304.511	658.81
304.741	635.81
304.971	642.81
305.201	628.81
305.431	622.81
305.661	658.81
305.891	637.81
306.121	658.81
306.352	636.81
306.582	662.81
306.812	664.81
307.042	661.81
307.272	699.81
307.502	699.81
307.731	705.81
307.961	707.81
308.191	671.81
308.421	649.81
308.651	657.81
308.881	657.81
309.111	669.81
309.341	665.81
309.571	673.81
309.8	691.81
310.03	718.81
310.26	700.81
310.49	711.81
310.72	749.81
310.949	777.81
311.179	760.81
311.409	746.81
311.639	746.81
311.868	714.81
312.098	734.81
312.328	744.81
312.557	779.81
312.787	817.81
313.017	806.81
313.246	773.81
313.476	743.81
313.706	759.81
313.935	785.81
314.165	797.81
314.394	826.81
314.624	777.81
314.853	791.81
315.083	739.81
315.312	753.81
315.542	737.81
315.771	737.81
316.001	769.81
316.23	736.81
316.46	750.81
316.689	744.81
316.919	757.81
317.148	801.81
317.377	757.81
317.607	802.81
317.836	811.81
318.065	774.81
318.295	800.81
318.524	775.81
318.753	773.81
318.983	792.81
319.212	771.81
319.441	795.81
319.67	797.81
319.9	796.81
320.129	809.81
320.358	794.81
320.587	787.81
320.816	797.81
321.046	835.81
321.275	832.81
321.504	822.81
321.733	842.81
321.962	851.81
322.191	885.81
322.42	888.81
322.649	939.81
322.878	943.81
323.108	942.81
323.337	994.81
323.566	1070.81
323.795	1125.81
324.024	1211.81
324.253	1463.81
324.482	2074.81
324.71	3167.81
324.939	4444.81
325.168	3575.81
325.397	1946.81
325.626	1394.81
325.855	1248.81
326.084	1178.81
326.313	1125.81
326.542	1165.81
326.77	1287.81
326.999	1488.81
327.228	2041.81
327.457	2974.81
327.686	3499.81
327.914	2345.81
328.143	1968.81
328.372	1998.81
328.6	1826.81
328.829	1505.81
329.058	1450.81
329.287	1477.81
329.515	1468.81
329.744	1505.81
329.972	1830.81
330.201	2369.81
330.43	2959.81
330.658	2491.81
330.887	1817.81
331.115	1546.81
331.344	1386.81
331.572	1294.81
331.801	1292.81
332.03	1258.81
332.258	1259.81
332.486	1226.81
332.715	1236.81
332.943	1269.81
333.172	1336.81
333.4	1397.81
333.629	1537.81
333.857	1713.81
334.085	1996.81
334.314	2625.81
334.542	3559.81
334.771	3806.81
334.999	2477.81
335.227	1717.81
335.455	1477.81
335.684	1386.81
335.912	1254.81
336.14	1218.81
336.369	1197.81
336.597	1190.81
336.825	1161.81
337.053	1135.81
337.281	1073.81
337.51	1073.81
337.738	1053.81
337.966	1061.81
338.194	1069.81
338.422	1050.81
338.65	1026.81
338.878	992.81
339.106	986.81
339.334	1001.81
339.562	971.81
339.79	1007.81
340.018	990.81
340.246	958.81
340.474	987.81
340.702	969.81
340.93	945.81
341.158	958.81
341.386	959.81
341.614	977.81
341.842	965.81
342.07	935.81
342.298	930.81
342.526	941.81
342.754	919.81
342.981	934.81
343.209	927.81
343.437	957.81
343.665	979.81
343.893	1055.81
344.12	1076.81
344.348	1040.81
344.576	1018.81
344.804	1001.81
345.031	1020.81
345.259	986.81
345.487	973.81
345.714	940.81
345.942	957.81
346.17	909.81
346.397	944.81
346.625	909.81
346.853	913.81
347.08	935.81
347.308	931.81
347.535	929.81
347.763	949.81
347.99	946.81
348.218	930.81
348.445	937.81
348.673	952.81
348.9	933.81
349.128	935.81
349.355	898.81
349.583	892.81
349.81	919.81
350.037	891.81
350.265	879.81
350.492	892.81
350.72	866.81
350.947	889.81
351.174	935.81
351.402	955.81
351.629	926.81
351.856	935.81
352.083	945.81
352.311	940.81
352.538	958.81
352.765	946.81
352.992	930.81
353.22	919.81
353.447	954.81
353.674	892.81
353.901	893.81
354.128	913.81
354.355	891.81
354.583	894.81
354.81	860.81
355.037	907.81
355.264	885.81
355.491	896.81
355.718	870.81
355.945	855.81
356.172	907.81
356.399	891.81
356.626	871.81
356.853	879.81
357.08	865.81
357.307	887.81
357.534	894.81
357.761	910.81
357.988	882.81
358.215	888.81
358.441	899.81
358.668	875.81
358.895	886.81
359.122	889.81
359.349	929.81
359.576	928.81
359.802	979.81
360.029	1046.81
360.256	1052.81
360.483	1026.81
360.709	937.81
360.936	953.81
361.163	950.81
361.39	960.81
361.616	958.81
361.843	959.81
362.07	946.81
362.296	955.81
362.523	949.81
362.749	979.81
362.976	944.81
363.203	937.81
363.429	897.81
363.656	938.81
363.882	946.81
364.109	917.81
364.335	941.81
364.562	927.81
364.788	913.81
365.015	955.81
365.241	930.81
365.468	973.81
365.694	931.81
365.92	950.81
366.147	936.81
366.373	948.81
366.599	947.81
366.826	915.81
367.052	924.81
367.278	946.81
367.505	937.81
367.731	940.81
367.957	958.81
368.184	957.81
368.41	959.81
368.636	992.81
368.862	981.81
369.089	989.81
369.315	976.81
369.541	954.81
369.767	943.81
369.993	969.81
370.219	961.81
370.445	965.81
370.672	967.81
370.898	963.81
371.124	954.81
371.35	972.81
371.576	1006.81
371.802	960.81
372.028	960.81
372.254	978.81
372.48	978.81
372.706	991.81
372.932	1007.81
373.158	988.81
373.384	990.81
373.61	977.81
373.835	997.81
374.061	1000.81
374.287	995.81
374.513	1006.81
374.739	1031.81
374.965	1044.81
375.191	1056.81
375.416	1051.81
375.642	1016.81
375.868	1032.81
376.094	1026.81
376.319	997.81
376.545	1004.81
376.771	986.81
376.997	970.81
377.222	964.81
377.448	971.81
377.674	964.81
377.899	982.81
378.125	980.81
378.35	978.81
378.576	966.81
378.802	938.81
379.027	963.81
379.253	949.81
379.478	962.81
379.704	976.81
379.929	976.81
380.155	991.81
380.38	992.81
380.606	983.81
380.831	967.81
381.057	979.81
381.282	1013.81
381.507	982.81
381.733	1025.81
381.958	1015.81
382.184	1017.81
382.409	1006.81
382.634	1014.81
382.86	1032.81
383.085	1024.81
383.31	1071.81
383.535	1088.81
383.761	1095.81
383.986	1070.81
384.211	1111.81
384.436	1126.81
384.662	1103.81
384.887	1111.81
385.112	1136.81
385.337	1145.81
385.562	1179.81
385.787	1191.81
386.013	1199.81
386.238	1196.81
386.463	1203.81
386.688	1168.81
386.913	1109.81
387.138	1119.81
387.363	1147.81
387.588	1136.81
387.813	1136.81
388.038	1127.81
388.263	1160.81
388.488	1186.81
388.713	1132.81
388.938	1152.81
389.163	1160.81
389.387	1126.81
389.612	1105.81
389.837	1145.81
390.062	1144.81
390.287	1163.81
390.512	1128.81
390.736	1159.81
390.961	1178.81
391.186	1202.81
391.411	1219.81
391.636	1213.81
391.86	1247.81
392.085	1266.81
392.31	1279.81
392.534	1249.81
392.759	1223.81
392.984	1213.81
393.208	1238.81
393.433	1205.81
393.658	1217.81
393.882	1218.81
394.107	1239.81
394.331	1230.81
394.556	1214.81
394.78	1230.81
395.005	1254.81
395.229	1242.81
395.454	1288.81
395.678	1295.81
395.903	1306.81
396.127	1329.81
396.352	1296.81
396.576	1272.81
396.801	1244.81
397.025	1278.81
397.249	1303.81
397.474	1325.81
397.698	1295.81
397.922	1350.81
398.147	1347.81
398.371	1366.81
398.595	1396.81
398.82	1409.81
399.044	1505.81
399.268	1615.81
399.492	1801.81
399.717	2001.81
399.941	1975.81
400.165	1878.81
400.389	1812.81
400.613	1661.81
400.837	1571.81
401.062	1500.81
401.286	1478.81
401.51	1469.81
401.734	1469.81
401.958	1485.81
402.182	1518.81
402.406	1576.81
402.63	1602.81
402.854	1558.81
403.078	1568.81
403.302	1605.81
403.526	1631.81
403.75	1657.81
403.974	1727.81
404.198	1703.81
404.422	1730.81
404.645	1730.81
404.869	1784.81
405.093	1867.81
405.317	1937.81
405.541	2017.81
405.765	1861.81
405.988	1789.81
406.212	1778.81
406.436	1844.81
406.66	1866.81
406.883	1807.81
407.107	1835.81
407.331	1917.81
407.555	2041.81
407.778	2056.81
408.002	1900.81
408.226	1861.81
408.449	1785.81
408.673	1711.81
408.896	1741.81
409.12	1804.81
409.344	1731.81
409.567	1671.81
409.791	1697.81
410.014	1641.81
410.238	1661.81
410.461	1639.81
410.685	1637.81
410.908	1622.81
411.132	1677.81
411.355	1709.81
411.578	1693.81
411.802	1643.81
412.025	1688.81
412.249	1722.81
412.472	1853.81
412.695	1937.81
412.919	1857.81
413.142	1818.81
413.365	1743.81
413.589	1703.81
413.812	1628.81
414.035	1543.81
414.258	1592.81
414.482	1555.81
414.705	1561.81
414.928	1601.81
415.151	1538.81
415.374	1542.81
415.597	1543.81
415.821	1536.81
416.044	1520.81
416.267	1556.81
416.49	1495.81
416.713	1478.81
416.936	1543.81
417.159	1501.81
417.382	1563.81
417.605	1568.81
417.828	1612.81
418.051	1582.81
418.274	1580.81
418.497	1514.81
418.72	1589.81
418.943	1525.81
419.166	1642.81
419.389	1737.81
419.611	1773.81
419.834	1720.81
420.057	1758.81
420.28	1838.81
420.503	1820.81
420.726	1760.81
420.948	1728.81
421.171	1758.81
421.394	1754.81
421.617	1668.81
421.839	1650.81
422.062	1659.81
422.285	1597.81
422.507	1702.81
422.73	1788.81
422.953	1781.81
423.175	1672.81
423.398	1652.81
423.621	1647.81
423.843	1729.81
424.066	1663.81
424.288	1661.81
424.511	1739.81
424.733	1789.81
424.956	1865.81
425.178	1818.81
425.401	1760.81
425.623	1816.81
425.846	1641.81
426.068	1583.81
426.291	1557.81
426.513	1539.81
426.735	1583.81
426.958	1614.81
427.18	1735.81
427.402	1984.81
427.625	2173.81
427.847	2039.81
428.069	1884.81
428.292	1778.81
428.514	1582.81
428.736	1530.81
428.958	1506.81
429.181	1442.81
429.403	1423.81
429.625	1488.81
429.847	1514.81
430.069	1571.81
430.292	1546.81
430.514	1474.81
430.736	1426.81
430.958	1431.81
431.18	1378.81
431.402	1376.81
431.624	1371.81
431.846	1376.81
432.068	1329.81
432.29	1393.81
432.512	1384.81
432.734	1394.81
432.956	1422.81
433.178	1463.81
433.4	1481.81
433.622	1442.81
433.844	1411.81
434.066	1414.81
434.287	1358.81
434.509	1387.81
434.731	1451.81
434.953	1496.81
435.175	1521.81
435.397	1541.81
435.618	1534.81
435.84	1527.81
436.062	1690.81
436.284	1763.81
436.505	1591.81
436.727	1526.81
436.949	1482.81
437.17	1450.81
437.392	1408.81
437.614	1412.81
437.835	1469.81
438.057	1680.81
438.278	1768.81
438.5	1739.81
438.721	1874.81
438.943	1804.81
439.165	1543.81
439.386	1519.81
439.608	1554.81
439.829	1550.81
440.05	1584.81
440.272	1680.81
440.493	1594.81
440.715	1544.81
440.936	1508.81
441.158	1540.81
441.379	1549.81
441.6	1589.81
441.822	1654.81
442.043	1689.81
442.264	1756.81
442.486	1816.81
442.707	1656.81
442.928	1615.81
443.149	1647.81
443.371	1663.81
443.592	1728.81
443.813	1861.81
444.034	1923.81
444.255	1736.81
444.476	1693.81
444.698	1749.81
444.919	1794.81
445.14	1883.81
445.361	1766.81
445.582	1723.81
445.803	1793.81
446.024	1888.81
446.245	1878.81
446.466	1736.81
446.687	1605.81
446.908	1551.81
447.129	1504.81
447.35	1467.81
447.571	1454.81
447.792	1429.81
448.013	1433.81
448.234	1468.81
448.455	1509.81
448.675	1653.81
448.896	1816.81
449.117	1617.81
449.338	1601.81
449.559	1736.81
449.779	1854.81
450	1574.81
450.221	1427.81
450.442	1411.81
450.662	1352.81
450.883	1397.81
451.104	1451.81
451.324	1397.81
451.545	1343.81
451.766	1327.81
451.986	1293.81
452.207	1257.81
452.428	1255.81
452.648	1258.81
452.869	1255.81
453.089	1239.81
453.31	1282.81
453.53	1219.81
453.751	1208.81
453.971	1225.81
454.192	1291.81
454.412	1264.81
454.633	1253.81
454.853	1224.81
455.073	1226.81
455.294	1283.81
455.514	1353.81
455.734	1327.81
455.955	1193.81
456.175	1146.81
456.395	1150.81
456.616	1138.81
456.836	1142.81
457.056	1149.81
457.276	1139.81
457.497	1160.81
457.717	1150.81
457.937	1144.81
458.157	1176.81
458.377	1205.81
458.598	1286.81
458.818	1385.81
459.038	1554.81
459.258	1477.81
459.478	1385.81
459.698	1360.81
459.918	1357.81
460.138	1346.81
460.358	1450.81
460.578	1421.81
460.798	1483.81
461.018	1492.81
461.238	1459.81
461.458	1449.81
461.678	1438.81
461.898	1449.81
462.118	1451.81
462.338	1505.81
462.558	1556.81
462.777	1611.81
462.997	1710.81
463.217	1774.81
463.437	1803.81
463.657	1711.81
463.876	1611.81
464.096	1623.81
464.316	1662.81
464.536	1641.81
464.755	1598.81
464.975	1616.81
465.195	1685.81
465.414	1789.81
465.634	1543.81
465.854	1437.81
466.073	1382.81
466.293	1398.81
466.512	1376.81
466.732	1333.81
466.951	1336.81
467.171	1321.81
467.391	1359.81
467.61	1393.81
467.829	1503.81
468.049	1645.81
468.268	2150.81
468.488	1696.81
468.707	1481.81
468.927	1403.81
469.146	1356.81
469.365	1358.81
469.585	1357.81
469.804	1402.81
470.023	1449.81
470.243	1437.81
470.462	1421.81
470.681	1554.81
470.901	1475.81
471.12	1388.81
471.339	1424.81
471.558	1400.81
471.777	1462.81
471.997	1555.81
472.216	2000.81
472.435	3653.81
472.654	2717.81
472.873	1788.81
473.092	1589.81
473.311	1496.81
473.53	1434.81
473.749	1442.81
473.968	1461.81
474.187	1586.81
474.406	1545.81
474.625	1441.81
474.844	1378.81
475.063	1351.81
475.282	1350.81
475.501	1334.81
475.72	1319.81
475.939	1318.81
476.158	1353.81
476.377	1362.81
476.596	1352.81
476.814	1346.81
477.033	1370.81
477.252	1385.81
477.471	1385.81
477.69	1456.81
477.908	1450.81
478.127	1505.81
478.346	1503.81
478.564	1580.81
478.783	1597.81
479.002	1626.81
479.22	1650.81
479.439	1598.81
479.658	1651.81
479.876	1711.81
480.095	1651.81
480.313	1763.81
480.532	1804.81
480.751	1914.81
480.969	2382.81
481.188	4672.81
481.406	5914.81
481.624	2988.81
481.843	2319.81
482.061	2018.81
482.28	1872.81
482.498	1810.81
482.717	1691.81
482.935	1672.81
483.153	1717.81
483.372	1698.81
483.59	1677.81
483.808	1679.81
484.027	1618.81
484.245	1611.81
484.463	1640.81
484.681	1677.81
484.9	1619.81
485.118	1628.81
485.336	1606.81
485.554	1639.81
485.772	1582.81
485.99	1599.81
486.209	1593.81
486.427	1626.81
486.645	1646.81
486.863	1735.81
487.081	1725.81
487.299	1692.81
487.517	1675.81
487.735	1723.81
487.953	1755.81
488.171	1787.81
488.389	1756.81
488.607	1705.81
488.825	1634.81
489.043	1627.81
489.261	1629.81
489.479	1677.81
489.696	1715.81
489.914	1735.81
490.132	1777.81
490.35	1839.81
490.568	1888.81
490.786	1923.81
491.003	1953.81
491.221	2011.81
491.439	2076.81
491.657	2138.81
491.874	2197.81
492.092	2266.81
492.31	2321.81
492.527	2350.81
492.745	2302.81
492.963	2304.81
493.18	2237.81
493.398	2257.81
493.615	2242.81
493.833	2217.81
494.05	2177.81
494.268	2107.81
494.485	2109.81
494.703	2117.81
494.92	2103.81
495.138	2055.81
495.355	2036.81
495.573	2022.81
495.79	2049.81
496.008	2016.81
496.225	2018.81
496.442	1958.81
496.66	2034.81
496.877	1966.81
497.094	2010.81
497.312	2022.81
497.529	2050.81
497.746	2005.81
497.963	2052.81
498.181	2106.81
498.398	2180.81
498.615	2160.81
498.832	2266.81
499.049	2337.81
499.267	2478.81
499.484	2647.81
499.701	2863.81
499.918	3103.81
500.135	3361.81
500.352	3725.81
500.569	3837.81
500.786	3891.81
501.003	3639.81
501.22	3365.81
501.437	3075.81
501.654	2787.81
501.871	2674.81
502.088	2489.81
502.305	2355.81
502.522	2285.81
502.739	2206.81
502.956	2101.81
503.172	2003.81
503.389	1959.81
503.606	1941.81
503.823	1933.81
504.04	1863.81
504.256	1860.81
504.473	1903.81
504.69	1876.81
504.907	1871.81
505.123	1821.81
505.34	1762.81
505.557	1733.81
505.773	1701.81
505.99	1685.81
506.207	1666.81
506.423	1648.81
506.64	1625.81
506.856	1579.81
507.073	1594.81
507.289	1563.81
507.506	1577.81
507.722	1622.81
507.939	1592.81
508.155	1586.81
508.372	1525.81
508.588	1492.81
508.805	1483.81
509.021	1500.81
509.238	1494.81
509.454	1478.81
509.67	1453.81
509.887	1486.81
510.103	1491.81
510.319	1481.81
510.536	1846.81
510.752	3459.81
510.968	2399.81
511.184	1579.81
511.401	1501.81
511.617	1480.81
511.833	1525.81
512.049	1622.81
512.265	1560.81
512.481	1514.81
512.698	1488.81
512.914	1461.81
513.13	1475.81
513.346	1466.81
513.562	1464.81
513.778	1460.81
513.994	1457.81
514.21	1491.81
514.426	1547.81
514.642	1645.81
514.858	1651.81
515.074	1792.81
515.29	2257.81
515.506	3719.81
515.721	2766.81
515.937	1803.81
516.153	1641.81
516.369	1595.81
516.585	1547.81
516.801	1585.81
517.016	1609.81
517.232	1652.81
517.448	1675.81
517.664	1717.81
517.879	1726.81
518.095	1735.81
518.311	1699.81
518.527	1642.81
518.742	1583.81
518.958	1574.81
519.173	1541.81
519.389	1553.81
519.605	1505.81
519.82	1498.81
520.036	1533.81
520.251	1539.81
520.467	1583.81
520.682	1551.81
520.898	1534.81
521.113	1616.81
521.329	1730.81
521.544	1968.81
521.76	2641.81
521.975	4990.81
522.19	4560.81
522.406	2191.81
522.621	1635.81
522.836	1487.81
523.052	1434.81
523.267	1414.81
523.482	1354.81
523.698	1349.81
523.913	1330.81
524.128	1333.81
524.343	1310.81
524.559	1291.81
524.774	1293.81
524.989	1267.81
525.204	1306.81
525.419	1316.81
525.634	1232.81
525.849	1248.81
526.064	1200.81
526.28	1190.81
526.495	1170.81
526.71	1163.81
526.925	1180.81
527.14	1147.81
527.355	1141.81
527.57	1142.81
527.785	1151.81
527.999	1135.81
528.214	1171.81
528.429	1164.81
528.644	1192.81
528.859	1231.81
529.074	1249.81
529.289	1342.81
529.503	1583.81
529.718	1407.81
529.933	1261.81
530.148	1181.81
530.363	1209.81
530.577	1142.81
530.792	1133.81
531.007	1101.81
531.221	1127.81
531.436	1143.81
531.651	1139.81
531.865	1129.81
532.08	1129.81
532.295	1113.81
532.509	1114.81
532.724	1106.81
532.938	1123.81
533.153	1116.81
533.367	1109.81
533.582	1155.81
533.796	1175.81
534.011	1155.81
534.225	1106.81
534.44	1087.81
534.654	1066.81
534.868	1094.81
535.083	1119.81
535.297	1113.81
535.511	1124.81
535.726	1155.81
535.94	1110.81
536.154	1116.81
536.369	1091.81
536.583	1073.81
536.797	1045.81
537.011	1011.81
537.225	1029.81
537.44	1078.81
537.654	1045.81
537.868	1024.81
538.082	1048.81
538.296	1047.81
538.51	1075.81
538.724	1052.81
538.938	1091.81
539.153	1067.81
539.367	1137.81
539.581	1096.81
539.795	1069.81
540.009	1017.81
540.222	1043.81
540.436	1027.81
540.65	1047.81
540.864	1089.81
541.078	1115.81
541.292	1155.81
541.506	1154.81
541.72	1203.81
541.934	1214.81
542.147	1220.81
542.361	1198.81
542.575	1163.81
542.789	1109.81
543.002	1074.81
543.216	1101.81
543.43	1079.81
543.644	1105.81
543.857	1115.81
544.071	1134.81
544.285	1165.81
544.498	1184.81
544.712	1178.81
544.925	1191.81
545.139	1182.81
545.352	1183.81
545.566	1197.81
545.779	1195.81
545.993	1215.81
546.206	1195.81
546.42	1207.81
546.633	1199.81
546.847	1196.81
547.06	1179.81
547.274	1190.81
547.487	1235.81
547.7	1213.81
547.914	1205.81
548.127	1190.81
548.34	1183.81
548.554	1171.81
548.767	1200.81
548.98	1183.81
549.193	1184.81
549.407	1174.81
549.62	1176.81
549.833	1155.81
550.046	1194.81
550.259	1172.81
550.473	1165.81
550.686	1146.81
550.899	1117.81
551.112	1111.81
551.325	1118.81
551.538	1090.81
551.751	1059.81
551.964	1069.81
552.177	1068.81
552.39	1094.81
552.603	1123.81
552.816	1181.81
553.029	1206.81
553.242	1240.81
553.455	1258.81
553.667	1281.81
553.88	1283.81
554.093	1219.81
554.306	1189.81
554.519	1211.81
554.732	1131.81
554.944	1135.81
555.157	1090.81
555.37	1109.81
555.583	1081.81
555.795	1075.81
556.008	1021.81
556.221	1037.81
556.433	1014.81
556.646	1019.81
556.859	1015.81
557.071	998.81
557.284	985.81
557.496	1001.81
557.709	1020.81
557.921	1013.81
558.134	998.81
558.346	953.81
558.559	989.81
558.771	962.81
558.984	972.81
559.196	940.81
559.409	939.81
559.621	918.81
559.833	909.81
560.046	945.81
560.258	950.81
560.47	967.81
560.683	925.81
560.895	925.81
561.107	903.81
561.32	909.81
561.532	931.81
561.744	931.81
561.956	926.81
562.168	934.81
562.381	941.81
562.593	930.81
562.805	898.81
563.017	888.81
563.229	917.81
563.441	896.81
563.653	928.81
563.865	929.81
564.077	918.81
564.289	917.81
564.501	916.81
564.713	946.81
564.925	946.81
565.137	951.81
565.349	953.81
565.561	977.81
565.773	1012.81
565.985	1022.81
566.197	1037.81
566.408	1135.81
566.62	1167.81
566.832	1251.81
567.044	1270.81
567.255	1275.81
567.467	1233.81
567.679	1289.81
567.891	1376.81
568.102	1347.81
568.314	1304.81
568.526	1197.81
568.737	1088.81
568.949	1000.81
569.161	964.81
569.372	919.81
569.584	880.81
569.795	844.81
570.007	825.81
570.218	927.81
570.43	911.81
570.641	805.81
570.853	809.81
571.064	859.81
571.276	830.81
571.487	823.81
571.698	817.81
571.91	771.81
572.121	776.81
572.333	732.81
572.544	737.81
572.755	712.81
572.966	706.81
573.178	694.81
573.389	699.81
573.6	671.81
573.811	669.81
574.023	645.81
574.234	667.81
574.445	650.81
574.656	665.81
574.867	685.81
575.078	686.81
575.289	663.81
575.501	629.81
575.712	642.81
575.923	659.81
576.134	654.81
576.345	635.81
576.556	633.81
576.767	630.81
576.978	656.81
577.188	648.81
577.399	627.81
577.61	625.81
577.821	615.81
578.032	622.81
578.243	733.81
578.454	1310.81
578.665	857.81
578.875	615.81
579.086	605.81
579.297	597.81
579.508	564.81
579.718	586.81
579.929	592.81
580.14	565.81
580.35	569.81
580.561	574.81
580.772	585.81
580.982	561.81
581.193	571.81
581.403	562.81
581.614	584.81
581.825	574.81
582.035	569.81
582.246	565.81
582.456	545.81
582.667	559.81
582.877	569.81
583.087	555.81
583.298	553.81
583.508	537.81
583.719	551.81
583.929	558.81
584.139	552.81
584.35	543.81
584.56	564.81
584.77	552.81
584.981	551.81
585.191	548.81
585.401	534.81
585.611	549.81
585.821	545.81
586.032	554.81
586.242	527.81
586.452	526.81
586.662	530.81
586.872	529.81
587.082	519.81
587.292	519.81
587.502	541.81
587.713	515.81
587.923	529.81
588.133	507.81
588.343	527.81
588.553	504.81
588.762	498.81
588.972	523.81
589.182	545.81
589.392	525.81
589.602	546.81
589.812	548.81
590.022	506.81
590.232	519.81
590.441	509.81
590.651	526.81
590.861	510.81
591.071	525.81
591.281	537.81
591.49	525.81
591.7	539.81
591.91	554.81
592.119	557.81
592.329	559.81
592.539	588.81
592.748	598.81
592.958	599.81
593.167	618.81
593.377	619.81
593.587	597.81
593.796	604.81
594.006	623.81
594.215	635.81
594.424	626.81
594.634	639.81
594.843	620.81
595.053	614.81
595.262	571.81
595.472	572.81
595.681	571.81
595.89	533.81
596.1	517.81
596.309	527.81
596.518	520.81
596.727	509.81
596.937	513.81
597.146	509.81
597.355	501.81
597.564	486.81
597.774	470.81
597.983	463.81
598.192	459.81
598.401	450.81
598.61	462.81
598.819	467.81
599.028	457.81
599.237	455.81
599.446	466.81
599.655	460.81
599.864	489.81
600.073	452.81
600.282	455.81
600.491	473.81
600.7	450.81
600.909	449.81
601.118	480.81
601.327	489.81
601.536	472.81
601.745	518.81
601.953	507.81
602.162	532.81
602.371	519.81
602.58	489.81
602.789	501.81
602.997	506.81
603.206	502.81
603.415	504.81
603.623	493.81
603.832	490.81
604.041	519.81
604.249	482.81
604.458	450.81
604.666	464.81
604.875	461.81
605.084	482.81
605.292	481.81
605.501	489.81
605.709	514.81
605.918	520.81
606.126	506.81
606.334	487.81
606.543	498.81
606.751	522.81
606.96	507.81
607.168	492.81
607.376	465.81
607.585	485.81
607.793	477.81
608.001	510.81
608.21	533.81
608.418	487.81
608.626	507.81
608.834	519.81
609.043	519.81
609.251	508.81
609.459	528.81
609.667	516.81
609.875	539.81
610.083	522.81
610.291	524.81
610.499	511.81
610.707	526.81
610.916	512.81
611.124	493.81
611.332	512.81
611.54	504.81
611.748	510.81
611.955	499.81
612.163	497.81
612.371	490.81
612.579	490.81
612.787	507.81
612.995	491.81
613.203	525.81
613.411	479.81
613.618	478.81
613.826	486.81
614.034	483.81
614.242	493.81
614.449	483.81
614.657	468.81
614.865	463.81
615.072	497.81
615.28	481.81
615.488	494.81
615.695	498.81
615.903	488.81
616.111	482.81
616.318	492.81
616.526	474.81
616.733	489.81
616.941	469.81
617.148	498.81
617.356	505.81
617.563	485.81
617.771	463.81
617.978	442.81
618.185	471.81
618.393	479.81
618.6	492.81
618.807	469.81
619.015	487.81
619.222	493.81
619.429	459.81
619.637	438.81
619.844	442.81
620.051	422.81
620.258	450.81
620.466	426.81
620.673	429.81
620.88	424.81
621.087	430.81
621.294	423.81
621.501	414.81
621.708	408.81
621.915	444.81
622.122	444.81
622.329	450.81
622.536	447.81
622.743	429.81
622.95	439.81
623.157	428.81
623.364	414.81
623.571	432.81
623.778	421.81
623.985	431.81
624.192	431.81
624.399	409.81
624.606	417.81
624.812	415.81
625.019	415.81
625.226	379.81
625.433	383.81
625.639	364.81
625.846	366.81
626.053	357.81
626.259	351.81
626.466	317.81
626.673	358.81
626.879	354.81
627.086	357.81
627.293	375.81
627.499	408.81
627.706	411.81
627.912	408.81
628.119	391.81
628.325	397.81
628.532	388.81
628.738	363.81
628.945	377.81
629.151	386.81
629.357	361.81
629.564	370.81
629.77	389.81
629.976	369.81
630.183	326.81
630.389	361.81
630.595	366.81
630.802	364.81
631.008	389.81
631.214	361.81
631.42	350.81
631.627	349.81
631.833	345.81
632.039	339.81
632.245	345.81
632.451	352.81
632.657	338.81
632.863	350.81
633.069	350.81
633.275	365.81
633.481	338.81
633.688	329.81
633.893	358.81
634.099	335.81
634.305	329.81
634.511	353.81
634.717	296.81
634.923	311.81
635.129	307.81
635.335	326.81
635.541	334.81
635.747	344.81
635.952	367.81
636.158	383.81
636.364	502.81
636.57	589.81
636.775	469.81
636.981	425.81
637.187	386.81
637.392	379.81
637.598	368.81
637.804	347.81
638.009	352.81
638.215	346.81
638.421	341.81
638.626	339.81
638.832	341.81
639.037	321.81
639.243	326.81
639.448	318.81
639.654	324.81
639.859	315.81
640.065	312.81
640.27	325.81
640.475	316.81
640.681	327.81
640.886	326.81
641.091	332.81
641.297	322.81
641.502	319.81
641.707	317.81
641.913	349.81
642.118	318.81
642.323	315.81
642.528	306.81
642.733	320.81
642.939	301.81
643.144	295.81
643.349	294.81
643.554	309.81
643.759	302.81
643.964	289.81
644.169	313.81
644.374	299.81
644.579	315.81
644.784	303.81
644.989	289.81
645.194	286.81
645.399	312.81
645.604	299.81
645.809	282.81
646.014	295.81
646.219	310.81
646.423	287.81
646.628	300.81
646.833	305.81
647.038	286.81
647.243	319.81
647.447	310.81
647.652	300.81
647.857	320.81
648.062	304.81
648.266	303.81
648.471	303.81
648.676	299.81
648.88	305.81
649.085	301.81
649.289	317.81
649.494	307.81
649.698	319.81
649.903	309.81
650.107	309.81
650.312	281.81
650.516	271.81
650.721	278.81
650.925	284.81
651.13	267.81
651.334	256.81
651.539	257.81
651.743	265.81
651.947	250.81
652.152	231.81
652.356	247.81
652.56	229.81
652.764	224.81
652.969	253.81
653.173	232.81
653.377	229.81
653.581	217.81
653.785	214.81
653.99	217.81
654.194	242.81
654.398	221.81
654.602	205.81
654.806	230.81
655.01	213.81
655.214	216.81
655.418	203.81
655.622	216.81
655.826	202.81
656.03	198.81
656.234	209.81
656.438	200.81
656.642	213.81
656.846	196.81
657.049	186.81
657.253	205.81
657.457	185.81
657.661	177.81
657.865	163.81
658.068	137.81
658.272	149.81
658.476	144.81
658.68	152.81
658.883	152.81
659.087	137.81
659.291	117.81
659.494	113.81
659.698	130.81
659.901	117.81
660.105	124.81
660.309	127.81
660.512	124.81
660.716	110.81
660.919	113.81
661.123	124.81
661.326	113.81
661.53	107.81
661.733	93.81
661.936	102.81
662.14	98.81
662.343	96.81
662.546	102.81
662.75	85.81
662.953	85.81
663.156	75.81
663.36	83.81
663.563	75.81
663.766	86.81
663.969	77.81
664.173	83.81
664.376	69.81
664.579	74.81
664.782	72.81
664.985	77.81
665.188	91.81
665.391	71.81
665.594	74.81
665.797	75.81
666	73.81
666.203	74.81
666.406	72.81
666.609	74.81
666.812	74.81
667.015	84.81
667.218	78.81
667.421	69.81
667.624	75.81
667.827	72.81
668.03	88.81
668.232	64.81
668.435	86.81
668.638	63.81
668.841	80.81
669.043	76.81
669.246	68.81
669.449	75.81
669.651	77.81
669.854	78.81
670.057	64.81
670.259	66.81
670.462	65.81
670.665	78.81
670.867	86.81
671.07	83.81
671.272	79.81
671.475	73.81
671.677	81.81
671.88	74.81
672.082	94.81
672.284	78.81
672.487	87.81
672.689	81.81
672.892	80.81
