223.165	-27.75
223.4	-27.75
223.635	-27.75
223.869	-19.75
224.104	-20.75
224.338	-5.75
224.573	-10.75
224.808	-1.75
225.042	-11.75
225.277	-5.75
225.511	0.25
225.746	-0.75
225.98	10.25
226.215	6.25
226.449	21.25
226.683	17.25
226.918	21.25
227.152	28.25
227.387	39.25
227.621	50.25
227.856	52.25
228.09	48.25
228.324	42.25
228.559	49.25
228.793	88.25
229.027	133.25
229.262	152.25
229.496	148.25
229.73	170.25
229.964	208.25
230.199	168.25
230.433	158.25
230.667	163.25
230.901	147.25
231.136	147.25
231.37	155.25
231.604	156.25
231.838	143.25
232.072	147.25
232.306	166.25
232.541	160.25
232.775	151.25
233.009	149.25
233.243	156.25
233.477	140.25
233.711	148.25
233.945	149.25
234.179	157.25
234.413	165.25
234.647	152.25
234.881	155.25
235.115	168.25
235.349	166.25
235.583	154.25
235.817	162.25
236.051	170.25
236.285	172.25
236.519	177.25
236.753	182.25
236.987	202.25
237.221	235.25
237.455	296.25
237.689	241.25
237.922	193.25
238.156	171.25
238.39	171.25
238.624	155.25
238.858	187.25
239.091	184.25
239.325	178.25
239.559	201.25
239.793	194.25
240.027	188.25
240.26	194.25
240.494	213.25
240.728	209.25
240.961	195.25
241.195	191.25
241.429	210.25
241.662	207.25
241.896	198.25
242.13	196.25
242.363	199.25
242.597	200.25
242.83	207.25
243.064	193.25
243.298	215.25
243.531	205.25
243.765	199.25
243.998	203.25
244.232	201.25
244.465	214.25
244.699	225.25
244.932	222.25
245.166	197.25
245.399	205.25
245.633	204.25
245.866	230.25
246.099	225.25
246.333	208.25
246.566	220.25
246.8	221.25
247.033	242.25
247.266	222.25
247.5	235.25
247.733	265.25
247.966	247.25
248.2	275.25
248.433	265.25
248.666	262.25
248.899	264.25
249.133	300.25
249.366	281.25
249.599	286.25
249.832	276.25
250.066	294.25
250.299	318.25
250.532	354.25
250.765	382.25
250.998	368.25
251.231	346.25
251.465	341.25
251.698	331.25
251.931	310.25
252.164	294.25
252.397	323.25
252.63	314.25
252.863	284.25
253.096	308.25
253.329	337.25
253.562	317.25
253.795	335.25
254.028	323.25
254.261	322.25
254.494	341.25
254.727	368.25
254.96	382.25
255.193	377.25
255.426	364.25
255.659	376.25
255.892	418.25
256.124	483.25
256.357	519.25
256.59	466.25
256.823	407.25
257.056	388.25
257.289	377.25
257.521	352.25
257.754	328.25
257.987	347.25
258.22	326.25
258.452	350.25
258.685	333.25
258.918	338.25
259.151	361.25
259.383	344.25
259.616	336.25
259.849	344.25
260.081	379.25
260.314	352.25
260.547	370.25
260.779	365.25
261.012	360.25
261.244	349.25
261.477	340.25
261.71	355.25
261.942	342.25
262.175	372.25
262.407	345.25
262.64	350.25
262.872	330.25
263.105	338.25
263.337	336.25
263.57	330.25
263.802	334.25
264.035	329.25
264.267	339.25
264.499	340.25
264.732	346.25
264.964	346.25
265.197	349.25
265.429	348.25
265.661	337.25
265.894	365.25
266.126	356.25
266.358	374.25
266.591	372.25
266.823	348.25
267.055	365.25
267.287	353.25
267.52	352.25
267.752	355.25
267.984	372.25
268.216	370.25
268.448	377.25
268.681	386.25
268.913	377.25
269.145	386.25
269.377	400.25
269.609	408.25
269.841	403.25
270.073	424.25
270.306	440.25
270.538	455.25
270.77	459.25
271.002	441.25
271.234	439.25
271.466	458.25
271.698	458.25
271.93	433.25
272.162	452.25
272.394	472.25
272.626	459.25
272.858	427.25
273.09	447.25
273.322	442.25
273.553	434.25
273.785	441.25
274.017	436.25
274.249	422.25
274.481	421.25
274.713	417.25
274.945	452.25
275.176	458.25
275.408	429.25
275.64	448.25
275.872	428.25
276.104	444.25
276.335	460.25
276.567	444.25
276.799	485.25
277.031	505.25
277.262	524.25
277.494	512.25
277.726	492.25
277.957	475.25
278.189	475.25
278.421	465.25
278.652	472.25
278.884	480.25
279.115	453.25
279.347	451.25
279.579	467.25
279.81	465.25
280.042	497.25
280.273	512.25
280.505	511.25
280.736	502.25
280.968	474.25
281.199	468.25
281.431	480.25
281.662	469.25
281.894	473.25
282.125	467.25
282.356	499.25
282.588	553.25
282.819	543.25
283.051	479.25
283.282	470.25
283.513	481.25
283.745	466.25
283.976	469.25
284.207	475.25
284.439	485.25
284.67	505.25
284.901	514.25
285.132	494.25
285.364	487.25
285.595	504.25
285.826	492.25
286.057	508.25
286.288	483.25
286.52	505.25
286.751	496.25
286.982	509.25
287.213	496.25
287.444	494.25
287.675	504.25
287.906	504.25
288.138	525.25
288.369	534.25
288.6	521.25
288.831	512.25
289.062	507.25
289.293	524.25
289.524	516.25
289.755	509.25
289.986	498.25
290.217	510.25
290.448	514.25
290.679	518.25
290.91	497.25
291.141	510.25
291.371	513.25
291.602	525.25
291.833	518.25
292.064	520.25
292.295	513.25
292.526	526.25
292.757	549.25
292.987	524.25
293.218	515.25
293.449	531.25
293.68	537.25
293.91	499.25
294.141	528.25
294.372	512.25
294.603	531.25
294.833	508.25
295.064	537.25
295.295	526.25
295.525	517.25
295.756	557.25
295.987	559.25
296.217	585.25
296.448	611.25
296.679	566.25
296.909	546.25
297.14	541.25
297.37	533.25
297.601	590.25
297.831	568.25
298.062	540.25
298.292	589.25
298.523	569.25
298.753	578.25
298.984	555.25
299.214	546.25
299.445	583.25
299.675	581.25
299.905	554.25
300.136	566.25
300.366	580.25
300.597	591.25
300.827	590.25
301.057	618.25
301.288	639.25
301.518	612.25
301.748	630.25
301.979	636.25
302.209	617.25
302.439	628.25
302.669	610.25
302.9	602.25
303.13	619.25
303.36	634.25
303.59	639.25
303.82	658.25
304.051	672.25
304.281	601.25
304.511	615.25
304.741	636.25
304.971	598.25
305.201	611.25
305.431	618.25
305.661	624.25
305.891	601.25
306.121	618.25
306.352	652.25
306.582	638.25
306.812	630.25
307.042	632.25
307.272	653.25
307.502	658.25
307.731	649.25
307.961	654.25
308.191	623.25
308.421	628.25
308.651	629.25
308.881	627.25
309.111	664.25
309.341	627.25
309.571	652.25
309.8	674.25
310.03	686.25
310.26	692.25
310.49	689.25
310.72	682.25
310.949	704.25
311.179	723.25
311.409	733.25
311.639	706.25
311.868	702.25
312.098	696.25
312.328	717.25
312.557	729.25
312.787	753.25
313.017	762.25
313.246	718.25
313.476	715.25
313.706	695.25
313.935	735.25
314.165	763.25
314.394	745.25
314.624	770.25
314.853	732.25
315.083	742.25
315.312	701.25
315.542	710.25
315.771	726.25
316.001	705.25
316.23	724.25
316.46	721.25
316.689	730.25
316.919	729.25
317.148	744.25
317.377	766.25
317.607	716.25
317.836	761.25
318.065	696.25
318.295	700.25
318.524	725.25
318.753	736.25
318.983	715.25
319.212	741.25
319.441	732.25
319.67	756.25
319.9	722.25
320.129	754.25
320.358	758.25
320.587	725.25
320.816	752.25
321.046	791.25
321.275	774.25
321.504	772.25
321.733	783.25
321.962	803.25
322.191	837.25
322.42	831.25
322.649	846.25
322.878	858.25
323.108	891.25
323.337	936.25
323.566	966.25
323.795	1042.25
324.024	1106.25
324.253	1332.25
324.482	1840.25
324.71	2880.25
324.939	3978.25
325.168	3149.25
325.397	1722.25
325.626	1301.25
325.855	1129.25
326.084	1060.25
326.313	1054.25
326.542	1041.25
326.77	1132.25
326.999	1332.25
327.228	1773.25
327.457	2695.25
327.686	3114.25
327.914	2046.25
328.143	1589.25
328.372	1583.25
328.6	1409.25
328.829	1234.25
329.058	1238.25
329.287	1251.25
329.515	1215.25
329.744	1232.25
329.972	1386.25
330.201	1604.25
330.43	1935.25
330.658	1754.25
330.887	1472.25
331.115	1306.25
331.344	1155.25
331.572	1080.25
331.801	1104.25
332.03	1101.25
332.258	1054.25
332.486	1078.25
332.715	1097.25
332.943	1126.25
333.172	1155.25
333.4	1184.25
333.629	1234.25
333.857	1399.25
334.085	1524.25
334.314	1805.25
334.542	2294.25
334.771	2447.25
334.999	1728.25
335.227	1337.25
335.455	1200.25
335.684	1132.25
335.912	1125.25
336.14	1066.25
336.369	1073.25
336.597	1088.25
336.825	1077.25
337.053	1009.25
337.281	1025.25
337.51	1003.25
337.738	997.25
337.966	968.25
338.194	991.25
338.422	992.25
338.65	947.25
338.878	953.25
339.106	943.25
339.334	941.25
339.562	908.25
339.79	910.25
340.018	914.25
340.246	918.25
340.474	909.25
340.702	916.25
340.93	892.25
341.158	918.25
341.386	906.25
341.614	915.25
341.842	892.25
342.07	896.25
342.298	903.25
342.526	888.25
342.754	893.25
342.981	895.25
343.209	883.25
343.437	943.25
343.665	972.25
343.893	997.25
344.12	1018.25
344.348	1005.25
344.576	952.25
344.804	959.25
345.031	959.25
345.259	963.25
345.487	929.25
345.714	900.25
345.942	924.25
346.17	893.25
346.397	900.25
346.625	876.25
346.853	870.25
347.08	884.25
347.308	898.25
347.535	884.25
347.763	916.25
347.99	901.25
348.218	913.25
348.445	904.25
348.673	897.25
348.9	887.25
349.128	883.25
349.355	858.25
349.583	867.25
349.81	844.25
350.037	853.25
350.265	885.25
350.492	838.25
350.72	841.25
350.947	870.25
351.174	878.25
351.402	884.25
351.629	896.25
351.856	913.25
352.083	918.25
352.311	902.25
352.538	900.25
352.765	900.25
352.992	891.25
353.22	865.25
353.447	876.25
353.674	869.25
353.901	866.25
354.128	831.25
354.355	847.25
354.583	866.25
354.81	832.25
355.037	857.25
355.264	831.25
355.491	830.25
355.718	835.25
355.945	835.25
356.172	852.25
356.399	844.25
356.626	822.25
356.853	812.25
357.08	839.25
357.307	841.25
357.534	859.25
357.761	860.25
357.988	874.25
358.215	843.25
358.441	840.25
358.668	837.25
358.895	870.25
359.122	885.25
359.349	900.25
359.576	911.25
359.802	960.25
360.029	986.25
360.256	997.25
360.483	974.25
360.709	885.25
360.936	916.25
361.163	897.25
361.39	902.25
361.616	902.25
361.843	914.25
362.07	886.25
362.296	948.25
362.523	926.25
362.749	873.25
362.976	898.25
363.203	895.25
363.429	884.25
363.656	886.25
363.882	881.25
364.109	864.25
364.335	869.25
364.562	896.25
364.788	897.25
365.015	894.25
365.241	898.25
365.468	886.25
365.694	916.25
365.92	923.25
366.147	916.25
366.373	895.25
366.599	885.25
366.826	860.25
367.052	854.25
367.278	880.25
367.505	893.25
367.731	914.25
367.957	906.25
368.184	905.25
368.41	948.25
368.636	958.25
368.862	948.25
369.089	918.25
369.315	926.25
369.541	921.25
369.767	933.25
369.993	920.25
370.219	925.25
370.445	948.25
370.672	955.25
370.898	915.25
371.124	929.25
371.35	950.25
371.576	949.25
371.802	969.25
372.028	960.25
372.254	934.25
372.48	961.25
372.706	978.25
372.932	985.25
373.158	983.25
373.384	955.25
373.61	955.25
373.835	963.25
374.061	961.25
374.287	983.25
374.513	974.25
374.739	996.25
374.965	1015.25
375.191	1012.25
375.416	1018.25
375.642	994.25
375.868	982.25
376.094	1013.25
376.319	1011.25
376.545	965.25
376.771	973.25
376.997	978.25
377.222	949.25
377.448	961.25
377.674	952.25
377.899	945.25
378.125	949.25
378.35	911.25
378.576	946.25
378.802	917.25
379.027	962.25
379.253	970.25
379.478	952.25
379.704	937.25
379.929	991.25
380.155	949.25
380.38	934.25
380.606	962.25
380.831	962.25
381.057	955.25
381.282	960.25
381.507	950.25
381.733	970.25
381.958	971.25
382.184	1008.25
382.409	991.25
382.634	987.25
382.86	1016.25
383.085	1001.25
383.31	992.25
383.535	1026.25
383.761	1073.25
383.986	1068.25
384.211	1086.25
384.436	1100.25
384.662	1114.25
384.887	1113.25
385.112	1097.25
385.337	1165.25
385.562	1094.25
385.787	1146.25
386.013	1150.25
386.238	1166.25
386.463	1169.25
386.688	1124.25
386.913	1115.25
387.138	1154.25
387.363	1130.25
387.588	1108.25
387.813	1124.25
388.038	1142.25
388.263	1148.25
388.488	1151.25
388.713	1158.25
388.938	1120.25
389.163	1111.25
389.387	1117.25
389.612	1118.25
389.837	1088.25
390.062	1092.25
390.287	1122.25
390.512	1109.25
390.736	1126.25
390.961	1158.25
391.186	1158.25
391.411	1173.25
391.636	1225.25
391.86	1236.25
392.085	1262.25
392.31	1236.25
392.534	1228.25
392.759	1206.25
392.984	1215.25
393.208	1232.25
393.433	1231.25
393.658	1250.25
393.882	1222.25
394.107	1171.25
394.331	1190.25
394.556	1208.25
394.78	1210.25
395.005	1181.25
395.229	1229.25
395.454	1239.25
395.678	1264.25
395.903	1295.25
396.127	1292.25
396.352	1286.25
396.576	1220.25
396.801	1233.25
397.025	1247.25
397.249	1260.25
397.474	1257.25
397.698	1272.25
397.922	1290.25
398.147	1321.25
398.371	1331.25
398.595	1349.25
398.82	1369.25
399.044	1482.25
399.268	1590.25
399.492	1780.25
399.717	1959.25
399.941	1946.25
400.165	1872.25
400.389	1756.25
400.613	1570.25
400.837	1494.25
401.062	1479.25
401.286	1456.25
401.51	1475.25
401.734	1429.25
401.958	1469.25
402.182	1482.25
402.406	1542.25
402.63	1551.25
402.854	1532.25
403.078	1543.25
403.302	1595.25
403.526	1585.25
403.75	1650.25
403.974	1664.25
404.198	1660.25
404.422	1692.25
404.645	1658.25
404.869	1676.25
405.093	1795.25
405.317	1839.25
405.541	1877.25
405.765	1755.25
405.988	1665.25
406.212	1696.25
406.436	1781.25
406.66	1789.25
406.883	1697.25
407.107	1806.25
407.331	1877.25
407.555	2013.25
407.778	1966.25
408.002	1842.25
408.226	1777.25
408.449	1772.25
408.673	1715.25
408.896	1718.25
409.12	1789.25
409.344	1688.25
409.567	1648.25
409.791	1660.25
410.014	1615.25
410.238	1580.25
410.461	1638.25
410.685	1611.25
410.908	1579.25
411.132	1632.25
411.355	1627.25
411.578	1601.25
411.802	1604.25
412.025	1568.25
412.249	1645.25
412.472	1706.25
412.695	1821.25
412.919	1732.25
413.142	1670.25
413.365	1598.25
413.589	1612.25
413.812	1549.25
414.035	1543.25
414.258	1475.25
414.482	1535.25
414.705	1484.25
414.928	1514.25
415.151	1506.25
415.374	1489.25
415.597	1478.25
415.821	1503.25
416.044	1499.25
416.267	1460.25
416.49	1421.25
416.713	1433.25
416.936	1500.25
417.159	1500.25
417.382	1505.25
417.605	1500.25
417.828	1554.25
418.051	1546.25
418.274	1486.25
418.497	1489.25
418.72	1499.25
418.943	1550.25
419.166	1608.25
419.389	1753.25
419.611	1669.25
419.834	1635.25
420.057	1608.25
420.28	1648.25
420.503	1636.25
420.726	1636.25
420.948	1612.25
421.171	1636.25
421.394	1675.25
421.617	1573.25
421.839	1554.25
422.062	1563.25
422.285	1564.25
422.507	1650.25
422.73	1761.25
422.953	1716.25
423.175	1594.25
423.398	1608.25
423.621	1633.25
423.843	1642.25
424.066	1620.25
424.288	1616.25
424.511	1650.25
424.733	1709.25
424.956	1841.25
425.178	1763.25
425.401	1739.25
425.623	1749.25
425.846	1573.25
426.068	1567.25
426.291	1482.25
426.513	1542.25
426.735	1559.25
426.958	1603.25
427.18	1698.25
427.402	1906.25
427.625	2099.25
427.847	1892.25
428.069	1764.25
428.292	1633.25
428.514	1501.25
428.736	1404.25
428.958	1472.25
429.181	1417.25
429.403	1383.25
429.625	1415.25
429.847	1458.25
430.069	1558.25
430.292	1516.25
430.514	1394.25
430.736	1408.25
430.958	1381.25
431.18	1357.25
431.402	1371.25
431.624	1373.25
431.846	1332.25
432.068	1324.25
432.29	1330.25
432.512	1322.25
432.734	1380.25
432.956	1368.25
433.178	1419.25
433.4	1429.25
433.622	1412.25
433.844	1350.25
434.066	1359.25
434.287	1344.25
434.509	1362.25
434.731	1391.25
434.953	1462.25
435.175	1494.25
435.397	1513.25
435.618	1444.25
435.84	1532.25
436.062	1649.25
436.284	1708.25
436.505	1587.25
436.727	1482.25
436.949	1406.25
437.17	1420.25
437.392	1372.25
437.614	1371.25
437.835	1406.25
438.057	1624.25
438.278	1705.25
438.5	1695.25
438.721	1796.25
438.943	1775.25
439.165	1559.25
439.386	1506.25
439.608	1476.25
439.829	1500.25
440.05	1565.25
440.272	1620.25
440.493	1544.25
440.715	1480.25
440.936	1496.25
441.158	1493.25
441.379	1501.25
441.6	1563.25
441.822	1621.25
442.043	1637.25
442.264	1766.25
442.486	1748.25
442.707	1650.25
442.928	1590.25
443.149	1578.25
443.371	1647.25
443.592	1705.25
443.813	1803.25
444.034	1876.25
444.255	1750.25
444.476	1683.25
444.698	1720.25
444.919	1758.25
445.14	1871.25
445.361	1674.25
445.582	1673.25
445.803	1721.25
446.024	1852.25
446.245	1839.25
446.466	1686.25
446.687	1512.25
446.908	1477.25
447.129	1452.25
447.35	1406.25
447.571	1402.25
447.792	1377.25
448.013	1384.25
448.234	1414.25
448.455	1488.25
448.675	1640.25
448.896	1780.25
449.117	1576.25
449.338	1533.25
449.559	1725.25
449.779	1816.25
450	1526.25
450.221	1402.25
450.442	1356.25
450.662	1313.25
450.883	1354.25
451.104	1405.25
451.324	1354.25
451.545	1335.25
451.766	1290.25
451.986	1249.25
452.207	1233.25
452.428	1220.25
452.648	1276.25
452.869	1190.25
453.089	1258.25
453.31	1220.25
453.53	1201.25
453.751	1183.25
453.971	1181.25
454.192	1216.25
454.412	1214.25
454.633	1200.25
454.853	1199.25
455.073	1188.25
455.294	1216.25
455.514	1302.25
455.734	1288.25
455.955	1142.25
456.175	1125.25
456.395	1121.25
456.616	1124.25
456.836	1131.25
457.056	1138.25
457.276	1110.25
457.497	1117.25
457.717	1112.25
457.937	1128.25
458.157	1153.25
458.377	1168.25
458.598	1188.25
458.818	1311.25
459.038	1445.25
459.258	1424.25
459.478	1360.25
459.698	1315.25
459.918	1332.25
460.138	1348.25
460.358	1435.25
460.578	1412.25
460.798	1468.25
461.018	1468.25
461.238	1433.25
461.458	1409.25
461.678	1418.25
461.898	1410.25
462.118	1432.25
462.338	1494.25
462.558	1495.25
462.777	1580.25
462.997	1711.25
463.217	1736.25
463.437	1746.25
463.657	1627.25
463.876	1599.25
464.096	1643.25
464.316	1627.25
464.536	1618.25
464.755	1617.25
464.975	1572.25
465.195	1590.25
465.414	1738.25
465.634	1514.25
465.854	1404.25
466.073	1322.25
466.293	1304.25
466.512	1290.25
466.732	1266.25
466.951	1281.25
467.171	1289.25
467.391	1283.25
467.61	1328.25
467.829	1341.25
468.049	1454.25
468.268	1662.25
468.488	1420.25
468.707	1322.25
468.927	1287.25
469.146	1274.25
469.365	1296.25
469.585	1277.25
469.804	1354.25
470.023	1363.25
470.243	1388.25
470.462	1398.25
470.681	1397.25
470.901	1396.25
471.12	1333.25
471.339	1332.25
471.558	1339.25
471.777	1333.25
471.997	1363.25
472.216	1622.25
472.435	2417.25
472.654	1920.25
472.873	1482.25
473.092	1377.25
473.311	1307.25
473.53	1276.25
473.749	1293.25
473.968	1354.25
474.187	1473.25
474.406	1438.25
474.625	1339.25
474.844	1288.25
475.063	1249.25
475.282	1298.25
475.501	1244.25
475.72	1242.25
475.939	1256.25
476.158	1294.25
476.377	1262.25
476.596	1280.25
476.814	1313.25
477.033	1298.25
477.252	1316.25
477.471	1324.25
477.69	1370.25
477.908	1431.25
478.127	1454.25
478.346	1426.25
478.564	1474.25
478.783	1480.25
479.002	1525.25
479.22	1543.25
479.439	1511.25
479.658	1565.25
479.876	1541.25
480.095	1542.25
480.313	1646.25
480.532	1694.25
480.751	1720.25
480.969	1902.25
481.188	3160.25
481.406	3716.25
481.624	2161.25
481.843	1795.25
482.061	1656.25
482.28	1606.25
482.498	1560.25
482.717	1508.25
482.935	1468.25
483.153	1544.25
483.372	1542.25
483.59	1530.25
483.808	1519.25
484.027	1499.25
484.245	1493.25
484.463	1505.25
484.681	1540.25
484.9	1514.25
485.118	1538.25
485.336	1535.25
485.554	1490.25
485.772	1476.25
485.99	1490.25
486.209	1500.25
486.427	1490.25
486.645	1538.25
486.863	1603.25
487.081	1642.25
487.299	1610.25
487.517	1597.25
487.735	1633.25
487.953	1654.25
488.171	1664.25
488.389	1614.25
488.607	1600.25
488.825	1502.25
489.043	1509.25
489.261	1540.25
489.479	1581.25
489.696	1610.25
489.914	1618.25
490.132	1612.25
490.35	1668.25
490.568	1703.25
490.786	1716.25
491.003	1753.25
491.221	1844.25
491.439	1897.25
491.657	1890.25
491.874	1930.25
492.092	1994.25
492.31	2075.25
492.527	2058.25
492.745	2046.25
492.963	1969.25
493.18	1972.25
493.398	1956.25
493.615	1965.25
493.833	1963.25
494.05	1911.25
494.268	1921.25
494.485	1947.25
494.703	1864.25
494.92	1885.25
495.138	1873.25
495.355	1880.25
495.573	1855.25
495.79	1875.25
496.008	1880.25
496.225	1872.25
496.442	1860.25
496.66	1881.25
496.877	1860.25
497.094	1905.25
497.312	1901.25
497.529	1921.25
497.746	1918.25
497.963	1924.25
498.181	1996.25
498.398	2010.25
498.615	2071.25
498.832	2161.25
499.049	2288.25
499.267	2401.25
499.484	2549.25
499.701	2841.25
499.918	3039.25
500.135	3341.25
500.352	3728.25
500.569	3826.25
500.786	3778.25
501.003	3523.25
501.22	3277.25
501.437	2985.25
501.654	2729.25
501.871	2612.25
502.088	2412.25
502.305	2288.25
502.522	2204.25
502.739	2111.25
502.956	2020.25
503.172	1966.25
503.389	1882.25
503.606	1848.25
503.823	1850.25
504.04	1821.25
504.256	1802.25
504.473	1862.25
504.69	1851.25
504.907	1828.25
505.123	1746.25
505.34	1676.25
505.557	1654.25
505.773	1617.25
505.99	1638.25
506.207	1569.25
506.423	1540.25
506.64	1538.25
506.856	1523.25
507.073	1531.25
507.289	1510.25
507.506	1470.25
507.722	1551.25
507.939	1564.25
508.155	1488.25
508.372	1452.25
508.588	1453.25
508.805	1443.25
509.021	1410.25
509.238	1397.25
509.454	1453.25
509.67	1442.25
509.887	1413.25
510.103	1414.25
510.319	1429.25
510.536	1697.25
510.752	3163.25
510.968	2255.25
511.184	1469.25
511.401	1393.25
511.617	1393.25
511.833	1428.25
512.049	1430.25
512.265	1441.25
512.481	1399.25
512.698	1347.25
512.914	1386.25
513.13	1385.25
513.346	1376.25
513.562	1346.25
513.778	1402.25
513.994	1382.25
514.21	1414.25
514.426	1438.25
514.642	1532.25
514.858	1540.25
515.074	1681.25
515.29	2042.25
515.506	3330.25
515.721	2465.25
515.937	1662.25
516.153	1534.25
516.369	1512.25
516.585	1496.25
516.801	1474.25
517.016	1519.25
517.232	1603.25
517.448	1628.25
517.664	1663.25
517.879	1660.25
518.095	1662.25
518.311	1636.25
518.527	1610.25
518.742	1518.25
518.958	1513.25
519.173	1489.25
519.389	1466.25
519.605	1454.25
519.82	1425.25
520.036	1427.25
520.251	1493.25
520.467	1491.25
520.682	1493.25
520.898	1477.25
521.113	1509.25
521.329	1600.25
521.544	1811.25
521.76	2325.25
521.975	4458.25
522.19	3998.25
522.406	1973.25
522.621	1509.25
522.836	1437.25
523.052	1347.25
523.267	1324.25
523.482	1288.25
523.698	1294.25
523.913	1303.25
524.128	1314.25
524.343	1279.25
524.559	1247.25
524.774	1250.25
524.989	1272.25
525.204	1271.25
525.419	1235.25
525.634	1180.25
525.849	1172.25
526.064	1188.25
526.28	1148.25
526.495	1148.25
526.71	1115.25
526.925	1125.25
527.14	1117.25
527.355	1102.25
527.57	1102.25
527.785	1110.25
527.999	1101.25
528.214	1106.25
528.429	1109.25
528.644	1150.25
528.859	1190.25
529.074	1184.25
529.289	1288.25
529.503	1425.25
529.718	1338.25
529.933	1217.25
530.148	1118.25
530.363	1125.25
530.577	1086.25
530.792	1066.25
531.007	1062.25
531.221	1075.25
531.436	1096.25
531.651	1091.25
531.865	1085.25
532.08	1083.25
532.295	1071.25
532.509	1083.25
532.724	1088.25
532.938	1098.25
533.153	1062.25
533.367	1134.25
533.582	1090.25
533.796	1104.25
534.011	1100.25
534.225	1065.25
534.44	1035.25
534.654	1060.25
534.868	1046.25
535.083	1035.25
535.297	1050.25
535.511	1115.25
535.726	1076.25
535.94	1077.25
536.154	1073.25
536.369	1004.25
536.583	1000.25
536.797	997.25
537.011	1016.25
537.225	1006.25
537.44	974.25
537.654	1002.25
537.868	995.25
538.082	1015.25
538.296	1022.25
538.51	995.25
538.724	1030.25
538.938	1036.25
539.153	1046.25
539.367	1111.25
539.581	1078.25
539.795	1010.25
540.009	995.25
540.222	978.25
540.436	978.25
540.65	1041.25
540.864	1015.25
541.078	1084.25
541.292	1093.25
541.506	1085.25
541.72	1178.25
541.934	1178.25
542.147	1201.25
542.361	1178.25
542.575	1129.25
542.789	1087.25
543.002	1029.25
543.216	1010.25
543.43	1043.25
543.644	1022.25
543.857	1060.25
544.071	1096.25
544.285	1114.25
544.498	1121.25
544.712	1110.25
544.925	1112.25
545.139	1152.25
545.352	1143.25
545.566	1146.25
545.779	1155.25
545.993	1156.25
546.206	1175.25
546.42	1144.25
546.633	1118.25
546.847	1152.25
547.06	1155.25
547.274	1176.25
547.487	1160.25
547.7	1174.25
547.914	1170.25
548.127	1165.25
548.34	1162.25
548.554	1131.25
548.767	1119.25
548.98	1149.25
549.193	1110.25
549.407	1138.25
549.62	1141.25
549.833	1148.25
550.046	1116.25
550.259	1116.25
550.473	1116.25
550.686	1085.25
550.899	1082.25
551.112	1082.25
551.325	1088.25
551.538	1035.25
551.751	1009.25
551.964	1005.25
552.177	1037.25
552.39	1054.25
552.603	1123.25
552.816	1139.25
553.029	1158.25
553.242	1205.25
553.455	1236.25
553.667	1233.25
553.88	1234.25
554.093	1187.25
554.306	1138.25
554.519	1116.25
554.732	1118.25
554.944	1090.25
555.157	1059.25
555.37	1050.25
555.583	1054.25
555.795	995.25
556.008	1000.25
556.221	979.25
556.433	969.25
556.646	989.25
556.859	950.25
557.071	936.25
557.284	948.25
557.496	982.25
557.709	954.25
557.921	962.25
558.134	952.25
558.346	926.25
558.559	923.25
558.771	915.25
558.984	890.25
559.196	920.25
559.409	900.25
559.621	895.25
559.833	884.25
560.046	919.25
560.258	925.25
560.47	911.25
560.683	931.25
560.895	933.25
561.107	918.25
561.32	880.25
561.532	909.25
561.744	900.25
561.956	876.25
562.168	896.25
562.381	912.25
562.593	895.25
562.805	881.25
563.017	851.25
563.229	880.25
563.441	844.25
563.653	857.25
563.865	916.25
564.077	874.25
564.289	884.25
564.501	898.25
564.713	904.25
564.925	904.25
565.137	927.25
565.349	956.25
565.561	943.25
565.773	993.25
565.985	1021.25
566.197	1034.25
566.408	1081.25
566.62	1165.25
566.832	1261.25
567.044	1268.25
567.255	1244.25
567.467	1258.25
567.679	1322.25
567.891	1350.25
568.102	1361.25
568.314	1285.25
568.526	1166.25
568.737	1074.25
568.949	1012.25
569.161	917.25
569.372	874.25
569.584	864.25
569.795	866.25
570.007	816.25
570.218	912.25
570.43	872.25
570.641	782.25
570.853	788.25
571.064	790.25
571.276	826.25
571.487	801.25
571.698	764.25
571.91	760.25
572.121	729.25
572.333	708.25
572.544	728.25
572.755	692.25
572.966	687.25
573.178	678.25
573.389	653.25
573.6	650.25
573.811	653.25
574.023	643.25
574.234	619.25
574.445	663.25
574.656	648.25
574.867	647.25
575.078	666.25
575.289	653.25
575.501	646.25
575.712	624.25
575.923	628.25
576.134	625.25
576.345	629.25
576.556	643.25
576.767	642.25
576.978	653.25
577.188	652.25
577.399	634.25
577.61	613.25
577.821	600.25
578.032	628.25
578.243	692.25
578.454	1189.25
578.665	804.25
578.875	604.25
579.086	587.25
579.297	553.25
579.508	571.25
579.718	574.25
579.929	546.25
580.14	562.25
580.35	537.25
580.561	565.25
580.772	543.25
580.982	538.25
581.193	572.25
581.403	552.25
581.614	564.25
581.825	575.25
582.035	582.25
582.246	561.25
582.456	536.25
582.667	554.25
582.877	544.25
583.087	555.25
583.298	541.25
583.508	558.25
583.719	537.25
583.929	539.25
584.139	507.25
584.35	518.25
584.56	513.25
584.77	530.25
584.981	523.25
585.191	528.25
585.401	558.25
585.611	543.25
585.821	539.25
586.032	558.25
586.242	546.25
586.452	492.25
586.662	504.25
586.872	523.25
587.082	516.25
587.292	513.25
587.502	521.25
587.713	504.25
587.923	497.25
588.133	482.25
588.343	498.25
588.553	520.25
588.762	525.25
588.972	517.25
589.182	540.25
589.392	515.25
589.602	513.25
589.812	540.25
590.022	522.25
590.232	515.25
590.441	514.25
590.651	513.25
590.861	517.25
591.071	513.25
591.281	512.25
591.49	510.25
591.7	543.25
591.91	546.25
592.119	541.25
592.329	564.25
592.539	577.25
592.748	601.25
592.958	595.25
593.167	621.25
593.377	636.25
593.587	598.25
593.796	613.25
594.006	594.25
594.215	632.25
594.424	616.25
594.634	614.25
594.843	617.25
595.053	594.25
595.262	562.25
595.472	547.25
595.681	518.25
595.89	534.25
596.1	522.25
596.309	502.25
596.518	521.25
596.727	507.25
596.937	482.25
597.146	500.25
597.355	507.25
597.564	482.25
597.774	455.25
597.983	456.25
598.192	471.25
598.401	444.25
598.61	452.25
598.819	465.25
599.028	457.25
599.237	451.25
599.446	447.25
599.655	451.25
599.864	450.25
600.073	458.25
600.282	433.25
600.491	464.25
600.7	440.25
600.909	460.25
601.118	480.25
601.327	464.25
601.536	489.25
601.745	507.25
601.953	502.25
602.162	501.25
602.371	492.25
602.58	494.25
602.789	485.25
602.997	468.25
603.206	505.25
603.415	479.25
603.623	494.25
603.832	492.25
604.041	469.25
604.249	462.25
604.458	445.25
604.666	448.25
604.875	449.25
605.084	448.25
605.292	467.25
605.501	462.25
605.709	481.25
605.918	477.25
606.126	513.25
606.334	513.25
606.543	485.25
606.751	500.25
606.96	458.25
607.168	498.25
607.376	489.25
607.585	495.25
607.793	507.25
608.001	481.25
608.21	479.25
608.418	503.25
608.626	494.25
608.834	497.25
609.043	493.25
609.251	474.25
609.459	483.25
609.667	504.25
609.875	512.25
610.083	491.25
610.291	501.25
610.499	480.25
610.707	492.25
610.916	492.25
611.124	493.25
611.332	491.25
611.54	502.25
611.748	498.25
611.955	481.25
612.163	500.25
612.371	500.25
612.579	479.25
612.787	476.25
612.995	509.25
613.203	482.25
613.411	478.25
613.618	485.25
613.826	481.25
614.034	473.25
614.242	512.25
614.449	475.25
614.657	485.25
614.865	466.25
615.072	471.25
615.28	461.25
615.488	476.25
615.695	481.25
615.903	477.25
616.111	472.25
616.318	474.25
616.526	476.25
616.733	489.25
616.941	460.25
617.148	470.25
617.356	483.25
617.563	463.25
617.771	449.25
617.978	453.25
618.185	452.25
618.393	474.25
618.6	456.25
618.807	467.25
619.015	464.25
619.222	448.25
619.429	436.25
619.637	440.25
619.844	428.25
620.051	408.25
620.258	440.25
620.466	418.25
620.673	417.25
620.88	426.25
621.087	420.25
621.294	410.25
621.501	403.25
621.708	380.25
621.915	441.25
622.122	432.25
622.329	419.25
622.536	432.25
622.743	412.25
622.95	434.25
623.157	402.25
623.364	427.25
623.571	414.25
623.778	417.25
623.985	436.25
624.192	428.25
624.399	416.25
624.606	438.25
624.812	402.25
625.019	390.25
625.226	386.25
625.433	398.25
625.639	389.25
625.846	390.25
626.053	341.25
626.259	347.25
626.466	349.25
626.673	347.25
626.879	339.25
627.086	352.25
627.293	373.25
627.499	386.25
627.706	392.25
627.912	388.25
628.119	389.25
628.325	394.25
628.532	370.25
628.738	386.25
628.945	360.25
629.151	368.25
629.357	371.25
629.564	342.25
629.77	362.25
629.976	352.25
630.183	364.25
630.389	353.25
630.595	364.25
630.802	368.25
631.008	358.25
631.214	343.25
631.42	353.25
631.627	363.25
631.833	341.25
632.039	347.25
632.245	338.25
632.451	341.25
632.657	351.25
632.863	352.25
633.069	361.25
633.275	345.25
633.481	353.25
633.688	315.25
633.893	318.25
634.099	313.25
634.305	321.25
634.511	330.25
634.717	319.25
634.923	307.25
635.129	315.25
635.335	335.25
635.541	336.25
635.747	338.25
635.952	344.25
636.158	340.25
636.364	412.25
636.57	460.25
636.775	391.25
636.981	373.25
637.187	350.25
637.392	340.25
637.598	363.25
637.804	341.25
638.009	342.25
638.215	328.25
638.421	332.25
638.626	327.25
638.832	321.25
639.037	330.25
639.243	309.25
639.448	310.25
639.654	314.25
639.859	311.25
640.065	297.25
640.27	315.25
640.475	299.25
640.681	298.25
640.886	323.25
641.091	308.25
641.297	324.25
641.502	302.25
641.707	305.25
641.913	304.25
642.118	328.25
642.323	290.25
642.528	314.25
642.733	304.25
642.939	306.25
643.144	299.25
643.349	313.25
643.554	309.25
643.759	310.25
643.964	306.25
644.169	299.25
644.374	292.25
644.579	306.25
644.784	301.25
644.989	298.25
645.194	283.25
645.399	287.25
645.604	299.25
645.809	287.25
646.014	285.25
646.219	291.25
646.423	294.25
646.628	291.25
646.833	284.25
647.038	284.25
647.243	270.25
647.447	313.25
647.652	323.25
647.857	310.25
648.062	309.25
648.266	305.25
648.471	311.25
648.676	317.25
648.88	330.25
649.085	300.25
649.289	311.25
649.494	304.25
649.698	317.25
649.903	318.25
650.107	311.25
650.312	281.25
650.516	272.25
650.721	271.25
650.925	268.25
651.13	276.25
651.334	271.25
651.539	264.25
651.743	258.25
651.947	238.25
652.152	258.25
652.356	238.25
652.56	233.25
652.764	229.25
652.969	227.25
653.173	229.25
653.377	212.25
653.581	234.25
653.785	230.25
653.99	209.25
654.194	219.25
654.398	220.25
654.602	224.25
654.806	216.25
655.01	244.25
655.214	211.25
655.418	222.25
655.622	221.25
655.826	205.25
656.03	212.25
656.234	206.25
656.438	235.25
656.642	208.25
656.846	207.25
657.049	187.25
657.253	197.25
657.457	191.25
657.661	173.25
657.865	164.25
658.068	152.25
658.272	145.25
658.476	160.25
658.68	157.25
658.883	137.25
659.087	131.25
659.291	138.25
659.494	134.25
659.698	124.25
659.901	142.25
660.105	124.25
660.309	134.25
660.512	118.25
660.716	111.25
660.919	104.25
661.123	110.25
661.326	97.25
661.53	96.25
661.733	99.25
661.936	96.25
662.14	93.25
662.343	92.25
662.546	91.25
662.75	88.25
662.953	83.25
663.156	84.25
663.36	86.25
663.563	95.25
663.766	88.25
663.969	78.25
664.173	81.25
664.376	66.25
664.579	79.25
664.782	79.25
664.985	78.25
665.188	84.25
665.391	86.25
665.594	78.25
665.797	81.25
666	78.25
666.203	82.25
666.406	77.25
666.609	79.25
666.812	81.25
667.015	77.25
667.218	86.25
667.421	75.25
667.624	86.25
667.827	76.25
668.03	77.25
668.232	81.25
668.435	86.25
668.638	89.25
668.841	81.25
669.043	76.25
669.246	85.25
669.449	83.25
669.651	86.25
669.854	79.25
670.057	96.25
670.259	67.25
670.462	80.25
670.665	76.25
670.867	87.25
671.07	93.25
671.272	90.25
671.475	106.25
671.677	82.25
671.88	87.25
672.082	73.25
672.284	81.25
672.487	66.25
672.689	72.25
672.892	73.25
