223.165	-7.25
223.4	-7.25
223.635	-7.25
223.869	-16.25
224.104	-28.25
224.338	-18.25
224.573	-23.25
224.808	-16.25
225.042	-9.25
225.277	-5.25
225.511	-4.25
225.746	-4.25
225.98	8.75
226.215	22.75
226.449	23.75
226.683	12.75
226.918	32.75
227.152	31.75
227.387	38.75
227.621	50.75
227.856	56.75
228.09	46.75
228.324	44.75
228.559	52.75
228.793	72.75
229.027	142.75
229.262	146.75
229.496	178.75
229.73	184.75
229.964	221.75
230.199	182.75
230.433	156.75
230.667	171.75
230.901	155.75
231.136	157.75
231.37	155.75
231.604	153.75
231.838	159.75
232.072	146.75
232.306	172.75
232.541	158.75
232.775	165.75
233.009	167.75
233.243	169.75
233.477	175.75
233.711	165.75
233.945	154.75
234.179	167.75
234.413	165.75
234.647	164.75
234.881	168.75
235.115	169.75
235.349	164.75
235.583	161.75
235.817	174.75
236.051	192.75
236.285	183.75
236.519	187.75
236.753	183.75
236.987	206.75
237.221	270.75
237.455	304.75
237.689	255.75
237.922	207.75
238.156	209.75
238.39	183.75
238.624	177.75
238.858	190.75
239.091	181.75
239.325	196.75
239.559	194.75
239.793	200.75
240.027	204.75
240.26	211.75
240.494	224.75
240.728	215.75
240.961	200.75
241.195	209.75
241.429	241.75
241.662	210.75
241.896	219.75
242.13	206.75
242.363	209.75
242.597	206.75
242.83	210.75
243.064	215.75
243.298	229.75
243.531	229.75
243.765	231.75
243.998	222.75
244.232	231.75
244.465	239.75
244.699	238.75
244.932	227.75
245.166	240.75
245.399	239.75
245.633	244.75
245.866	242.75
246.099	245.75
246.333	232.75
246.566	269.75
246.8	251.75
247.033	249.75
247.266	259.75
247.5	262.75
247.733	261.75
247.966	283.75
248.2	275.75
248.433	295.75
248.666	286.75
248.899	305.75
249.133	323.75
249.366	329.75
249.599	329.75
249.832	335.75
250.066	343.75
250.299	381.75
250.532	465.75
250.765	528.75
250.998	464.75
251.231	417.75
251.465	387.75
251.698	384.75
251.931	348.75
252.164	349.75
252.397	365.75
252.63	358.75
252.863	344.75
253.096	359.75
253.329	379.75
253.562	368.75
253.795	346.75
254.028	375.75
254.261	373.75
254.494	370.75
254.727	415.75
254.96	419.75
255.193	430.75
255.426	453.75
255.659	478.75
255.892	584.75
256.124	754.75
256.357	806.75
256.59	657.75
256.823	558.75
257.056	482.75
257.289	461.75
257.521	422.75
257.754	425.75
257.987	411.75
258.22	396.75
258.452	381.75
258.685	414.75
258.918	388.75
259.151	398.75
259.383	401.75
259.616	394.75
259.849	387.75
260.081	389.75
260.314	418.75
260.547	405.75
260.779	404.75
261.012	414.75
261.244	397.75
261.477	389.75
261.71	391.75
261.942	423.75
262.175	426.75
262.407	431.75
262.64	383.75
262.872	389.75
263.105	372.75
263.337	390.75
263.57	374.75
263.802	364.75
264.035	376.75
264.267	377.75
264.499	399.75
264.732	364.75
264.964	375.75
265.197	367.75
265.429	375.75
265.661	380.75
265.894	385.75
266.126	383.75
266.358	377.75
266.591	395.75
266.823	405.75
267.055	411.75
267.287	408.75
267.52	429.75
267.752	413.75
267.984	407.75
268.216	408.75
268.448	416.75
268.681	414.75
268.913	426.75
269.145	431.75
269.377	441.75
269.609	440.75
269.841	443.75
270.073	441.75
270.306	475.75
270.538	492.75
270.77	487.75
271.002	503.75
271.234	484.75
271.466	485.75
271.698	519.75
271.93	503.75
272.162	520.75
272.394	496.75
272.626	492.75
272.858	488.75
273.09	501.75
273.322	472.75
273.553	469.75
273.785	489.75
274.017	476.75
274.249	460.75
274.481	466.75
274.713	465.75
274.945	485.75
275.176	487.75
275.408	492.75
275.64	507.75
275.872	529.75
276.104	509.75
276.335	513.75
276.567	540.75
276.799	553.75
277.031	614.75
277.262	614.75
277.494	613.75
277.726	588.75
277.957	539.75
278.189	547.75
278.421	535.75
278.652	525.75
278.884	512.75
279.115	524.75
279.347	527.75
279.579	544.75
279.81	549.75
280.042	585.75
280.273	647.75
280.505	630.75
280.736	586.75
280.968	563.75
281.199	560.75
281.431	575.75
281.662	556.75
281.894	536.75
282.125	550.75
282.356	570.75
282.588	584.75
282.819	590.75
283.051	549.75
283.282	543.75
283.513	538.75
283.745	547.75
283.976	533.75
284.207	530.75
284.439	533.75
284.67	556.75
284.901	535.75
285.132	525.75
285.364	550.75
285.595	547.75
285.826	527.75
286.057	576.75
286.288	547.75
286.52	546.75
286.751	537.75
286.982	549.75
287.213	553.75
287.444	538.75
287.675	553.75
287.906	577.75
288.138	565.75
288.369	596.75
288.6	587.75
288.831	579.75
289.062	559.75
289.293	583.75
289.524	576.75
289.755	580.75
289.986	591.75
290.217	567.75
290.448	571.75
290.679	571.75
290.91	572.75
291.141	572.75
291.371	572.75
291.602	574.75
291.833	559.75
292.064	579.75
292.295	567.75
292.526	588.75
292.757	562.75
292.987	560.75
293.218	563.75
293.449	588.75
293.68	570.75
293.91	560.75
294.141	558.75
294.372	564.75
294.603	553.75
294.833	581.75
295.064	568.75
295.295	581.75
295.525	586.75
295.756	585.75
295.987	628.75
296.217	657.75
296.448	656.75
296.679	603.75
296.909	596.75
297.14	611.75
297.37	607.75
297.601	611.75
297.831	597.75
298.062	608.75
298.292	623.75
298.523	610.75
298.753	615.75
298.984	624.75
299.214	635.75
299.445	640.75
299.675	630.75
299.905	634.75
300.136	621.75
300.366	621.75
300.597	635.75
300.827	641.75
301.057	651.75
301.288	669.75
301.518	685.75
301.748	677.75
301.979	683.75
302.209	694.75
302.439	658.75
302.669	661.75
302.9	665.75
303.13	647.75
303.36	692.75
303.59	722.75
303.82	738.75
304.051	734.75
304.281	661.75
304.511	674.75
304.741	672.75
304.971	672.75
305.201	673.75
305.431	675.75
305.661	637.75
305.891	661.75
306.121	649.75
306.352	690.75
306.582	700.75
306.812	710.75
307.042	676.75
307.272	748.75
307.502	751.75
307.731	737.75
307.961	756.75
308.191	711.75
308.421	683.75
308.651	713.75
308.881	693.75
309.111	696.75
309.341	710.75
309.571	744.75
309.8	750.75
310.03	726.75
310.26	724.75
310.49	759.75
310.72	770.75
310.949	804.75
311.179	800.75
311.409	785.75
311.639	776.75
311.868	793.75
312.098	776.75
312.328	823.75
312.557	803.75
312.787	836.75
313.017	827.75
313.246	802.75
313.476	778.75
313.706	803.75
313.935	786.75
314.165	813.75
314.394	824.75
314.624	821.75
314.853	807.75
315.083	798.75
315.312	790.75
315.542	813.75
315.771	793.75
316.001	786.75
316.23	782.75
316.46	808.75
316.689	783.75
316.919	778.75
317.148	812.75
317.377	823.75
317.607	813.75
317.836	806.75
318.065	809.75
318.295	794.75
318.524	796.75
318.753	801.75
318.983	802.75
319.212	836.75
319.441	794.75
319.67	842.75
319.9	832.75
320.129	824.75
320.358	834.75
320.587	869.75
320.816	851.75
321.046	870.75
321.275	877.75
321.504	871.75
321.733	853.75
321.962	891.75
322.191	909.75
322.42	939.75
322.649	960.75
322.878	957.75
323.108	963.75
323.337	1052.75
323.566	1105.75
323.795	1158.75
324.024	1273.75
324.253	1468.75
324.482	2140.75
324.71	3203.75
324.939	4410.75
325.168	3532.75
325.397	1914.75
325.626	1464.75
325.855	1275.75
326.084	1242.75
326.313	1228.75
326.542	1216.75
326.77	1315.75
326.999	1529.75
327.228	2045.75
327.457	3027.75
327.686	3556.75
327.914	2504.75
328.143	2103.75
328.372	2230.75
328.6	1975.75
328.829	1620.75
329.058	1511.75
329.287	1586.75
329.515	1621.75
329.744	1669.75
329.972	2020.75
330.201	2642.75
330.43	3367.75
330.658	2813.75
330.887	1997.75
331.115	1698.75
331.344	1475.75
331.572	1412.75
331.801	1368.75
332.03	1354.75
332.258	1350.75
332.486	1314.75
332.715	1353.75
332.943	1393.75
333.172	1473.75
333.4	1568.75
333.629	1640.75
333.857	1907.75
334.085	2230.75
334.314	2983.75
334.542	4094.75
334.771	4407.75
334.999	2718.75
335.227	1895.75
335.455	1593.75
335.684	1436.75
335.912	1348.75
336.14	1287.75
336.369	1285.75
336.597	1260.75
336.825	1228.75
337.053	1229.75
337.281	1147.75
337.51	1144.75
337.738	1144.75
337.966	1118.75
338.194	1143.75
338.422	1127.75
338.65	1093.75
338.878	1048.75
339.106	1021.75
339.334	1054.75
339.562	1041.75
339.79	1048.75
340.018	1032.75
340.246	1008.75
340.474	1063.75
340.702	1023.75
340.93	1037.75
341.158	1005.75
341.386	1020.75
341.614	1011.75
341.842	1006.75
342.07	1003.75
342.298	995.75
342.526	969.75
342.754	972.75
342.981	977.75
343.209	997.75
343.437	992.75
343.665	1031.75
343.893	1090.75
344.12	1118.75
344.348	1106.75
344.576	1058.75
344.804	1072.75
345.031	1037.75
345.259	1039.75
345.487	971.75
345.714	997.75
345.942	979.75
346.17	982.75
346.397	970.75
346.625	989.75
346.853	953.75
347.08	941.75
347.308	989.75
347.535	972.75
347.763	1003.75
347.99	990.75
348.218	978.75
348.445	979.75
348.673	964.75
348.9	935.75
349.128	967.75
349.355	916.75
349.583	947.75
349.81	936.75
350.037	947.75
350.265	923.75
350.492	940.75
350.72	936.75
350.947	952.75
351.174	991.75
351.402	976.75
351.629	973.75
351.856	957.75
352.083	993.75
352.311	999.75
352.538	958.75
352.765	996.75
352.992	975.75
353.22	971.75
353.447	946.75
353.674	965.75
353.901	960.75
354.128	977.75
354.355	915.75
354.583	908.75
354.81	916.75
355.037	933.75
355.264	956.75
355.491	901.75
355.718	935.75
355.945	897.75
356.172	917.75
356.399	926.75
356.626	912.75
356.853	936.75
357.08	936.75
357.307	932.75
357.534	930.75
357.761	929.75
357.988	948.75
358.215	923.75
358.441	928.75
358.668	924.75
358.895	931.75
359.122	936.75
359.349	959.75
359.576	1014.75
359.802	1021.75
360.029	1049.75
360.256	1087.75
360.483	1047.75
360.709	983.75
360.936	988.75
361.163	983.75
361.39	1023.75
361.616	1003.75
361.843	987.75
362.07	958.75
362.296	998.75
362.523	983.75
362.749	998.75
362.976	981.75
363.203	1008.75
363.429	952.75
363.656	965.75
363.882	961.75
364.109	975.75
364.335	960.75
364.562	913.75
364.788	950.75
365.015	976.75
365.241	943.75
365.468	965.75
365.694	1017.75
365.92	1004.75
366.147	998.75
366.373	970.75
366.599	952.75
366.826	952.75
367.052	984.75
367.278	951.75
367.505	987.75
367.731	979.75
367.957	977.75
368.184	953.75
368.41	1020.75
368.636	1037.75
368.862	1031.75
369.089	988.75
369.315	1019.75
369.541	999.75
369.767	1012.75
369.993	999.75
370.219	1010.75
370.445	1017.75
370.672	998.75
370.898	1037.75
371.124	1048.75
371.35	1016.75
371.576	1038.75
371.802	1042.75
372.028	1004.75
372.254	1055.75
372.48	1030.75
372.706	1061.75
372.932	1075.75
373.158	1039.75
373.384	1025.75
373.61	1025.75
373.835	1058.75
374.061	1018.75
374.287	1046.75
374.513	1036.75
374.739	1064.75
374.965	1083.75
375.191	1077.75
375.416	1080.75
375.642	1070.75
375.868	1078.75
376.094	1059.75
376.319	1045.75
376.545	1041.75
376.771	1054.75
376.997	1056.75
377.222	1025.75
377.448	1027.75
377.674	1012.75
377.899	1001.75
378.125	1010.75
378.35	1003.75
378.576	1015.75
378.802	977.75
379.027	999.75
379.253	1014.75
379.478	1029.75
379.704	1047.75
379.929	1037.75
380.155	1030.75
380.38	1023.75
380.606	1032.75
380.831	1035.75
381.057	1007.75
381.282	1021.75
381.507	1078.75
381.733	1087.75
381.958	1046.75
382.184	1028.75
382.409	1036.75
382.634	1057.75
382.86	1061.75
383.085	1067.75
383.31	1095.75
383.535	1101.75
383.761	1116.75
383.986	1118.75
384.211	1171.75
384.436	1156.75
384.662	1141.75
384.887	1183.75
385.112	1179.75
385.337	1175.75
385.562	1222.75
385.787	1232.75
386.013	1205.75
386.238	1222.75
386.463	1201.75
386.688	1197.75
386.913	1200.75
387.138	1196.75
387.363	1201.75
387.588	1183.75
387.813	1177.75
388.038	1186.75
388.263	1171.75
388.488	1203.75
388.713	1166.75
388.938	1199.75
389.163	1211.75
389.387	1181.75
389.612	1196.75
389.837	1184.75
390.062	1175.75
390.287	1171.75
390.512	1178.75
390.736	1220.75
390.961	1235.75
391.186	1219.75
391.411	1246.75
391.636	1297.75
391.86	1331.75
392.085	1306.75
392.31	1312.75
392.534	1279.75
392.759	1256.75
392.984	1252.75
393.208	1277.75
393.433	1285.75
393.658	1265.75
393.882	1275.75
394.107	1260.75
394.331	1297.75
394.556	1279.75
394.78	1290.75
395.005	1308.75
395.229	1312.75
395.454	1321.75
395.678	1343.75
395.903	1339.75
396.127	1333.75
396.352	1346.75
396.576	1305.75
396.801	1317.75
397.025	1343.75
397.249	1335.75
397.474	1362.75
397.698	1388.75
397.922	1389.75
398.147	1391.75
398.371	1420.75
398.595	1468.75
398.82	1461.75
399.044	1564.75
399.268	1661.75
399.492	1853.75
399.717	2024.75
399.941	2071.75
400.165	1886.75
400.389	1807.75
400.613	1676.75
400.837	1587.75
401.062	1598.75
401.286	1531.75
401.51	1540.75
401.734	1556.75
401.958	1546.75
402.182	1566.75
402.406	1619.75
402.63	1622.75
402.854	1600.75
403.078	1609.75
403.302	1696.75
403.526	1730.75
403.75	1694.75
403.974	1737.75
404.198	1719.75
404.422	1800.75
404.645	1798.75
404.869	1840.75
405.093	1953.75
405.317	2029.75
405.541	2077.75
405.765	1925.75
405.988	1857.75
406.212	1852.75
406.436	1907.75
406.66	1888.75
406.883	1825.75
407.107	1907.75
407.331	1956.75
407.555	2131.75
407.778	2068.75
408.002	1925.75
408.226	1879.75
408.449	1864.75
408.673	1795.75
408.896	1819.75
409.12	1811.75
409.344	1828.75
409.567	1721.75
409.791	1732.75
410.014	1730.75
410.238	1702.75
410.461	1660.75
410.685	1682.75
410.908	1690.75
411.132	1750.75
411.355	1768.75
411.578	1725.75
411.802	1685.75
412.025	1712.75
412.249	1867.75
412.472	1953.75
412.695	2036.75
412.919	2026.75
413.142	1912.75
413.365	1854.75
413.589	1797.75
413.812	1711.75
414.035	1667.75
414.258	1653.75
414.482	1670.75
414.705	1667.75
414.928	1607.75
415.151	1616.75
415.374	1617.75
415.597	1560.75
415.821	1587.75
416.044	1595.75
416.267	1565.75
416.49	1574.75
416.713	1566.75
416.936	1559.75
417.159	1572.75
417.382	1579.75
417.605	1620.75
417.828	1671.75
418.051	1667.75
418.274	1625.75
418.497	1611.75
418.72	1627.75
418.943	1629.75
419.166	1667.75
419.389	1831.75
419.611	1813.75
419.834	1788.75
420.057	1856.75
420.28	1847.75
420.503	1900.75
420.726	1865.75
420.948	1789.75
421.171	1777.75
421.394	1795.75
421.617	1710.75
421.839	1666.75
422.062	1697.75
422.285	1651.75
422.507	1762.75
422.73	1873.75
422.953	1799.75
423.175	1721.75
423.398	1707.75
423.621	1709.75
423.843	1700.75
424.066	1719.75
424.288	1709.75
424.511	1751.75
424.733	1808.75
424.956	1930.75
425.178	1866.75
425.401	1840.75
425.623	1848.75
425.846	1712.75
426.068	1631.75
426.291	1663.75
426.513	1615.75
426.735	1653.75
426.958	1669.75
427.18	1805.75
427.402	1999.75
427.625	2229.75
427.847	2097.75
428.069	1977.75
428.292	1839.75
428.514	1661.75
428.736	1600.75
428.958	1519.75
429.181	1500.75
429.403	1473.75
429.625	1523.75
429.847	1595.75
430.069	1663.75
430.292	1623.75
430.514	1488.75
430.736	1477.75
430.958	1456.75
431.18	1444.75
431.402	1452.75
431.624	1459.75
431.846	1428.75
432.068	1393.75
432.29	1393.75
432.512	1417.75
432.734	1453.75
432.956	1457.75
433.178	1471.75
433.4	1470.75
433.622	1479.75
433.844	1456.75
434.066	1427.75
434.287	1451.75
434.509	1432.75
434.731	1488.75
434.953	1545.75
435.175	1589.75
435.397	1612.75
435.618	1591.75
435.84	1619.75
436.062	1724.75
436.284	1885.75
436.505	1644.75
436.727	1595.75
436.949	1532.75
437.17	1498.75
437.392	1479.75
437.614	1484.75
437.835	1514.75
438.057	1681.75
438.278	1794.75
438.5	1833.75
438.721	1947.75
438.943	1878.75
439.165	1621.75
439.386	1563.75
439.608	1600.75
439.829	1573.75
440.05	1649.75
440.272	1730.75
440.493	1638.75
440.715	1553.75
440.936	1565.75
441.158	1541.75
441.379	1557.75
441.6	1643.75
441.822	1689.75
442.043	1715.75
442.264	1892.75
442.486	1878.75
442.707	1703.75
442.928	1668.75
443.149	1715.75
443.371	1710.75
443.592	1812.75
443.813	1977.75
444.034	2017.75
444.255	1767.75
444.476	1751.75
444.698	1769.75
444.919	1868.75
445.14	1887.75
445.361	1807.75
445.582	1769.75
445.803	1831.75
446.024	1960.75
446.245	1905.75
446.466	1803.75
446.687	1657.75
446.908	1595.75
447.129	1550.75
447.35	1492.75
447.571	1473.75
447.792	1425.75
448.013	1429.75
448.234	1519.75
448.455	1563.75
448.675	1697.75
448.896	1860.75
449.117	1638.75
449.338	1654.75
449.559	1756.75
449.779	1935.75
450	1643.75
450.221	1467.75
450.442	1415.75
450.662	1393.75
450.883	1456.75
451.104	1523.75
451.324	1446.75
451.545	1395.75
451.766	1368.75
451.986	1343.75
452.207	1334.75
452.428	1298.75
452.648	1332.75
452.869	1311.75
453.089	1293.75
453.31	1306.75
453.53	1237.75
453.751	1228.75
453.971	1246.75
454.192	1296.75
454.412	1277.75
454.633	1270.75
454.853	1255.75
455.073	1262.75
455.294	1310.75
455.514	1387.75
455.734	1351.75
455.955	1249.75
456.175	1212.75
456.395	1183.75
456.616	1177.75
456.836	1159.75
457.056	1208.75
457.276	1176.75
457.497	1213.75
457.717	1173.75
457.937	1190.75
458.157	1204.75
458.377	1215.75
458.598	1280.75
458.818	1417.75
459.038	1547.75
459.258	1555.75
459.478	1441.75
459.698	1379.75
459.918	1417.75
460.138	1422.75
460.358	1504.75
460.578	1492.75
460.798	1504.75
461.018	1538.75
461.238	1495.75
461.458	1507.75
461.678	1501.75
461.898	1528.75
462.118	1511.75
462.338	1621.75
462.558	1629.75
462.777	1663.75
462.997	1731.75
463.217	1817.75
463.437	1886.75
463.657	1728.75
463.876	1688.75
464.096	1691.75
464.316	1668.75
464.536	1678.75
464.755	1678.75
464.975	1671.75
465.195	1732.75
465.414	1861.75
465.634	1589.75
465.854	1509.75
466.073	1422.75
466.293	1371.75
466.512	1403.75
466.732	1401.75
466.951	1395.75
467.171	1380.75
467.391	1419.75
467.61	1443.75
467.829	1528.75
468.049	1771.75
468.268	2285.75
468.488	1824.75
468.707	1563.75
468.927	1465.75
469.146	1421.75
469.365	1417.75
469.585	1396.75
469.804	1484.75
470.023	1500.75
470.243	1449.75
470.462	1490.75
470.681	1566.75
470.901	1542.75
471.12	1476.75
471.339	1472.75
471.558	1483.75
471.777	1545.75
471.997	1652.75
472.216	2215.75
472.435	4095.75
472.654	2999.75
472.873	1971.75
473.092	1737.75
473.311	1628.75
473.53	1581.75
473.749	1527.75
473.968	1520.75
474.187	1630.75
474.406	1633.75
474.625	1481.75
474.844	1433.75
475.063	1404.75
475.282	1381.75
475.501	1384.75
475.72	1385.75
475.939	1426.75
476.158	1431.75
476.377	1413.75
476.596	1415.75
476.814	1435.75
477.033	1437.75
477.252	1481.75
477.471	1473.75
477.69	1472.75
477.908	1562.75
478.127	1568.75
478.346	1588.75
478.564	1605.75
478.783	1615.75
479.002	1652.75
479.22	1687.75
479.439	1691.75
479.658	1745.75
479.876	1743.75
480.095	1744.75
480.313	1859.75
480.532	1926.75
480.751	2077.75
480.969	2516.75
481.188	5272.75
481.406	6702.75
481.624	3399.75
481.843	2504.75
482.061	2198.75
482.28	2063.75
482.498	1892.75
482.717	1840.75
482.935	1825.75
483.153	1847.75
483.372	1805.75
483.59	1776.75
483.808	1724.75
484.027	1718.75
484.245	1719.75
484.463	1747.75
484.681	1711.75
484.9	1687.75
485.118	1703.75
485.336	1688.75
485.554	1719.75
485.772	1676.75
485.99	1669.75
486.209	1685.75
486.427	1668.75
486.645	1743.75
486.863	1810.75
487.081	1821.75
487.299	1740.75
487.517	1746.75
487.735	1808.75
487.953	1848.75
488.171	1829.75
488.389	1814.75
488.607	1764.75
488.825	1737.75
489.043	1749.75
489.261	1760.75
489.479	1781.75
489.696	1825.75
489.914	1828.75
490.132	1847.75
490.35	1894.75
490.568	1972.75
490.786	2031.75
491.003	2093.75
491.221	2135.75
491.439	2241.75
491.657	2282.75
491.874	2313.75
492.092	2383.75
492.31	2484.75
492.527	2457.75
492.745	2497.75
492.963	2441.75
493.18	2430.75
493.398	2371.75
493.615	2393.75
493.833	2381.75
494.05	2351.75
494.268	2278.75
494.485	2215.75
494.703	2241.75
494.92	2161.75
495.138	2187.75
495.355	2169.75
495.573	2158.75
495.79	2142.75
496.008	2137.75
496.225	2111.75
496.442	2145.75
496.66	2108.75
496.877	2125.75
497.094	2075.75
497.312	2135.75
497.529	2121.75
497.746	2121.75
497.963	2180.75
498.181	2185.75
498.398	2227.75
498.615	2262.75
498.832	2362.75
499.049	2483.75
499.267	2567.75
499.484	2734.75
499.701	3011.75
499.918	3213.75
500.135	3526.75
500.352	3861.75
500.569	4054.75
500.786	4040.75
501.003	3788.75
501.22	3497.75
501.437	3166.75
501.654	2953.75
501.871	2737.75
502.088	2637.75
502.305	2461.75
502.522	2354.75
502.739	2275.75
502.956	2195.75
503.172	2123.75
503.389	1985.75
503.606	2049.75
503.823	1992.75
504.04	1959.75
504.256	1949.75
504.473	1965.75
504.69	2011.75
504.907	1941.75
505.123	1872.75
505.34	1809.75
505.557	1797.75
505.773	1745.75
505.99	1711.75
506.207	1705.75
506.423	1716.75
506.64	1655.75
506.856	1659.75
507.073	1622.75
507.289	1617.75
507.506	1594.75
507.722	1654.75
507.939	1695.75
508.155	1574.75
508.372	1590.75
508.588	1543.75
508.805	1527.75
509.021	1539.75
509.238	1530.75
509.454	1555.75
509.67	1513.75
509.887	1496.75
510.103	1536.75
510.319	1570.75
510.536	1842.75
510.752	3410.75
510.968	2520.75
511.184	1604.75
511.401	1553.75
511.617	1574.75
511.833	1651.75
512.049	1673.75
512.265	1654.75
512.481	1634.75
512.698	1552.75
512.914	1497.75
513.13	1515.75
513.346	1534.75
513.562	1499.75
513.778	1527.75
513.994	1512.75
514.21	1537.75
514.426	1617.75
514.642	1682.75
514.858	1739.75
515.074	1829.75
515.29	2221.75
515.506	3628.75
515.721	2678.75
515.937	1807.75
516.153	1651.75
516.369	1645.75
516.585	1571.75
516.801	1627.75
517.016	1649.75
517.232	1699.75
517.448	1718.75
517.664	1777.75
517.879	1793.75
518.095	1751.75
518.311	1728.75
518.527	1713.75
518.742	1665.75
518.958	1610.75
519.173	1599.75
519.389	1591.75
519.605	1568.75
519.82	1564.75
520.036	1575.75
520.251	1594.75
520.467	1626.75
520.682	1574.75
520.898	1586.75
521.113	1635.75
521.329	1751.75
521.544	1956.75
521.76	2588.75
521.975	4770.75
522.19	4353.75
522.406	2172.75
522.621	1654.75
522.836	1519.75
523.052	1485.75
523.267	1437.75
523.482	1411.75
523.698	1368.75
523.913	1395.75
524.128	1366.75
524.343	1396.75
524.559	1368.75
524.774	1360.75
524.989	1360.75
525.204	1335.75
525.419	1321.75
525.634	1273.75
525.849	1286.75
526.064	1247.75
526.28	1253.75
526.495	1261.75
526.71	1198.75
526.925	1200.75
527.14	1206.75
527.355	1206.75
527.57	1176.75
527.785	1204.75
527.999	1197.75
528.214	1222.75
528.429	1236.75
528.644	1222.75
528.859	1313.75
529.074	1288.75
529.289	1359.75
529.503	1596.75
529.718	1405.75
529.933	1308.75
530.148	1236.75
530.363	1221.75
530.577	1175.75
530.792	1161.75
531.007	1186.75
531.221	1171.75
531.436	1148.75
531.651	1148.75
531.865	1174.75
532.08	1179.75
532.295	1159.75
532.509	1170.75
532.724	1152.75
532.938	1143.75
533.153	1164.75
533.367	1174.75
533.582	1202.75
533.796	1177.75
534.011	1181.75
534.225	1149.75
534.44	1151.75
534.654	1134.75
534.868	1143.75
535.083	1144.75
535.297	1114.75
535.511	1173.75
535.726	1159.75
535.94	1153.75
536.154	1168.75
536.369	1136.75
536.583	1100.75
536.797	1103.75
537.011	1100.75
537.225	1094.75
537.44	1075.75
537.654	1101.75
537.868	1074.75
538.082	1063.75
538.296	1069.75
538.51	1083.75
538.724	1121.75
538.938	1133.75
539.153	1128.75
539.367	1183.75
539.581	1116.75
539.795	1074.75
540.009	1057.75
540.222	1059.75
540.436	1075.75
540.65	1106.75
540.864	1136.75
541.078	1176.75
541.292	1211.75
541.506	1218.75
541.72	1244.75
541.934	1279.75
542.147	1291.75
542.361	1260.75
542.575	1188.75
542.789	1159.75
543.002	1123.75
543.216	1111.75
543.43	1104.75
543.644	1104.75
543.857	1134.75
544.071	1177.75
544.285	1201.75
544.498	1207.75
544.712	1176.75
544.925	1216.75
545.139	1219.75
545.352	1253.75
545.566	1212.75
545.779	1242.75
545.993	1221.75
546.206	1234.75
546.42	1250.75
546.633	1231.75
546.847	1222.75
547.06	1236.75
547.274	1216.75
547.487	1246.75
547.7	1272.75
547.914	1247.75
548.127	1233.75
548.34	1225.75
548.554	1216.75
548.767	1217.75
548.98	1211.75
549.193	1220.75
549.407	1244.75
549.62	1224.75
549.833	1252.75
550.046	1204.75
550.259	1211.75
550.473	1197.75
550.686	1204.75
550.899	1148.75
551.112	1178.75
551.325	1157.75
551.538	1127.75
551.751	1095.75
551.964	1077.75
552.177	1115.75
552.39	1165.75
552.603	1188.75
552.816	1224.75
553.029	1286.75
553.242	1263.75
553.455	1277.75
553.667	1301.75
553.88	1288.75
554.093	1256.75
554.306	1245.75
554.519	1223.75
554.732	1184.75
554.944	1155.75
555.157	1134.75
555.37	1154.75
555.583	1112.75
555.795	1112.75
556.008	1050.75
556.221	1047.75
556.433	1053.75
556.646	988.75
556.859	983.75
557.071	1055.75
557.284	1027.75
557.496	1025.75
557.709	1039.75
557.921	1047.75
558.134	1008.75
558.346	993.75
558.559	1008.75
558.771	988.75
558.984	1004.75
559.196	969.75
559.409	972.75
559.621	949.75
559.833	961.75
560.046	936.75
560.258	970.75
560.47	989.75
560.683	983.75
560.895	959.75
561.107	971.75
561.32	943.75
561.532	987.75
561.744	976.75
561.956	964.75
562.168	960.75
562.381	928.75
562.593	937.75
562.805	952.75
563.017	936.75
563.229	958.75
563.441	978.75
563.653	943.75
563.865	919.75
564.077	928.75
564.289	926.75
564.501	932.75
564.713	950.75
564.925	980.75
565.137	995.75
565.349	1011.75
565.561	1019.75
565.773	1021.75
565.985	1075.75
566.197	1105.75
566.408	1188.75
566.62	1213.75
566.832	1264.75
567.044	1290.75
567.255	1295.75
567.467	1272.75
567.679	1369.75
567.891	1411.75
568.102	1404.75
568.314	1361.75
568.526	1203.75
568.737	1115.75
568.949	1027.75
569.161	991.75
569.372	925.75
569.584	878.75
569.795	872.75
570.007	887.75
570.218	945.75
570.43	914.75
570.641	841.75
570.853	855.75
571.064	871.75
571.276	859.75
571.487	857.75
571.698	815.75
571.91	802.75
572.121	787.75
572.333	794.75
572.544	741.75
572.755	716.75
572.966	709.75
573.178	713.75
573.389	712.75
573.6	715.75
573.811	670.75
574.023	680.75
574.234	676.75
574.445	695.75
574.656	687.75
574.867	709.75
575.078	704.75
575.289	691.75
575.501	685.75
575.712	664.75
575.923	648.75
576.134	674.75
576.345	654.75
576.556	681.75
576.767	686.75
576.978	674.75
577.188	655.75
577.399	664.75
577.61	645.75
577.821	654.75
578.032	653.75
578.243	741.75
578.454	1263.75
578.665	885.75
578.875	669.75
579.086	620.75
579.297	628.75
579.508	608.75
579.718	613.75
579.929	581.75
580.14	608.75
580.35	594.75
580.561	623.75
580.772	593.75
580.982	601.75
581.193	598.75
581.403	596.75
581.614	583.75
581.825	608.75
582.035	575.75
582.246	577.75
582.456	578.75
582.667	598.75
582.877	598.75
583.087	579.75
583.298	559.75
583.508	575.75
583.719	578.75
583.929	588.75
584.139	558.75
584.35	546.75
584.56	559.75
584.77	560.75
584.981	559.75
585.191	580.75
585.401	554.75
585.611	545.75
585.821	542.75
586.032	547.75
586.242	573.75
586.452	568.75
586.662	552.75
586.872	563.75
587.082	564.75
587.292	551.75
587.502	578.75
587.713	531.75
587.923	556.75
588.133	538.75
588.343	548.75
588.553	546.75
588.762	540.75
588.972	538.75
589.182	541.75
589.392	555.75
589.602	574.75
589.812	594.75
590.022	543.75
590.232	549.75
590.441	555.75
590.651	546.75
590.861	566.75
591.071	556.75
591.281	541.75
591.49	547.75
591.7	570.75
591.91	568.75
592.119	569.75
592.329	571.75
592.539	607.75
592.748	623.75
592.958	606.75
593.167	618.75
593.377	632.75
593.587	628.75
593.796	642.75
594.006	642.75
594.215	633.75
594.424	654.75
594.634	685.75
594.843	663.75
595.053	606.75
595.262	594.75
595.472	585.75
595.681	570.75
595.89	547.75
596.1	574.75
596.309	540.75
596.518	555.75
596.727	551.75
596.937	520.75
597.146	545.75
597.355	507.75
597.564	516.75
597.774	511.75
597.983	485.75
598.192	476.75
598.401	499.75
598.61	492.75
598.819	493.75
599.028	525.75
599.237	515.75
599.446	485.75
599.655	489.75
599.864	485.75
600.073	480.75
600.282	490.75
600.491	469.75
600.7	510.75
600.909	479.75
601.118	491.75
601.327	492.75
601.536	528.75
601.745	544.75
601.953	537.75
602.162	540.75
602.371	548.75
602.58	530.75
602.789	533.75
602.997	532.75
603.206	521.75
603.415	528.75
603.623	519.75
603.832	503.75
604.041	507.75
604.249	474.75
604.458	476.75
604.666	480.75
604.875	488.75
605.084	481.75
605.292	514.75
605.501	533.75
605.709	537.75
605.918	539.75
606.126	523.75
606.334	515.75
606.543	505.75
606.751	523.75
606.96	501.75
607.168	518.75
607.376	499.75
607.585	486.75
607.793	520.75
608.001	534.75
608.21	540.75
608.418	518.75
608.626	505.75
608.834	504.75
609.043	543.75
609.251	531.75
609.459	520.75
609.667	539.75
609.875	547.75
610.083	502.75
610.291	529.75
610.499	531.75
610.707	536.75
610.916	545.75
611.124	553.75
611.332	517.75
611.54	529.75
611.748	531.75
611.955	545.75
612.163	520.75
612.371	515.75
612.579	529.75
612.787	507.75
612.995	530.75
613.203	517.75
613.411	509.75
613.618	504.75
613.826	520.75
614.034	492.75
614.242	503.75
614.449	507.75
614.657	494.75
614.865	495.75
615.072	502.75
615.28	491.75
615.488	518.75
615.695	488.75
615.903	500.75
616.111	488.75
616.318	515.75
616.526	509.75
616.733	515.75
616.941	484.75
617.148	500.75
617.356	484.75
617.563	491.75
617.771	455.75
617.978	485.75
618.185	489.75
618.393	492.75
618.6	500.75
618.807	492.75
619.015	509.75
619.222	478.75
619.429	463.75
619.637	457.75
619.844	443.75
620.051	458.75
620.258	464.75
620.466	469.75
620.673	467.75
620.88	432.75
621.087	438.75
621.294	438.75
621.501	419.75
621.708	433.75
621.915	449.75
622.122	438.75
622.329	458.75
622.536	466.75
622.743	439.75
622.95	437.75
623.157	437.75
623.364	424.75
623.571	456.75
623.778	449.75
623.985	435.75
624.192	422.75
624.399	433.75
624.606	448.75
624.812	440.75
625.019	437.75
625.226	415.75
625.433	399.75
625.639	378.75
625.846	366.75
626.053	355.75
626.259	365.75
626.466	356.75
626.673	371.75
626.879	349.75
627.086	380.75
627.293	392.75
627.499	410.75
627.706	419.75
627.912	410.75
628.119	431.75
628.325	425.75
628.532	415.75
628.738	409.75
628.945	401.75
629.151	389.75
629.357	391.75
629.564	385.75
629.77	417.75
629.976	382.75
630.183	358.75
630.389	359.75
630.595	368.75
630.802	379.75
631.008	374.75
631.214	382.75
631.42	372.75
631.627	376.75
631.833	362.75
632.039	349.75
632.245	356.75
632.451	359.75
632.657	366.75
632.863	363.75
633.069	370.75
633.275	367.75
633.481	342.75
633.688	355.75
633.893	359.75
634.099	355.75
634.305	362.75
634.511	340.75
634.717	349.75
634.923	329.75
635.129	335.75
635.335	339.75
635.541	378.75
635.747	358.75
635.952	371.75
636.158	399.75
636.364	520.75
636.57	624.75
636.775	497.75
636.981	436.75
637.187	387.75
637.392	395.75
637.598	371.75
637.804	385.75
638.009	374.75
638.215	389.75
638.421	356.75
638.626	367.75
638.832	351.75
639.037	341.75
639.243	325.75
639.448	346.75
639.654	324.75
639.859	333.75
640.065	324.75
640.27	323.75
640.475	336.75
640.681	324.75
640.886	348.75
641.091	327.75
641.297	332.75
641.502	326.75
641.707	337.75
641.913	305.75
642.118	328.75
642.323	333.75
642.528	326.75
642.733	321.75
642.939	329.75
643.144	327.75
643.349	321.75
643.554	319.75
643.759	329.75
643.964	313.75
644.169	308.75
644.374	304.75
644.579	290.75
644.784	306.75
644.989	325.75
645.194	311.75
645.399	305.75
645.604	304.75
645.809	305.75
646.014	293.75
646.219	306.75
646.423	307.75
646.628	296.75
646.833	305.75
647.038	316.75
647.243	315.75
647.447	291.75
647.652	319.75
647.857	321.75
648.062	295.75
648.266	307.75
648.471	320.75
648.676	341.75
648.88	309.75
649.085	310.75
649.289	326.75
649.494	325.75
649.698	340.75
649.903	305.75
650.107	326.75
650.312	280.75
650.516	304.75
650.721	290.75
650.925	283.75
651.13	279.75
651.334	279.75
651.539	262.75
651.743	275.75
651.947	279.75
652.152	265.75
652.356	253.75
652.56	255.75
652.764	263.75
652.969	241.75
653.173	248.75
653.377	243.75
653.581	249.75
653.785	223.75
653.99	227.75
654.194	244.75
654.398	223.75
654.602	217.75
654.806	236.75
655.01	237.75
655.214	225.75
655.418	218.75
655.622	220.75
655.826	215.75
656.03	224.75
656.234	236.75
656.438	212.75
656.642	219.75
656.846	201.75
657.049	212.75
657.253	196.75
657.457	176.75
657.661	161.75
657.865	177.75
658.068	146.75
658.272	149.75
658.476	167.75
658.68	148.75
658.883	137.75
659.087	149.75
659.291	132.75
659.494	133.75
659.698	147.75
659.901	131.75
660.105	123.75
660.309	129.75
660.512	118.75
660.716	116.75
660.919	121.75
661.123	120.75
661.326	116.75
661.53	109.75
661.733	97.75
661.936	103.75
662.14	97.75
662.343	96.75
662.546	89.75
662.75	98.75
662.953	99.75
663.156	81.75
663.36	98.75
663.563	98.75
663.766	84.75
663.969	86.75
664.173	96.75
664.376	85.75
664.579	102.75
664.782	91.75
664.985	81.75
665.188	85.75
665.391	88.75
665.594	92.75
665.797	75.75
666	75.75
666.203	85.75
666.406	76.75
666.609	87.75
666.812	81.75
667.015	81.75
667.218	65.75
667.421	85.75
667.624	82.75
667.827	81.75
668.03	83.75
668.232	81.75
668.435	88.75
668.638	77.75
668.841	73.75
669.043	94.75
669.246	73.75
669.449	94.75
669.651	88.75
669.854	70.75
670.057	86.75
670.259	86.75
670.462	80.75
670.665	86.75
670.867	89.75
671.07	101.75
671.272	87.75
671.475	86.75
671.677	67.75
671.88	84.75
672.082	88.75
672.284	89.75
672.487	84.75
672.689	87.75
672.892	80.75
