223.165	-5.62
223.4	-5.62
223.635	-5.62
223.869	-6.62
224.104	-25.62
224.338	-2.62
224.573	-18.62
224.808	-16.62
225.042	0.38
225.277	-11.62
225.511	-17.62
225.746	3.38
225.98	-5.62
226.215	13.38
226.449	26.38
226.683	9.38
226.918	23.38
227.152	34.38
227.387	27.38
227.621	34.38
227.856	30.38
228.09	59.38
228.324	50.38
228.559	63.38
228.793	75.38
229.027	144.38
229.262	139.38
229.496	168.38
229.73	189.38
229.964	229.38
230.199	174.38
230.433	156.38
230.667	156.38
230.901	151.38
231.136	141.38
231.37	156.38
231.604	144.38
231.838	153.38
232.072	163.38
232.306	148.38
232.541	142.38
232.775	165.38
233.009	166.38
233.243	169.38
233.477	167.38
233.711	149.38
233.945	150.38
234.179	164.38
234.413	160.38
234.647	165.38
234.881	166.38
235.115	156.38
235.349	171.38
235.583	171.38
235.817	172.38
236.051	168.38
236.285	170.38
236.519	180.38
236.753	178.38
236.987	195.38
237.221	265.38
237.455	307.38
237.689	249.38
237.922	209.38
238.156	181.38
238.39	169.38
238.624	173.38
238.858	179.38
239.091	180.38
239.325	196.38
239.559	179.38
239.793	185.38
240.027	190.38
240.26	213.38
240.494	214.38
240.728	211.38
240.961	217.38
241.195	211.38
241.429	220.38
241.662	211.38
241.896	217.38
242.13	202.38
242.363	205.38
242.597	192.38
242.83	213.38
243.064	212.38
243.298	215.38
243.531	221.38
243.765	218.38
243.998	223.38
244.232	213.38
244.465	211.38
244.699	236.38
244.932	229.38
245.166	221.38
245.399	228.38
245.633	230.38
245.866	218.38
246.099	222.38
246.333	228.38
246.566	238.38
246.8	238.38
247.033	235.38
247.266	235.38
247.5	250.38
247.733	253.38
247.966	257.38
248.2	264.38
248.433	265.38
248.666	263.38
248.899	282.38
249.133	325.38
249.366	306.38
249.599	325.38
249.832	324.38
250.066	315.38
250.299	341.38
250.532	421.38
250.765	434.38
250.998	429.38
251.231	405.38
251.465	359.38
251.698	333.38
251.931	333.38
252.164	330.38
252.397	354.38
252.63	324.38
252.863	349.38
253.096	335.38
253.329	337.38
253.562	322.38
253.795	333.38
254.028	334.38
254.261	335.38
254.494	357.38
254.727	386.38
254.96	391.38
255.193	404.38
255.426	382.38
255.659	406.38
255.892	491.38
256.124	622.38
256.357	658.38
256.59	544.38
256.823	469.38
257.056	412.38
257.289	398.38
257.521	386.38
257.754	375.38
257.987	387.38
258.22	368.38
258.452	373.38
258.685	350.38
258.918	349.38
259.151	346.38
259.383	358.38
259.616	366.38
259.849	363.38
260.081	352.38
260.314	377.38
260.547	401.38
260.779	384.38
261.012	385.38
261.244	372.38
261.477	389.38
261.71	373.38
261.942	391.38
262.175	387.38
262.407	391.38
262.64	357.38
262.872	345.38
263.105	379.38
263.337	379.38
263.57	358.38
263.802	350.38
264.035	343.38
264.267	356.38
264.499	369.38
264.732	361.38
264.964	362.38
265.197	349.38
265.429	361.38
265.661	350.38
265.894	353.38
266.126	352.38
266.358	368.38
266.591	383.38
266.823	367.38
267.055	379.38
267.287	380.38
267.52	381.38
267.752	389.38
267.984	365.38
268.216	383.38
268.448	399.38
268.681	409.38
268.913	386.38
269.145	437.38
269.377	433.38
269.609	432.38
269.841	426.38
270.073	431.38
270.306	462.38
270.538	486.38
270.77	471.38
271.002	482.38
271.234	450.38
271.466	460.38
271.698	495.38
271.93	481.38
272.162	485.38
272.394	493.38
272.626	468.38
272.858	459.38
273.09	454.38
273.322	439.38
273.553	458.38
273.785	437.38
274.017	452.38
274.249	455.38
274.481	448.38
274.713	459.38
274.945	447.38
275.176	460.38
275.408	465.38
275.64	460.38
275.872	480.38
276.104	490.38
276.335	484.38
276.567	481.38
276.799	517.38
277.031	535.38
277.262	549.38
277.494	562.38
277.726	533.38
277.957	518.38
278.189	496.38
278.421	497.38
278.652	492.38
278.884	477.38
279.115	483.38
279.347	476.38
279.579	462.38
279.81	507.38
280.042	534.38
280.273	584.38
280.505	587.38
280.736	525.38
280.968	497.38
281.199	522.38
281.431	517.38
281.662	488.38
281.894	480.38
282.125	514.38
282.356	529.38
282.588	556.38
282.819	577.38
283.051	520.38
283.282	486.38
283.513	491.38
283.745	519.38
283.976	500.38
284.207	515.38
284.439	504.38
284.67	523.38
284.901	509.38
285.132	523.38
285.364	522.38
285.595	513.38
285.826	511.38
286.057	541.38
286.288	510.38
286.52	528.38
286.751	516.38
286.982	518.38
287.213	516.38
287.444	518.38
287.675	541.38
287.906	552.38
288.138	539.38
288.369	547.38
288.6	555.38
288.831	533.38
289.062	548.38
289.293	548.38
289.524	517.38
289.755	556.38
289.986	547.38
290.217	540.38
290.448	539.38
290.679	548.38
290.91	509.38
291.141	534.38
291.371	561.38
291.602	547.38
291.833	536.38
292.064	537.38
292.295	537.38
292.526	530.38
292.757	532.38
292.987	515.38
293.218	533.38
293.449	541.38
293.68	550.38
293.91	551.38
294.141	541.38
294.372	527.38
294.603	514.38
294.833	553.38
295.064	545.38
295.295	547.38
295.525	565.38
295.756	573.38
295.987	590.38
296.217	623.38
296.448	611.38
296.679	587.38
296.909	569.38
297.14	556.38
297.37	566.38
297.601	590.38
297.831	572.38
298.062	567.38
298.292	560.38
298.523	580.38
298.753	590.38
298.984	590.38
299.214	606.38
299.445	608.38
299.675	582.38
299.905	610.38
300.136	615.38
300.366	597.38
300.597	598.38
300.827	634.38
301.057	641.38
301.288	637.38
301.518	666.38
301.748	626.38
301.979	614.38
302.209	643.38
302.439	642.38
302.669	626.38
302.9	623.38
303.13	629.38
303.36	645.38
303.59	641.38
303.82	665.38
304.051	687.38
304.281	659.38
304.511	648.38
304.741	647.38
304.971	655.38
305.201	631.38
305.431	641.38
305.661	657.38
305.891	639.38
306.121	649.38
306.352	666.38
306.582	641.38
306.812	634.38
307.042	669.38
307.272	677.38
307.502	697.38
307.731	695.38
307.961	707.38
308.191	644.38
308.421	662.38
308.651	651.38
308.881	649.38
309.111	669.38
309.341	658.38
309.571	686.38
309.8	705.38
310.03	688.38
310.26	710.38
310.49	690.38
310.72	750.38
310.949	750.38
311.179	763.38
311.409	731.38
311.639	718.38
311.868	734.38
312.098	732.38
312.328	781.38
312.557	787.38
312.787	794.38
313.017	790.38
313.246	775.38
313.476	751.38
313.706	732.38
313.935	795.38
314.165	788.38
314.394	800.38
314.624	771.38
314.853	784.38
315.083	746.38
315.312	752.38
315.542	698.38
315.771	737.38
316.001	747.38
316.23	752.38
316.46	742.38
316.689	775.38
316.919	769.38
317.148	761.38
317.377	784.38
317.607	773.38
317.836	786.38
318.065	754.38
318.295	772.38
318.524	787.38
318.753	747.38
318.983	766.38
319.212	767.38
319.441	761.38
319.67	789.38
319.9	789.38
320.129	769.38
320.358	796.38
320.587	798.38
320.816	799.38
321.046	798.38
321.275	834.38
321.504	797.38
321.733	802.38
321.962	813.38
322.191	869.38
322.42	837.38
322.649	899.38
322.878	930.38
323.108	944.38
323.337	998.38
323.566	1046.38
323.795	1093.38
324.024	1217.38
324.253	1430.38
324.482	2077.38
324.71	3223.38
324.939	4441.38
325.168	3497.38
325.397	1897.38
325.626	1393.38
325.855	1211.38
326.084	1146.38
326.313	1091.38
326.542	1134.38
326.77	1254.38
326.999	1444.38
327.228	1982.38
327.457	3022.38
327.686	3468.38
327.914	2342.38
328.143	1833.38
328.372	1890.38
328.6	1744.38
328.829	1438.38
329.058	1389.38
329.287	1428.38
329.515	1423.38
329.744	1444.38
329.972	1720.38
330.201	2217.38
330.43	2687.38
330.658	2349.38
330.887	1740.38
331.115	1481.38
331.344	1298.38
331.572	1249.38
331.801	1245.38
332.03	1210.38
332.258	1188.38
332.486	1183.38
332.715	1212.38
332.943	1217.38
333.172	1307.38
333.4	1351.38
333.629	1457.38
333.857	1628.38
334.085	1886.38
334.314	2400.38
334.542	3310.38
334.771	3581.38
334.999	2276.38
335.227	1677.38
335.455	1393.38
335.684	1293.38
335.912	1238.38
336.14	1176.38
336.369	1124.38
336.597	1171.38
336.825	1159.38
337.053	1126.38
337.281	1075.38
337.51	1053.38
337.738	1053.38
337.966	1024.38
338.194	1043.38
338.422	1015.38
338.65	1007.38
338.878	986.38
339.106	985.38
339.334	951.38
339.562	975.38
339.79	946.38
340.018	966.38
340.246	945.38
340.474	956.38
340.702	958.38
340.93	945.38
341.158	915.38
341.386	927.38
341.614	943.38
341.842	943.38
342.07	902.38
342.298	931.38
342.526	917.38
342.754	896.38
342.981	903.38
343.209	912.38
343.437	943.38
343.665	975.38
343.893	1023.38
344.12	1056.38
344.348	1013.38
344.576	988.38
344.804	992.38
345.031	961.38
345.259	982.38
345.487	960.38
345.714	945.38
345.942	908.38
346.17	888.38
346.397	909.38
346.625	898.38
346.853	909.38
347.08	899.38
347.308	918.38
347.535	932.38
347.763	942.38
347.99	932.38
348.218	895.38
348.445	964.38
348.673	911.38
348.9	903.38
349.128	906.38
349.355	887.38
349.583	896.38
349.81	888.38
350.037	902.38
350.265	896.38
350.492	887.38
350.72	894.38
350.947	904.38
351.174	903.38
351.402	940.38
351.629	926.38
351.856	921.38
352.083	938.38
352.311	934.38
352.538	954.38
352.765	963.38
352.992	919.38
353.22	905.38
353.447	917.38
353.674	904.38
353.901	855.38
354.128	890.38
354.355	877.38
354.583	908.38
354.81	904.38
355.037	846.38
355.264	885.38
355.491	862.38
355.718	866.38
355.945	886.38
356.172	889.38
356.399	875.38
356.626	876.38
356.853	881.38
357.08	899.38
357.307	871.38
357.534	842.38
357.761	875.38
357.988	868.38
358.215	861.38
358.441	906.38
358.668	863.38
358.895	889.38
359.122	886.38
359.349	933.38
359.576	954.38
359.802	957.38
360.029	1039.38
360.256	1062.38
360.483	1009.38
360.709	939.38
360.936	932.38
361.163	954.38
361.39	918.38
361.616	950.38
361.843	959.38
362.07	941.38
362.296	944.38
362.523	945.38
362.749	942.38
362.976	949.38
363.203	934.38
363.429	921.38
363.656	925.38
363.882	931.38
364.109	901.38
364.335	906.38
364.562	909.38
364.788	942.38
365.015	902.38
365.241	927.38
365.468	950.38
365.694	921.38
365.92	926.38
366.147	915.38
366.373	935.38
366.599	924.38
366.826	921.38
367.052	931.38
367.278	937.38
367.505	939.38
367.731	927.38
367.957	917.38
368.184	967.38
368.41	941.38
368.636	966.38
368.862	983.38
369.089	979.38
369.315	945.38
369.541	937.38
369.767	969.38
369.993	950.38
370.219	949.38
370.445	981.38
370.672	953.38
370.898	978.38
371.124	967.38
371.35	973.38
371.576	948.38
371.802	977.38
372.028	966.38
372.254	977.38
372.48	987.38
372.706	1005.38
372.932	990.38
373.158	1003.38
373.384	994.38
373.61	979.38
373.835	971.38
374.061	991.38
374.287	992.38
374.513	1022.38
374.739	1018.38
374.965	994.38
375.191	1041.38
375.416	1045.38
375.642	989.38
375.868	989.38
376.094	986.38
376.319	1019.38
376.545	985.38
376.771	997.38
376.997	970.38
377.222	974.38
377.448	978.38
377.674	938.38
377.899	957.38
378.125	945.38
378.35	958.38
378.576	979.38
378.802	977.38
379.027	974.38
379.253	965.38
379.478	939.38
379.704	967.38
379.929	956.38
380.155	967.38
380.38	979.38
380.606	1004.38
380.831	993.38
381.057	986.38
381.282	972.38
381.507	982.38
381.733	977.38
381.958	949.38
382.184	998.38
382.409	1006.38
382.634	1023.38
382.86	1023.38
383.085	1046.38
383.31	1059.38
383.535	1035.38
383.761	1037.38
383.986	1073.38
384.211	1120.38
384.436	1097.38
384.662	1115.38
384.887	1125.38
385.112	1158.38
385.337	1132.38
385.562	1138.38
385.787	1119.38
386.013	1167.38
386.238	1181.38
386.463	1169.38
386.688	1151.38
386.913	1139.38
387.138	1147.38
387.363	1119.38
387.588	1116.38
387.813	1123.38
388.038	1125.38
388.263	1149.38
388.488	1169.38
388.713	1137.38
388.938	1127.38
389.163	1123.38
389.387	1122.38
389.612	1139.38
389.837	1141.38
390.062	1122.38
390.287	1141.38
390.512	1155.38
390.736	1167.38
390.961	1169.38
391.186	1160.38
391.411	1193.38
391.636	1213.38
391.86	1246.38
392.085	1266.38
392.31	1246.38
392.534	1249.38
392.759	1223.38
392.984	1218.38
393.208	1217.38
393.433	1230.38
393.658	1223.38
393.882	1225.38
394.107	1227.38
394.331	1216.38
394.556	1224.38
394.78	1242.38
395.005	1230.38
395.229	1254.38
395.454	1264.38
395.678	1307.38
395.903	1332.38
396.127	1350.38
396.352	1324.38
396.576	1282.38
396.801	1261.38
397.025	1257.38
397.249	1235.38
397.474	1308.38
397.698	1277.38
397.922	1325.38
398.147	1327.38
398.371	1352.38
398.595	1378.38
398.82	1382.38
399.044	1462.38
399.268	1578.38
399.492	1803.38
399.717	1967.38
399.941	2019.38
400.165	1874.38
400.389	1762.38
400.613	1607.38
400.837	1580.38
401.062	1490.38
401.286	1488.38
401.51	1466.38
401.734	1443.38
401.958	1472.38
402.182	1515.38
402.406	1553.38
402.63	1548.38
402.854	1587.38
403.078	1555.38
403.302	1595.38
403.526	1627.38
403.75	1663.38
403.974	1689.38
404.198	1696.38
404.422	1686.38
404.645	1735.38
404.869	1764.38
405.093	1799.38
405.317	1911.38
405.541	1958.38
405.765	1822.38
405.988	1745.38
406.212	1748.38
406.436	1817.38
406.66	1837.38
406.883	1774.38
407.107	1820.38
407.331	1916.38
407.555	2028.38
407.778	1983.38
408.002	1856.38
408.226	1779.38
408.449	1763.38
408.673	1729.38
408.896	1739.38
409.12	1794.38
409.344	1742.38
409.567	1690.38
409.791	1653.38
410.014	1659.38
410.238	1585.38
410.461	1599.38
410.685	1626.38
410.908	1599.38
411.132	1642.38
411.355	1709.38
411.578	1661.38
411.802	1628.38
412.025	1647.38
412.249	1719.38
412.472	1850.38
412.695	1912.38
412.919	1852.38
413.142	1770.38
413.365	1724.38
413.589	1661.38
413.812	1536.38
414.035	1518.38
414.258	1526.38
414.482	1578.38
414.705	1581.38
414.928	1542.38
415.151	1571.38
415.374	1526.38
415.597	1506.38
415.821	1482.38
416.044	1532.38
416.267	1508.38
416.49	1485.38
416.713	1480.38
416.936	1559.38
417.159	1487.38
417.382	1490.38
417.605	1517.38
417.828	1571.38
418.051	1602.38
418.274	1581.38
418.497	1516.38
418.72	1581.38
418.943	1583.38
419.166	1620.38
419.389	1721.38
419.611	1705.38
419.834	1706.38
420.057	1713.38
420.28	1760.38
420.503	1783.38
420.726	1713.38
420.948	1715.38
421.171	1757.38
421.394	1746.38
421.617	1583.38
421.839	1604.38
422.062	1600.38
422.285	1584.38
422.507	1659.38
422.73	1811.38
422.953	1711.38
423.175	1693.38
423.398	1655.38
423.621	1613.38
423.843	1674.38
424.066	1702.38
424.288	1645.38
424.511	1670.38
424.733	1746.38
424.956	1871.38
425.178	1771.38
425.401	1827.38
425.623	1773.38
425.846	1636.38
426.068	1575.38
426.291	1553.38
426.513	1560.38
426.735	1564.38
426.958	1625.38
427.18	1724.38
427.402	1916.38
427.625	2090.38
427.847	2042.38
428.069	1849.38
428.292	1707.38
428.514	1570.38
428.736	1511.38
428.958	1494.38
429.181	1441.38
429.403	1430.38
429.625	1468.38
429.847	1519.38
430.069	1541.38
430.292	1559.38
430.514	1437.38
430.736	1435.38
430.958	1408.38
431.18	1386.38
431.402	1352.38
431.624	1354.38
431.846	1352.38
432.068	1341.38
432.29	1345.38
432.512	1359.38
432.734	1394.38
432.956	1423.38
433.178	1422.38
433.4	1450.38
433.622	1439.38
433.844	1393.38
434.066	1416.38
434.287	1366.38
434.509	1354.38
434.731	1415.38
434.953	1467.38
435.175	1530.38
435.397	1557.38
435.618	1515.38
435.84	1531.38
436.062	1678.38
436.284	1755.38
436.505	1585.38
436.727	1504.38
436.949	1479.38
437.17	1444.38
437.392	1427.38
437.614	1449.38
437.835	1460.38
438.057	1672.38
438.278	1744.38
438.5	1774.38
438.721	1873.38
438.943	1807.38
439.165	1541.38
439.386	1523.38
439.608	1499.38
439.829	1506.38
440.05	1615.38
440.272	1665.38
440.493	1596.38
440.715	1519.38
440.936	1506.38
441.158	1499.38
441.379	1544.38
441.6	1601.38
441.822	1643.38
442.043	1678.38
442.264	1823.38
442.486	1801.38
442.707	1661.38
442.928	1601.38
443.149	1649.38
443.371	1677.38
443.592	1709.38
443.813	1867.38
444.034	1911.38
444.255	1798.38
444.476	1722.38
444.698	1743.38
444.919	1746.38
445.14	1880.38
445.361	1771.38
445.582	1693.38
445.803	1764.38
446.024	1885.38
446.245	1859.38
446.466	1740.38
446.687	1616.38
446.908	1570.38
447.129	1467.38
447.35	1421.38
447.571	1437.38
447.792	1415.38
448.013	1426.38
448.234	1473.38
448.455	1509.38
448.675	1651.38
448.896	1770.38
449.117	1576.38
449.338	1573.38
449.559	1751.38
449.779	1872.38
450	1548.38
450.221	1405.38
450.442	1390.38
450.662	1362.38
450.883	1372.38
451.104	1439.38
451.324	1410.38
451.545	1378.38
451.766	1339.38
451.986	1267.38
452.207	1273.38
452.428	1272.38
452.648	1222.38
452.869	1267.38
453.089	1284.38
453.31	1311.38
453.53	1268.38
453.751	1197.38
453.971	1240.38
454.192	1274.38
454.412	1257.38
454.633	1213.38
454.853	1214.38
455.073	1211.38
455.294	1228.38
455.514	1323.38
455.734	1283.38
455.955	1186.38
456.175	1165.38
456.395	1140.38
456.616	1166.38
456.836	1135.38
457.056	1156.38
457.276	1108.38
457.497	1170.38
457.717	1155.38
457.937	1170.38
458.157	1172.38
458.377	1167.38
458.598	1231.38
458.818	1352.38
459.038	1525.38
459.258	1511.38
459.478	1370.38
459.698	1309.38
459.918	1328.38
460.138	1356.38
460.358	1445.38
460.578	1419.38
460.798	1461.38
461.018	1469.38
461.238	1428.38
461.458	1445.38
461.678	1432.38
461.898	1451.38
462.118	1446.38
462.338	1537.38
462.558	1532.38
462.777	1569.38
462.997	1698.38
463.217	1774.38
463.437	1765.38
463.657	1679.38
463.876	1625.38
464.096	1565.38
464.316	1605.38
464.536	1657.38
464.755	1577.38
464.975	1611.38
465.195	1724.38
465.414	1809.38
465.634	1582.38
465.854	1470.38
466.073	1393.38
466.293	1348.38
466.512	1328.38
466.732	1322.38
466.951	1390.38
467.171	1332.38
467.391	1312.38
467.61	1387.38
467.829	1421.38
468.049	1641.38
468.268	2070.38
468.488	1641.38
468.707	1412.38
468.927	1342.38
469.146	1372.38
469.365	1372.38
469.585	1349.38
469.804	1398.38
470.023	1423.38
470.243	1420.38
470.462	1436.38
470.681	1479.38
470.901	1457.38
471.12	1405.38
471.339	1409.38
471.558	1407.38
471.777	1423.38
471.997	1502.38
472.216	1957.38
472.435	3439.38
472.654	2514.38
472.873	1729.38
473.092	1563.38
473.311	1433.38
473.53	1419.38
473.749	1393.38
473.968	1427.38
474.187	1518.38
474.406	1556.38
474.625	1407.38
474.844	1345.38
475.063	1322.38
475.282	1350.38
475.501	1308.38
475.72	1311.38
475.939	1325.38
476.158	1349.38
476.377	1330.38
476.596	1328.38
476.814	1365.38
477.033	1340.38
477.252	1365.38
477.471	1404.38
477.69	1441.38
477.908	1450.38
478.127	1490.38
478.346	1478.38
478.564	1499.38
478.783	1517.38
479.002	1602.38
479.22	1585.38
479.439	1614.38
479.658	1635.38
479.876	1582.38
480.095	1585.38
480.313	1762.38
480.532	1763.38
480.751	1859.38
480.969	2251.38
481.188	4482.38
481.406	5499.38
481.624	2796.38
481.843	2145.38
482.061	1867.38
482.28	1837.38
482.498	1706.38
482.717	1634.38
482.935	1658.38
483.153	1635.38
483.372	1682.38
483.59	1643.38
483.808	1605.38
484.027	1604.38
484.245	1586.38
484.463	1620.38
484.681	1614.38
484.9	1621.38
485.118	1594.38
485.336	1601.38
485.554	1563.38
485.772	1535.38
485.99	1565.38
486.209	1596.38
486.427	1587.38
486.645	1603.38
486.863	1698.38
487.081	1693.38
487.299	1637.38
487.517	1645.38
487.735	1673.38
487.953	1739.38
488.171	1741.38
488.389	1708.38
488.607	1700.38
488.825	1620.38
489.043	1581.38
489.261	1597.38
489.479	1642.38
489.696	1663.38
489.914	1679.38
490.132	1726.38
490.35	1749.38
490.568	1872.38
490.786	1848.38
491.003	1916.38
491.221	1936.38
491.439	2046.38
491.657	2066.38
491.874	2142.38
492.092	2179.38
492.31	2243.38
492.527	2242.38
492.745	2206.38
492.963	2207.38
493.18	2173.38
493.398	2156.38
493.615	2165.38
493.833	2114.38
494.05	2095.38
494.268	2061.38
494.485	2034.38
494.703	2047.38
494.92	2044.38
495.138	2002.38
495.355	1985.38
495.573	1980.38
495.79	1946.38
496.008	1984.38
496.225	1992.38
496.442	1961.38
496.66	1957.38
496.877	1923.38
497.094	2016.38
497.312	1970.38
497.529	1989.38
497.746	1979.38
497.963	2028.38
498.181	2060.38
498.398	2144.38
498.615	2166.38
498.832	2207.38
499.049	2347.38
499.267	2465.38
499.484	2581.38
499.701	2805.38
499.918	3022.38
500.135	3387.38
500.352	3698.38
500.569	3862.38
500.786	3865.38
501.003	3631.38
501.22	3310.38
501.437	3038.38
501.654	2751.38
501.871	2657.38
502.088	2451.38
502.305	2312.38
502.522	2253.38
502.739	2125.38
502.956	2074.38
503.172	1983.38
503.389	1957.38
503.606	1926.38
503.823	1909.38
504.04	1861.38
504.256	1876.38
504.473	1887.38
504.69	1925.38
504.907	1891.38
505.123	1804.38
505.34	1723.38
505.557	1680.38
505.773	1691.38
505.99	1645.38
506.207	1635.38
506.423	1613.38
506.64	1577.38
506.856	1534.38
507.073	1563.38
507.289	1573.38
507.506	1542.38
507.722	1581.38
507.939	1654.38
508.155	1557.38
508.372	1533.38
508.588	1464.38
508.805	1474.38
509.021	1460.38
509.238	1491.38
509.454	1483.38
509.67	1462.38
509.887	1438.38
510.103	1479.38
510.319	1477.38
510.536	1786.38
510.752	3548.38
510.968	2482.38
511.184	1519.38
511.401	1449.38
511.617	1451.38
511.833	1514.38
512.049	1510.38
512.265	1507.38
512.481	1466.38
512.698	1483.38
512.914	1459.38
513.13	1444.38
513.346	1421.38
513.562	1412.38
513.778	1439.38
513.994	1453.38
514.21	1507.38
514.426	1506.38
514.642	1631.38
514.858	1650.38
515.074	1809.38
515.29	2287.38
515.506	3781.38
515.721	2810.38
515.937	1766.38
516.153	1607.38
516.369	1575.38
516.585	1581.38
516.801	1575.38
517.016	1587.38
517.232	1650.38
517.448	1676.38
517.664	1707.38
517.879	1705.38
518.095	1698.38
518.311	1685.38
518.527	1625.38
518.742	1588.38
518.958	1574.38
519.173	1535.38
519.389	1507.38
519.605	1501.38
519.82	1486.38
520.036	1533.38
520.251	1527.38
520.467	1568.38
520.682	1536.38
520.898	1557.38
521.113	1641.38
521.329	1679.38
521.544	1953.38
521.76	2585.38
521.975	5110.38
522.19	4640.38
522.406	2202.38
522.621	1657.38
522.836	1535.38
523.052	1412.38
523.267	1359.38
523.482	1352.38
523.698	1351.38
523.913	1334.38
524.128	1333.38
524.343	1283.38
524.559	1313.38
524.774	1293.38
524.989	1259.38
525.204	1287.38
525.419	1278.38
525.634	1241.38
525.849	1229.38
526.064	1225.38
526.28	1216.38
526.495	1173.38
526.71	1143.38
526.925	1143.38
527.14	1124.38
527.355	1156.38
527.57	1165.38
527.785	1135.38
527.999	1125.38
528.214	1145.38
528.429	1156.38
528.644	1205.38
528.859	1220.38
529.074	1275.38
529.289	1316.38
529.503	1587.38
529.718	1402.38
529.933	1247.38
530.148	1195.38
530.363	1171.38
530.577	1126.38
530.792	1108.38
531.007	1086.38
531.221	1114.38
531.436	1130.38
531.651	1112.38
531.865	1111.38
532.08	1106.38
532.295	1135.38
532.509	1129.38
532.724	1080.38
532.938	1113.38
533.153	1108.38
533.367	1107.38
533.582	1133.38
533.796	1124.38
534.011	1128.38
534.225	1098.38
534.44	1077.38
534.654	1084.38
534.868	1093.38
535.083	1069.38
535.297	1089.38
535.511	1130.38
535.726	1104.38
535.94	1121.38
536.154	1090.38
536.369	1053.38
536.583	1054.38
536.797	1037.38
537.011	1026.38
537.225	1011.38
537.44	1036.38
537.654	1010.38
537.868	1021.38
538.082	1037.38
538.296	1043.38
538.51	1086.38
538.724	1035.38
538.938	1076.38
539.153	1110.38
539.367	1118.38
539.581	1068.38
539.795	1054.38
540.009	1030.38
540.222	1021.38
540.436	1017.38
540.65	1054.38
540.864	1077.38
541.078	1112.38
541.292	1142.38
541.506	1171.38
541.72	1175.38
541.934	1262.38
542.147	1220.38
542.361	1212.38
542.575	1156.38
542.789	1109.38
543.002	1093.38
543.216	1046.38
543.43	1087.38
543.644	1099.38
543.857	1131.38
544.071	1150.38
544.285	1173.38
544.498	1153.38
544.712	1122.38
544.925	1170.38
545.139	1153.38
545.352	1192.38
545.566	1165.38
545.779	1169.38
545.993	1170.38
546.206	1190.38
546.42	1181.38
546.633	1140.38
546.847	1180.38
547.06	1173.38
547.274	1167.38
547.487	1235.38
547.7	1215.38
547.914	1246.38
548.127	1200.38
548.34	1210.38
548.554	1146.38
548.767	1154.38
548.98	1140.38
549.193	1138.38
549.407	1179.38
549.62	1159.38
549.833	1175.38
550.046	1182.38
550.259	1143.38
550.473	1135.38
550.686	1135.38
550.899	1131.38
551.112	1104.38
551.325	1089.38
551.538	1062.38
551.751	1052.38
551.964	1010.38
552.177	1086.38
552.39	1115.38
552.603	1137.38
552.816	1175.38
553.029	1188.38
553.242	1245.38
553.455	1269.38
553.667	1238.38
553.88	1272.38
554.093	1193.38
554.306	1183.38
554.519	1141.38
554.732	1132.38
554.944	1110.38
555.157	1090.38
555.37	1107.38
555.583	1063.38
555.795	1056.38
556.008	1041.38
556.221	1001.38
556.433	982.38
556.646	971.38
556.859	997.38
557.071	981.38
557.284	993.38
557.496	982.38
557.709	998.38
557.921	978.38
558.134	990.38
558.346	945.38
558.559	933.38
558.771	973.38
558.984	917.38
559.196	951.38
559.409	902.38
559.621	918.38
559.833	949.38
560.046	912.38
560.258	940.38
560.47	954.38
560.683	931.38
560.895	927.38
561.107	904.38
561.32	890.38
561.532	949.38
561.744	941.38
561.956	919.38
562.168	909.38
562.381	912.38
562.593	913.38
562.805	944.38
563.017	902.38
563.229	916.38
563.441	897.38
563.653	903.38
563.865	887.38
564.077	892.38
564.289	894.38
564.501	903.38
564.713	920.38
564.925	930.38
565.137	965.38
565.349	976.38
565.561	946.38
565.773	1000.38
565.985	1022.38
566.197	1046.38
566.408	1099.38
566.62	1148.38
566.832	1238.38
567.044	1273.38
567.255	1229.38
567.467	1239.38
567.679	1316.38
567.891	1365.38
568.102	1407.38
568.314	1295.38
568.526	1181.38
568.737	1072.38
568.949	1009.38
569.161	953.38
569.372	899.38
569.584	861.38
569.795	825.38
570.007	829.38
570.218	934.38
570.43	889.38
570.641	836.38
570.853	817.38
571.064	805.38
571.276	819.38
571.487	784.38
571.698	772.38
571.91	785.38
572.121	739.38
572.333	734.38
572.544	715.38
572.755	700.38
572.966	705.38
573.178	685.38
573.389	652.38
573.6	683.38
573.811	678.38
574.023	654.38
574.234	661.38
574.445	636.38
574.656	667.38
574.867	669.38
575.078	660.38
575.289	660.38
575.501	642.38
575.712	631.38
575.923	620.38
576.134	642.38
576.345	635.38
576.556	662.38
576.767	647.38
576.978	628.38
577.188	641.38
577.399	626.38
577.61	626.38
577.821	619.38
578.032	628.38
578.243	718.38
578.454	1323.38
578.665	869.38
578.875	628.38
579.086	603.38
579.297	607.38
579.508	590.38
579.718	586.38
579.929	582.38
580.14	577.38
580.35	569.38
580.561	563.38
580.772	565.38
580.982	565.38
581.193	570.38
581.403	571.38
581.614	569.38
581.825	590.38
582.035	586.38
582.246	572.38
582.456	574.38
582.667	579.38
582.877	563.38
583.087	577.38
583.298	515.38
583.508	543.38
583.719	534.38
583.929	571.38
584.139	560.38
584.35	533.38
584.56	522.38
584.77	536.38
584.981	532.38
585.191	556.38
585.401	556.38
585.611	535.38
585.821	535.38
586.032	557.38
586.242	539.38
586.452	511.38
586.662	511.38
586.872	531.38
587.082	517.38
587.292	527.38
587.502	519.38
587.713	533.38
587.923	527.38
588.133	500.38
588.343	519.38
588.553	522.38
588.762	530.38
588.972	525.38
589.182	539.38
589.392	532.38
589.602	518.38
589.812	538.38
590.022	530.38
590.232	509.38
590.441	507.38
590.651	498.38
590.861	512.38
591.071	529.38
591.281	526.38
591.49	511.38
591.7	541.38
591.91	537.38
592.119	566.38
592.329	571.38
592.539	587.38
592.748	564.38
592.958	582.38
593.167	595.38
593.377	612.38
593.587	641.38
593.796	625.38
594.006	610.38
594.215	625.38
594.424	629.38
594.634	623.38
594.843	619.38
595.053	601.38
595.262	602.38
595.472	557.38
595.681	532.38
595.89	529.38
596.1	518.38
596.309	533.38
596.518	526.38
596.727	526.38
596.937	525.38
597.146	497.38
597.355	482.38
597.564	508.38
597.774	486.38
597.983	463.38
598.192	446.38
598.401	467.38
598.61	449.38
598.819	458.38
599.028	484.38
599.237	464.38
599.446	465.38
599.655	472.38
599.864	463.38
600.073	451.38
600.282	472.38
600.491	489.38
600.7	456.38
600.909	475.38
601.118	475.38
601.327	475.38
601.536	505.38
601.745	473.38
601.953	492.38
602.162	510.38
602.371	494.38
602.58	514.38
602.789	514.38
602.997	525.38
603.206	511.38
603.415	508.38
603.623	476.38
603.832	495.38
604.041	485.38
604.249	478.38
604.458	445.38
604.666	463.38
604.875	462.38
605.084	464.38
605.292	465.38
605.501	495.38
605.709	482.38
605.918	513.38
606.126	503.38
606.334	500.38
606.543	498.38
606.751	484.38
606.96	494.38
607.168	479.38
607.376	476.38
607.585	511.38
607.793	497.38
608.001	489.38
608.21	504.38
608.418	506.38
608.626	509.38
608.834	500.38
609.043	527.38
609.251	502.38
609.459	492.38
609.667	528.38
609.875	507.38
610.083	528.38
610.291	522.38
610.499	491.38
610.707	494.38
610.916	497.38
611.124	489.38
611.332	496.38
611.54	502.38
611.748	530.38
611.955	535.38
612.163	502.38
612.371	495.38
612.579	507.38
612.787	490.38
612.995	476.38
613.203	485.38
613.411	497.38
613.618	499.38
613.826	504.38
614.034	481.38
614.242	502.38
614.449	473.38
614.657	486.38
614.865	489.38
615.072	504.38
615.28	478.38
615.488	495.38
615.695	490.38
615.903	497.38
616.111	470.38
616.318	476.38
616.526	510.38
616.733	516.38
616.941	467.38
617.148	491.38
617.356	448.38
617.563	471.38
617.771	463.38
617.978	446.38
618.185	462.38
618.393	489.38
618.6	475.38
618.807	478.38
619.015	467.38
619.222	442.38
619.429	469.38
619.637	437.38
619.844	425.38
620.051	413.38
620.258	433.38
620.466	428.38
620.673	445.38
620.88	431.38
621.087	421.38
621.294	428.38
621.501	435.38
621.708	431.38
621.915	405.38
622.122	449.38
622.329	434.38
622.536	439.38
622.743	446.38
622.95	442.38
623.157	437.38
623.364	407.38
623.571	420.38
623.778	407.38
623.985	422.38
624.192	422.38
624.399	403.38
624.606	420.38
624.812	405.38
625.019	415.38
625.226	405.38
625.433	406.38
625.639	362.38
625.846	385.38
626.053	348.38
626.259	361.38
626.466	371.38
626.673	335.38
626.879	333.38
627.086	342.38
627.293	378.38
627.499	366.38
627.706	379.38
627.912	416.38
628.119	389.38
628.325	403.38
628.532	385.38
628.738	385.38
628.945	383.38
629.151	385.38
629.357	369.38
629.564	376.38
629.77	383.38
629.976	355.38
630.183	353.38
630.389	371.38
630.595	373.38
630.802	382.38
631.008	377.38
631.214	366.38
631.42	353.38
631.627	363.38
631.833	329.38
632.039	358.38
632.245	363.38
632.451	344.38
632.657	350.38
632.863	366.38
633.069	359.38
633.275	348.38
633.481	335.38
633.688	329.38
633.893	341.38
634.099	346.38
634.305	338.38
634.511	339.38
634.717	346.38
634.923	302.38
635.129	318.38
635.335	327.38
635.541	330.38
635.747	334.38
635.952	358.38
636.158	377.38
636.364	463.38
636.57	556.38
636.775	445.38
636.981	388.38
637.187	398.38
637.392	379.38
637.598	369.38
637.804	364.38
638.009	344.38
638.215	358.38
638.421	356.38
638.626	349.38
638.832	325.38
639.037	330.38
639.243	334.38
639.448	321.38
639.654	316.38
639.859	325.38
640.065	328.38
640.27	318.38
640.475	330.38
640.681	295.38
640.886	319.38
641.091	315.38
641.297	314.38
641.502	307.38
641.707	307.38
641.913	330.38
642.118	334.38
642.323	307.38
642.528	301.38
642.733	323.38
642.939	298.38
643.144	301.38
643.349	313.38
643.554	300.38
643.759	297.38
643.964	303.38
644.169	310.38
644.374	295.38
644.579	294.38
644.784	285.38
644.989	307.38
645.194	317.38
645.399	290.38
645.604	284.38
645.809	289.38
646.014	319.38
646.219	313.38
646.423	312.38
646.628	298.38
646.833	294.38
647.038	288.38
647.243	310.38
647.447	286.38
647.652	306.38
647.857	308.38
648.062	322.38
648.266	302.38
648.471	313.38
648.676	309.38
648.88	327.38
649.085	292.38
649.289	305.38
649.494	320.38
649.698	322.38
649.903	313.38
650.107	323.38
650.312	313.38
650.516	265.38
650.721	260.38
650.925	275.38
651.13	267.38
651.334	266.38
651.539	274.38
651.743	264.38
651.947	255.38
652.152	247.38
652.356	243.38
652.56	239.38
652.764	228.38
652.969	243.38
653.173	225.38
653.377	233.38
653.581	222.38
653.785	204.38
653.99	220.38
654.194	223.38
654.398	218.38
654.602	234.38
654.806	222.38
655.01	238.38
655.214	217.38
655.418	215.38
655.622	206.38
655.826	188.38
656.03	213.38
656.234	227.38
656.438	207.38
656.642	209.38
656.846	207.38
657.049	199.38
657.253	196.38
657.457	157.38
657.661	169.38
657.865	170.38
658.068	161.38
658.272	165.38
658.476	133.38
658.68	150.38
658.883	149.38
659.087	128.38
659.291	133.38
659.494	135.38
659.698	130.38
659.901	113.38
660.105	117.38
660.309	116.38
660.512	110.38
660.716	121.38
660.919	114.38
661.123	107.38
661.326	100.38
661.53	118.38
661.733	98.38
661.936	105.38
662.14	115.38
662.343	93.38
662.546	103.38
662.75	91.38
662.953	96.38
663.156	89.38
663.36	87.38
663.563	101.38
663.766	98.38
663.969	79.38
664.173	74.38
664.376	82.38
664.579	81.38
664.782	79.38
664.985	87.38
665.188	99.38
665.391	83.38
665.594	82.38
665.797	92.38
666	85.38
666.203	80.38
666.406	84.38
666.609	97.38
666.812	71.38
667.015	84.38
667.218	65.38
667.421	62.38
667.624	76.38
667.827	80.38
668.03	84.38
668.232	83.38
668.435	86.38
668.638	83.38
668.841	86.38
669.043	83.38
669.246	86.38
669.449	78.38
669.651	88.38
669.854	87.38
670.057	91.38
670.259	84.38
670.462	76.38
670.665	82.38
670.867	81.38
671.07	77.38
671.272	102.38
671.475	90.38
671.677	98.38
671.88	74.38
672.082	83.38
672.284	81.38
672.487	97.38
672.689	73.38
672.892	66.38
