223.165	-10.94
223.4	-10.94
223.635	-10.94
223.869	-7.94
224.104	-23.94
224.338	-28.94
224.573	-9.94
224.808	-15.94
225.042	-7.94
225.277	-0.94
225.511	-0.94
225.746	5.06
225.98	4.06
226.215	13.06
226.449	6.06
226.683	14.06
226.918	31.06
227.152	34.06
227.387	36.06
227.621	36.06
227.856	43.06
228.09	57.06
228.324	37.06
228.559	62.06
228.793	60.06
229.027	136.06
229.262	146.06
229.496	142.06
229.73	188.06
229.964	213.06
230.199	181.06
230.433	179.06
230.667	147.06
230.901	168.06
231.136	144.06
231.37	144.06
231.604	149.06
231.838	162.06
232.072	157.06
232.306	157.06
232.541	159.06
232.775	166.06
233.009	161.06
233.243	156.06
233.477	157.06
233.711	146.06
233.945	166.06
234.179	150.06
234.413	166.06
234.647	172.06
234.881	169.06
235.115	147.06
235.349	169.06
235.583	156.06
235.817	173.06
236.051	184.06
236.285	176.06
236.519	177.06
236.753	179.06
236.987	190.06
237.221	254.06
237.455	320.06
237.689	243.06
237.922	188.06
238.156	186.06
238.39	168.06
238.624	178.06
238.858	181.06
239.091	185.06
239.325	175.06
239.559	174.06
239.793	193.06
240.027	205.06
240.26	218.06
240.494	215.06
240.728	197.06
240.961	211.06
241.195	212.06
241.429	210.06
241.662	191.06
241.896	197.06
242.13	201.06
242.363	190.06
242.597	181.06
242.83	202.06
243.064	195.06
243.298	213.06
243.531	206.06
243.765	213.06
243.998	212.06
244.232	217.06
244.465	217.06
244.699	218.06
244.932	224.06
245.166	237.06
245.399	227.06
245.633	232.06
245.866	242.06
246.099	218.06
246.333	222.06
246.566	225.06
246.8	217.06
247.033	220.06
247.266	228.06
247.5	244.06
247.733	255.06
247.966	270.06
248.2	269.06
248.433	258.06
248.666	264.06
248.899	278.06
249.133	303.06
249.366	321.06
249.599	317.06
249.832	296.06
250.066	290.06
250.299	335.06
250.532	396.06
250.765	421.06
250.998	395.06
251.231	360.06
251.465	347.06
251.698	343.06
251.931	329.06
252.164	329.06
252.397	332.06
252.63	311.06
252.863	309.06
253.096	345.06
253.329	332.06
253.562	347.06
253.795	343.06
254.028	336.06
254.261	335.06
254.494	345.06
254.727	389.06
254.96	412.06
255.193	408.06
255.426	392.06
255.659	412.06
255.892	475.06
256.124	558.06
256.357	578.06
256.59	525.06
256.823	442.06
257.056	406.06
257.289	396.06
257.521	401.06
257.754	383.06
257.987	356.06
258.22	357.06
258.452	385.06
258.685	362.06
258.918	358.06
259.151	352.06
259.383	346.06
259.616	348.06
259.849	365.06
260.081	372.06
260.314	370.06
260.547	388.06
260.779	388.06
261.012	352.06
261.244	380.06
261.477	369.06
261.71	390.06
261.942	372.06
262.175	398.06
262.407	370.06
262.64	362.06
262.872	352.06
263.105	343.06
263.337	356.06
263.57	338.06
263.802	350.06
264.035	349.06
264.267	352.06
264.499	351.06
264.732	357.06
264.964	361.06
265.197	350.06
265.429	353.06
265.661	356.06
265.894	361.06
266.126	376.06
266.358	388.06
266.591	377.06
266.823	369.06
267.055	370.06
267.287	381.06
267.52	388.06
267.752	393.06
267.984	390.06
268.216	381.06
268.448	373.06
268.681	386.06
268.913	405.06
269.145	424.06
269.377	446.06
269.609	426.06
269.841	445.06
270.073	430.06
270.306	455.06
270.538	475.06
270.77	459.06
271.002	452.06
271.234	464.06
271.466	479.06
271.698	480.06
271.93	454.06
272.162	483.06
272.394	475.06
272.626	478.06
272.858	454.06
273.09	462.06
273.322	445.06
273.553	443.06
273.785	434.06
274.017	432.06
274.249	461.06
274.481	456.06
274.713	446.06
274.945	449.06
275.176	453.06
275.408	442.06
275.64	450.06
275.872	469.06
276.104	461.06
276.335	453.06
276.567	498.06
276.799	499.06
277.031	517.06
277.262	547.06
277.494	566.06
277.726	560.06
277.957	516.06
278.189	458.06
278.421	475.06
278.652	485.06
278.884	473.06
279.115	464.06
279.347	475.06
279.579	490.06
279.81	487.06
280.042	517.06
280.273	541.06
280.505	546.06
280.736	521.06
280.968	479.06
281.199	468.06
281.431	481.06
281.662	486.06
281.894	487.06
282.125	498.06
282.356	516.06
282.588	554.06
282.819	567.06
283.051	521.06
283.282	505.06
283.513	496.06
283.745	512.06
283.976	489.06
284.207	500.06
284.439	506.06
284.67	523.06
284.901	502.06
285.132	490.06
285.364	486.06
285.595	497.06
285.826	491.06
286.057	505.06
286.288	511.06
286.52	517.06
286.751	504.06
286.982	512.06
287.213	526.06
287.444	506.06
287.675	524.06
287.906	537.06
288.138	547.06
288.369	564.06
288.6	544.06
288.831	528.06
289.062	549.06
289.293	540.06
289.524	532.06
289.755	554.06
289.986	509.06
290.217	536.06
290.448	531.06
290.679	532.06
290.91	540.06
291.141	513.06
291.371	526.06
291.602	537.06
291.833	536.06
292.064	523.06
292.295	517.06
292.526	538.06
292.757	532.06
292.987	519.06
293.218	524.06
293.449	537.06
293.68	526.06
293.91	521.06
294.141	541.06
294.372	561.06
294.603	543.06
294.833	537.06
295.064	562.06
295.295	554.06
295.525	562.06
295.756	570.06
295.987	557.06
296.217	613.06
296.448	650.06
296.679	584.06
296.909	564.06
297.14	548.06
297.37	582.06
297.601	571.06
297.831	566.06
298.062	571.06
298.292	571.06
298.523	597.06
298.753	595.06
298.984	572.06
299.214	582.06
299.445	590.06
299.675	586.06
299.905	605.06
300.136	585.06
300.366	600.06
300.597	595.06
300.827	619.06
301.057	652.06
301.288	645.06
301.518	602.06
301.748	630.06
301.979	644.06
302.209	642.06
302.439	645.06
302.669	646.06
302.9	629.06
303.13	617.06
303.36	628.06
303.59	652.06
303.82	652.06
304.051	665.06
304.281	653.06
304.511	636.06
304.741	621.06
304.971	637.06
305.201	642.06
305.431	642.06
305.661	632.06
305.891	632.06
306.121	640.06
306.352	657.06
306.582	630.06
306.812	647.06
307.042	657.06
307.272	665.06
307.502	702.06
307.731	672.06
307.961	693.06
308.191	647.06
308.421	668.06
308.651	677.06
308.881	667.06
309.111	666.06
309.341	676.06
309.571	660.06
309.8	649.06
310.03	699.06
310.26	725.06
310.49	709.06
310.72	734.06
310.949	741.06
311.179	780.06
311.409	732.06
311.639	719.06
311.868	730.06
312.098	725.06
312.328	732.06
312.557	762.06
312.787	810.06
313.017	809.06
313.246	775.06
313.476	718.06
313.706	747.06
313.935	746.06
314.165	764.06
314.394	793.06
314.624	766.06
314.853	764.06
315.083	749.06
315.312	746.06
315.542	742.06
315.771	722.06
316.001	759.06
316.23	744.06
316.46	744.06
316.689	764.06
316.919	738.06
317.148	766.06
317.377	757.06
317.607	729.06
317.836	730.06
318.065	752.06
318.295	778.06
318.524	767.06
318.753	728.06
318.983	752.06
319.212	742.06
319.441	768.06
319.67	794.06
319.9	765.06
320.129	776.06
320.358	751.06
320.587	772.06
320.816	771.06
321.046	801.06
321.275	825.06
321.504	811.06
321.733	825.06
321.962	815.06
322.191	833.06
322.42	882.06
322.649	918.06
322.878	918.06
323.108	933.06
323.337	980.06
323.566	1002.06
323.795	1084.06
324.024	1157.06
324.253	1421.06
324.482	2005.06
324.71	3125.06
324.939	4265.06
325.168	3480.06
325.397	1874.06
325.626	1352.06
325.855	1188.06
326.084	1130.06
326.313	1123.06
326.542	1119.06
326.77	1213.06
326.999	1404.06
327.228	1951.06
327.457	2942.06
327.686	3407.06
327.914	2230.06
328.143	1761.06
328.372	1757.06
328.6	1619.06
328.829	1376.06
329.058	1334.06
329.287	1387.06
329.515	1334.06
329.744	1380.06
329.972	1593.06
330.201	1906.06
330.43	2413.06
330.658	2100.06
330.887	1637.06
331.115	1418.06
331.344	1258.06
331.572	1198.06
331.801	1219.06
332.03	1195.06
332.258	1181.06
332.486	1153.06
332.715	1171.06
332.943	1208.06
333.172	1259.06
333.4	1288.06
333.629	1387.06
333.857	1528.06
334.085	1720.06
334.314	2188.06
334.542	2855.06
334.771	3036.06
334.999	2019.06
335.227	1507.06
335.455	1314.06
335.684	1229.06
335.912	1212.06
336.14	1124.06
336.369	1123.06
336.597	1150.06
336.825	1109.06
337.053	1102.06
337.281	1049.06
337.51	1029.06
337.738	1026.06
337.966	1016.06
338.194	1022.06
338.422	1028.06
338.65	973.06
338.878	970.06
339.106	988.06
339.334	981.06
339.562	962.06
339.79	944.06
340.018	953.06
340.246	954.06
340.474	942.06
340.702	949.06
340.93	940.06
341.158	954.06
341.386	948.06
341.614	932.06
341.842	946.06
342.07	952.06
342.298	940.06
342.526	920.06
342.754	892.06
342.981	897.06
343.209	922.06
343.437	925.06
343.665	968.06
343.893	1020.06
344.12	1071.06
344.348	1037.06
344.576	994.06
344.804	1011.06
345.031	997.06
345.259	965.06
345.487	971.06
345.714	942.06
345.942	918.06
346.17	909.06
346.397	879.06
346.625	905.06
346.853	891.06
347.08	925.06
347.308	893.06
347.535	931.06
347.763	934.06
347.99	928.06
348.218	924.06
348.445	955.06
348.673	938.06
348.9	922.06
349.128	907.06
349.355	868.06
349.583	849.06
349.81	884.06
350.037	886.06
350.265	879.06
350.492	894.06
350.72	881.06
350.947	866.06
351.174	942.06
351.402	979.06
351.629	932.06
351.856	917.06
352.083	925.06
352.311	957.06
352.538	965.06
352.765	943.06
352.992	917.06
353.22	896.06
353.447	896.06
353.674	887.06
353.901	857.06
354.128	865.06
354.355	855.06
354.583	884.06
354.81	888.06
355.037	859.06
355.264	857.06
355.491	848.06
355.718	874.06
355.945	867.06
356.172	871.06
356.399	853.06
356.626	861.06
356.853	868.06
357.08	870.06
357.307	875.06
357.534	860.06
357.761	880.06
357.988	884.06
358.215	873.06
358.441	880.06
358.668	892.06
358.895	867.06
359.122	880.06
359.349	902.06
359.576	943.06
359.802	1004.06
360.029	1036.06
360.256	1040.06
360.483	1020.06
360.709	930.06
360.936	940.06
361.163	938.06
361.39	947.06
361.616	969.06
361.843	939.06
362.07	941.06
362.296	947.06
362.523	919.06
362.749	926.06
362.976	912.06
363.203	924.06
363.429	899.06
363.656	922.06
363.882	894.06
364.109	938.06
364.335	936.06
364.562	921.06
364.788	919.06
365.015	924.06
365.241	917.06
365.468	928.06
365.694	949.06
365.92	925.06
366.147	904.06
366.373	964.06
366.599	917.06
366.826	914.06
367.052	912.06
367.278	912.06
367.505	926.06
367.731	936.06
367.957	954.06
368.184	911.06
368.41	932.06
368.636	959.06
368.862	991.06
369.089	957.06
369.315	971.06
369.541	957.06
369.767	936.06
369.993	948.06
370.219	971.06
370.445	994.06
370.672	958.06
370.898	957.06
371.124	960.06
371.35	973.06
371.576	960.06
371.802	954.06
372.028	954.06
372.254	977.06
372.48	969.06
372.706	984.06
372.932	995.06
373.158	977.06
373.384	973.06
373.61	998.06
373.835	975.06
374.061	988.06
374.287	977.06
374.513	1020.06
374.739	1006.06
374.965	1032.06
375.191	1046.06
375.416	1040.06
375.642	1027.06
375.868	1013.06
376.094	986.06
376.319	996.06
376.545	963.06
376.771	970.06
376.997	976.06
377.222	993.06
377.448	972.06
377.674	989.06
377.899	967.06
378.125	940.06
378.35	966.06
378.576	937.06
378.802	964.06
379.027	943.06
379.253	946.06
379.478	950.06
379.704	975.06
379.929	973.06
380.155	978.06
380.38	981.06
380.606	988.06
380.831	991.06
381.057	992.06
381.282	967.06
381.507	1009.06
381.733	980.06
381.958	1016.06
382.184	1001.06
382.409	995.06
382.634	1034.06
382.86	1024.06
383.085	1032.06
383.31	1022.06
383.535	1029.06
383.761	1068.06
383.986	1080.06
384.211	1084.06
384.436	1095.06
384.662	1133.06
384.887	1122.06
385.112	1104.06
385.337	1143.06
385.562	1148.06
385.787	1154.06
386.013	1184.06
386.238	1182.06
386.463	1160.06
386.688	1125.06
386.913	1131.06
387.138	1131.06
387.363	1167.06
387.588	1097.06
387.813	1125.06
388.038	1164.06
388.263	1141.06
388.488	1169.06
388.713	1134.06
388.938	1154.06
389.163	1146.06
389.387	1124.06
389.612	1117.06
389.837	1112.06
390.062	1138.06
390.287	1104.06
390.512	1139.06
390.736	1144.06
390.961	1177.06
391.186	1160.06
391.411	1219.06
391.636	1234.06
391.86	1276.06
392.085	1285.06
392.31	1272.06
392.534	1216.06
392.759	1230.06
392.984	1208.06
393.208	1202.06
393.433	1211.06
393.658	1228.06
393.882	1235.06
394.107	1214.06
394.331	1237.06
394.556	1200.06
394.78	1217.06
395.005	1237.06
395.229	1230.06
395.454	1269.06
395.678	1292.06
395.903	1285.06
396.127	1287.06
396.352	1266.06
396.576	1251.06
396.801	1224.06
397.025	1251.06
397.249	1246.06
397.474	1329.06
397.698	1286.06
397.922	1275.06
398.147	1350.06
398.371	1374.06
398.595	1367.06
398.82	1400.06
399.044	1480.06
399.268	1641.06
399.492	1798.06
399.717	1970.06
399.941	1973.06
400.165	1850.06
400.389	1776.06
400.613	1629.06
400.837	1499.06
401.062	1466.06
401.286	1444.06
401.51	1454.06
401.734	1441.06
401.958	1504.06
402.182	1503.06
402.406	1558.06
402.63	1560.06
402.854	1559.06
403.078	1556.06
403.302	1624.06
403.526	1588.06
403.75	1649.06
403.974	1680.06
404.198	1675.06
404.422	1660.06
404.645	1685.06
404.869	1688.06
405.093	1810.06
405.317	1881.06
405.541	1922.06
405.765	1766.06
405.988	1704.06
406.212	1770.06
406.436	1833.06
406.66	1837.06
406.883	1741.06
407.107	1811.06
407.331	1866.06
407.555	2038.06
407.778	2028.06
408.002	1885.06
408.226	1799.06
408.449	1805.06
408.673	1718.06
408.896	1761.06
409.12	1759.06
409.344	1726.06
409.567	1608.06
409.791	1700.06
410.014	1635.06
410.238	1610.06
410.461	1658.06
410.685	1624.06
410.908	1612.06
411.132	1636.06
411.355	1670.06
411.578	1668.06
411.802	1598.06
412.025	1610.06
412.249	1657.06
412.472	1798.06
412.695	1912.06
412.919	1847.06
413.142	1680.06
413.365	1683.06
413.589	1646.06
413.812	1588.06
414.035	1537.06
414.258	1530.06
414.482	1516.06
414.705	1558.06
414.928	1551.06
415.151	1493.06
415.374	1491.06
415.597	1496.06
415.821	1501.06
416.044	1482.06
416.267	1499.06
416.49	1491.06
416.713	1458.06
416.936	1512.06
417.159	1501.06
417.382	1494.06
417.605	1542.06
417.828	1576.06
418.051	1575.06
418.274	1554.06
418.497	1508.06
418.72	1548.06
418.943	1513.06
419.166	1621.06
419.389	1673.06
419.611	1684.06
419.834	1637.06
420.057	1706.06
420.28	1773.06
420.503	1723.06
420.726	1676.06
420.948	1664.06
421.171	1685.06
421.394	1700.06
421.617	1605.06
421.839	1606.06
422.062	1534.06
422.285	1594.06
422.507	1667.06
422.73	1769.06
422.953	1726.06
423.175	1620.06
423.398	1610.06
423.621	1608.06
423.843	1660.06
424.066	1664.06
424.288	1653.06
424.511	1704.06
424.733	1747.06
424.956	1852.06
425.178	1791.06
425.401	1790.06
425.623	1801.06
425.846	1598.06
426.068	1585.06
426.291	1594.06
426.513	1532.06
426.735	1552.06
426.958	1625.06
427.18	1720.06
427.402	1933.06
427.625	2148.06
427.847	1943.06
428.069	1820.06
428.292	1704.06
428.514	1542.06
428.736	1505.06
428.958	1482.06
429.181	1421.06
429.403	1444.06
429.625	1432.06
429.847	1494.06
430.069	1576.06
430.292	1552.06
430.514	1468.06
430.736	1421.06
430.958	1420.06
431.18	1384.06
431.402	1409.06
431.624	1355.06
431.846	1342.06
432.068	1357.06
432.29	1373.06
432.512	1344.06
432.734	1374.06
432.956	1391.06
433.178	1424.06
433.4	1432.06
433.622	1438.06
433.844	1401.06
434.066	1352.06
434.287	1375.06
434.509	1390.06
434.731	1418.06
434.953	1442.06
435.175	1515.06
435.397	1532.06
435.618	1534.06
435.84	1516.06
436.062	1657.06
436.284	1766.06
436.505	1601.06
436.727	1476.06
436.949	1446.06
437.17	1402.06
437.392	1403.06
437.614	1385.06
437.835	1450.06
438.057	1629.06
438.278	1741.06
438.5	1773.06
438.721	1893.06
438.943	1807.06
439.165	1557.06
439.386	1531.06
439.608	1574.06
439.829	1553.06
440.05	1606.06
440.272	1656.06
440.493	1605.06
440.715	1543.06
440.936	1496.06
441.158	1496.06
441.379	1509.06
441.6	1641.06
441.822	1643.06
442.043	1678.06
442.264	1779.06
442.486	1798.06
442.707	1645.06
442.928	1610.06
443.149	1610.06
443.371	1714.06
443.592	1765.06
443.813	1872.06
444.034	1924.06
444.255	1720.06
444.476	1696.06
444.698	1712.06
444.919	1776.06
445.14	1842.06
445.361	1769.06
445.582	1680.06
445.803	1772.06
446.024	1880.06
446.245	1858.06
446.466	1769.06
446.687	1572.06
446.908	1565.06
447.129	1485.06
447.35	1485.06
447.571	1473.06
447.792	1413.06
448.013	1407.06
448.234	1460.06
448.455	1505.06
448.675	1661.06
448.896	1796.06
449.117	1581.06
449.338	1550.06
449.559	1725.06
449.779	1826.06
450	1582.06
450.221	1454.06
450.442	1388.06
450.662	1347.06
450.883	1379.06
451.104	1453.06
451.324	1421.06
451.545	1351.06
451.766	1317.06
451.986	1282.06
452.207	1278.06
452.428	1296.06
452.648	1237.06
452.869	1238.06
453.089	1259.06
453.31	1268.06
453.53	1241.06
453.751	1212.06
453.971	1219.06
454.192	1244.06
454.412	1257.06
454.633	1272.06
454.853	1187.06
455.073	1205.06
455.294	1237.06
455.514	1323.06
455.734	1301.06
455.955	1188.06
456.175	1124.06
456.395	1141.06
456.616	1123.06
456.836	1107.06
457.056	1130.06
457.276	1135.06
457.497	1146.06
457.717	1121.06
457.937	1153.06
458.157	1172.06
458.377	1162.06
458.598	1242.06
458.818	1343.06
459.038	1493.06
459.258	1482.06
459.478	1310.06
459.698	1324.06
459.918	1344.06
460.138	1372.06
460.358	1397.06
460.578	1426.06
460.798	1471.06
461.018	1442.06
461.238	1419.06
461.458	1420.06
461.678	1384.06
461.898	1467.06
462.118	1424.06
462.338	1514.06
462.558	1541.06
462.777	1550.06
462.997	1672.06
463.217	1785.06
463.437	1820.06
463.657	1713.06
463.876	1582.06
464.096	1618.06
464.316	1629.06
464.536	1645.06
464.755	1589.06
464.975	1598.06
465.195	1709.06
465.414	1819.06
465.634	1546.06
465.854	1422.06
466.073	1386.06
466.293	1354.06
466.512	1316.06
466.732	1304.06
466.951	1306.06
467.171	1334.06
467.391	1330.06
467.61	1346.06
467.829	1403.06
468.049	1552.06
468.268	1877.06
468.488	1558.06
468.707	1387.06
468.927	1334.06
469.146	1316.06
469.365	1333.06
469.585	1368.06
469.804	1386.06
470.023	1400.06
470.243	1376.06
470.462	1406.06
470.681	1436.06
470.901	1421.06
471.12	1410.06
471.339	1402.06
471.558	1410.06
471.777	1382.06
471.997	1450.06
472.216	1824.06
472.435	2954.06
472.654	2234.06
472.873	1630.06
473.092	1436.06
473.311	1400.06
473.53	1394.06
473.749	1389.06
473.968	1386.06
474.187	1492.06
474.406	1526.06
474.625	1383.06
474.844	1357.06
475.063	1306.06
475.282	1277.06
475.501	1291.06
475.72	1282.06
475.939	1318.06
476.158	1325.06
476.377	1308.06
476.596	1309.06
476.814	1327.06
477.033	1362.06
477.252	1358.06
477.471	1365.06
477.69	1418.06
477.908	1446.06
478.127	1487.06
478.346	1480.06
478.564	1498.06
478.783	1529.06
479.002	1538.06
479.22	1595.06
479.439	1564.06
479.658	1600.06
479.876	1599.06
480.095	1593.06
480.313	1698.06
480.532	1737.06
480.751	1775.06
480.969	2097.06
481.188	3884.06
481.406	4688.06
481.624	2579.06
481.843	2025.06
482.061	1832.06
482.28	1772.06
482.498	1670.06
482.717	1580.06
482.935	1596.06
483.153	1607.06
483.372	1652.06
483.59	1615.06
483.808	1576.06
484.027	1548.06
484.245	1545.06
484.463	1564.06
484.681	1615.06
484.9	1549.06
485.118	1580.06
485.336	1554.06
485.554	1553.06
485.772	1529.06
485.99	1546.06
486.209	1528.06
486.427	1562.06
486.645	1595.06
486.863	1680.06
487.081	1647.06
487.299	1617.06
487.517	1656.06
487.735	1663.06
487.953	1720.06
488.171	1700.06
488.389	1658.06
488.607	1651.06
488.825	1625.06
489.043	1576.06
489.261	1584.06
489.479	1600.06
489.696	1653.06
489.914	1671.06
490.132	1701.06
490.35	1743.06
490.568	1794.06
490.786	1842.06
491.003	1886.06
491.221	1946.06
491.439	1985.06
491.657	1984.06
491.874	2049.06
492.092	2090.06
492.31	2139.06
492.527	2148.06
492.745	2155.06
492.963	2143.06
493.18	2110.06
493.398	2088.06
493.615	2070.06
493.833	2050.06
494.05	2085.06
494.268	1954.06
494.485	1995.06
494.703	1980.06
494.92	1962.06
495.138	1951.06
495.355	1955.06
495.573	1993.06
495.79	1921.06
496.008	1948.06
496.225	1941.06
496.442	1944.06
496.66	1913.06
496.877	1922.06
497.094	1933.06
497.312	1957.06
497.529	1988.06
497.746	1971.06
497.963	1989.06
498.181	2027.06
498.398	2064.06
498.615	2088.06
498.832	2281.06
499.049	2362.06
499.267	2404.06
499.484	2636.06
499.701	2803.06
499.918	3014.06
500.135	3435.06
500.352	3701.06
500.569	3880.06
500.786	3816.06
501.003	3574.06
501.22	3333.06
501.437	2984.06
501.654	2768.06
501.871	2588.06
502.088	2437.06
502.305	2328.06
502.522	2206.06
502.739	2142.06
502.956	2060.06
503.172	1998.06
503.389	1907.06
503.606	1917.06
503.823	1884.06
504.04	1845.06
504.256	1841.06
504.473	1884.06
504.69	1918.06
504.907	1856.06
505.123	1816.06
505.34	1725.06
505.557	1664.06
505.773	1646.06
505.99	1615.06
506.207	1622.06
506.423	1569.06
506.64	1569.06
506.856	1568.06
507.073	1562.06
507.289	1545.06
507.506	1532.06
507.722	1586.06
507.939	1604.06
508.155	1542.06
508.372	1492.06
508.588	1458.06
508.805	1463.06
509.021	1485.06
509.238	1468.06
509.454	1467.06
509.67	1421.06
509.887	1437.06
510.103	1421.06
510.319	1486.06
510.536	1777.06
510.752	3462.06
510.968	2405.06
511.184	1512.06
511.401	1453.06
511.617	1457.06
511.833	1456.06
512.049	1492.06
512.265	1500.06
512.481	1471.06
512.698	1446.06
512.914	1422.06
513.13	1414.06
513.346	1400.06
513.562	1395.06
513.778	1450.06
513.994	1410.06
514.21	1442.06
514.426	1496.06
514.642	1571.06
514.858	1652.06
515.074	1718.06
515.29	2133.06
515.506	3634.06
515.721	2639.06
515.937	1753.06
516.153	1580.06
516.369	1573.06
516.585	1551.06
516.801	1531.06
517.016	1602.06
517.232	1599.06
517.448	1624.06
517.664	1693.06
517.879	1724.06
518.095	1714.06
518.311	1704.06
518.527	1627.06
518.742	1594.06
518.958	1543.06
519.173	1496.06
519.389	1537.06
519.605	1456.06
519.82	1447.06
520.036	1505.06
520.251	1514.06
520.467	1550.06
520.682	1517.06
520.898	1528.06
521.113	1566.06
521.329	1663.06
521.544	1900.06
521.76	2579.06
521.975	4885.06
522.19	4430.06
522.406	2132.06
522.621	1621.06
522.836	1451.06
523.052	1390.06
523.267	1356.06
523.482	1356.06
523.698	1327.06
523.913	1332.06
524.128	1338.06
524.343	1292.06
524.559	1278.06
524.774	1262.06
524.989	1275.06
525.204	1285.06
525.419	1262.06
525.634	1226.06
525.849	1218.06
526.064	1172.06
526.28	1212.06
526.495	1178.06
526.71	1145.06
526.925	1131.06
527.14	1123.06
527.355	1130.06
527.57	1120.06
527.785	1107.06
527.999	1128.06
528.214	1133.06
528.429	1167.06
528.644	1215.06
528.859	1211.06
529.074	1247.06
529.289	1309.06
529.503	1507.06
529.718	1359.06
529.933	1266.06
530.148	1194.06
530.363	1164.06
530.577	1149.06
530.792	1109.06
531.007	1077.06
531.221	1134.06
531.436	1091.06
531.651	1126.06
531.865	1115.06
532.08	1098.06
532.295	1139.06
532.509	1109.06
532.724	1084.06
532.938	1088.06
533.153	1129.06
533.367	1130.06
533.582	1113.06
533.796	1156.06
534.011	1127.06
534.225	1085.06
534.44	1026.06
534.654	1060.06
534.868	1086.06
535.083	1119.06
535.297	1090.06
535.511	1102.06
535.726	1145.06
535.94	1120.06
536.154	1093.06
536.369	1066.06
536.583	1058.06
536.797	1062.06
537.011	1026.06
537.225	1024.06
537.44	1003.06
537.654	1018.06
537.868	1022.06
538.082	995.06
538.296	1030.06
538.51	1021.06
538.724	1048.06
538.938	1077.06
539.153	1072.06
539.367	1114.06
539.581	1092.06
539.795	1022.06
540.009	1004.06
540.222	1020.06
540.436	1041.06
540.65	997.06
540.864	1088.06
541.078	1092.06
541.292	1136.06
541.506	1157.06
541.72	1178.06
541.934	1200.06
542.147	1236.06
542.361	1184.06
542.575	1104.06
542.789	1096.06
543.002	1075.06
543.216	1031.06
543.43	1051.06
543.644	1083.06
543.857	1116.06
544.071	1149.06
544.285	1193.06
544.498	1159.06
544.712	1137.06
544.925	1196.06
545.139	1154.06
545.352	1165.06
545.566	1135.06
545.779	1151.06
545.993	1177.06
546.206	1162.06
546.42	1161.06
546.633	1188.06
546.847	1168.06
547.06	1160.06
547.274	1203.06
547.487	1166.06
547.7	1210.06
547.914	1209.06
548.127	1215.06
548.34	1146.06
548.554	1166.06
548.767	1160.06
548.98	1173.06
549.193	1165.06
549.407	1166.06
549.62	1162.06
549.833	1180.06
550.046	1164.06
550.259	1150.06
550.473	1119.06
550.686	1160.06
550.899	1114.06
551.112	1096.06
551.325	1082.06
551.538	1068.06
551.751	1027.06
551.964	993.06
552.177	1024.06
552.39	1098.06
552.603	1124.06
552.816	1188.06
553.029	1200.06
553.242	1217.06
553.455	1244.06
553.667	1223.06
553.88	1267.06
554.093	1175.06
554.306	1182.06
554.519	1204.06
554.732	1124.06
554.944	1109.06
555.157	1073.06
555.37	1083.06
555.583	1058.06
555.795	1060.06
556.008	1003.06
556.221	978.06
556.433	962.06
556.646	981.06
556.859	976.06
557.071	982.06
557.284	987.06
557.496	994.06
557.709	981.06
557.921	975.06
558.134	943.06
558.346	928.06
558.559	954.06
558.771	933.06
558.984	924.06
559.196	930.06
559.409	906.06
559.621	918.06
559.833	917.06
560.046	906.06
560.258	903.06
560.47	928.06
560.683	924.06
560.895	900.06
561.107	895.06
561.32	906.06
561.532	921.06
561.744	929.06
561.956	890.06
562.168	898.06
562.381	912.06
562.593	916.06
562.805	907.06
563.017	912.06
563.229	901.06
563.441	902.06
563.653	903.06
563.865	901.06
564.077	901.06
564.289	861.06
564.501	902.06
564.713	916.06
564.925	933.06
565.137	992.06
565.349	943.06
565.561	974.06
565.773	989.06
565.985	1002.06
566.197	1054.06
566.408	1116.06
566.62	1156.06
566.832	1226.06
567.044	1250.06
567.255	1244.06
567.467	1234.06
567.679	1286.06
567.891	1368.06
568.102	1384.06
568.314	1327.06
568.526	1180.06
568.737	1059.06
568.949	1028.06
569.161	965.06
569.372	881.06
569.584	885.06
569.795	839.06
570.007	847.06
570.218	941.06
570.43	895.06
570.641	824.06
570.853	832.06
571.064	809.06
571.276	832.06
571.487	822.06
571.698	789.06
571.91	741.06
572.121	768.06
572.333	709.06
572.544	709.06
572.755	702.06
572.966	694.06
573.178	688.06
573.389	686.06
573.6	656.06
573.811	659.06
574.023	648.06
574.234	648.06
574.445	652.06
574.656	685.06
574.867	664.06
575.078	649.06
575.289	667.06
575.501	647.06
575.712	626.06
575.923	611.06
576.134	650.06
576.345	636.06
576.556	640.06
576.767	660.06
576.978	654.06
577.188	623.06
577.399	635.06
577.61	596.06
577.821	636.06
578.032	638.06
578.243	708.06
578.454	1263.06
578.665	829.06
578.875	612.06
579.086	586.06
579.297	567.06
579.508	577.06
579.718	574.06
579.929	588.06
580.14	580.06
580.35	564.06
580.561	556.06
580.772	574.06
580.982	566.06
581.193	552.06
581.403	553.06
581.614	571.06
581.825	548.06
582.035	557.06
582.246	554.06
582.456	564.06
582.667	554.06
582.877	569.06
583.087	555.06
583.298	539.06
583.508	545.06
583.719	521.06
583.929	550.06
584.139	552.06
584.35	524.06
584.56	543.06
584.77	554.06
584.981	529.06
585.191	527.06
585.401	529.06
585.611	529.06
585.821	524.06
586.032	540.06
586.242	533.06
586.452	526.06
586.662	510.06
586.872	536.06
587.082	529.06
587.292	529.06
587.502	539.06
587.713	514.06
587.923	514.06
588.133	525.06
588.343	524.06
588.553	512.06
588.762	526.06
588.972	508.06
589.182	516.06
589.392	546.06
589.602	532.06
589.812	525.06
590.022	531.06
590.232	498.06
590.441	522.06
590.651	537.06
590.861	563.06
591.071	541.06
591.281	542.06
591.49	510.06
591.7	527.06
591.91	538.06
592.119	547.06
592.329	550.06
592.539	586.06
592.748	580.06
592.958	598.06
593.167	602.06
593.377	629.06
593.587	622.06
593.796	600.06
594.006	614.06
594.215	628.06
594.424	632.06
594.634	603.06
594.843	605.06
595.053	593.06
595.262	584.06
595.472	546.06
595.681	517.06
595.89	522.06
596.1	520.06
596.309	523.06
596.518	508.06
596.727	525.06
596.937	510.06
597.146	507.06
597.355	511.06
597.564	491.06
597.774	491.06
597.983	480.06
598.192	474.06
598.401	470.06
598.61	472.06
598.819	454.06
599.028	469.06
599.237	450.06
599.446	446.06
599.655	461.06
599.864	473.06
600.073	475.06
600.282	469.06
600.491	455.06
600.7	459.06
600.909	468.06
601.118	464.06
601.327	508.06
601.536	480.06
601.745	492.06
601.953	466.06
602.162	488.06
602.371	492.06
602.58	489.06
602.789	490.06
602.997	478.06
603.206	471.06
603.415	490.06
603.623	470.06
603.832	493.06
604.041	489.06
604.249	460.06
604.458	477.06
604.666	431.06
604.875	439.06
605.084	442.06
605.292	456.06
605.501	465.06
605.709	493.06
605.918	493.06
606.126	518.06
606.334	511.06
606.543	513.06
606.751	509.06
606.96	496.06
607.168	481.06
607.376	484.06
607.585	492.06
607.793	491.06
608.001	526.06
608.21	510.06
608.418	488.06
608.626	492.06
608.834	495.06
609.043	491.06
609.251	500.06
609.459	482.06
609.667	512.06
609.875	519.06
610.083	514.06
610.291	490.06
610.499	483.06
610.707	510.06
610.916	484.06
611.124	508.06
611.332	495.06
611.54	512.06
611.748	517.06
611.955	494.06
612.163	495.06
612.371	504.06
612.579	491.06
612.787	496.06
612.995	486.06
613.203	508.06
613.411	489.06
613.618	479.06
613.826	479.06
614.034	473.06
614.242	488.06
614.449	482.06
614.657	492.06
614.865	492.06
615.072	444.06
615.28	473.06
615.488	484.06
615.695	469.06
615.903	471.06
616.111	465.06
616.318	486.06
616.526	488.06
616.733	489.06
616.941	473.06
617.148	489.06
617.356	458.06
617.563	448.06
617.771	450.06
617.978	463.06
618.185	476.06
618.393	463.06
618.6	475.06
618.807	488.06
619.015	470.06
619.222	469.06
619.429	440.06
619.637	418.06
619.844	408.06
620.051	421.06
620.258	442.06
620.466	445.06
620.673	412.06
620.88	421.06
621.087	438.06
621.294	415.06
621.501	383.06
621.708	384.06
621.915	435.06
622.122	431.06
622.329	432.06
622.536	429.06
622.743	435.06
622.95	409.06
623.157	408.06
623.364	445.06
623.571	434.06
623.778	446.06
623.985	435.06
624.192	419.06
624.399	428.06
624.606	412.06
624.812	390.06
625.019	394.06
625.226	401.06
625.433	394.06
625.639	376.06
625.846	350.06
626.053	356.06
626.259	333.06
626.466	355.06
626.673	346.06
626.879	340.06
627.086	346.06
627.293	362.06
627.499	386.06
627.706	409.06
627.912	399.06
628.119	392.06
628.325	383.06
628.532	397.06
628.738	393.06
628.945	379.06
629.151	378.06
629.357	374.06
629.564	372.06
629.77	350.06
629.976	370.06
630.183	364.06
630.389	348.06
630.595	358.06
630.802	362.06
631.008	363.06
631.214	350.06
631.42	362.06
631.627	357.06
631.833	324.06
632.039	328.06
632.245	339.06
632.451	346.06
632.657	350.06
632.863	347.06
633.069	338.06
633.275	335.06
633.481	357.06
633.688	307.06
633.893	332.06
634.099	336.06
634.305	334.06
634.511	327.06
634.717	331.06
634.923	315.06
635.129	318.06
635.335	326.06
635.541	316.06
635.747	307.06
635.952	354.06
636.158	370.06
636.364	452.06
636.57	519.06
636.775	422.06
636.981	385.06
637.187	360.06
637.392	353.06
637.598	366.06
637.804	362.06
638.009	366.06
638.215	342.06
638.421	338.06
638.626	348.06
638.832	326.06
639.037	339.06
639.243	315.06
639.448	303.06
639.654	306.06
639.859	301.06
640.065	321.06
640.27	319.06
640.475	322.06
640.681	307.06
640.886	309.06
641.091	315.06
641.297	319.06
641.502	318.06
641.707	321.06
641.913	304.06
642.118	322.06
642.323	325.06
642.528	321.06
642.733	297.06
642.939	301.06
643.144	277.06
643.349	289.06
643.554	315.06
643.759	299.06
643.964	300.06
644.169	306.06
644.374	296.06
644.579	284.06
644.784	303.06
644.989	300.06
645.194	312.06
645.399	296.06
645.604	298.06
645.809	289.06
646.014	294.06
646.219	298.06
646.423	273.06
646.628	316.06
646.833	288.06
647.038	305.06
647.243	300.06
647.447	300.06
647.652	318.06
647.857	282.06
648.062	310.06
648.266	303.06
648.471	316.06
648.676	314.06
648.88	319.06
649.085	306.06
649.289	304.06
649.494	308.06
649.698	332.06
649.903	312.06
650.107	296.06
650.312	297.06
650.516	286.06
650.721	267.06
650.925	277.06
651.13	268.06
651.334	248.06
651.539	259.06
651.743	260.06
651.947	259.06
652.152	257.06
652.356	266.06
652.56	253.06
652.764	236.06
652.969	232.06
653.173	239.06
653.377	219.06
653.581	223.06
653.785	233.06
653.99	224.06
654.194	210.06
654.398	226.06
654.602	223.06
654.806	225.06
655.01	234.06
655.214	208.06
655.418	203.06
655.622	205.06
655.826	211.06
656.03	213.06
656.234	207.06
656.438	228.06
656.642	209.06
656.846	197.06
657.049	181.06
657.253	179.06
657.457	175.06
657.661	152.06
657.865	180.06
658.068	172.06
658.272	147.06
658.476	160.06
658.68	140.06
658.883	133.06
659.087	140.06
659.291	133.06
659.494	124.06
659.698	132.06
659.901	124.06
660.105	119.06
660.309	109.06
660.512	118.06
660.716	106.06
660.919	113.06
661.123	120.06
661.326	108.06
661.53	108.06
661.733	97.06
661.936	95.06
662.14	100.06
662.343	98.06
662.546	95.06
662.75	98.06
662.953	84.06
663.156	100.06
663.36	95.06
663.563	101.06
663.766	79.06
663.969	94.06
664.173	78.06
664.376	73.06
664.579	79.06
664.782	93.06
664.985	81.06
665.188	85.06
665.391	84.06
665.594	85.06
665.797	87.06
666	95.06
666.203	84.06
666.406	75.06
666.609	80.06
666.812	85.06
667.015	68.06
667.218	89.06
667.421	86.06
667.624	81.06
667.827	79.06
668.03	71.06
668.232	78.06
668.435	87.06
668.638	88.06
668.841	99.06
669.043	72.06
669.246	75.06
669.449	64.06
669.651	71.06
669.854	86.06
670.057	80.06
670.259	76.06
670.462	84.06
670.665	89.06
670.867	77.06
671.07	85.06
671.272	80.06
671.475	93.06
671.677	76.06
671.88	82.06
672.082	76.06
672.284	88.06
672.487	92.06
672.689	102.06
672.892	84.06
