223.165	-7.88
223.4	-7.88
223.635	-7.88
223.869	-11.88
224.104	-30.88
224.338	-14.88
224.573	-16.88
224.808	-8.88
225.042	-5.88
225.277	-4.88
225.511	-6.88
225.746	-10.88
225.98	1.12
226.215	17.12
226.449	25.12
226.683	28.12
226.918	22.12
227.152	26.12
227.387	32.12
227.621	27.12
227.856	35.12
228.09	33.12
228.324	51.12
228.559	56.12
228.793	66.12
229.027	124.12
229.262	152.12
229.496	145.12
229.73	192.12
229.964	211.12
230.199	175.12
230.433	160.12
230.667	151.12
230.901	146.12
231.136	132.12
231.37	130.12
231.604	142.12
231.838	160.12
232.072	158.12
232.306	153.12
232.541	180.12
232.775	156.12
233.009	154.12
233.243	156.12
233.477	160.12
233.711	155.12
233.945	160.12
234.179	161.12
234.413	153.12
234.647	150.12
234.881	164.12
235.115	166.12
235.349	174.12
235.583	171.12
235.817	178.12
236.051	164.12
236.285	187.12
236.519	179.12
236.753	172.12
236.987	196.12
237.221	252.12
237.455	301.12
237.689	243.12
237.922	218.12
238.156	178.12
238.39	192.12
238.624	169.12
238.858	183.12
239.091	181.12
239.325	164.12
239.559	192.12
239.793	187.12
240.027	193.12
240.26	207.12
240.494	211.12
240.728	197.12
240.961	201.12
241.195	192.12
241.429	207.12
241.662	206.12
241.896	202.12
242.13	215.12
242.363	206.12
242.597	202.12
242.83	227.12
243.064	220.12
243.298	222.12
243.531	215.12
243.765	205.12
243.998	230.12
244.232	245.12
244.465	229.12
244.699	248.12
244.932	240.12
245.166	224.12
245.399	219.12
245.633	235.12
245.866	247.12
246.099	250.12
246.333	236.12
246.566	245.12
246.8	266.12
247.033	244.12
247.266	237.12
247.5	252.12
247.733	253.12
247.966	264.12
248.2	245.12
248.433	275.12
248.666	282.12
248.899	297.12
249.133	298.12
249.366	318.12
249.599	345.12
249.832	320.12
250.066	323.12
250.299	386.12
250.532	462.12
250.765	495.12
250.998	441.12
251.231	394.12
251.465	384.12
251.698	350.12
251.931	352.12
252.164	339.12
252.397	325.12
252.63	330.12
252.863	344.12
253.096	353.12
253.329	354.12
253.562	332.12
253.795	360.12
254.028	364.12
254.261	363.12
254.494	354.12
254.727	386.12
254.96	394.12
255.193	410.12
255.426	416.12
255.659	462.12
255.892	573.12
256.124	769.12
256.357	790.12
256.59	648.12
256.823	536.12
257.056	484.12
257.289	432.12
257.521	432.12
257.754	404.12
257.987	400.12
258.22	383.12
258.452	362.12
258.685	394.12
258.918	378.12
259.151	372.12
259.383	368.12
259.616	368.12
259.849	379.12
260.081	377.12
260.314	393.12
260.547	419.12
260.779	382.12
261.012	381.12
261.244	409.12
261.477	370.12
261.71	372.12
261.942	389.12
262.175	388.12
262.407	389.12
262.64	372.12
262.872	378.12
263.105	371.12
263.337	380.12
263.57	365.12
263.802	374.12
264.035	367.12
264.267	354.12
264.499	373.12
264.732	374.12
264.964	373.12
265.197	370.12
265.429	363.12
265.661	374.12
265.894	381.12
266.126	376.12
266.358	378.12
266.591	368.12
266.823	370.12
267.055	387.12
267.287	396.12
267.52	382.12
267.752	391.12
267.984	374.12
268.216	404.12
268.448	395.12
268.681	410.12
268.913	413.12
269.145	440.12
269.377	455.12
269.609	433.12
269.841	437.12
270.073	447.12
270.306	457.12
270.538	462.12
270.77	476.12
271.002	464.12
271.234	459.12
271.466	481.12
271.698	468.12
271.93	506.12
272.162	483.12
272.394	475.12
272.626	490.12
272.858	487.12
273.09	468.12
273.322	463.12
273.553	473.12
273.785	450.12
274.017	450.12
274.249	461.12
274.481	450.12
274.713	452.12
274.945	460.12
275.176	470.12
275.408	449.12
275.64	481.12
275.872	511.12
276.104	506.12
276.335	483.12
276.567	498.12
276.799	538.12
277.031	578.12
277.262	590.12
277.494	590.12
277.726	585.12
277.957	555.12
278.189	526.12
278.421	531.12
278.652	504.12
278.884	500.12
279.115	490.12
279.347	513.12
279.579	513.12
279.81	544.12
280.042	559.12
280.273	628.12
280.505	623.12
280.736	561.12
280.968	544.12
281.199	537.12
281.431	540.12
281.662	530.12
281.894	509.12
282.125	529.12
282.356	576.12
282.588	589.12
282.819	574.12
283.051	503.12
283.282	534.12
283.513	524.12
283.745	537.12
283.976	546.12
284.207	522.12
284.439	519.12
284.67	533.12
284.901	520.12
285.132	513.12
285.364	512.12
285.595	524.12
285.826	520.12
286.057	508.12
286.288	552.12
286.52	524.12
286.751	528.12
286.982	547.12
287.213	522.12
287.444	524.12
287.675	556.12
287.906	563.12
288.138	557.12
288.369	573.12
288.6	543.12
288.831	575.12
289.062	573.12
289.293	559.12
289.524	542.12
289.755	543.12
289.986	552.12
290.217	558.12
290.448	548.12
290.679	557.12
290.91	552.12
291.141	550.12
291.371	532.12
291.602	543.12
291.833	555.12
292.064	570.12
292.295	550.12
292.526	558.12
292.757	560.12
292.987	539.12
293.218	545.12
293.449	551.12
293.68	558.12
293.91	554.12
294.141	549.12
294.372	558.12
294.603	564.12
294.833	539.12
295.064	559.12
295.295	554.12
295.525	567.12
295.756	564.12
295.987	601.12
296.217	642.12
296.448	647.12
296.679	604.12
296.909	569.12
297.14	582.12
297.37	582.12
297.601	580.12
297.831	574.12
298.062	588.12
298.292	570.12
298.523	597.12
298.753	603.12
298.984	589.12
299.214	603.12
299.445	621.12
299.675	590.12
299.905	636.12
300.136	601.12
300.366	616.12
300.597	618.12
300.827	620.12
301.057	631.12
301.288	638.12
301.518	627.12
301.748	640.12
301.979	658.12
302.209	638.12
302.439	671.12
302.669	667.12
302.9	672.12
303.13	650.12
303.36	664.12
303.59	664.12
303.82	694.12
304.051	690.12
304.281	643.12
304.511	667.12
304.741	654.12
304.971	630.12
305.201	650.12
305.431	659.12
305.661	643.12
305.891	647.12
306.121	673.12
306.352	673.12
306.582	656.12
306.812	658.12
307.042	689.12
307.272	696.12
307.502	708.12
307.731	750.12
307.961	701.12
308.191	683.12
308.421	646.12
308.651	664.12
308.881	660.12
309.111	673.12
309.341	688.12
309.571	690.12
309.8	710.12
310.03	746.12
310.26	736.12
310.49	737.12
310.72	747.12
310.949	772.12
311.179	774.12
311.409	754.12
311.639	729.12
311.868	772.12
312.098	752.12
312.328	787.12
312.557	828.12
312.787	819.12
313.017	812.12
313.246	759.12
313.476	758.12
313.706	759.12
313.935	772.12
314.165	803.12
314.394	804.12
314.624	829.12
314.853	774.12
315.083	774.12
315.312	760.12
315.542	786.12
315.771	716.12
316.001	758.12
316.23	741.12
316.46	762.12
316.689	780.12
316.919	761.12
317.148	795.12
317.377	780.12
317.607	816.12
317.836	795.12
318.065	782.12
318.295	789.12
318.524	805.12
318.753	774.12
318.983	798.12
319.212	784.12
319.441	787.12
319.67	817.12
319.9	801.12
320.129	774.12
320.358	813.12
320.587	793.12
320.816	824.12
321.046	855.12
321.275	838.12
321.504	832.12
321.733	845.12
321.962	869.12
322.191	882.12
322.42	923.12
322.649	904.12
322.878	952.12
323.108	975.12
323.337	1025.12
323.566	1064.12
323.795	1117.12
324.024	1224.12
324.253	1474.12
324.482	2116.12
324.71	3167.12
324.939	4324.12
325.168	3516.12
325.397	1888.12
325.626	1465.12
325.855	1268.12
326.084	1181.12
326.313	1155.12
326.542	1192.12
326.77	1309.12
326.999	1489.12
327.228	2035.12
327.457	3022.12
327.686	3523.12
327.914	2425.12
328.143	2054.12
328.372	2180.12
328.6	1930.12
328.829	1516.12
329.058	1529.12
329.287	1549.12
329.515	1548.12
329.744	1650.12
329.972	2042.12
330.201	2638.12
330.43	3360.12
330.658	2787.12
330.887	1950.12
331.115	1626.12
331.344	1405.12
331.572	1334.12
331.801	1349.12
332.03	1321.12
332.258	1277.12
332.486	1282.12
332.715	1301.12
332.943	1376.12
333.172	1437.12
333.4	1532.12
333.629	1623.12
333.857	1798.12
334.085	2210.12
334.314	2965.12
334.542	4049.12
334.771	4328.12
334.999	2746.12
335.227	1874.12
335.455	1563.12
335.684	1425.12
335.912	1331.12
336.14	1269.12
336.369	1209.12
336.597	1214.12
336.825	1180.12
337.053	1177.12
337.281	1109.12
337.51	1101.12
337.738	1087.12
337.966	1063.12
338.194	1088.12
338.422	1059.12
338.65	1038.12
338.878	1056.12
339.106	1003.12
339.334	994.12
339.562	974.12
339.79	980.12
340.018	981.12
340.246	989.12
340.474	996.12
340.702	978.12
340.93	1000.12
341.158	966.12
341.386	936.12
341.614	952.12
341.842	940.12
342.07	969.12
342.298	947.12
342.526	932.12
342.754	974.12
342.981	939.12
343.209	930.12
343.437	971.12
343.665	1014.12
343.893	1038.12
344.12	1068.12
344.348	1039.12
344.576	1031.12
344.804	1007.12
345.031	1019.12
345.259	1018.12
345.487	969.12
345.714	963.12
345.942	952.12
346.17	930.12
346.397	929.12
346.625	940.12
346.853	917.12
347.08	927.12
347.308	924.12
347.535	958.12
347.763	965.12
347.99	932.12
348.218	946.12
348.445	943.12
348.673	954.12
348.9	968.12
349.128	934.12
349.355	898.12
349.583	905.12
349.81	914.12
350.037	921.12
350.265	921.12
350.492	888.12
350.72	914.12
350.947	936.12
351.174	939.12
351.402	949.12
351.629	928.12
351.856	950.12
352.083	967.12
352.311	976.12
352.538	973.12
352.765	933.12
352.992	939.12
353.22	908.12
353.447	925.12
353.674	925.12
353.901	917.12
354.128	901.12
354.355	883.12
354.583	892.12
354.81	893.12
355.037	897.12
355.264	880.12
355.491	880.12
355.718	897.12
355.945	883.12
356.172	889.12
356.399	870.12
356.626	910.12
356.853	888.12
357.08	889.12
357.307	868.12
357.534	894.12
357.761	904.12
357.988	868.12
358.215	880.12
358.441	906.12
358.668	891.12
358.895	902.12
359.122	899.12
359.349	945.12
359.576	957.12
359.802	985.12
360.029	1005.12
360.256	1061.12
360.483	1013.12
360.709	972.12
360.936	948.12
361.163	971.12
361.39	960.12
361.616	941.12
361.843	944.12
362.07	942.12
362.296	966.12
362.523	940.12
362.749	937.12
362.976	944.12
363.203	941.12
363.429	889.12
363.656	917.12
363.882	955.12
364.109	909.12
364.335	945.12
364.562	913.12
364.788	942.12
365.015	940.12
365.241	927.12
365.468	932.12
365.694	960.12
365.92	956.12
366.147	960.12
366.373	940.12
366.599	934.12
366.826	947.12
367.052	921.12
367.278	972.12
367.505	961.12
367.731	942.12
367.957	932.12
368.184	990.12
368.41	940.12
368.636	978.12
368.862	1001.12
369.089	968.12
369.315	954.12
369.541	930.12
369.767	932.12
369.993	961.12
370.219	922.12
370.445	968.12
370.672	975.12
370.898	965.12
371.124	949.12
371.35	976.12
371.576	981.12
371.802	952.12
372.028	968.12
372.254	988.12
372.48	1011.12
372.706	1005.12
372.932	1005.12
373.158	967.12
373.384	1012.12
373.61	1012.12
373.835	987.12
374.061	975.12
374.287	1033.12
374.513	996.12
374.739	1008.12
374.965	1024.12
375.191	1040.12
375.416	1058.12
375.642	1010.12
375.868	1026.12
376.094	1005.12
376.319	998.12
376.545	972.12
376.771	1005.12
376.997	987.12
377.222	961.12
377.448	965.12
377.674	962.12
377.899	973.12
378.125	955.12
378.35	950.12
378.576	988.12
378.802	973.12
379.027	1006.12
379.253	965.12
379.478	965.12
379.704	989.12
379.929	984.12
380.155	989.12
380.38	999.12
380.606	997.12
380.831	976.12
381.057	1017.12
381.282	987.12
381.507	997.12
381.733	1010.12
381.958	1002.12
382.184	1012.12
382.409	998.12
382.634	1018.12
382.86	1018.12
383.085	1050.12
383.31	1056.12
383.535	1029.12
383.761	1061.12
383.986	1084.12
384.211	1079.12
384.436	1119.12
384.662	1106.12
384.887	1164.12
385.112	1140.12
385.337	1170.12
385.562	1134.12
385.787	1128.12
386.013	1164.12
386.238	1173.12
386.463	1165.12
386.688	1199.12
386.913	1134.12
387.138	1148.12
387.363	1156.12
387.588	1139.12
387.813	1122.12
388.038	1136.12
388.263	1151.12
388.488	1156.12
388.713	1141.12
388.938	1124.12
389.163	1143.12
389.387	1166.12
389.612	1115.12
389.837	1164.12
390.062	1137.12
390.287	1153.12
390.512	1150.12
390.736	1143.12
390.961	1146.12
391.186	1152.12
391.411	1214.12
391.636	1188.12
391.86	1267.12
392.085	1286.12
392.31	1247.12
392.534	1262.12
392.759	1240.12
392.984	1195.12
393.208	1182.12
393.433	1192.12
393.658	1192.12
393.882	1194.12
394.107	1221.12
394.331	1209.12
394.556	1231.12
394.78	1244.12
395.005	1223.12
395.229	1250.12
395.454	1275.12
395.678	1292.12
395.903	1314.12
396.127	1322.12
396.352	1272.12
396.576	1242.12
396.801	1264.12
397.025	1241.12
397.249	1269.12
397.474	1318.12
397.698	1293.12
397.922	1343.12
398.147	1345.12
398.371	1347.12
398.595	1381.12
398.82	1409.12
399.044	1492.12
399.268	1596.12
399.492	1791.12
399.717	1955.12
399.941	1958.12
400.165	1850.12
400.389	1762.12
400.613	1625.12
400.837	1507.12
401.062	1482.12
401.286	1449.12
401.51	1470.12
401.734	1432.12
401.958	1483.12
402.182	1498.12
402.406	1560.12
402.63	1549.12
402.854	1538.12
403.078	1576.12
403.302	1569.12
403.526	1638.12
403.75	1644.12
403.974	1636.12
404.198	1691.12
404.422	1720.12
404.645	1741.12
404.869	1748.12
405.093	1868.12
405.317	1960.12
405.541	1986.12
405.765	1870.12
405.988	1767.12
406.212	1799.12
406.436	1811.12
406.66	1828.12
406.883	1787.12
407.107	1834.12
407.331	1929.12
407.555	2017.12
407.778	1986.12
408.002	1885.12
408.226	1770.12
408.449	1802.12
408.673	1715.12
408.896	1748.12
409.12	1813.12
409.344	1741.12
409.567	1676.12
409.791	1630.12
410.014	1630.12
410.238	1656.12
410.461	1636.12
410.685	1621.12
410.908	1658.12
411.132	1691.12
411.355	1703.12
411.578	1654.12
411.802	1614.12
412.025	1626.12
412.249	1747.12
412.472	1862.12
412.695	1978.12
412.919	1936.12
413.142	1844.12
413.365	1755.12
413.589	1700.12
413.812	1626.12
414.035	1551.12
414.258	1564.12
414.482	1564.12
414.705	1577.12
414.928	1543.12
415.151	1556.12
415.374	1535.12
415.597	1538.12
415.821	1538.12
416.044	1471.12
416.267	1563.12
416.49	1505.12
416.713	1473.12
416.936	1476.12
417.159	1505.12
417.382	1539.12
417.605	1573.12
417.828	1602.12
418.051	1645.12
418.274	1611.12
418.497	1529.12
418.72	1596.12
418.943	1554.12
419.166	1654.12
419.389	1721.12
419.611	1702.12
419.834	1687.12
420.057	1734.12
420.28	1843.12
420.503	1884.12
420.726	1770.12
420.948	1736.12
421.171	1739.12
421.394	1728.12
421.617	1589.12
421.839	1613.12
422.062	1571.12
422.285	1587.12
422.507	1715.12
422.73	1804.12
422.953	1720.12
423.175	1644.12
423.398	1639.12
423.621	1616.12
423.843	1642.12
424.066	1682.12
424.288	1660.12
424.511	1690.12
424.733	1761.12
424.956	1833.12
425.178	1812.12
425.401	1768.12
425.623	1784.12
425.846	1653.12
426.068	1584.12
426.291	1544.12
426.513	1518.12
426.735	1540.12
426.958	1597.12
427.18	1707.12
427.402	1981.12
427.625	2110.12
427.847	2055.12
428.069	1918.12
428.292	1741.12
428.514	1588.12
428.736	1513.12
428.958	1486.12
429.181	1454.12
429.403	1470.12
429.625	1455.12
429.847	1494.12
430.069	1606.12
430.292	1577.12
430.514	1439.12
430.736	1447.12
430.958	1401.12
431.18	1388.12
431.402	1385.12
431.624	1395.12
431.846	1365.12
432.068	1344.12
432.29	1366.12
432.512	1350.12
432.734	1388.12
432.956	1428.12
433.178	1463.12
433.4	1420.12
433.622	1402.12
433.844	1405.12
434.066	1413.12
434.287	1363.12
434.509	1376.12
434.731	1433.12
434.953	1445.12
435.175	1542.12
435.397	1539.12
435.618	1513.12
435.84	1526.12
436.062	1685.12
436.284	1796.12
436.505	1576.12
436.727	1514.12
436.949	1438.12
437.17	1430.12
437.392	1400.12
437.614	1404.12
437.835	1482.12
438.057	1633.12
438.278	1736.12
438.5	1725.12
438.721	1892.12
438.943	1792.12
439.165	1556.12
439.386	1505.12
439.608	1492.12
439.829	1530.12
440.05	1566.12
440.272	1648.12
440.493	1583.12
440.715	1552.12
440.936	1499.12
441.158	1483.12
441.379	1541.12
441.6	1570.12
441.822	1639.12
442.043	1679.12
442.264	1786.12
442.486	1817.12
442.707	1661.12
442.928	1606.12
443.149	1647.12
443.371	1685.12
443.592	1717.12
443.813	1811.12
444.034	1923.12
444.255	1801.12
444.476	1678.12
444.698	1730.12
444.919	1738.12
445.14	1813.12
445.361	1751.12
445.582	1696.12
445.803	1740.12
446.024	1890.12
446.245	1885.12
446.466	1752.12
446.687	1588.12
446.908	1525.12
447.129	1474.12
447.35	1479.12
447.571	1457.12
447.792	1410.12
448.013	1403.12
448.234	1440.12
448.455	1501.12
448.675	1651.12
448.896	1851.12
449.117	1582.12
449.338	1582.12
449.559	1717.12
449.779	1852.12
450	1573.12
450.221	1442.12
450.442	1368.12
450.662	1360.12
450.883	1354.12
451.104	1418.12
451.324	1379.12
451.545	1340.12
451.766	1301.12
451.986	1294.12
452.207	1243.12
452.428	1246.12
452.648	1215.12
452.869	1235.12
453.089	1256.12
453.31	1280.12
453.53	1228.12
453.751	1205.12
453.971	1228.12
454.192	1259.12
454.412	1212.12
454.633	1230.12
454.853	1204.12
455.073	1232.12
455.294	1234.12
455.514	1339.12
455.734	1292.12
455.955	1162.12
456.175	1158.12
456.395	1163.12
456.616	1124.12
456.836	1132.12
457.056	1144.12
457.276	1113.12
457.497	1141.12
457.717	1155.12
457.937	1178.12
458.157	1178.12
458.377	1141.12
458.598	1236.12
458.818	1349.12
459.038	1507.12
459.258	1488.12
459.478	1356.12
459.698	1293.12
459.918	1317.12
460.138	1380.12
460.358	1444.12
460.578	1458.12
460.798	1467.12
461.018	1512.12
461.238	1433.12
461.458	1459.12
461.678	1404.12
461.898	1442.12
462.118	1470.12
462.338	1498.12
462.558	1548.12
462.777	1567.12
462.997	1701.12
463.217	1741.12
463.437	1758.12
463.657	1659.12
463.876	1602.12
464.096	1601.12
464.316	1625.12
464.536	1669.12
464.755	1588.12
464.975	1589.12
465.195	1681.12
465.414	1770.12
465.634	1550.12
465.854	1425.12
466.073	1390.12
466.293	1350.12
466.512	1324.12
466.732	1345.12
466.951	1304.12
467.171	1355.12
467.391	1345.12
467.61	1373.12
467.829	1460.12
468.049	1762.12
468.268	2314.12
468.488	1781.12
468.707	1488.12
468.927	1429.12
469.146	1373.12
469.365	1400.12
469.585	1404.12
469.804	1390.12
470.023	1454.12
470.243	1465.12
470.462	1474.12
470.681	1509.12
470.901	1476.12
471.12	1448.12
471.339	1431.12
471.558	1449.12
471.777	1453.12
471.997	1589.12
472.216	2144.12
472.435	4080.12
472.654	3009.12
472.873	1966.12
473.092	1685.12
473.311	1576.12
473.53	1515.12
473.749	1470.12
473.968	1454.12
474.187	1581.12
474.406	1584.12
474.625	1445.12
474.844	1424.12
475.063	1363.12
475.282	1348.12
475.501	1343.12
475.72	1361.12
475.939	1372.12
476.158	1369.12
476.377	1389.12
476.596	1360.12
476.814	1374.12
477.033	1351.12
477.252	1404.12
477.471	1411.12
477.69	1424.12
477.908	1513.12
478.127	1518.12
478.346	1536.12
478.564	1555.12
478.783	1531.12
479.002	1594.12
479.22	1625.12
479.439	1665.12
479.658	1684.12
479.876	1644.12
480.095	1665.12
480.313	1772.12
480.532	1836.12
480.751	1968.12
480.969	2432.12
481.188	5218.12
481.406	6608.12
481.624	3306.12
481.843	2474.12
482.061	2131.12
482.28	1980.12
482.498	1891.12
482.717	1781.12
482.935	1712.12
483.153	1798.12
483.372	1790.12
483.59	1733.12
483.808	1694.12
484.027	1666.12
484.245	1667.12
484.463	1684.12
484.681	1638.12
484.9	1651.12
485.118	1689.12
485.336	1650.12
485.554	1632.12
485.772	1588.12
485.99	1589.12
486.209	1622.12
486.427	1634.12
486.645	1677.12
486.863	1720.12
487.081	1733.12
487.299	1682.12
487.517	1675.12
487.735	1780.12
487.953	1774.12
488.171	1782.12
488.389	1729.12
488.607	1739.12
488.825	1720.12
489.043	1656.12
489.261	1687.12
489.479	1760.12
489.696	1709.12
489.914	1761.12
490.132	1792.12
490.35	1817.12
490.568	1901.12
490.786	2001.12
491.003	2030.12
491.221	2068.12
491.439	2169.12
491.657	2219.12
491.874	2272.12
492.092	2320.12
492.31	2424.12
492.527	2398.12
492.745	2442.12
492.963	2310.12
493.18	2412.12
493.398	2314.12
493.615	2330.12
493.833	2262.12
494.05	2264.12
494.268	2254.12
494.485	2158.12
494.703	2177.12
494.92	2137.12
495.138	2109.12
495.355	2063.12
495.573	2104.12
495.79	2055.12
496.008	2055.12
496.225	2067.12
496.442	2009.12
496.66	2026.12
496.877	2019.12
497.094	2029.12
497.312	2055.12
497.529	2020.12
497.746	2037.12
497.963	2080.12
498.181	2073.12
498.398	2114.12
498.615	2217.12
498.832	2291.12
499.049	2370.12
499.267	2456.12
499.484	2644.12
499.701	2832.12
499.918	3000.12
500.135	3246.12
500.352	3658.12
500.569	3852.12
500.786	3914.12
501.003	3640.12
501.22	3338.12
501.437	3028.12
501.654	2790.12
501.871	2672.12
502.088	2476.12
502.305	2350.12
502.522	2254.12
502.739	2176.12
502.956	2076.12
503.172	1996.12
503.389	1948.12
503.606	1930.12
503.823	1944.12
504.04	1875.12
504.256	1892.12
504.473	1906.12
504.69	1892.12
504.907	1882.12
505.123	1790.12
505.34	1750.12
505.557	1724.12
505.773	1708.12
505.99	1674.12
506.207	1646.12
506.423	1585.12
506.64	1609.12
506.856	1585.12
507.073	1587.12
507.289	1552.12
507.506	1560.12
507.722	1597.12
507.939	1661.12
508.155	1577.12
508.372	1524.12
508.588	1526.12
508.805	1509.12
509.021	1485.12
509.238	1509.12
509.454	1472.12
509.67	1473.12
509.887	1473.12
510.103	1476.12
510.319	1502.12
510.536	1777.12
510.752	3338.12
510.968	2376.12
511.184	1557.12
511.401	1499.12
511.617	1523.12
511.833	1550.12
512.049	1644.12
512.265	1579.12
512.481	1540.12
512.698	1478.12
512.914	1476.12
513.13	1451.12
513.346	1461.12
513.562	1456.12
513.778	1483.12
513.994	1457.12
514.21	1471.12
514.426	1545.12
514.642	1666.12
514.858	1688.12
515.074	1788.12
515.29	2182.12
515.506	3530.12
515.721	2608.12
515.937	1801.12
516.153	1622.12
516.369	1587.12
516.585	1570.12
516.801	1545.12
517.016	1596.12
517.232	1634.12
517.448	1660.12
517.664	1714.12
517.879	1726.12
518.095	1712.12
518.311	1668.12
518.527	1647.12
518.742	1579.12
518.958	1551.12
519.173	1543.12
519.389	1552.12
519.605	1468.12
519.82	1485.12
520.036	1504.12
520.251	1551.12
520.467	1586.12
520.682	1521.12
520.898	1527.12
521.113	1585.12
521.329	1665.12
521.544	1888.12
521.76	2477.12
521.975	4690.12
522.19	4250.12
522.406	2133.12
522.621	1609.12
522.836	1498.12
523.052	1442.12
523.267	1367.12
523.482	1345.12
523.698	1342.12
523.913	1346.12
524.128	1329.12
524.343	1282.12
524.559	1308.12
524.774	1278.12
524.989	1286.12
525.204	1246.12
525.419	1290.12
525.634	1243.12
525.849	1232.12
526.064	1205.12
526.28	1201.12
526.495	1204.12
526.71	1173.12
526.925	1146.12
527.14	1124.12
527.355	1152.12
527.57	1139.12
527.785	1148.12
527.999	1132.12
528.214	1147.12
528.429	1194.12
528.644	1196.12
528.859	1214.12
529.074	1281.12
529.289	1331.12
529.503	1505.12
529.718	1410.12
529.933	1283.12
530.148	1198.12
530.363	1165.12
530.577	1157.12
530.792	1132.12
531.007	1116.12
531.221	1142.12
531.436	1131.12
531.651	1142.12
531.865	1125.12
532.08	1113.12
532.295	1125.12
532.509	1117.12
532.724	1131.12
532.938	1139.12
533.153	1126.12
533.367	1146.12
533.582	1150.12
533.796	1146.12
534.011	1167.12
534.225	1154.12
534.44	1103.12
534.654	1088.12
534.868	1103.12
535.083	1113.12
535.297	1107.12
535.511	1118.12
535.726	1148.12
535.94	1152.12
536.154	1091.12
536.369	1075.12
536.583	1052.12
536.797	1025.12
537.011	1046.12
537.225	1066.12
537.44	1038.12
537.654	1021.12
537.868	1027.12
538.082	1028.12
538.296	1052.12
538.51	1059.12
538.724	1053.12
538.938	1082.12
539.153	1100.12
539.367	1140.12
539.581	1109.12
539.795	1044.12
540.009	1045.12
540.222	1030.12
540.436	1023.12
540.65	1071.12
540.864	1059.12
541.078	1129.12
541.292	1140.12
541.506	1155.12
541.72	1194.12
541.934	1212.12
542.147	1236.12
542.361	1229.12
542.575	1145.12
542.789	1098.12
543.002	1065.12
543.216	1067.12
543.43	1088.12
543.644	1091.12
543.857	1096.12
544.071	1133.12
544.285	1179.12
544.498	1190.12
544.712	1186.12
544.925	1205.12
545.139	1159.12
545.352	1208.12
545.566	1217.12
545.779	1230.12
545.993	1190.12
546.206	1178.12
546.42	1192.12
546.633	1205.12
546.847	1178.12
547.06	1174.12
547.274	1181.12
547.487	1192.12
547.7	1228.12
547.914	1203.12
548.127	1198.12
548.34	1176.12
548.554	1171.12
548.767	1172.12
548.98	1178.12
549.193	1159.12
549.407	1165.12
549.62	1188.12
549.833	1214.12
550.046	1171.12
550.259	1154.12
550.473	1152.12
550.686	1118.12
550.899	1159.12
551.112	1134.12
551.325	1130.12
551.538	1100.12
551.751	1066.12
551.964	1030.12
552.177	1072.12
552.39	1136.12
552.603	1150.12
552.816	1188.12
553.029	1210.12
553.242	1242.12
553.455	1260.12
553.667	1235.12
553.88	1261.12
554.093	1218.12
554.306	1178.12
554.519	1188.12
554.732	1137.12
554.944	1124.12
555.157	1075.12
555.37	1086.12
555.583	1094.12
555.795	1042.12
556.008	1026.12
556.221	1027.12
556.433	1010.12
556.646	1005.12
556.859	988.12
557.071	972.12
557.284	995.12
557.496	1021.12
557.709	995.12
557.921	996.12
558.134	970.12
558.346	944.12
558.559	952.12
558.771	952.12
558.984	950.12
559.196	941.12
559.409	934.12
559.621	920.12
559.833	921.12
560.046	948.12
560.258	956.12
560.47	974.12
560.683	914.12
560.895	914.12
561.107	922.12
561.32	913.12
561.532	932.12
561.744	915.12
561.956	940.12
562.168	925.12
562.381	950.12
562.593	931.12
562.805	938.12
563.017	912.12
563.229	900.12
563.441	910.12
563.653	924.12
563.865	895.12
564.077	896.12
564.289	890.12
564.501	909.12
564.713	904.12
564.925	936.12
565.137	975.12
565.349	960.12
565.561	955.12
565.773	1008.12
565.985	1011.12
566.197	1048.12
566.408	1121.12
566.62	1160.12
566.832	1240.12
567.044	1224.12
567.255	1272.12
567.467	1257.12
567.679	1264.12
567.891	1331.12
568.102	1366.12
568.314	1290.12
568.526	1153.12
568.737	1082.12
568.949	985.12
569.161	932.12
569.372	894.12
569.584	853.12
569.795	844.12
570.007	838.12
570.218	944.12
570.43	898.12
570.641	798.12
570.853	808.12
571.064	847.12
571.276	830.12
571.487	795.12
571.698	774.12
571.91	753.12
572.121	750.12
572.333	736.12
572.544	720.12
572.755	681.12
572.966	699.12
573.178	703.12
573.389	678.12
573.6	696.12
573.811	681.12
574.023	661.12
574.234	654.12
574.445	661.12
574.656	653.12
574.867	651.12
575.078	686.12
575.289	697.12
575.501	675.12
575.712	646.12
575.923	650.12
576.134	637.12
576.345	646.12
576.556	673.12
576.767	685.12
576.978	651.12
577.188	654.12
577.399	620.12
577.61	613.12
577.821	630.12
578.032	632.12
578.243	723.12
578.454	1220.12
578.665	810.12
578.875	641.12
579.086	577.12
579.297	590.12
579.508	587.12
579.718	564.12
579.929	574.12
580.14	564.12
580.35	562.12
580.561	580.12
580.772	578.12
580.982	578.12
581.193	575.12
581.403	586.12
581.614	596.12
581.825	581.12
582.035	587.12
582.246	586.12
582.456	573.12
582.667	552.12
582.877	564.12
583.087	545.12
583.298	548.12
583.508	552.12
583.719	554.12
583.929	563.12
584.139	562.12
584.35	556.12
584.56	556.12
584.77	551.12
584.981	530.12
585.191	562.12
585.401	553.12
585.611	549.12
585.821	541.12
586.032	528.12
586.242	549.12
586.452	547.12
586.662	530.12
586.872	508.12
587.082	534.12
587.292	542.12
587.502	529.12
587.713	550.12
587.923	533.12
588.133	548.12
588.343	526.12
588.553	531.12
588.762	534.12
588.972	526.12
589.182	531.12
589.392	534.12
589.602	561.12
589.812	577.12
590.022	526.12
590.232	527.12
590.441	531.12
590.651	535.12
590.861	515.12
591.071	514.12
591.281	526.12
591.49	517.12
591.7	539.12
591.91	545.12
592.119	559.12
592.329	574.12
592.539	604.12
592.748	567.12
592.958	600.12
593.167	593.12
593.377	624.12
593.587	616.12
593.796	633.12
594.006	594.12
594.215	625.12
594.424	607.12
594.634	620.12
594.843	601.12
595.053	587.12
595.262	570.12
595.472	565.12
595.681	542.12
595.89	542.12
596.1	531.12
596.309	526.12
596.518	524.12
596.727	508.12
596.937	514.12
597.146	513.12
597.355	512.12
597.564	461.12
597.774	476.12
597.983	474.12
598.192	473.12
598.401	463.12
598.61	473.12
598.819	455.12
599.028	466.12
599.237	450.12
599.446	463.12
599.655	472.12
599.864	480.12
600.073	459.12
600.282	451.12
600.491	452.12
600.7	480.12
600.909	496.12
601.118	476.12
601.327	482.12
601.536	500.12
601.745	500.12
601.953	518.12
602.162	511.12
602.371	513.12
602.58	511.12
602.789	501.12
602.997	485.12
603.206	514.12
603.415	509.12
603.623	494.12
603.832	496.12
604.041	505.12
604.249	480.12
604.458	454.12
604.666	442.12
604.875	439.12
605.084	483.12
605.292	476.12
605.501	502.12
605.709	480.12
605.918	512.12
606.126	508.12
606.334	482.12
606.543	494.12
606.751	485.12
606.96	495.12
607.168	512.12
607.376	485.12
607.585	510.12
607.793	503.12
608.001	508.12
608.21	507.12
608.418	509.12
608.626	503.12
608.834	498.12
609.043	486.12
609.251	508.12
609.459	528.12
609.667	513.12
609.875	538.12
610.083	522.12
610.291	521.12
610.499	529.12
610.707	507.12
610.916	512.12
611.124	518.12
611.332	516.12
611.54	509.12
611.748	501.12
611.955	504.12
612.163	490.12
612.371	516.12
612.579	508.12
612.787	490.12
612.995	499.12
613.203	488.12
613.411	504.12
613.618	506.12
613.826	481.12
614.034	480.12
614.242	508.12
614.449	510.12
614.657	502.12
614.865	479.12
615.072	498.12
615.28	488.12
615.488	477.12
615.695	475.12
615.903	484.12
616.111	488.12
616.318	504.12
616.526	505.12
616.733	507.12
616.941	478.12
617.148	492.12
617.356	452.12
617.563	478.12
617.771	453.12
617.978	453.12
618.185	474.12
618.393	475.12
618.6	488.12
618.807	470.12
619.015	472.12
619.222	466.12
619.429	455.12
619.637	454.12
619.844	433.12
620.051	435.12
620.258	444.12
620.466	441.12
620.673	427.12
620.88	429.12
621.087	431.12
621.294	440.12
621.501	415.12
621.708	419.12
621.915	429.12
622.122	428.12
622.329	415.12
622.536	424.12
622.743	441.12
622.95	429.12
623.157	427.12
623.364	415.12
623.571	428.12
623.778	430.12
623.985	428.12
624.192	433.12
624.399	402.12
624.606	422.12
624.812	414.12
625.019	401.12
625.226	387.12
625.433	421.12
625.639	368.12
625.846	362.12
626.053	358.12
626.259	358.12
626.466	353.12
626.673	356.12
626.879	366.12
627.086	353.12
627.293	360.12
627.499	372.12
627.706	402.12
627.912	397.12
628.119	379.12
628.325	387.12
628.532	401.12
628.738	390.12
628.945	377.12
629.151	380.12
629.357	372.12
629.564	370.12
629.77	372.12
629.976	359.12
630.183	353.12
630.389	352.12
630.595	372.12
630.802	382.12
631.008	361.12
631.214	372.12
631.42	370.12
631.627	365.12
631.833	346.12
632.039	367.12
632.245	357.12
632.451	358.12
632.657	349.12
632.863	351.12
633.069	341.12
633.275	335.12
633.481	357.12
633.688	341.12
633.893	344.12
634.099	367.12
634.305	326.12
634.511	341.12
634.717	334.12
634.923	335.12
635.129	332.12
635.335	323.12
635.541	330.12
635.747	328.12
635.952	360.12
636.158	386.12
636.364	522.12
636.57	629.12
636.775	498.12
636.981	453.12
637.187	398.12
637.392	412.12
637.598	384.12
637.804	379.12
638.009	362.12
638.215	353.12
638.421	342.12
638.626	350.12
638.832	332.12
639.037	323.12
639.243	315.12
639.448	339.12
639.654	354.12
639.859	315.12
640.065	317.12
640.27	332.12
640.475	331.12
640.681	323.12
640.886	303.12
641.091	322.12
641.297	321.12
641.502	322.12
641.707	303.12
641.913	323.12
642.118	309.12
642.323	332.12
642.528	331.12
642.733	306.12
642.939	319.12
643.144	301.12
643.349	312.12
643.554	304.12
643.759	317.12
643.964	317.12
644.169	315.12
644.374	292.12
644.579	313.12
644.784	297.12
644.989	289.12
645.194	315.12
645.399	316.12
645.604	275.12
645.809	293.12
646.014	296.12
646.219	324.12
646.423	298.12
646.628	293.12
646.833	300.12
647.038	307.12
647.243	304.12
647.447	288.12
647.652	305.12
647.857	297.12
648.062	306.12
648.266	314.12
648.471	301.12
648.676	301.12
648.88	312.12
649.085	301.12
649.289	293.12
649.494	300.12
649.698	332.12
649.903	305.12
650.107	301.12
650.312	292.12
650.516	259.12
650.721	277.12
650.925	266.12
651.13	277.12
651.334	269.12
651.539	274.12
651.743	251.12
651.947	263.12
652.152	246.12
652.356	242.12
652.56	240.12
652.764	239.12
652.969	237.12
653.173	225.12
653.377	229.12
653.581	235.12
653.785	218.12
653.99	235.12
654.194	212.12
654.398	211.12
654.602	209.12
654.806	214.12
655.01	216.12
655.214	214.12
655.418	209.12
655.622	202.12
655.826	211.12
656.03	204.12
656.234	205.12
656.438	210.12
656.642	198.12
656.846	189.12
657.049	191.12
657.253	173.12
657.457	194.12
657.661	169.12
657.865	168.12
658.068	162.12
658.272	154.12
658.476	155.12
658.68	154.12
658.883	139.12
659.087	132.12
659.291	133.12
659.494	135.12
659.698	132.12
659.901	124.12
660.105	122.12
660.309	131.12
660.512	131.12
660.716	120.12
660.919	117.12
661.123	123.12
661.326	125.12
661.53	116.12
661.733	103.12
661.936	97.12
662.14	88.12
662.343	91.12
662.546	84.12
662.75	85.12
662.953	85.12
663.156	93.12
663.36	81.12
663.563	86.12
663.766	89.12
663.969	85.12
664.173	86.12
664.376	83.12
664.579	78.12
664.782	82.12
664.985	83.12
665.188	84.12
665.391	80.12
665.594	82.12
665.797	83.12
666	88.12
666.203	87.12
666.406	74.12
666.609	83.12
666.812	79.12
667.015	70.12
667.218	85.12
667.421	75.12
667.624	85.12
667.827	73.12
668.03	84.12
668.232	75.12
668.435	85.12
668.638	85.12
668.841	92.12
669.043	91.12
669.246	72.12
669.449	74.12
669.651	78.12
669.854	86.12
670.057	94.12
670.259	75.12
670.462	84.12
670.665	75.12
670.867	93.12
671.07	80.12
671.272	75.12
671.475	94.12
671.677	98.12
671.88	83.12
672.082	86.12
672.284	78.12
672.487	88.12
672.689	87.12
672.892	71.12
