223.165	-21.31
223.4	-21.31
223.635	-21.31
223.869	-20.31
224.104	-22.31
224.338	-8.31
224.573	-12.31
224.808	-1.31
225.042	-9.31
225.277	-6.31
225.511	-3.31
225.746	-0.31
225.98	30.69
226.215	9.69
226.449	8.69
226.683	13.69
226.918	17.69
227.152	24.69
227.387	52.69
227.621	37.69
227.856	45.69
228.09	45.69
228.324	65.69
228.559	68.69
228.793	81.69
229.027	141.69
229.262	140.69
229.496	156.69
229.73	192.69
229.964	213.69
230.199	183.69
230.433	164.69
230.667	139.69
230.901	172.69
231.136	155.69
231.37	149.69
231.604	150.69
231.838	155.69
232.072	159.69
232.306	173.69
232.541	157.69
232.775	150.69
233.009	149.69
233.243	157.69
233.477	147.69
233.711	151.69
233.945	150.69
234.179	154.69
234.413	161.69
234.647	142.69
234.881	147.69
235.115	159.69
235.349	160.69
235.583	149.69
235.817	173.69
236.051	175.69
236.285	183.69
236.519	166.69
236.753	191.69
236.987	206.69
237.221	264.69
237.455	300.69
237.689	242.69
237.922	196.69
238.156	183.69
238.39	179.69
238.624	184.69
238.858	189.69
239.091	179.69
239.325	182.69
239.559	183.69
239.793	173.69
240.027	201.69
240.26	207.69
240.494	202.69
240.728	221.69
240.961	195.69
241.195	201.69
241.429	219.69
241.662	195.69
241.896	203.69
242.13	210.69
242.363	206.69
242.597	195.69
242.83	211.69
243.064	213.69
243.298	200.69
243.531	223.69
243.765	222.69
243.998	211.69
244.232	211.69
244.465	225.69
244.699	207.69
244.932	212.69
245.166	221.69
245.399	225.69
245.633	216.69
245.866	220.69
246.099	234.69
246.333	239.69
246.566	239.69
246.8	236.69
247.033	235.69
247.266	255.69
247.5	237.69
247.733	256.69
247.966	254.69
248.2	274.69
248.433	269.69
248.666	263.69
248.899	293.69
249.133	282.69
249.366	294.69
249.599	316.69
249.832	303.69
250.066	304.69
250.299	328.69
250.532	373.69
250.765	404.69
250.998	407.69
251.231	379.69
251.465	354.69
251.698	337.69
251.931	334.69
252.164	314.69
252.397	339.69
252.63	319.69
252.863	312.69
253.096	341.69
253.329	349.69
253.562	346.69
253.795	342.69
254.028	327.69
254.261	321.69
254.494	327.69
254.727	374.69
254.96	371.69
255.193	403.69
255.426	410.69
255.659	408.69
255.892	454.69
256.124	563.69
256.357	586.69
256.59	511.69
256.823	451.69
257.056	441.69
257.289	410.69
257.521	399.69
257.754	385.69
257.987	358.69
258.22	373.69
258.452	358.69
258.685	365.69
258.918	347.69
259.151	356.69
259.383	366.69
259.616	342.69
259.849	353.69
260.081	369.69
260.314	387.69
260.547	397.69
260.779	363.69
261.012	349.69
261.244	376.69
261.477	358.69
261.71	351.69
261.942	377.69
262.175	403.69
262.407	384.69
262.64	353.69
262.872	346.69
263.105	357.69
263.337	358.69
263.57	358.69
263.802	371.69
264.035	358.69
264.267	375.69
264.499	339.69
264.732	357.69
264.964	374.69
265.197	361.69
265.429	367.69
265.661	370.69
265.894	345.69
266.126	369.69
266.358	383.69
266.591	373.69
266.823	369.69
267.055	370.69
267.287	377.69
267.52	365.69
267.752	376.69
267.984	375.69
268.216	382.69
268.448	389.69
268.681	401.69
268.913	387.69
269.145	421.69
269.377	427.69
269.609	421.69
269.841	413.69
270.073	418.69
270.306	447.69
270.538	453.69
270.77	453.69
271.002	448.69
271.234	452.69
271.466	462.69
271.698	470.69
271.93	461.69
272.162	467.69
272.394	494.69
272.626	484.69
272.858	457.69
273.09	445.69
273.322	442.69
273.553	442.69
273.785	453.69
274.017	430.69
274.249	454.69
274.481	445.69
274.713	446.69
274.945	477.69
275.176	472.69
275.408	459.69
275.64	461.69
275.872	468.69
276.104	491.69
276.335	466.69
276.567	487.69
276.799	534.69
277.031	553.69
277.262	559.69
277.494	578.69
277.726	513.69
277.957	532.69
278.189	482.69
278.421	483.69
278.652	486.69
278.884	484.69
279.115	474.69
279.347	495.69
279.579	480.69
279.81	509.69
280.042	519.69
280.273	549.69
280.505	532.69
280.736	506.69
280.968	482.69
281.199	499.69
281.431	478.69
281.662	511.69
281.894	487.69
282.125	508.69
282.356	554.69
282.588	561.69
282.819	559.69
283.051	484.69
283.282	479.69
283.513	471.69
283.745	520.69
283.976	498.69
284.207	510.69
284.439	502.69
284.67	513.69
284.901	495.69
285.132	486.69
285.364	510.69
285.595	507.69
285.826	490.69
286.057	511.69
286.288	496.69
286.52	522.69
286.751	528.69
286.982	513.69
287.213	520.69
287.444	523.69
287.675	519.69
287.906	537.69
288.138	518.69
288.369	549.69
288.6	566.69
288.831	535.69
289.062	541.69
289.293	532.69
289.524	503.69
289.755	540.69
289.986	553.69
290.217	537.69
290.448	506.69
290.679	534.69
290.91	518.69
291.141	514.69
291.371	534.69
291.602	521.69
291.833	510.69
292.064	517.69
292.295	517.69
292.526	534.69
292.757	531.69
292.987	532.69
293.218	559.69
293.449	547.69
293.68	548.69
293.91	539.69
294.141	546.69
294.372	554.69
294.603	515.69
294.833	534.69
295.064	537.69
295.295	555.69
295.525	534.69
295.756	570.69
295.987	581.69
296.217	630.69
296.448	604.69
296.679	580.69
296.909	571.69
297.14	568.69
297.37	573.69
297.601	578.69
297.831	592.69
298.062	582.69
298.292	583.69
298.523	583.69
298.753	593.69
298.984	589.69
299.214	590.69
299.445	595.69
299.675	593.69
299.905	614.69
300.136	596.69
300.366	591.69
300.597	607.69
300.827	624.69
301.057	611.69
301.288	651.69
301.518	614.69
301.748	622.69
301.979	638.69
302.209	643.69
302.439	653.69
302.669	630.69
302.9	622.69
303.13	636.69
303.36	622.69
303.59	669.69
303.82	689.69
304.051	670.69
304.281	671.69
304.511	636.69
304.741	647.69
304.971	632.69
305.201	629.69
305.431	628.69
305.661	611.69
305.891	633.69
306.121	627.69
306.352	653.69
306.582	640.69
306.812	638.69
307.042	651.69
307.272	664.69
307.502	680.69
307.731	690.69
307.961	674.69
308.191	659.69
308.421	647.69
308.651	665.69
308.881	668.69
309.111	645.69
309.341	681.69
309.571	671.69
309.8	696.69
310.03	734.69
310.26	694.69
310.49	694.69
310.72	728.69
310.949	740.69
311.179	783.69
311.409	723.69
311.639	702.69
311.868	731.69
312.098	760.69
312.328	755.69
312.557	793.69
312.787	773.69
313.017	775.69
313.246	753.69
313.476	741.69
313.706	741.69
313.935	763.69
314.165	757.69
314.394	796.69
314.624	787.69
314.853	792.69
315.083	748.69
315.312	752.69
315.542	738.69
315.771	771.69
316.001	729.69
316.23	738.69
316.46	739.69
316.689	767.69
316.919	751.69
317.148	782.69
317.377	795.69
317.607	779.69
317.836	733.69
318.065	743.69
318.295	768.69
318.524	738.69
318.753	759.69
318.983	754.69
319.212	761.69
319.441	737.69
319.67	810.69
319.9	775.69
320.129	775.69
320.358	780.69
320.587	758.69
320.816	775.69
321.046	825.69
321.275	790.69
321.504	793.69
321.733	811.69
321.962	833.69
322.191	853.69
322.42	870.69
322.649	918.69
322.878	926.69
323.108	924.69
323.337	969.69
323.566	1017.69
323.795	1095.69
324.024	1189.69
324.253	1414.69
324.482	2038.69
324.71	3124.69
324.939	4282.69
325.168	3377.69
325.397	1861.69
325.626	1375.69
325.855	1179.69
326.084	1159.69
326.313	1126.69
326.542	1094.69
326.77	1218.69
326.999	1440.69
327.228	1939.69
327.457	2917.69
327.686	3387.69
327.914	2230.69
328.143	1777.69
328.372	1753.69
328.6	1615.69
328.829	1368.69
329.058	1356.69
329.287	1361.69
329.515	1308.69
329.744	1364.69
329.972	1586.69
330.201	1962.69
330.43	2418.69
330.658	2084.69
330.887	1607.69
331.115	1430.69
331.344	1253.69
331.572	1196.69
331.801	1202.69
332.03	1189.69
332.258	1170.69
332.486	1170.69
332.715	1194.69
332.943	1210.69
333.172	1262.69
333.4	1301.69
333.629	1398.69
333.857	1522.69
334.085	1702.69
334.314	2121.69
334.542	2845.69
334.771	3098.69
334.999	2053.69
335.227	1492.69
335.455	1357.69
335.684	1244.69
335.912	1172.69
336.14	1143.69
336.369	1121.69
336.597	1129.69
336.825	1106.69
337.053	1058.69
337.281	1009.69
337.51	1023.69
337.738	1013.69
337.966	1006.69
338.194	1023.69
338.422	985.69
338.65	987.69
338.878	974.69
339.106	966.69
339.334	989.69
339.562	955.69
339.79	932.69
340.018	923.69
340.246	970.69
340.474	945.69
340.702	931.69
340.93	940.69
341.158	929.69
341.386	932.69
341.614	939.69
341.842	959.69
342.07	899.69
342.298	930.69
342.526	922.69
342.754	901.69
342.981	898.69
343.209	902.69
343.437	950.69
343.665	970.69
343.893	1029.69
344.12	1041.69
344.348	1017.69
344.576	995.69
344.804	986.69
345.031	967.69
345.259	986.69
345.487	955.69
345.714	967.69
345.942	933.69
346.17	911.69
346.397	909.69
346.625	891.69
346.853	911.69
347.08	908.69
347.308	883.69
347.535	949.69
347.763	926.69
347.99	936.69
348.218	932.69
348.445	951.69
348.673	910.69
348.9	909.69
349.128	902.69
349.355	913.69
349.583	875.69
349.81	881.69
350.037	883.69
350.265	883.69
350.492	888.69
350.72	909.69
350.947	921.69
351.174	891.69
351.402	890.69
351.629	902.69
351.856	931.69
352.083	925.69
352.311	937.69
352.538	953.69
352.765	947.69
352.992	918.69
353.22	948.69
353.447	923.69
353.674	870.69
353.901	870.69
354.128	879.69
354.355	893.69
354.583	870.69
354.81	873.69
355.037	869.69
355.264	851.69
355.491	878.69
355.718	885.69
355.945	882.69
356.172	882.69
356.399	864.69
356.626	913.69
356.853	882.69
357.08	858.69
357.307	859.69
357.534	862.69
357.761	867.69
357.988	852.69
358.215	887.69
358.441	878.69
358.668	876.69
358.895	861.69
359.122	892.69
359.349	892.69
359.576	936.69
359.802	958.69
360.029	1046.69
360.256	1030.69
360.483	993.69
360.709	948.69
360.936	941.69
361.163	951.69
361.39	946.69
361.616	912.69
361.843	952.69
362.07	925.69
362.296	942.69
362.523	929.69
362.749	926.69
362.976	914.69
363.203	926.69
363.429	885.69
363.656	941.69
363.882	918.69
364.109	893.69
364.335	902.69
364.562	886.69
364.788	912.69
365.015	913.69
365.241	922.69
365.468	918.69
365.694	912.69
365.92	921.69
366.147	943.69
366.373	922.69
366.599	922.69
366.826	899.69
367.052	897.69
367.278	929.69
367.505	919.69
367.731	923.69
367.957	923.69
368.184	944.69
368.41	933.69
368.636	955.69
368.862	985.69
369.089	945.69
369.315	942.69
369.541	929.69
369.767	937.69
369.993	935.69
370.219	957.69
370.445	954.69
370.672	932.69
370.898	922.69
371.124	949.69
371.35	949.69
371.576	973.69
371.802	948.69
372.028	987.69
372.254	977.69
372.48	958.69
372.706	985.69
372.932	1001.69
373.158	988.69
373.384	987.69
373.61	953.69
373.835	974.69
374.061	964.69
374.287	1002.69
374.513	1018.69
374.739	1043.69
374.965	1060.69
375.191	1052.69
375.416	1029.69
375.642	1006.69
375.868	980.69
376.094	985.69
376.319	987.69
376.545	981.69
376.771	988.69
376.997	955.69
377.222	963.69
377.448	969.69
377.674	973.69
377.899	951.69
378.125	967.69
378.35	965.69
378.576	961.69
378.802	946.69
379.027	942.69
379.253	943.69
379.478	945.69
379.704	947.69
379.929	987.69
380.155	985.69
380.38	973.69
380.606	992.69
380.831	974.69
381.057	989.69
381.282	964.69
381.507	963.69
381.733	977.69
381.958	996.69
382.184	987.69
382.409	1031.69
382.634	1011.69
382.86	1010.69
383.085	1002.69
383.31	1084.69
383.535	1056.69
383.761	1021.69
383.986	1049.69
384.211	1091.69
384.436	1109.69
384.662	1134.69
384.887	1109.69
385.112	1111.69
385.337	1139.69
385.562	1124.69
385.787	1132.69
386.013	1183.69
386.238	1192.69
386.463	1156.69
386.688	1193.69
386.913	1121.69
387.138	1151.69
387.363	1121.69
387.588	1123.69
387.813	1120.69
388.038	1109.69
388.263	1145.69
388.488	1174.69
388.713	1155.69
388.938	1109.69
389.163	1129.69
389.387	1136.69
389.612	1108.69
389.837	1143.69
390.062	1140.69
390.287	1105.69
390.512	1104.69
390.736	1143.69
390.961	1158.69
391.186	1171.69
391.411	1214.69
391.636	1191.69
391.86	1256.69
392.085	1281.69
392.31	1262.69
392.534	1234.69
392.759	1232.69
392.984	1206.69
393.208	1191.69
393.433	1213.69
393.658	1213.69
393.882	1219.69
394.107	1210.69
394.331	1230.69
394.556	1216.69
394.78	1249.69
395.005	1236.69
395.229	1217.69
395.454	1252.69
395.678	1294.69
395.903	1317.69
396.127	1261.69
396.352	1329.69
396.576	1267.69
396.801	1247.69
397.025	1314.69
397.249	1275.69
397.474	1305.69
397.698	1285.69
397.922	1352.69
398.147	1342.69
398.371	1355.69
398.595	1364.69
398.82	1446.69
399.044	1491.69
399.268	1600.69
399.492	1808.69
399.717	1994.69
399.941	1942.69
400.165	1839.69
400.389	1737.69
400.613	1625.69
400.837	1497.69
401.062	1463.69
401.286	1510.69
401.51	1447.69
401.734	1446.69
401.958	1490.69
402.182	1474.69
402.406	1577.69
402.63	1537.69
402.854	1549.69
403.078	1576.69
403.302	1604.69
403.526	1658.69
403.75	1622.69
403.974	1665.69
404.198	1656.69
404.422	1714.69
404.645	1684.69
404.869	1742.69
405.093	1828.69
405.317	1895.69
405.541	1925.69
405.765	1789.69
405.988	1724.69
406.212	1713.69
406.436	1744.69
406.66	1810.69
406.883	1777.69
407.107	1804.69
407.331	1915.69
407.555	2052.69
407.778	2004.69
408.002	1841.69
408.226	1803.69
408.449	1773.69
408.673	1755.69
408.896	1745.69
409.12	1759.69
409.344	1749.69
409.567	1658.69
409.791	1631.69
410.014	1623.69
410.238	1617.69
410.461	1650.69
410.685	1614.69
410.908	1585.69
411.132	1676.69
411.355	1677.69
411.578	1661.69
411.802	1572.69
412.025	1609.69
412.249	1683.69
412.472	1775.69
412.695	1905.69
412.919	1805.69
413.142	1732.69
413.365	1654.69
413.589	1634.69
413.812	1546.69
414.035	1541.69
414.258	1553.69
414.482	1570.69
414.705	1524.69
414.928	1523.69
415.151	1538.69
415.374	1514.69
415.597	1487.69
415.821	1443.69
416.044	1474.69
416.267	1492.69
416.49	1483.69
416.713	1471.69
416.936	1499.69
417.159	1518.69
417.382	1503.69
417.605	1500.69
417.828	1542.69
418.051	1576.69
418.274	1528.69
418.497	1500.69
418.72	1551.69
418.943	1547.69
419.166	1658.69
419.389	1709.69
419.611	1700.69
419.834	1666.69
420.057	1691.69
420.28	1744.69
420.503	1765.69
420.726	1661.69
420.948	1662.69
421.171	1728.69
421.394	1702.69
421.617	1580.69
421.839	1543.69
422.062	1592.69
422.285	1633.69
422.507	1671.69
422.73	1789.69
422.953	1710.69
423.175	1639.69
423.398	1598.69
423.621	1580.69
423.843	1671.69
424.066	1641.69
424.288	1629.69
424.511	1684.69
424.733	1758.69
424.956	1847.69
425.178	1762.69
425.401	1797.69
425.623	1793.69
425.846	1650.69
426.068	1561.69
426.291	1539.69
426.513	1562.69
426.735	1570.69
426.958	1606.69
427.18	1752.69
427.402	1953.69
427.625	2125.69
427.847	1957.69
428.069	1843.69
428.292	1696.69
428.514	1567.69
428.736	1501.69
428.958	1486.69
429.181	1417.69
429.403	1399.69
429.625	1425.69
429.847	1471.69
430.069	1588.69
430.292	1574.69
430.514	1441.69
430.736	1425.69
430.958	1429.69
431.18	1377.69
431.402	1401.69
431.624	1374.69
431.846	1338.69
432.068	1293.69
432.29	1365.69
432.512	1339.69
432.734	1395.69
432.956	1363.69
433.178	1425.69
433.4	1437.69
433.622	1406.69
433.844	1413.69
434.066	1387.69
434.287	1363.69
434.509	1418.69
434.731	1433.69
434.953	1470.69
435.175	1567.69
435.397	1548.69
435.618	1483.69
435.84	1535.69
436.062	1669.69
436.284	1760.69
436.505	1598.69
436.727	1518.69
436.949	1471.69
437.17	1443.69
437.392	1427.69
437.614	1427.69
437.835	1470.69
438.057	1615.69
438.278	1709.69
438.5	1728.69
438.721	1888.69
438.943	1792.69
439.165	1536.69
439.386	1514.69
439.608	1537.69
439.829	1483.69
440.05	1585.69
440.272	1638.69
440.493	1557.69
440.715	1493.69
440.936	1503.69
441.158	1506.69
441.379	1517.69
441.6	1619.69
441.822	1637.69
442.043	1685.69
442.264	1766.69
442.486	1766.69
442.707	1677.69
442.928	1617.69
443.149	1634.69
443.371	1634.69
443.592	1694.69
443.813	1853.69
444.034	1905.69
444.255	1714.69
444.476	1686.69
444.698	1757.69
444.919	1778.69
445.14	1841.69
445.361	1728.69
445.582	1703.69
445.803	1760.69
446.024	1832.69
446.245	1865.69
446.466	1753.69
446.687	1581.69
446.908	1565.69
447.129	1464.69
447.35	1418.69
447.571	1412.69
447.792	1421.69
448.013	1396.69
448.234	1418.69
448.455	1497.69
448.675	1682.69
448.896	1801.69
449.117	1570.69
449.338	1570.69
449.559	1735.69
449.779	1825.69
450	1597.69
450.221	1425.69
450.442	1393.69
450.662	1349.69
450.883	1371.69
451.104	1417.69
451.324	1376.69
451.545	1368.69
451.766	1287.69
451.986	1267.69
452.207	1275.69
452.428	1260.69
452.648	1252.69
452.869	1247.69
453.089	1187.69
453.31	1265.69
453.53	1216.69
453.751	1186.69
453.971	1229.69
454.192	1266.69
454.412	1229.69
454.633	1186.69
454.853	1211.69
455.073	1195.69
455.294	1261.69
455.514	1344.69
455.734	1289.69
455.955	1171.69
456.175	1145.69
456.395	1145.69
456.616	1138.69
456.836	1133.69
457.056	1117.69
457.276	1110.69
457.497	1118.69
457.717	1118.69
457.937	1162.69
458.157	1165.69
458.377	1174.69
458.598	1196.69
458.818	1357.69
459.038	1523.69
459.258	1462.69
459.478	1365.69
459.698	1350.69
459.918	1329.69
460.138	1370.69
460.358	1384.69
460.578	1459.69
460.798	1485.69
461.018	1460.69
461.238	1464.69
461.458	1400.69
461.678	1424.69
461.898	1459.69
462.118	1456.69
462.338	1525.69
462.558	1542.69
462.777	1605.69
462.997	1661.69
463.217	1783.69
463.437	1774.69
463.657	1663.69
463.876	1612.69
464.096	1581.69
464.316	1614.69
464.536	1671.69
464.755	1548.69
464.975	1577.69
465.195	1655.69
465.414	1773.69
465.634	1560.69
465.854	1412.69
466.073	1396.69
466.293	1361.69
466.512	1309.69
466.732	1307.69
466.951	1309.69
467.171	1315.69
467.391	1323.69
467.61	1387.69
467.829	1416.69
468.049	1545.69
468.268	1864.69
468.488	1578.69
468.707	1350.69
468.927	1329.69
469.146	1317.69
469.365	1331.69
469.585	1321.69
469.804	1366.69
470.023	1385.69
470.243	1366.69
470.462	1395.69
470.681	1461.69
470.901	1449.69
471.12	1411.69
471.339	1380.69
471.558	1375.69
471.777	1387.69
471.997	1455.69
472.216	1807.69
472.435	3017.69
472.654	2260.69
472.873	1655.69
473.092	1469.69
473.311	1412.69
473.53	1412.69
473.749	1354.69
473.968	1415.69
474.187	1509.69
474.406	1492.69
474.625	1363.69
474.844	1311.69
475.063	1310.69
475.282	1297.69
475.501	1268.69
475.72	1309.69
475.939	1307.69
476.158	1355.69
476.377	1369.69
476.596	1333.69
476.814	1317.69
477.033	1320.69
477.252	1371.69
477.471	1383.69
477.69	1413.69
477.908	1423.69
478.127	1479.69
478.346	1484.69
478.564	1547.69
478.783	1486.69
479.002	1563.69
479.22	1572.69
479.439	1565.69
479.658	1603.69
479.876	1616.69
480.095	1585.69
480.313	1732.69
480.532	1740.69
480.751	1781.69
480.969	2054.69
481.188	3851.69
481.406	4678.69
481.624	2555.69
481.843	1984.69
482.061	1841.69
482.28	1727.69
482.498	1645.69
482.717	1601.69
482.935	1606.69
483.153	1620.69
483.372	1597.69
483.59	1582.69
483.808	1592.69
484.027	1561.69
484.245	1528.69
484.463	1572.69
484.681	1598.69
484.9	1611.69
485.118	1577.69
485.336	1602.69
485.554	1563.69
485.772	1569.69
485.99	1560.69
486.209	1541.69
486.427	1562.69
486.645	1624.69
486.863	1680.69
487.081	1650.69
487.299	1624.69
487.517	1616.69
487.735	1679.69
487.953	1711.69
488.171	1705.69
488.389	1665.69
488.607	1681.69
488.825	1594.69
489.043	1627.69
489.261	1598.69
489.479	1645.69
489.696	1646.69
489.914	1676.69
490.132	1696.69
490.35	1726.69
490.568	1799.69
490.786	1835.69
491.003	1842.69
491.221	1900.69
491.439	1917.69
491.657	1973.69
491.874	2010.69
492.092	2117.69
492.31	2169.69
492.527	2146.69
492.745	2129.69
492.963	2117.69
493.18	2103.69
493.398	2083.69
493.615	2105.69
493.833	2037.69
494.05	2023.69
494.268	2003.69
494.485	1950.69
494.703	1963.69
494.92	1991.69
495.138	1998.69
495.355	1924.69
495.573	1987.69
495.79	1919.69
496.008	1923.69
496.225	1929.69
496.442	1941.69
496.66	1994.69
496.877	1914.69
497.094	1943.69
497.312	1969.69
497.529	1945.69
497.746	1961.69
497.963	1968.69
498.181	1987.69
498.398	2083.69
498.615	2146.69
498.832	2238.69
499.049	2287.69
499.267	2458.69
499.484	2602.69
499.701	2765.69
499.918	3007.69
500.135	3358.69
500.352	3678.69
500.569	3829.69
500.786	3822.69
501.003	3556.69
501.22	3315.69
501.437	3046.69
501.654	2745.69
501.871	2637.69
502.088	2470.69
502.305	2311.69
502.522	2196.69
502.739	2127.69
502.956	2025.69
503.172	2013.69
503.389	1907.69
503.606	1928.69
503.823	1867.69
504.04	1852.69
504.256	1858.69
504.473	1870.69
504.69	1906.69
504.907	1856.69
505.123	1754.69
505.34	1698.69
505.557	1709.69
505.773	1630.69
505.99	1627.69
506.207	1616.69
506.423	1606.69
506.64	1581.69
506.856	1555.69
507.073	1522.69
507.289	1565.69
507.506	1525.69
507.722	1581.69
507.939	1596.69
508.155	1528.69
508.372	1502.69
508.588	1471.69
508.805	1439.69
509.021	1451.69
509.238	1470.69
509.454	1469.69
509.67	1459.69
509.887	1429.69
510.103	1413.69
510.319	1489.69
510.536	1830.69
510.752	3398.69
510.968	2401.69
511.184	1517.69
511.401	1451.69
511.617	1426.69
511.833	1447.69
512.049	1510.69
512.265	1501.69
512.481	1485.69
512.698	1405.69
512.914	1457.69
513.13	1433.69
513.346	1397.69
513.562	1413.69
513.778	1432.69
513.994	1426.69
514.21	1482.69
514.426	1509.69
514.642	1594.69
514.858	1639.69
515.074	1783.69
515.29	2214.69
515.506	3636.69
515.721	2695.69
515.937	1768.69
516.153	1589.69
516.369	1572.69
516.585	1564.69
516.801	1571.69
517.016	1594.69
517.232	1597.69
517.448	1665.69
517.664	1733.69
517.879	1687.69
518.095	1702.69
518.311	1670.69
518.527	1662.69
518.742	1578.69
518.958	1584.69
519.173	1527.69
519.389	1504.69
519.605	1507.69
519.82	1445.69
520.036	1500.69
520.251	1563.69
520.467	1540.69
520.682	1525.69
520.898	1521.69
521.113	1558.69
521.329	1708.69
521.544	1931.69
521.76	2544.69
521.975	4906.69
522.19	4421.69
522.406	2148.69
522.621	1634.69
522.836	1473.69
523.052	1421.69
523.267	1349.69
523.482	1333.69
523.698	1322.69
523.913	1321.69
524.128	1323.69
524.343	1306.69
524.559	1291.69
524.774	1247.69
524.989	1298.69
525.204	1299.69
525.419	1284.69
525.634	1239.69
525.849	1193.69
526.064	1205.69
526.28	1160.69
526.495	1138.69
526.71	1165.69
526.925	1157.69
527.14	1141.69
527.355	1130.69
527.57	1139.69
527.785	1139.69
527.999	1131.69
528.214	1159.69
528.429	1158.69
528.644	1202.69
528.859	1199.69
529.074	1267.69
529.289	1311.69
529.503	1529.69
529.718	1405.69
529.933	1258.69
530.148	1215.69
530.363	1153.69
530.577	1123.69
530.792	1098.69
531.007	1127.69
531.221	1094.69
531.436	1093.69
531.651	1090.69
531.865	1091.69
532.08	1101.69
532.295	1110.69
532.509	1081.69
532.724	1101.69
532.938	1093.69
533.153	1093.69
533.367	1119.69
533.582	1113.69
533.796	1129.69
534.011	1123.69
534.225	1086.69
534.44	1089.69
534.654	1091.69
534.868	1091.69
535.083	1077.69
535.297	1075.69
535.511	1093.69
535.726	1114.69
535.94	1098.69
536.154	1073.69
536.369	1054.69
536.583	1035.69
536.797	1030.69
537.011	1011.69
537.225	1009.69
537.44	1046.69
537.654	1021.69
537.868	1029.69
538.082	1008.69
538.296	1042.69
538.51	1002.69
538.724	1061.69
538.938	1111.69
539.153	1076.69
539.367	1089.69
539.581	1074.69
539.795	1039.69
540.009	1010.69
540.222	1015.69
540.436	1012.69
540.65	1033.69
540.864	1088.69
541.078	1126.69
541.292	1145.69
541.506	1138.69
541.72	1173.69
541.934	1191.69
542.147	1200.69
542.361	1183.69
542.575	1163.69
542.789	1113.69
543.002	1071.69
543.216	1079.69
543.43	1069.69
543.644	1084.69
543.857	1110.69
544.071	1141.69
544.285	1130.69
544.498	1174.69
544.712	1141.69
544.925	1160.69
545.139	1181.69
545.352	1170.69
545.566	1186.69
545.779	1172.69
545.993	1185.69
546.206	1179.69
546.42	1180.69
546.633	1179.69
546.847	1160.69
547.06	1149.69
547.274	1198.69
547.487	1166.69
547.7	1215.69
547.914	1197.69
548.127	1186.69
548.34	1175.69
548.554	1151.69
548.767	1158.69
548.98	1166.69
549.193	1152.69
549.407	1147.69
549.62	1168.69
549.833	1176.69
550.046	1171.69
550.259	1140.69
550.473	1122.69
550.686	1098.69
550.899	1105.69
551.112	1074.69
551.325	1075.69
551.538	1069.69
551.751	1035.69
551.964	1001.69
552.177	1065.69
552.39	1101.69
552.603	1096.69
552.816	1159.69
553.029	1181.69
553.242	1195.69
553.455	1214.69
553.667	1260.69
553.88	1239.69
554.093	1173.69
554.306	1164.69
554.519	1164.69
554.732	1139.69
554.944	1086.69
555.157	1075.69
555.37	1083.69
555.583	1053.69
555.795	1023.69
556.008	978.69
556.221	1015.69
556.433	999.69
556.646	998.69
556.859	976.69
557.071	979.69
557.284	987.69
557.496	991.69
557.709	963.69
557.921	971.69
558.134	973.69
558.346	953.69
558.559	951.69
558.771	925.69
558.984	945.69
559.196	927.69
559.409	905.69
559.621	895.69
559.833	910.69
560.046	909.69
560.258	937.69
560.47	934.69
560.683	920.69
560.895	925.69
561.107	925.69
561.32	902.69
561.532	933.69
561.744	901.69
561.956	908.69
562.168	972.69
562.381	903.69
562.593	901.69
562.805	904.69
563.017	885.69
563.229	918.69
563.441	881.69
563.653	908.69
563.865	907.69
564.077	886.69
564.289	899.69
564.501	909.69
564.713	921.69
564.925	922.69
565.137	932.69
565.349	966.69
565.561	959.69
565.773	1002.69
565.985	1017.69
566.197	1053.69
566.408	1132.69
566.62	1174.69
566.832	1209.69
567.044	1243.69
567.255	1234.69
567.467	1253.69
567.679	1273.69
567.891	1353.69
568.102	1358.69
568.314	1290.69
568.526	1197.69
568.737	1081.69
568.949	995.69
569.161	939.69
569.372	877.69
569.584	857.69
569.795	851.69
570.007	845.69
570.218	954.69
570.43	889.69
570.641	818.69
570.853	833.69
571.064	844.69
571.276	821.69
571.487	803.69
571.698	816.69
571.91	740.69
572.121	759.69
572.333	775.69
572.544	737.69
572.755	687.69
572.966	710.69
573.178	670.69
573.389	672.69
573.6	676.69
573.811	674.69
574.023	645.69
574.234	669.69
574.445	643.69
574.656	690.69
574.867	639.69
575.078	672.69
575.289	663.69
575.501	665.69
575.712	637.69
575.923	635.69
576.134	640.69
576.345	624.69
576.556	648.69
576.767	654.69
576.978	653.69
577.188	638.69
577.399	625.69
577.61	606.69
577.821	631.69
578.032	633.69
578.243	737.69
578.454	1275.69
578.665	843.69
578.875	635.69
579.086	591.69
579.297	590.69
579.508	558.69
579.718	580.69
579.929	581.69
580.14	586.69
580.35	553.69
580.561	567.69
580.772	580.69
580.982	569.69
581.193	561.69
581.403	556.69
581.614	572.69
581.825	546.69
582.035	546.69
582.246	573.69
582.456	559.69
582.667	557.69
582.877	543.69
583.087	559.69
583.298	539.69
583.508	538.69
583.719	541.69
583.929	549.69
584.139	534.69
584.35	550.69
584.56	519.69
584.77	511.69
584.981	548.69
585.191	556.69
585.401	546.69
585.611	519.69
585.821	534.69
586.032	530.69
586.242	530.69
586.452	511.69
586.662	513.69
586.872	535.69
587.082	534.69
587.292	515.69
587.502	518.69
587.713	515.69
587.923	498.69
588.133	490.69
588.343	509.69
588.553	506.69
588.762	504.69
588.972	524.69
589.182	523.69
589.392	521.69
589.602	523.69
589.812	545.69
590.022	517.69
590.232	541.69
590.441	529.69
590.651	536.69
590.861	513.69
591.071	527.69
591.281	535.69
591.49	532.69
591.7	532.69
591.91	527.69
592.119	573.69
592.329	550.69
592.539	584.69
592.748	579.69
592.958	622.69
593.167	604.69
593.377	615.69
593.587	623.69
593.796	634.69
594.006	635.69
594.215	634.69
594.424	635.69
594.634	614.69
594.843	598.69
595.053	593.69
595.262	577.69
595.472	554.69
595.681	531.69
595.89	523.69
596.1	511.69
596.309	515.69
596.518	518.69
596.727	516.69
596.937	521.69
597.146	522.69
597.355	501.69
597.564	467.69
597.774	472.69
597.983	457.69
598.192	466.69
598.401	466.69
598.61	460.69
598.819	464.69
599.028	459.69
599.237	472.69
599.446	486.69
599.655	470.69
599.864	442.69
600.073	454.69
600.282	460.69
600.491	452.69
600.7	439.69
600.909	450.69
601.118	485.69
601.327	501.69
601.536	482.69
601.745	511.69
601.953	480.69
602.162	489.69
602.371	494.69
602.58	509.69
602.789	511.69
602.997	509.69
603.206	484.69
603.415	510.69
603.623	505.69
603.832	482.69
604.041	495.69
604.249	443.69
604.458	431.69
604.666	437.69
604.875	450.69
605.084	451.69
605.292	470.69
605.501	481.69
605.709	497.69
605.918	490.69
606.126	497.69
606.334	513.69
606.543	493.69
606.751	505.69
606.96	493.69
607.168	476.69
607.376	473.69
607.585	518.69
607.793	496.69
608.001	481.69
608.21	503.69
608.418	473.69
608.626	504.69
608.834	490.69
609.043	505.69
609.251	486.69
609.459	483.69
609.667	494.69
609.875	495.69
610.083	520.69
610.291	514.69
610.499	502.69
610.707	512.69
610.916	507.69
611.124	499.69
611.332	504.69
611.54	518.69
611.748	511.69
611.955	497.69
612.163	491.69
612.371	500.69
612.579	495.69
612.787	489.69
612.995	492.69
613.203	469.69
613.411	478.69
613.618	481.69
613.826	505.69
614.034	495.69
614.242	487.69
614.449	487.69
614.657	499.69
614.865	478.69
615.072	478.69
615.28	484.69
615.488	490.69
615.695	480.69
615.903	455.69
616.111	460.69
616.318	485.69
616.526	498.69
616.733	487.69
616.941	501.69
617.148	476.69
617.356	460.69
617.563	458.69
617.771	458.69
617.978	449.69
618.185	485.69
618.393	478.69
618.6	480.69
618.807	485.69
619.015	495.69
619.222	455.69
619.429	427.69
619.637	449.69
619.844	432.69
620.051	432.69
620.258	432.69
620.466	428.69
620.673	432.69
620.88	435.69
621.087	428.69
621.294	417.69
621.501	433.69
621.708	406.69
621.915	419.69
622.122	441.69
622.329	431.69
622.536	438.69
622.743	431.69
622.95	427.69
623.157	420.69
623.364	423.69
623.571	437.69
623.778	425.69
623.985	436.69
624.192	425.69
624.399	418.69
624.606	406.69
624.812	404.69
625.019	397.69
625.226	414.69
625.433	403.69
625.639	384.69
625.846	358.69
626.053	345.69
626.259	362.69
626.466	349.69
626.673	337.69
626.879	351.69
627.086	366.69
627.293	363.69
627.499	373.69
627.706	384.69
627.912	390.69
628.119	402.69
628.325	402.69
628.532	370.69
628.738	389.69
628.945	381.69
629.151	353.69
629.357	374.69
629.564	371.69
629.77	356.69
629.976	365.69
630.183	337.69
630.389	341.69
630.595	362.69
630.802	353.69
631.008	358.69
631.214	366.69
631.42	361.69
631.627	362.69
631.833	359.69
632.039	331.69
632.245	352.69
632.451	349.69
632.657	365.69
632.863	357.69
633.069	345.69
633.275	339.69
633.481	315.69
633.688	340.69
633.893	356.69
634.099	336.69
634.305	354.69
634.511	325.69
634.717	345.69
634.923	315.69
635.129	324.69
635.335	331.69
635.541	340.69
635.747	334.69
635.952	361.69
636.158	381.69
636.364	427.69
636.57	527.69
636.775	430.69
636.981	389.69
637.187	388.69
637.392	363.69
637.598	369.69
637.804	343.69
638.009	365.69
638.215	341.69
638.421	348.69
638.626	330.69
638.832	330.69
639.037	342.69
639.243	338.69
639.448	323.69
639.654	326.69
639.859	325.69
640.065	311.69
640.27	317.69
640.475	310.69
640.681	308.69
640.886	311.69
641.091	306.69
641.297	333.69
641.502	342.69
641.707	303.69
641.913	315.69
642.118	313.69
642.323	301.69
642.528	310.69
642.733	302.69
642.939	306.69
643.144	297.69
643.349	287.69
643.554	303.69
643.759	316.69
643.964	300.69
644.169	297.69
644.374	310.69
644.579	293.69
644.784	310.69
644.989	296.69
645.194	298.69
645.399	292.69
645.604	313.69
645.809	292.69
646.014	294.69
646.219	314.69
646.423	297.69
646.628	307.69
646.833	290.69
647.038	302.69
647.243	322.69
647.447	303.69
647.652	306.69
647.857	301.69
648.062	316.69
648.266	323.69
648.471	314.69
648.676	331.69
648.88	308.69
649.085	306.69
649.289	324.69
649.494	317.69
649.698	331.69
649.903	314.69
650.107	304.69
650.312	299.69
650.516	291.69
650.721	273.69
650.925	269.69
651.13	272.69
651.334	237.69
651.539	262.69
651.743	256.69
651.947	259.69
652.152	257.69
652.356	244.69
652.56	258.69
652.764	251.69
652.969	254.69
653.173	229.69
653.377	240.69
653.581	236.69
653.785	220.69
653.99	225.69
654.194	230.69
654.398	214.69
654.602	222.69
654.806	228.69
655.01	245.69
655.214	235.69
655.418	222.69
655.622	214.69
655.826	223.69
656.03	221.69
656.234	215.69
656.438	231.69
656.642	211.69
656.846	199.69
657.049	201.69
657.253	196.69
657.457	175.69
657.661	161.69
657.865	169.69
658.068	161.69
658.272	150.69
658.476	142.69
658.68	152.69
658.883	139.69
659.087	128.69
659.291	126.69
659.494	125.69
659.698	122.69
659.901	133.69
660.105	121.69
660.309	131.69
660.512	110.69
660.716	119.69
660.919	124.69
661.123	113.69
661.326	111.69
661.53	102.69
661.733	105.69
661.936	102.69
662.14	87.69
662.343	85.69
662.546	100.69
662.75	97.69
662.953	96.69
663.156	96.69
663.36	103.69
663.563	80.69
663.766	89.69
663.969	74.69
664.173	81.69
664.376	90.69
664.579	85.69
664.782	91.69
664.985	83.69
665.188	85.69
665.391	99.69
665.594	91.69
665.797	75.69
666	79.69
666.203	87.69
666.406	75.69
666.609	69.69
666.812	85.69
667.015	76.69
667.218	75.69
667.421	89.69
667.624	81.69
667.827	94.69
668.03	88.69
668.232	86.69
668.435	86.69
668.638	90.69
668.841	97.69
669.043	103.69
669.246	95.69
669.449	85.69
669.651	81.69
669.854	82.69
670.057	84.69
670.259	79.69
670.462	89.69
670.665	74.69
670.867	95.69
671.07	82.69
671.272	92.69
671.475	87.69
671.677	88.69
671.88	86.69
672.082	74.69
672.284	87.69
672.487	85.69
672.689	90.69
672.892	89.69
