223.165	-12.94
223.4	-12.94
223.635	-12.94
223.869	-6.94
224.104	-15.94
224.338	-15.94
224.573	-0.94
224.808	-16.94
225.042	-9.94
225.277	-9.94
225.511	-0.94
225.746	-0.94
225.98	5.06
226.215	12.06
226.449	6.06
226.683	17.06
226.918	18.06
227.152	33.06
227.387	32.06
227.621	53.06
227.856	42.06
228.09	46.06
228.324	50.06
228.559	52.06
228.793	77.06
229.027	133.06
229.262	136.06
229.496	159.06
229.73	182.06
229.964	207.06
230.199	182.06
230.433	155.06
230.667	156.06
230.901	170.06
231.136	169.06
231.37	158.06
231.604	158.06
231.838	161.06
232.072	154.06
232.306	175.06
232.541	148.06
232.775	161.06
233.009	160.06
233.243	168.06
233.477	163.06
233.711	173.06
233.945	175.06
234.179	167.06
234.413	170.06
234.647	162.06
234.881	173.06
235.115	163.06
235.349	170.06
235.583	174.06
235.817	158.06
236.051	182.06
236.285	187.06
236.519	178.06
236.753	192.06
236.987	212.06
237.221	259.06
237.455	298.06
237.689	244.06
237.922	218.06
238.156	210.06
238.39	200.06
238.624	187.06
238.858	192.06
239.091	184.06
239.325	195.06
239.559	206.06
239.793	194.06
240.027	203.06
240.26	215.06
240.494	223.06
240.728	226.06
240.961	226.06
241.195	215.06
241.429	203.06
241.662	203.06
241.896	205.06
242.13	220.06
242.363	230.06
242.597	218.06
242.83	213.06
243.064	226.06
243.298	239.06
243.531	242.06
243.765	224.06
243.998	226.06
244.232	229.06
244.465	259.06
244.699	242.06
244.932	241.06
245.166	253.06
245.399	234.06
245.633	247.06
245.866	237.06
246.099	255.06
246.333	268.06
246.566	256.06
246.8	259.06
247.033	271.06
247.266	267.06
247.5	270.06
247.733	287.06
247.966	277.06
248.2	303.06
248.433	282.06
248.666	308.06
248.899	300.06
249.133	327.06
249.366	339.06
249.599	348.06
249.832	328.06
250.066	351.06
250.299	432.06
250.532	507.06
250.765	545.06
250.998	498.06
251.231	442.06
251.465	399.06
251.698	390.06
251.931	369.06
252.164	340.06
252.397	374.06
252.63	354.06
252.863	357.06
253.096	370.06
253.329	379.06
253.562	371.06
253.795	363.06
254.028	371.06
254.261	387.06
254.494	399.06
254.727	414.06
254.96	454.06
255.193	449.06
255.426	450.06
255.659	506.06
255.892	650.06
256.124	856.06
256.357	918.06
256.59	729.06
256.823	611.06
257.056	511.06
257.289	499.06
257.521	454.06
257.754	449.06
257.987	430.06
258.22	420.06
258.452	413.06
258.685	397.06
258.918	402.06
259.151	391.06
259.383	385.06
259.616	393.06
259.849	399.06
260.081	410.06
260.314	419.06
260.547	423.06
260.779	409.06
261.012	416.06
261.244	406.06
261.477	383.06
261.71	384.06
261.942	432.06
262.175	416.06
262.407	411.06
262.64	379.06
262.872	391.06
263.105	402.06
263.337	404.06
263.57	399.06
263.802	398.06
264.035	383.06
264.267	393.06
264.499	398.06
264.732	393.06
264.964	392.06
265.197	397.06
265.429	403.06
265.661	392.06
265.894	406.06
266.126	413.06
266.358	408.06
266.591	407.06
266.823	415.06
267.055	417.06
267.287	410.06
267.52	416.06
267.752	412.06
267.984	409.06
268.216	420.06
268.448	420.06
268.681	440.06
268.913	444.06
269.145	451.06
269.377	455.06
269.609	443.06
269.841	445.06
270.073	447.06
270.306	488.06
270.538	516.06
270.77	492.06
271.002	494.06
271.234	469.06
271.466	497.06
271.698	510.06
271.93	493.06
272.162	500.06
272.394	497.06
272.626	507.06
272.858	509.06
273.09	511.06
273.322	507.06
273.553	463.06
273.785	479.06
274.017	469.06
274.249	492.06
274.481	508.06
274.713	479.06
274.945	505.06
275.176	498.06
275.408	518.06
275.64	530.06
275.872	530.06
276.104	557.06
276.335	541.06
276.567	549.06
276.799	563.06
277.031	624.06
277.262	643.06
277.494	652.06
277.726	608.06
277.957	592.06
278.189	578.06
278.421	540.06
278.652	549.06
278.884	561.06
279.115	544.06
279.347	554.06
279.579	552.06
279.81	562.06
280.042	624.06
280.273	684.06
280.505	707.06
280.736	608.06
280.968	589.06
281.199	577.06
281.431	571.06
281.662	545.06
281.894	550.06
282.125	557.06
282.356	572.06
282.588	622.06
282.819	607.06
283.051	551.06
283.282	541.06
283.513	537.06
283.745	566.06
283.976	552.06
284.207	551.06
284.439	542.06
284.67	567.06
284.901	549.06
285.132	542.06
285.364	535.06
285.595	550.06
285.826	560.06
286.057	561.06
286.288	568.06
286.52	561.06
286.751	556.06
286.982	576.06
287.213	567.06
287.444	571.06
287.675	565.06
287.906	584.06
288.138	587.06
288.369	612.06
288.6	614.06
288.831	582.06
289.062	585.06
289.293	599.06
289.524	607.06
289.755	589.06
289.986	581.06
290.217	586.06
290.448	575.06
290.679	587.06
290.91	578.06
291.141	569.06
291.371	599.06
291.602	575.06
291.833	582.06
292.064	570.06
292.295	590.06
292.526	580.06
292.757	592.06
292.987	547.06
293.218	582.06
293.449	592.06
293.68	587.06
293.91	591.06
294.141	582.06
294.372	570.06
294.603	581.06
294.833	566.06
295.064	570.06
295.295	583.06
295.525	584.06
295.756	619.06
295.987	632.06
296.217	660.06
296.448	660.06
296.679	624.06
296.909	621.06
297.14	601.06
297.37	615.06
297.601	608.06
297.831	616.06
298.062	640.06
298.292	620.06
298.523	634.06
298.753	636.06
298.984	624.06
299.214	623.06
299.445	631.06
299.675	654.06
299.905	665.06
300.136	641.06
300.366	627.06
300.597	643.06
300.827	667.06
301.057	672.06
301.288	709.06
301.518	663.06
301.748	679.06
301.979	679.06
302.209	708.06
302.439	694.06
302.669	677.06
302.9	675.06
303.13	709.06
303.36	697.06
303.59	711.06
303.82	765.06
304.051	743.06
304.281	704.06
304.511	687.06
304.741	671.06
304.971	701.06
305.201	696.06
305.431	698.06
305.661	707.06
305.891	689.06
306.121	702.06
306.352	702.06
306.582	691.06
306.812	706.06
307.042	718.06
307.272	751.06
307.502	762.06
307.731	784.06
307.961	752.06
308.191	747.06
308.421	717.06
308.651	712.06
308.881	722.06
309.111	742.06
309.341	746.06
309.571	703.06
309.8	724.06
310.03	755.06
310.26	754.06
310.49	766.06
310.72	795.06
310.949	813.06
311.179	818.06
311.409	790.06
311.639	771.06
311.868	797.06
312.098	779.06
312.328	810.06
312.557	847.06
312.787	861.06
313.017	841.06
313.246	832.06
313.476	802.06
313.706	794.06
313.935	805.06
314.165	807.06
314.394	808.06
314.624	847.06
314.853	806.06
315.083	818.06
315.312	805.06
315.542	812.06
315.771	829.06
316.001	824.06
316.23	795.06
316.46	826.06
316.689	828.06
316.919	828.06
317.148	818.06
317.377	804.06
317.607	815.06
317.836	846.06
318.065	817.06
318.295	827.06
318.524	822.06
318.753	828.06
318.983	811.06
319.212	820.06
319.441	853.06
319.67	858.06
319.9	833.06
320.129	872.06
320.358	838.06
320.587	860.06
320.816	903.06
321.046	889.06
321.275	894.06
321.504	894.06
321.733	910.06
321.962	908.06
322.191	958.06
322.42	966.06
322.649	969.06
322.878	990.06
323.108	1005.06
323.337	1081.06
323.566	1102.06
323.795	1186.06
324.024	1253.06
324.253	1532.06
324.482	2102.06
324.71	3152.06
324.939	4377.06
325.168	3583.06
325.397	1915.06
325.626	1458.06
325.855	1318.06
326.084	1254.06
326.313	1223.06
326.542	1255.06
326.77	1380.06
326.999	1564.06
327.228	2066.06
327.457	3007.06
327.686	3564.06
327.914	2531.06
328.143	2230.06
328.372	2395.06
328.6	2200.06
328.829	1746.06
329.058	1631.06
329.287	1643.06
329.515	1707.06
329.744	1875.06
329.972	2346.06
330.201	3147.06
330.43	3949.06
330.658	3226.06
330.887	2160.06
331.115	1806.06
331.344	1566.06
331.572	1462.06
331.801	1476.06
332.03	1457.06
332.258	1411.06
332.486	1416.06
332.715	1459.06
332.943	1499.06
333.172	1545.06
333.4	1663.06
333.629	1796.06
333.857	2110.06
334.085	2564.06
334.314	3473.06
334.542	4814.06
334.771	5198.06
334.999	3190.06
335.227	2162.06
335.455	1755.06
335.684	1575.06
335.912	1500.06
336.14	1390.06
336.369	1333.06
336.597	1325.06
336.825	1306.06
337.053	1232.06
337.281	1229.06
337.51	1189.06
337.738	1164.06
337.966	1148.06
338.194	1128.06
338.422	1143.06
338.65	1105.06
338.878	1116.06
339.106	1101.06
339.334	1062.06
339.562	1078.06
339.79	1058.06
340.018	1046.06
340.246	1054.06
340.474	1055.06
340.702	1017.06
340.93	1052.06
341.158	1034.06
341.386	1014.06
341.614	1046.06
341.842	1021.06
342.07	1040.06
342.298	996.06
342.526	975.06
342.754	1014.06
342.981	967.06
343.209	998.06
343.437	1043.06
343.665	1043.06
343.893	1125.06
344.12	1137.06
344.348	1108.06
344.576	1070.06
344.804	1058.06
345.031	1058.06
345.259	1037.06
345.487	980.06
345.714	1012.06
345.942	1004.06
346.17	980.06
346.397	960.06
346.625	965.06
346.853	953.06
347.08	975.06
347.308	1003.06
347.535	995.06
347.763	1014.06
347.99	990.06
348.218	1004.06
348.445	971.06
348.673	1005.06
348.9	970.06
349.128	999.06
349.355	969.06
349.583	966.06
349.81	939.06
350.037	952.06
350.265	950.06
350.492	942.06
350.72	948.06
350.947	961.06
351.174	964.06
351.402	985.06
351.629	955.06
351.856	994.06
352.083	953.06
352.311	1007.06
352.538	1020.06
352.765	1038.06
352.992	997.06
353.22	961.06
353.447	992.06
353.674	979.06
353.901	944.06
354.128	934.06
354.355	900.06
354.583	927.06
354.81	910.06
355.037	924.06
355.264	925.06
355.491	918.06
355.718	926.06
355.945	928.06
356.172	917.06
356.399	914.06
356.626	931.06
356.853	938.06
357.08	949.06
357.307	955.06
357.534	914.06
357.761	959.06
357.988	956.06
358.215	946.06
358.441	929.06
358.668	932.06
358.895	969.06
359.122	966.06
359.349	961.06
359.576	983.06
359.802	1018.06
360.029	1082.06
360.256	1072.06
360.483	1046.06
360.709	989.06
360.936	991.06
361.163	1004.06
361.39	1010.06
361.616	982.06
361.843	983.06
362.07	956.06
362.296	1018.06
362.523	995.06
362.749	1008.06
362.976	996.06
363.203	975.06
363.429	960.06
363.656	978.06
363.882	973.06
364.109	983.06
364.335	965.06
364.562	988.06
364.788	989.06
365.015	996.06
365.241	974.06
365.468	991.06
365.694	988.06
365.92	1003.06
366.147	995.06
366.373	984.06
366.599	966.06
366.826	969.06
367.052	964.06
367.278	996.06
367.505	966.06
367.731	1024.06
367.957	962.06
368.184	1000.06
368.41	989.06
368.636	1039.06
368.862	1022.06
369.089	1002.06
369.315	1022.06
369.541	1004.06
369.767	1018.06
369.993	1003.06
370.219	1010.06
370.445	1005.06
370.672	1023.06
370.898	1000.06
371.124	984.06
371.35	990.06
371.576	1030.06
371.802	1028.06
372.028	993.06
372.254	1018.06
372.48	1032.06
372.706	1046.06
372.932	1048.06
373.158	1044.06
373.384	1026.06
373.61	1042.06
373.835	1045.06
374.061	1039.06
374.287	1042.06
374.513	1082.06
374.739	1076.06
374.965	1087.06
375.191	1100.06
375.416	1070.06
375.642	1063.06
375.868	1077.06
376.094	1033.06
376.319	1057.06
376.545	1063.06
376.771	1052.06
376.997	1060.06
377.222	1053.06
377.448	1015.06
377.674	1030.06
377.899	1046.06
378.125	1015.06
378.35	1035.06
378.576	1013.06
378.802	1018.06
379.027	1032.06
379.253	990.06
379.478	1034.06
379.704	984.06
379.929	1026.06
380.155	1044.06
380.38	1039.06
380.606	1032.06
380.831	1055.06
381.057	1027.06
381.282	1011.06
381.507	1094.06
381.733	1052.06
381.958	1061.06
382.184	1049.06
382.409	1055.06
382.634	1063.06
382.86	1080.06
383.085	1082.06
383.31	1091.06
383.535	1137.06
383.761	1115.06
383.986	1126.06
384.211	1177.06
384.436	1153.06
384.662	1188.06
384.887	1196.06
385.112	1187.06
385.337	1186.06
385.562	1194.06
385.787	1200.06
386.013	1188.06
386.238	1223.06
386.463	1224.06
386.688	1203.06
386.913	1221.06
387.138	1181.06
387.363	1186.06
387.588	1206.06
387.813	1187.06
388.038	1176.06
388.263	1192.06
388.488	1219.06
388.713	1199.06
388.938	1186.06
389.163	1190.06
389.387	1176.06
389.612	1161.06
389.837	1181.06
390.062	1210.06
390.287	1203.06
390.512	1198.06
390.736	1190.06
390.961	1225.06
391.186	1244.06
391.411	1237.06
391.636	1277.06
391.86	1317.06
392.085	1316.06
392.31	1327.06
392.534	1308.06
392.759	1295.06
392.984	1266.06
393.208	1263.06
393.433	1256.06
393.658	1284.06
393.882	1272.06
394.107	1255.06
394.331	1294.06
394.556	1252.06
394.78	1263.06
395.005	1260.06
395.229	1306.06
395.454	1311.06
395.678	1355.06
395.903	1374.06
396.127	1397.06
396.352	1350.06
396.576	1278.06
396.801	1310.06
397.025	1316.06
397.249	1332.06
397.474	1359.06
397.698	1373.06
397.922	1419.06
398.147	1430.06
398.371	1424.06
398.595	1450.06
398.82	1453.06
399.044	1544.06
399.268	1679.06
399.492	1835.06
399.717	2021.06
399.941	1999.06
400.165	1933.06
400.389	1821.06
400.613	1686.06
400.837	1602.06
401.062	1526.06
401.286	1560.06
401.51	1546.06
401.734	1505.06
401.958	1508.06
402.182	1548.06
402.406	1639.06
402.63	1640.06
402.854	1620.06
403.078	1651.06
403.302	1664.06
403.526	1684.06
403.75	1718.06
403.974	1732.06
404.198	1731.06
404.422	1804.06
404.645	1854.06
404.869	1879.06
405.093	1941.06
405.317	2021.06
405.541	2064.06
405.765	1955.06
405.988	1862.06
406.212	1859.06
406.436	1852.06
406.66	1860.06
406.883	1815.06
407.107	1903.06
407.331	1970.06
407.555	2077.06
407.778	2095.06
408.002	1967.06
408.226	1832.06
408.449	1818.06
408.673	1778.06
408.896	1810.06
409.12	1830.06
409.344	1823.06
409.567	1718.06
409.791	1722.06
410.014	1687.06
410.238	1670.06
410.461	1696.06
410.685	1695.06
410.908	1733.06
411.132	1733.06
411.355	1769.06
411.578	1730.06
411.802	1726.06
412.025	1741.06
412.249	1843.06
412.472	1970.06
412.695	2077.06
412.919	2059.06
413.142	1924.06
413.365	1859.06
413.589	1796.06
413.812	1708.06
414.035	1696.06
414.258	1685.06
414.482	1670.06
414.705	1625.06
414.928	1643.06
415.151	1614.06
415.374	1624.06
415.597	1603.06
415.821	1598.06
416.044	1591.06
416.267	1570.06
416.49	1583.06
416.713	1555.06
416.936	1580.06
417.159	1603.06
417.382	1658.06
417.605	1674.06
417.828	1665.06
418.051	1679.06
418.274	1634.06
418.497	1638.06
418.72	1634.06
418.943	1647.06
419.166	1721.06
419.389	1821.06
419.611	1804.06
419.834	1834.06
420.057	1851.06
420.28	1972.06
420.503	2003.06
420.726	1847.06
420.948	1838.06
421.171	1837.06
421.394	1827.06
421.617	1746.06
421.839	1685.06
422.062	1651.06
422.285	1634.06
422.507	1734.06
422.73	1847.06
422.953	1798.06
423.175	1708.06
423.398	1680.06
423.621	1708.06
423.843	1706.06
424.066	1759.06
424.288	1706.06
424.511	1758.06
424.733	1847.06
424.956	1931.06
425.178	1880.06
425.401	1849.06
425.623	1858.06
425.846	1680.06
426.068	1652.06
426.291	1647.06
426.513	1608.06
426.735	1665.06
426.958	1667.06
427.18	1786.06
427.402	1983.06
427.625	2131.06
427.847	2088.06
428.069	2008.06
428.292	1820.06
428.514	1662.06
428.736	1602.06
428.958	1567.06
429.181	1520.06
429.403	1531.06
429.625	1508.06
429.847	1554.06
430.069	1629.06
430.292	1614.06
430.514	1510.06
430.736	1522.06
430.958	1472.06
431.18	1454.06
431.402	1474.06
431.624	1446.06
431.846	1410.06
432.068	1392.06
432.29	1394.06
432.512	1394.06
432.734	1474.06
432.956	1423.06
433.178	1514.06
433.4	1502.06
433.622	1501.06
433.844	1498.06
434.066	1462.06
434.287	1417.06
434.509	1467.06
434.731	1485.06
434.953	1538.06
435.175	1593.06
435.397	1621.06
435.618	1526.06
435.84	1594.06
436.062	1698.06
436.284	1775.06
436.505	1636.06
436.727	1580.06
436.949	1480.06
437.17	1486.06
437.392	1479.06
437.614	1468.06
437.835	1480.06
438.057	1682.06
438.278	1774.06
438.5	1800.06
438.721	1936.06
438.943	1878.06
439.165	1611.06
439.386	1528.06
439.608	1546.06
439.829	1595.06
440.05	1630.06
440.272	1699.06
440.493	1638.06
440.715	1574.06
440.936	1536.06
441.158	1533.06
441.379	1551.06
441.6	1635.06
441.822	1690.06
442.043	1725.06
442.264	1800.06
442.486	1826.06
442.707	1708.06
442.928	1656.06
443.149	1708.06
443.371	1675.06
443.592	1739.06
443.813	1878.06
444.034	1968.06
444.255	1740.06
444.476	1737.06
444.698	1797.06
444.919	1816.06
445.14	1853.06
445.361	1754.06
445.582	1735.06
445.803	1812.06
446.024	1893.06
446.245	1914.06
446.466	1822.06
446.687	1633.06
446.908	1574.06
447.129	1482.06
447.35	1491.06
447.571	1504.06
447.792	1437.06
448.013	1482.06
448.234	1500.06
448.455	1519.06
448.675	1724.06
448.896	1882.06
449.117	1658.06
449.338	1579.06
449.559	1757.06
449.779	1860.06
450	1622.06
450.221	1475.06
450.442	1412.06
450.662	1393.06
450.883	1427.06
451.104	1477.06
451.324	1420.06
451.545	1352.06
451.766	1341.06
451.986	1308.06
452.207	1316.06
452.428	1304.06
452.648	1328.06
452.869	1283.06
453.089	1306.06
453.31	1295.06
453.53	1236.06
453.751	1242.06
453.971	1268.06
454.192	1308.06
454.412	1277.06
454.633	1278.06
454.853	1282.06
455.073	1245.06
455.294	1284.06
455.514	1342.06
455.734	1303.06
455.955	1258.06
456.175	1200.06
456.395	1184.06
456.616	1148.06
456.836	1179.06
457.056	1194.06
457.276	1177.06
457.497	1221.06
457.717	1203.06
457.937	1222.06
458.157	1202.06
458.377	1244.06
458.598	1291.06
458.818	1391.06
459.038	1542.06
459.258	1508.06
459.478	1367.06
459.698	1386.06
459.918	1384.06
460.138	1434.06
460.358	1466.06
460.578	1519.06
460.798	1491.06
461.018	1529.06
461.238	1541.06
461.458	1508.06
461.678	1506.06
461.898	1494.06
462.118	1530.06
462.338	1558.06
462.558	1597.06
462.777	1658.06
462.997	1754.06
463.217	1855.06
463.437	1829.06
463.657	1725.06
463.876	1700.06
464.096	1701.06
464.316	1677.06
464.536	1726.06
464.755	1671.06
464.975	1686.06
465.195	1736.06
465.414	1812.06
465.634	1617.06
465.854	1519.06
466.073	1469.06
466.293	1415.06
466.512	1396.06
466.732	1375.06
466.951	1390.06
467.171	1394.06
467.391	1421.06
467.61	1478.06
467.829	1557.06
468.049	1893.06
468.268	2652.06
468.488	1974.06
468.707	1643.06
468.927	1535.06
469.146	1485.06
469.365	1447.06
469.585	1459.06
469.804	1474.06
470.023	1496.06
470.243	1501.06
470.462	1490.06
470.681	1563.06
470.901	1544.06
471.12	1509.06
471.339	1483.06
471.558	1517.06
471.777	1589.06
471.997	1733.06
472.216	2454.06
472.435	4835.06
472.654	3511.06
472.873	2238.06
473.092	1864.06
473.311	1737.06
473.53	1668.06
473.749	1640.06
473.968	1590.06
474.187	1633.06
474.406	1626.06
474.625	1508.06
474.844	1480.06
475.063	1453.06
475.282	1434.06
475.501	1436.06
475.72	1417.06
475.939	1420.06
476.158	1461.06
476.377	1436.06
476.596	1458.06
476.814	1440.06
477.033	1443.06
477.252	1488.06
477.471	1503.06
477.69	1553.06
477.908	1589.06
478.127	1603.06
478.346	1591.06
478.564	1660.06
478.783	1665.06
479.002	1691.06
479.22	1690.06
479.439	1748.06
479.658	1777.06
479.876	1759.06
480.095	1822.06
480.313	1928.06
480.532	1980.06
480.751	2140.06
480.969	2792.06
481.188	6231.06
481.406	8013.06
481.624	3886.06
481.843	2874.06
482.061	2422.06
482.28	2228.06
482.498	2046.06
482.717	1970.06
482.935	1944.06
483.153	1936.06
483.372	1922.06
483.59	1871.06
483.808	1822.06
484.027	1770.06
484.245	1777.06
484.463	1818.06
484.681	1777.06
484.9	1763.06
485.118	1756.06
485.336	1757.06
485.554	1728.06
485.772	1691.06
485.99	1721.06
486.209	1743.06
486.427	1724.06
486.645	1794.06
486.863	1839.06
487.081	1800.06
487.299	1791.06
487.517	1796.06
487.735	1886.06
487.953	1894.06
488.171	1943.06
488.389	1889.06
488.607	1853.06
488.825	1813.06
489.043	1786.06
489.261	1780.06
489.479	1795.06
489.696	1865.06
489.914	1929.06
490.132	1926.06
490.35	1979.06
490.568	2044.06
490.786	2064.06
491.003	2119.06
491.221	2220.06
491.439	2321.06
491.657	2344.06
491.874	2469.06
492.092	2509.06
492.31	2545.06
492.527	2609.06
492.745	2632.06
492.963	2581.06
493.18	2538.06
493.398	2459.06
493.615	2479.06
493.833	2454.06
494.05	2323.06
494.268	2332.06
494.485	2333.06
494.703	2300.06
494.92	2245.06
495.138	2286.06
495.355	2282.06
495.573	2220.06
495.79	2202.06
496.008	2138.06
496.225	2189.06
496.442	2119.06
496.66	2130.06
496.877	2119.06
497.094	2178.06
497.312	2135.06
497.529	2121.06
497.746	2174.06
497.963	2161.06
498.181	2203.06
498.398	2252.06
498.615	2279.06
498.832	2374.06
499.049	2532.06
499.267	2575.06
499.484	2726.06
499.701	2932.06
499.918	3161.06
500.135	3474.06
500.352	3767.06
500.569	3984.06
500.786	4023.06
501.003	3834.06
501.22	3510.06
501.437	3180.06
501.654	2896.06
501.871	2752.06
502.088	2566.06
502.305	2482.06
502.522	2358.06
502.739	2272.06
502.956	2197.06
503.172	2147.06
503.389	2071.06
503.606	2095.06
503.823	2001.06
504.04	1995.06
504.256	1931.06
504.473	1938.06
504.69	1995.06
504.907	1997.06
505.123	1897.06
505.34	1832.06
505.557	1792.06
505.773	1761.06
505.99	1748.06
506.207	1693.06
506.423	1683.06
506.64	1654.06
506.856	1696.06
507.073	1653.06
507.289	1648.06
507.506	1643.06
507.722	1635.06
507.939	1650.06
508.155	1622.06
508.372	1591.06
508.588	1568.06
508.805	1528.06
509.021	1541.06
509.238	1569.06
509.454	1523.06
509.67	1560.06
509.887	1507.06
510.103	1544.06
510.319	1544.06
510.536	1849.06
510.752	3324.06
510.968	2398.06
511.184	1609.06
511.401	1556.06
511.617	1601.06
511.833	1669.06
512.049	1754.06
512.265	1692.06
512.481	1611.06
512.698	1578.06
512.914	1587.06
513.13	1530.06
513.346	1542.06
513.562	1518.06
513.778	1534.06
513.994	1527.06
514.21	1571.06
514.426	1610.06
514.642	1671.06
514.858	1687.06
515.074	1808.06
515.29	2182.06
515.506	3398.06
515.721	2598.06
515.937	1780.06
516.153	1641.06
516.369	1637.06
516.585	1642.06
516.801	1609.06
517.016	1672.06
517.232	1691.06
517.448	1704.06
517.664	1773.06
517.879	1761.06
518.095	1770.06
518.311	1722.06
518.527	1725.06
518.742	1637.06
518.958	1591.06
519.173	1606.06
519.389	1606.06
519.605	1555.06
519.82	1547.06
520.036	1553.06
520.251	1603.06
520.467	1612.06
520.682	1571.06
520.898	1569.06
521.113	1604.06
521.329	1675.06
521.544	1897.06
521.76	2477.06
521.975	4559.06
522.19	4083.06
522.406	2124.06
522.621	1621.06
522.836	1544.06
523.052	1438.06
523.267	1386.06
523.482	1421.06
523.698	1382.06
523.913	1392.06
524.128	1392.06
524.343	1391.06
524.559	1359.06
524.774	1312.06
524.989	1331.06
525.204	1371.06
525.419	1334.06
525.634	1278.06
525.849	1286.06
526.064	1286.06
526.28	1254.06
526.495	1221.06
526.71	1247.06
526.925	1235.06
527.14	1205.06
527.355	1199.06
527.57	1187.06
527.785	1207.06
527.999	1197.06
528.214	1210.06
528.429	1236.06
528.644	1259.06
528.859	1294.06
529.074	1312.06
529.289	1380.06
529.503	1584.06
529.718	1444.06
529.933	1303.06
530.148	1262.06
530.363	1285.06
530.577	1212.06
530.792	1198.06
531.007	1182.06
531.221	1191.06
531.436	1180.06
531.651	1197.06
531.865	1179.06
532.08	1181.06
532.295	1188.06
532.509	1150.06
532.724	1160.06
532.938	1189.06
533.153	1183.06
533.367	1210.06
533.582	1218.06
533.796	1197.06
534.011	1195.06
534.225	1184.06
534.44	1166.06
534.654	1146.06
534.868	1136.06
535.083	1180.06
535.297	1166.06
535.511	1169.06
535.726	1181.06
535.94	1177.06
536.154	1157.06
536.369	1123.06
536.583	1104.06
536.797	1108.06
537.011	1080.06
537.225	1084.06
537.44	1108.06
537.654	1087.06
537.868	1083.06
538.082	1096.06
538.296	1080.06
538.51	1111.06
538.724	1126.06
538.938	1106.06
539.153	1152.06
539.367	1156.06
539.581	1174.06
539.795	1114.06
540.009	1116.06
540.222	1080.06
540.436	1127.06
540.65	1126.06
540.864	1122.06
541.078	1178.06
541.292	1222.06
541.506	1238.06
541.72	1233.06
541.934	1307.06
542.147	1279.06
542.361	1245.06
542.575	1185.06
542.789	1179.06
543.002	1129.06
543.216	1100.06
543.43	1100.06
543.644	1134.06
543.857	1146.06
544.071	1193.06
544.285	1195.06
544.498	1210.06
544.712	1212.06
544.925	1200.06
545.139	1171.06
545.352	1229.06
545.566	1260.06
545.779	1253.06
545.993	1244.06
546.206	1258.06
546.42	1259.06
546.633	1216.06
546.847	1229.06
547.06	1253.06
547.274	1240.06
547.487	1267.06
547.7	1259.06
547.914	1248.06
548.127	1256.06
548.34	1242.06
548.554	1207.06
548.767	1225.06
548.98	1228.06
549.193	1200.06
549.407	1233.06
549.62	1194.06
549.833	1242.06
550.046	1217.06
550.259	1224.06
550.473	1181.06
550.686	1170.06
550.899	1168.06
551.112	1126.06
551.325	1138.06
551.538	1146.06
551.751	1119.06
551.964	1082.06
552.177	1133.06
552.39	1173.06
552.603	1209.06
552.816	1214.06
553.029	1260.06
553.242	1299.06
553.455	1289.06
553.667	1280.06
553.88	1298.06
554.093	1243.06
554.306	1229.06
554.519	1204.06
554.732	1200.06
554.944	1181.06
555.157	1156.06
555.37	1139.06
555.583	1134.06
555.795	1103.06
556.008	1090.06
556.221	1037.06
556.433	1036.06
556.646	1053.06
556.859	1046.06
557.071	1044.06
557.284	1043.06
557.496	1031.06
557.709	1048.06
557.921	1003.06
558.134	1007.06
558.346	1027.06
558.559	1025.06
558.771	1013.06
558.984	999.06
559.196	994.06
559.409	965.06
559.621	978.06
559.833	984.06
560.046	958.06
560.258	977.06
560.47	1004.06
560.683	990.06
560.895	1004.06
561.107	980.06
561.32	973.06
561.532	967.06
561.744	993.06
561.956	969.06
562.168	974.06
562.381	936.06
562.593	972.06
562.805	960.06
563.017	955.06
563.229	959.06
563.441	935.06
563.653	938.06
563.865	951.06
564.077	960.06
564.289	928.06
564.501	970.06
564.713	978.06
564.925	987.06
565.137	1009.06
565.349	1008.06
565.561	1008.06
565.773	1054.06
565.985	1078.06
566.197	1103.06
566.408	1158.06
566.62	1197.06
566.832	1287.06
567.044	1307.06
567.255	1311.06
567.467	1338.06
567.679	1360.06
567.891	1398.06
568.102	1434.06
568.314	1340.06
568.526	1197.06
568.737	1138.06
568.949	1059.06
569.161	1003.06
569.372	955.06
569.584	900.06
569.795	877.06
570.007	876.06
570.218	943.06
570.43	901.06
570.641	880.06
570.853	871.06
571.064	856.06
571.276	884.06
571.487	838.06
571.698	850.06
571.91	807.06
572.121	782.06
572.333	765.06
572.544	773.06
572.755	742.06
572.966	725.06
573.178	714.06
573.389	703.06
573.6	711.06
573.811	703.06
574.023	720.06
574.234	669.06
574.445	704.06
574.656	716.06
574.867	712.06
575.078	708.06
575.289	692.06
575.501	700.06
575.712	676.06
575.923	661.06
576.134	679.06
576.345	665.06
576.556	681.06
576.767	671.06
576.978	702.06
577.188	680.06
577.399	630.06
577.61	642.06
577.821	642.06
578.032	656.06
578.243	750.06
578.454	1188.06
578.665	823.06
578.875	666.06
579.086	625.06
579.297	608.06
579.508	634.06
579.718	576.06
579.929	613.06
580.14	606.06
580.35	602.06
580.561	609.06
580.772	592.06
580.982	594.06
581.193	588.06
581.403	620.06
581.614	599.06
581.825	592.06
582.035	613.06
582.246	609.06
582.456	602.06
582.667	599.06
582.877	596.06
583.087	603.06
583.298	578.06
583.508	559.06
583.719	578.06
583.929	569.06
584.139	549.06
584.35	540.06
584.56	584.06
584.77	540.06
584.981	588.06
585.191	589.06
585.401	596.06
585.611	563.06
585.821	573.06
586.032	566.06
586.242	549.06
586.452	546.06
586.662	550.06
586.872	554.06
587.082	545.06
587.292	551.06
587.502	532.06
587.713	577.06
587.923	542.06
588.133	544.06
588.343	562.06
588.553	563.06
588.762	552.06
588.972	539.06
589.182	546.06
589.392	547.06
589.602	591.06
589.812	577.06
590.022	556.06
590.232	531.06
590.441	549.06
590.651	562.06
590.861	557.06
591.071	556.06
591.281	531.06
591.49	535.06
591.7	574.06
591.91	558.06
592.119	566.06
592.329	587.06
592.539	631.06
592.748	625.06
592.958	614.06
593.167	618.06
593.377	622.06
593.587	621.06
593.796	640.06
594.006	642.06
594.215	648.06
594.424	645.06
594.634	645.06
594.843	654.06
595.053	620.06
595.262	603.06
595.472	584.06
595.681	549.06
595.89	568.06
596.1	566.06
596.309	549.06
596.518	535.06
596.727	529.06
596.937	547.06
597.146	535.06
597.355	521.06
597.564	514.06
597.774	514.06
597.983	500.06
598.192	498.06
598.401	492.06
598.61	482.06
598.819	480.06
599.028	489.06
599.237	487.06
599.446	503.06
599.655	507.06
599.864	492.06
600.073	482.06
600.282	497.06
600.491	513.06
600.7	487.06
600.909	514.06
601.118	512.06
601.327	499.06
601.536	498.06
601.745	503.06
601.953	509.06
602.162	530.06
602.371	517.06
602.58	525.06
602.789	538.06
602.997	535.06
603.206	516.06
603.415	515.06
603.623	534.06
603.832	514.06
604.041	515.06
604.249	516.06
604.458	508.06
604.666	492.06
604.875	468.06
605.084	512.06
605.292	504.06
605.501	536.06
605.709	542.06
605.918	556.06
606.126	515.06
606.334	536.06
606.543	527.06
606.751	529.06
606.96	539.06
607.168	521.06
607.376	517.06
607.585	522.06
607.793	511.06
608.001	531.06
608.21	520.06
608.418	519.06
608.626	536.06
608.834	536.06
609.043	546.06
609.251	520.06
609.459	516.06
609.667	533.06
609.875	532.06
610.083	543.06
610.291	521.06
610.499	527.06
610.707	549.06
610.916	542.06
611.124	540.06
611.332	531.06
611.54	515.06
611.748	537.06
611.955	517.06
612.163	514.06
612.371	510.06
612.579	525.06
612.787	524.06
612.995	525.06
613.203	518.06
613.411	497.06
613.618	487.06
613.826	510.06
614.034	500.06
614.242	516.06
614.449	509.06
614.657	500.06
614.865	487.06
615.072	508.06
615.28	525.06
615.488	490.06
615.695	509.06
615.903	471.06
616.111	506.06
616.318	514.06
616.526	515.06
616.733	507.06
616.941	516.06
617.148	512.06
617.356	500.06
617.563	498.06
617.771	492.06
617.978	501.06
618.185	480.06
618.393	506.06
618.6	510.06
618.807	495.06
619.015	495.06
619.222	495.06
619.429	468.06
619.637	453.06
619.844	449.06
620.051	443.06
620.258	452.06
620.466	460.06
620.673	463.06
620.88	462.06
621.087	446.06
621.294	431.06
621.501	431.06
621.708	430.06
621.915	455.06
622.122	433.06
622.329	453.06
622.536	460.06
622.743	463.06
622.95	447.06
623.157	422.06
623.364	432.06
623.571	430.06
623.778	446.06
623.985	432.06
624.192	444.06
624.399	432.06
624.606	425.06
624.812	413.06
625.019	427.06
625.226	398.06
625.433	413.06
625.639	419.06
625.846	391.06
626.053	359.06
626.259	357.06
626.466	370.06
626.673	348.06
626.879	335.06
627.086	357.06
627.293	378.06
627.499	400.06
627.706	403.06
627.912	404.06
628.119	401.06
628.325	421.06
628.532	411.06
628.738	406.06
628.945	393.06
629.151	391.06
629.357	392.06
629.564	393.06
629.77	374.06
629.976	367.06
630.183	352.06
630.389	367.06
630.595	375.06
630.802	370.06
631.008	383.06
631.214	384.06
631.42	365.06
631.627	380.06
631.833	376.06
632.039	358.06
632.245	372.06
632.451	370.06
632.657	376.06
632.863	379.06
633.069	365.06
633.275	351.06
633.481	364.06
633.688	348.06
633.893	362.06
634.099	350.06
634.305	376.06
634.511	349.06
634.717	332.06
634.923	330.06
635.129	324.06
635.335	338.06
635.541	357.06
635.747	354.06
635.952	404.06
636.158	432.06
636.364	584.06
636.57	695.06
636.775	537.06
636.981	468.06
637.187	435.06
637.392	399.06
637.598	388.06
637.804	396.06
638.009	389.06
638.215	383.06
638.421	358.06
638.626	349.06
638.832	335.06
639.037	352.06
639.243	339.06
639.448	331.06
639.654	354.06
639.859	340.06
640.065	337.06
640.27	325.06
640.475	342.06
640.681	333.06
640.886	327.06
641.091	335.06
641.297	340.06
641.502	324.06
641.707	333.06
641.913	338.06
642.118	306.06
642.323	324.06
642.528	319.06
642.733	327.06
642.939	339.06
643.144	311.06
643.349	306.06
643.554	328.06
643.759	331.06
643.964	314.06
644.169	316.06
644.374	300.06
644.579	310.06
644.784	313.06
644.989	325.06
645.194	302.06
645.399	320.06
645.604	308.06
645.809	309.06
646.014	308.06
646.219	322.06
646.423	304.06
646.628	293.06
646.833	314.06
647.038	309.06
647.243	301.06
647.447	308.06
647.652	303.06
647.857	308.06
648.062	321.06
648.266	318.06
648.471	316.06
648.676	316.06
648.88	330.06
649.085	312.06
649.289	294.06
649.494	318.06
649.698	352.06
649.903	341.06
650.107	308.06
650.312	291.06
650.516	302.06
650.721	289.06
650.925	275.06
651.13	283.06
651.334	264.06
651.539	272.06
651.743	276.06
651.947	244.06
652.152	263.06
652.356	243.06
652.56	258.06
652.764	250.06
652.969	254.06
653.173	234.06
653.377	238.06
653.581	220.06
653.785	224.06
653.99	238.06
654.194	222.06
654.398	204.06
654.602	247.06
654.806	215.06
655.01	224.06
655.214	230.06
655.418	241.06
655.622	206.06
655.826	223.06
656.03	210.06
656.234	206.06
656.438	223.06
656.642	232.06
656.846	188.06
657.049	197.06
657.253	175.06
657.457	171.06
657.661	168.06
657.865	174.06
658.068	154.06
658.272	142.06
658.476	159.06
658.68	126.06
658.883	149.06
659.087	140.06
659.291	134.06
659.494	140.06
659.698	126.06
659.901	135.06
660.105	118.06
660.309	126.06
660.512	115.06
660.716	124.06
660.919	111.06
661.123	113.06
661.326	103.06
661.53	112.06
661.733	106.06
661.936	92.06
662.14	102.06
662.343	94.06
662.546	89.06
662.75	97.06
662.953	103.06
663.156	96.06
663.36	94.06
663.563	94.06
663.766	90.06
663.969	88.06
664.173	93.06
664.376	71.06
664.579	90.06
664.782	93.06
664.985	81.06
665.188	86.06
665.391	93.06
665.594	81.06
665.797	97.06
666	92.06
666.203	79.06
666.406	91.06
666.609	82.06
666.812	72.06
667.015	80.06
667.218	75.06
667.421	91.06
667.624	96.06
667.827	88.06
668.03	85.06
668.232	82.06
668.435	89.06
668.638	87.06
668.841	89.06
669.043	97.06
669.246	69.06
669.449	82.06
669.651	95.06
669.854	86.06
670.057	79.06
670.259	83.06
670.462	76.06
670.665	87.06
670.867	86.06
671.07	92.06
671.272	107.06
671.475	93.06
671.677	89.06
671.88	79.06
672.082	78.06
672.284	76.06
672.487	70.06
672.689	106.06
672.892	87.06
