223.165	-21.88
223.4	-21.88
223.635	-21.88
223.869	-1.88
224.104	-17.88
224.338	-12.88
224.573	-11.88
224.808	-14.88
225.042	-4.88
225.277	2.12
225.511	-11.88
225.746	2.12
225.98	-2.88
226.215	10.12
226.449	22.12
226.683	25.12
226.918	18.12
227.152	21.12
227.387	30.12
227.621	34.12
227.856	44.12
228.09	51.12
228.324	48.12
228.559	54.12
228.793	82.12
229.027	117.12
229.262	135.12
229.496	151.12
229.73	169.12
229.964	164.12
230.199	148.12
230.433	159.12
230.667	131.12
230.901	144.12
231.136	128.12
231.37	147.12
231.604	145.12
231.838	145.12
232.072	149.12
232.306	135.12
232.541	146.12
232.775	145.12
233.009	160.12
233.243	149.12
233.477	160.12
233.711	166.12
233.945	126.12
234.179	140.12
234.413	147.12
234.647	132.12
234.881	154.12
235.115	153.12
235.349	152.12
235.583	134.12
235.817	156.12
236.051	162.12
236.285	167.12
236.519	152.12
236.753	159.12
236.987	183.12
237.221	225.12
237.455	270.12
237.689	224.12
237.922	183.12
238.156	157.12
238.39	164.12
238.624	158.12
238.858	168.12
239.091	171.12
239.325	165.12
239.559	175.12
239.793	165.12
240.027	157.12
240.26	171.12
240.494	185.12
240.728	186.12
240.961	194.12
241.195	198.12
241.429	177.12
241.662	178.12
241.896	186.12
242.13	180.12
242.363	186.12
242.597	177.12
242.83	175.12
243.064	199.12
243.298	201.12
243.531	189.12
243.765	196.12
243.998	188.12
244.232	188.12
244.465	203.12
244.699	206.12
244.932	214.12
245.166	187.12
245.399	188.12
245.633	212.12
245.866	208.12
246.099	194.12
246.333	203.12
246.566	206.12
246.8	200.12
247.033	190.12
247.266	201.12
247.5	224.12
247.733	227.12
247.966	216.12
248.2	239.12
248.433	247.12
248.666	238.12
248.899	263.12
249.133	260.12
249.366	292.12
249.599	257.12
249.832	270.12
250.066	262.12
250.299	262.12
250.532	272.12
250.765	283.12
250.998	285.12
251.231	272.12
251.465	293.12
251.698	276.12
251.931	274.12
252.164	258.12
252.397	257.12
252.63	276.12
252.863	282.12
253.096	287.12
253.329	292.12
253.562	291.12
253.795	290.12
254.028	279.12
254.261	277.12
254.494	300.12
254.727	311.12
254.96	324.12
255.193	332.12
255.426	293.12
255.659	312.12
255.892	351.12
256.124	359.12
256.357	392.12
256.59	349.12
256.823	308.12
257.056	326.12
257.289	291.12
257.521	315.12
257.754	297.12
257.987	291.12
258.22	287.12
258.452	291.12
258.685	310.12
258.918	305.12
259.151	302.12
259.383	303.12
259.616	307.12
259.849	305.12
260.081	316.12
260.314	328.12
260.547	297.12
260.779	327.12
261.012	341.12
261.244	342.12
261.477	313.12
261.71	321.12
261.942	323.12
262.175	325.12
262.407	343.12
262.64	317.12
262.872	295.12
263.105	319.12
263.337	320.12
263.57	318.12
263.802	316.12
264.035	313.12
264.267	303.12
264.499	303.12
264.732	318.12
264.964	326.12
265.197	308.12
265.429	325.12
265.661	311.12
265.894	333.12
266.126	316.12
266.358	332.12
266.591	331.12
266.823	343.12
267.055	328.12
267.287	329.12
267.52	346.12
267.752	350.12
267.984	350.12
268.216	346.12
268.448	327.12
268.681	341.12
268.913	345.12
269.145	363.12
269.377	371.12
269.609	368.12
269.841	361.12
270.073	372.12
270.306	399.12
270.538	407.12
270.77	414.12
271.002	399.12
271.234	401.12
271.466	403.12
271.698	399.12
271.93	403.12
272.162	410.12
272.394	431.12
272.626	423.12
272.858	413.12
273.09	393.12
273.322	408.12
273.553	401.12
273.785	390.12
274.017	394.12
274.249	386.12
274.481	404.12
274.713	424.12
274.945	400.12
275.176	381.12
275.408	400.12
275.64	399.12
275.872	412.12
276.104	423.12
276.335	407.12
276.567	394.12
276.799	424.12
277.031	454.12
277.262	438.12
277.494	463.12
277.726	442.12
277.957	427.12
278.189	415.12
278.421	415.12
278.652	423.12
278.884	414.12
279.115	419.12
279.347	426.12
279.579	431.12
279.81	419.12
280.042	431.12
280.273	420.12
280.505	433.12
280.736	420.12
280.968	410.12
281.199	412.12
281.431	433.12
281.662	433.12
281.894	419.12
282.125	407.12
282.356	469.12
282.588	485.12
282.819	469.12
283.051	432.12
283.282	417.12
283.513	447.12
283.745	441.12
283.976	439.12
284.207	449.12
284.439	456.12
284.67	459.12
284.901	452.12
285.132	437.12
285.364	439.12
285.595	441.12
285.826	460.12
286.057	457.12
286.288	448.12
286.52	469.12
286.751	478.12
286.982	469.12
287.213	472.12
287.444	472.12
287.675	473.12
287.906	476.12
288.138	490.12
288.369	495.12
288.6	491.12
288.831	480.12
289.062	461.12
289.293	485.12
289.524	488.12
289.755	485.12
289.986	487.12
290.217	485.12
290.448	468.12
290.679	460.12
290.91	467.12
291.141	476.12
291.371	483.12
291.602	477.12
291.833	471.12
292.064	495.12
292.295	476.12
292.526	475.12
292.757	478.12
292.987	487.12
293.218	487.12
293.449	479.12
293.68	465.12
293.91	458.12
294.141	499.12
294.372	475.12
294.603	509.12
294.833	493.12
295.064	491.12
295.295	498.12
295.525	501.12
295.756	511.12
295.987	515.12
296.217	539.12
296.448	564.12
296.679	540.12
296.909	511.12
297.14	523.12
297.37	508.12
297.601	516.12
297.831	529.12
298.062	500.12
298.292	512.12
298.523	522.12
298.753	543.12
298.984	519.12
299.214	533.12
299.445	537.12
299.675	532.12
299.905	526.12
300.136	546.12
300.366	552.12
300.597	525.12
300.827	567.12
301.057	568.12
301.288	587.12
301.518	589.12
301.748	558.12
301.979	569.12
302.209	581.12
302.439	597.12
302.669	543.12
302.9	580.12
303.13	545.12
303.36	597.12
303.59	589.12
303.82	569.12
304.051	568.12
304.281	578.12
304.511	568.12
304.741	577.12
304.971	573.12
305.201	589.12
305.431	580.12
305.661	558.12
305.891	571.12
306.121	581.12
306.352	574.12
306.582	587.12
306.812	572.12
307.042	573.12
307.272	584.12
307.502	583.12
307.731	598.12
307.961	592.12
308.191	581.12
308.421	568.12
308.651	577.12
308.881	580.12
309.111	582.12
309.341	580.12
309.571	599.12
309.8	605.12
310.03	601.12
310.26	615.12
310.49	613.12
310.72	635.12
310.949	637.12
311.179	672.12
311.409	644.12
311.639	627.12
311.868	637.12
312.098	641.12
312.328	639.12
312.557	675.12
312.787	669.12
313.017	675.12
313.246	659.12
313.476	652.12
313.706	680.12
313.935	664.12
314.165	663.12
314.394	705.12
314.624	708.12
314.853	685.12
315.083	660.12
315.312	665.12
315.542	631.12
315.771	657.12
316.001	637.12
316.23	664.12
316.46	658.12
316.689	670.12
316.919	653.12
317.148	679.12
317.377	675.12
317.607	669.12
317.836	661.12
318.065	664.12
318.295	658.12
318.524	688.12
318.753	673.12
318.983	675.12
319.212	664.12
319.441	671.12
319.67	688.12
319.9	659.12
320.129	683.12
320.358	683.12
320.587	662.12
320.816	677.12
321.046	726.12
321.275	692.12
321.504	677.12
321.733	678.12
321.962	681.12
322.191	731.12
322.42	733.12
322.649	776.12
322.878	792.12
323.108	772.12
323.337	781.12
323.566	837.12
323.795	891.12
324.024	933.12
324.253	1126.12
324.482	1487.12
324.71	2259.12
324.939	3160.12
325.168	2502.12
325.397	1363.12
325.626	1085.12
325.855	964.12
326.084	928.12
326.313	903.12
326.542	908.12
326.77	965.12
326.999	1100.12
327.228	1476.12
327.457	2116.12
327.686	2441.12
327.914	1616.12
328.143	1163.12
328.372	1134.12
328.6	1038.12
328.829	972.12
329.058	948.12
329.287	981.12
329.515	946.12
329.744	904.12
329.972	952.12
330.201	1021.12
330.43	1150.12
330.658	1098.12
330.887	1031.12
331.115	996.12
331.344	941.12
331.572	910.12
331.801	913.12
332.03	906.12
332.258	891.12
332.486	923.12
332.715	932.12
332.943	951.12
333.172	950.12
333.4	989.12
333.629	1015.12
333.857	1023.12
334.085	1117.12
334.314	1160.12
334.542	1289.12
334.771	1336.12
334.999	1110.12
335.227	969.12
335.455	948.12
335.684	949.12
335.912	960.12
336.14	912.12
336.369	941.12
336.597	907.12
336.825	907.12
337.053	888.12
337.281	901.12
337.51	889.12
337.738	859.12
337.966	849.12
338.194	836.12
338.422	852.12
338.65	863.12
338.878	849.12
339.106	835.12
339.334	837.12
339.562	834.12
339.79	795.12
340.018	821.12
340.246	817.12
340.474	825.12
340.702	838.12
340.93	822.12
341.158	815.12
341.386	834.12
341.614	829.12
341.842	814.12
342.07	803.12
342.298	795.12
342.526	804.12
342.754	835.12
342.981	823.12
343.209	808.12
343.437	835.12
343.665	881.12
343.893	953.12
344.12	949.12
344.348	924.12
344.576	890.12
344.804	896.12
345.031	852.12
345.259	865.12
345.487	833.12
345.714	835.12
345.942	831.12
346.17	808.12
346.397	841.12
346.625	792.12
346.853	787.12
347.08	787.12
347.308	789.12
347.535	816.12
347.763	811.12
347.99	830.12
348.218	822.12
348.445	847.12
348.673	829.12
348.9	806.12
349.128	793.12
349.355	765.12
349.583	784.12
349.81	789.12
350.037	775.12
350.265	785.12
350.492	761.12
350.72	798.12
350.947	775.12
351.174	798.12
351.402	809.12
351.629	801.12
351.856	796.12
352.083	826.12
352.311	791.12
352.538	813.12
352.765	823.12
352.992	797.12
353.22	823.12
353.447	790.12
353.674	808.12
353.901	788.12
354.128	767.12
354.355	787.12
354.583	783.12
354.81	783.12
355.037	773.12
355.264	748.12
355.491	770.12
355.718	780.12
355.945	760.12
356.172	785.12
356.399	779.12
356.626	788.12
356.853	808.12
357.08	795.12
357.307	787.12
357.534	802.12
357.761	773.12
357.988	775.12
358.215	786.12
358.441	805.12
358.668	774.12
358.895	830.12
359.122	820.12
359.349	847.12
359.576	833.12
359.802	852.12
360.029	879.12
360.256	906.12
360.483	870.12
360.709	826.12
360.936	832.12
361.163	841.12
361.39	820.12
361.616	831.12
361.843	815.12
362.07	850.12
362.296	828.12
362.523	825.12
362.749	816.12
362.976	830.12
363.203	801.12
363.429	816.12
363.656	844.12
363.882	803.12
364.109	838.12
364.335	813.12
364.562	816.12
364.788	817.12
365.015	796.12
365.241	848.12
365.468	843.12
365.694	835.12
365.92	839.12
366.147	833.12
366.373	823.12
366.599	823.12
366.826	811.12
367.052	812.12
367.278	831.12
367.505	827.12
367.731	845.12
367.957	815.12
368.184	811.12
368.41	846.12
368.636	860.12
368.862	861.12
369.089	871.12
369.315	835.12
369.541	866.12
369.767	848.12
369.993	864.12
370.219	850.12
370.445	847.12
370.672	855.12
370.898	839.12
371.124	875.12
371.35	883.12
371.576	860.12
371.802	890.12
372.028	879.12
372.254	911.12
372.48	881.12
372.706	897.12
372.932	920.12
373.158	903.12
373.384	903.12
373.61	880.12
373.835	892.12
374.061	900.12
374.287	903.12
374.513	909.12
374.739	916.12
374.965	946.12
375.191	964.12
375.416	955.12
375.642	921.12
375.868	915.12
376.094	955.12
376.319	899.12
376.545	906.12
376.771	887.12
376.997	893.12
377.222	895.12
377.448	907.12
377.674	893.12
377.899	878.12
378.125	892.12
378.35	886.12
378.576	882.12
378.802	888.12
379.027	879.12
379.253	869.12
379.478	883.12
379.704	903.12
379.929	881.12
380.155	885.12
380.38	895.12
380.606	914.12
380.831	880.12
381.057	929.12
381.282	894.12
381.507	903.12
381.733	951.12
381.958	911.12
382.184	922.12
382.409	931.12
382.634	961.12
382.86	949.12
383.085	956.12
383.31	961.12
383.535	993.12
383.761	984.12
383.986	1015.12
384.211	1038.12
384.436	1033.12
384.662	1008.12
384.887	1016.12
385.112	1053.12
385.337	1071.12
385.562	1062.12
385.787	1094.12
386.013	1101.12
386.238	1072.12
386.463	1090.12
386.688	1099.12
386.913	1067.12
387.138	1084.12
387.363	1070.12
387.588	1030.12
387.813	1080.12
388.038	1051.12
388.263	1076.12
388.488	1071.12
388.713	1078.12
388.938	1049.12
389.163	1051.12
389.387	1047.12
389.612	1057.12
389.837	1047.12
390.062	1056.12
390.287	1071.12
390.512	1050.12
390.736	1058.12
390.961	1090.12
391.186	1061.12
391.411	1107.12
391.636	1143.12
391.86	1205.12
392.085	1157.12
392.31	1179.12
392.534	1145.12
392.759	1173.12
392.984	1165.12
393.208	1179.12
393.433	1237.12
393.658	1239.12
393.882	1149.12
394.107	1139.12
394.331	1155.12
394.556	1133.12
394.78	1153.12
395.005	1146.12
395.229	1152.12
395.454	1208.12
395.678	1223.12
395.903	1190.12
396.127	1223.12
396.352	1176.12
396.576	1157.12
396.801	1168.12
397.025	1270.12
397.249	1223.12
397.474	1233.12
397.698	1237.12
397.922	1251.12
398.147	1227.12
398.371	1266.12
398.595	1303.12
398.82	1340.12
399.044	1392.12
399.268	1502.12
399.492	1691.12
399.717	1878.12
399.941	1873.12
400.165	1780.12
400.389	1636.12
400.613	1506.12
400.837	1424.12
401.062	1380.12
401.286	1355.12
401.51	1329.12
401.734	1335.12
401.958	1382.12
402.182	1407.12
402.406	1444.12
402.63	1452.12
402.854	1467.12
403.078	1431.12
403.302	1481.12
403.526	1519.12
403.75	1533.12
403.974	1500.12
404.198	1563.12
404.422	1547.12
404.645	1567.12
404.869	1539.12
405.093	1623.12
405.317	1626.12
405.541	1661.12
405.765	1583.12
405.988	1568.12
406.212	1567.12
406.436	1580.12
406.66	1640.12
406.883	1592.12
407.107	1702.12
407.331	1801.12
407.555	1901.12
407.778	1852.12
408.002	1760.12
408.226	1671.12
408.449	1659.12
408.673	1611.12
408.896	1630.12
409.12	1644.12
409.344	1593.12
409.567	1560.12
409.791	1552.12
410.014	1524.12
410.238	1480.12
410.461	1503.12
410.685	1517.12
410.908	1535.12
411.132	1540.12
411.355	1557.12
411.578	1532.12
411.802	1462.12
412.025	1473.12
412.249	1517.12
412.472	1546.12
412.695	1628.12
412.919	1566.12
413.142	1488.12
413.365	1463.12
413.589	1435.12
413.812	1400.12
414.035	1415.12
414.258	1382.12
414.482	1402.12
414.705	1409.12
414.928	1428.12
415.151	1395.12
415.374	1409.12
415.597	1387.12
415.821	1396.12
416.044	1371.12
416.267	1350.12
416.49	1387.12
416.713	1367.12
416.936	1381.12
417.159	1401.12
417.382	1382.12
417.605	1411.12
417.828	1415.12
418.051	1437.12
418.274	1439.12
418.497	1399.12
418.72	1438.12
418.943	1416.12
419.166	1520.12
419.389	1580.12
419.611	1564.12
419.834	1479.12
420.057	1529.12
420.28	1501.12
420.503	1470.12
420.726	1468.12
420.948	1484.12
421.171	1492.12
421.394	1545.12
421.617	1494.12
421.839	1483.12
422.062	1467.12
422.285	1441.12
422.507	1556.12
422.73	1648.12
422.953	1620.12
423.175	1517.12
423.398	1510.12
423.621	1496.12
423.843	1530.12
424.066	1535.12
424.288	1540.12
424.511	1536.12
424.733	1608.12
424.956	1678.12
425.178	1629.12
425.401	1616.12
425.623	1638.12
425.846	1529.12
426.068	1474.12
426.291	1427.12
426.513	1401.12
426.735	1383.12
426.958	1481.12
427.18	1565.12
427.402	1723.12
427.625	1853.12
427.847	1699.12
428.069	1593.12
428.292	1431.12
428.514	1367.12
428.736	1371.12
428.958	1328.12
429.181	1305.12
429.403	1304.12
429.625	1307.12
429.847	1357.12
430.069	1408.12
430.292	1430.12
430.514	1295.12
430.736	1320.12
430.958	1278.12
431.18	1264.12
431.402	1263.12
431.624	1227.12
431.846	1252.12
432.068	1243.12
432.29	1269.12
432.512	1253.12
432.734	1307.12
432.956	1297.12
433.178	1284.12
433.4	1324.12
433.622	1303.12
433.844	1348.12
434.066	1289.12
434.287	1264.12
434.509	1307.12
434.731	1325.12
434.953	1403.12
435.175	1423.12
435.397	1462.12
435.618	1417.12
435.84	1424.12
436.062	1508.12
436.284	1543.12
436.505	1423.12
436.727	1361.12
436.949	1333.12
437.17	1294.12
437.392	1268.12
437.614	1294.12
437.835	1329.12
438.057	1438.12
438.278	1545.12
438.5	1579.12
438.721	1696.12
438.943	1634.12
439.165	1409.12
439.386	1382.12
439.608	1357.12
439.829	1398.12
440.05	1408.12
440.272	1454.12
440.493	1423.12
440.715	1372.12
440.936	1397.12
441.158	1407.12
441.379	1374.12
441.6	1493.12
441.822	1499.12
442.043	1599.12
442.264	1640.12
442.486	1644.12
442.707	1502.12
442.928	1461.12
443.149	1493.12
443.371	1529.12
443.592	1560.12
443.813	1679.12
444.034	1735.12
444.255	1599.12
444.476	1565.12
444.698	1631.12
444.919	1671.12
445.14	1729.12
445.361	1645.12
445.582	1572.12
445.803	1581.12
446.024	1665.12
446.245	1674.12
446.466	1555.12
446.687	1446.12
446.908	1390.12
447.129	1334.12
447.35	1355.12
447.571	1299.12
447.792	1252.12
448.013	1274.12
448.234	1297.12
448.455	1357.12
448.675	1485.12
448.896	1585.12
449.117	1421.12
449.338	1409.12
449.559	1556.12
449.779	1651.12
450	1418.12
450.221	1327.12
450.442	1248.12
450.662	1225.12
450.883	1286.12
451.104	1303.12
451.324	1255.12
451.545	1189.12
451.766	1195.12
451.986	1173.12
452.207	1152.12
452.428	1159.12
452.648	1139.12
452.869	1149.12
453.089	1123.12
453.31	1155.12
453.53	1091.12
453.751	1101.12
453.971	1107.12
454.192	1134.12
454.412	1099.12
454.633	1099.12
454.853	1124.12
455.073	1101.12
455.294	1138.12
455.514	1201.12
455.734	1159.12
455.955	1081.12
456.175	1069.12
456.395	1041.12
456.616	1044.12
456.836	1046.12
457.056	1027.12
457.276	1017.12
457.497	1068.12
457.717	1062.12
457.937	1050.12
458.157	1108.12
458.377	1047.12
458.598	1111.12
458.818	1233.12
459.038	1312.12
459.258	1337.12
459.478	1238.12
459.698	1216.12
459.918	1237.12
460.138	1281.12
460.358	1345.12
460.578	1347.12
460.798	1364.12
461.018	1423.12
461.238	1357.12
461.458	1328.12
461.678	1342.12
461.898	1349.12
462.118	1398.12
462.338	1454.12
462.558	1441.12
462.777	1518.12
462.997	1601.12
463.217	1693.12
463.437	1671.12
463.657	1595.12
463.876	1508.12
464.096	1516.12
464.316	1505.12
464.536	1549.12
464.755	1489.12
464.975	1497.12
465.195	1512.12
465.414	1597.12
465.634	1379.12
465.854	1291.12
466.073	1243.12
466.293	1229.12
466.512	1207.12
466.732	1208.12
466.951	1222.12
467.171	1205.12
467.391	1214.12
467.61	1185.12
467.829	1241.12
468.049	1244.12
468.268	1254.12
468.488	1235.12
468.707	1162.12
468.927	1173.12
469.146	1166.12
469.365	1199.12
469.585	1212.12
469.804	1231.12
470.023	1265.12
470.243	1263.12
470.462	1314.12
470.681	1320.12
470.901	1312.12
471.12	1216.12
471.339	1187.12
471.558	1217.12
471.777	1226.12
471.997	1212.12
472.216	1225.12
472.435	1432.12
472.654	1317.12
472.873	1125.12
473.092	1168.12
473.311	1145.12
473.53	1147.12
473.749	1153.12
473.968	1207.12
474.187	1283.12
474.406	1274.12
474.625	1223.12
474.844	1145.12
475.063	1152.12
475.282	1144.12
475.501	1155.12
475.72	1152.12
475.939	1169.12
476.158	1150.12
476.377	1180.12
476.596	1207.12
476.814	1192.12
477.033	1191.12
477.252	1213.12
477.471	1235.12
477.69	1305.12
477.908	1325.12
478.127	1368.12
478.346	1387.12
478.564	1367.12
478.783	1374.12
479.002	1406.12
479.22	1441.12
479.439	1416.12
479.658	1403.12
479.876	1430.12
480.095	1437.12
480.313	1497.12
480.532	1519.12
480.751	1499.12
480.969	1471.12
481.188	1755.12
481.406	1879.12
481.624	1495.12
481.843	1362.12
482.061	1344.12
482.28	1339.12
482.498	1295.12
482.717	1278.12
482.935	1315.12
483.153	1353.12
483.372	1424.12
483.59	1391.12
483.808	1355.12
484.027	1342.12
484.245	1302.12
484.463	1353.12
484.681	1435.12
484.9	1383.12
485.118	1407.12
485.336	1389.12
485.554	1373.12
485.772	1348.12
485.99	1347.12
486.209	1356.12
486.427	1385.12
486.645	1396.12
486.863	1399.12
487.081	1417.12
487.299	1366.12
487.517	1432.12
487.735	1499.12
487.953	1507.12
488.171	1505.12
488.389	1475.12
488.607	1465.12
488.825	1436.12
489.043	1369.12
489.261	1415.12
489.479	1409.12
489.696	1466.12
489.914	1455.12
490.132	1470.12
490.35	1488.12
490.568	1492.12
490.786	1568.12
491.003	1586.12
491.221	1622.12
491.439	1659.12
491.657	1680.12
491.874	1726.12
492.092	1760.12
492.31	1811.12
492.527	1836.12
492.745	1773.12
492.963	1734.12
493.18	1729.12
493.398	1759.12
493.615	1746.12
493.833	1705.12
494.05	1704.12
494.268	1670.12
494.485	1713.12
494.703	1738.12
494.92	1721.12
495.138	1720.12
495.355	1644.12
495.573	1705.12
495.79	1726.12
496.008	1667.12
496.225	1672.12
496.442	1716.12
496.66	1687.12
496.877	1711.12
497.094	1738.12
497.312	1709.12
497.529	1748.12
497.746	1756.12
497.963	1776.12
498.181	1801.12
498.398	1849.12
498.615	1934.12
498.832	2039.12
499.049	2128.12
499.267	2279.12
499.484	2379.12
499.701	2663.12
499.918	2870.12
500.135	3176.12
500.352	3543.12
500.569	3639.12
500.786	3671.12
501.003	3395.12
501.22	3108.12
501.437	2848.12
501.654	2569.12
501.871	2420.12
502.088	2248.12
502.305	2100.12
502.522	2045.12
502.739	2004.12
502.956	1864.12
503.172	1787.12
503.389	1790.12
503.606	1747.12
503.823	1707.12
504.04	1695.12
504.256	1719.12
504.473	1702.12
504.69	1707.12
504.907	1683.12
505.123	1580.12
505.34	1575.12
505.557	1551.12
505.773	1508.12
505.99	1449.12
506.207	1411.12
506.423	1445.12
506.64	1417.12
506.856	1451.12
507.073	1407.12
507.289	1385.12
507.506	1357.12
507.722	1426.12
507.939	1440.12
508.155	1357.12
508.372	1311.12
508.588	1301.12
508.805	1327.12
509.021	1310.12
509.238	1331.12
509.454	1298.12
509.67	1310.12
509.887	1255.12
510.103	1275.12
510.319	1309.12
510.536	1545.12
510.752	2747.12
510.968	1962.12
511.184	1330.12
511.401	1251.12
511.617	1235.12
511.833	1262.12
512.049	1275.12
512.265	1241.12
512.481	1252.12
512.698	1249.12
512.914	1229.12
513.13	1224.12
513.346	1215.12
513.562	1240.12
513.778	1260.12
513.994	1253.12
514.21	1251.12
514.426	1323.12
514.642	1368.12
514.858	1387.12
515.074	1478.12
515.29	1801.12
515.506	2751.12
515.721	2093.12
515.937	1495.12
516.153	1394.12
516.369	1380.12
516.585	1403.12
516.801	1407.12
517.016	1403.12
517.232	1451.12
517.448	1498.12
517.664	1555.12
517.879	1552.12
518.095	1534.12
518.311	1548.12
518.527	1438.12
518.742	1442.12
518.958	1424.12
519.173	1406.12
519.389	1382.12
519.605	1367.12
519.82	1301.12
520.036	1333.12
520.251	1330.12
520.467	1331.12
520.682	1308.12
520.898	1299.12
521.113	1323.12
521.329	1418.12
521.544	1527.12
521.76	1909.12
521.975	3555.12
522.19	3250.12
522.406	1731.12
522.621	1352.12
522.836	1277.12
523.052	1183.12
523.267	1209.12
523.482	1162.12
523.698	1147.12
523.913	1186.12
524.128	1167.12
524.343	1151.12
524.559	1110.12
524.774	1123.12
524.989	1146.12
525.204	1170.12
525.419	1162.12
525.634	1122.12
525.849	1106.12
526.064	1071.12
526.28	1097.12
526.495	1037.12
526.71	1020.12
526.925	1053.12
527.14	1047.12
527.355	1040.12
527.57	1028.12
527.785	1055.12
527.999	1029.12
528.214	1083.12
528.429	1064.12
528.644	1099.12
528.859	1095.12
529.074	1120.12
529.289	1181.12
529.503	1356.12
529.718	1238.12
529.933	1114.12
530.148	1049.12
530.363	1031.12
530.577	1004.12
530.792	1029.12
531.007	981.12
531.221	1034.12
531.436	994.12
531.651	1037.12
531.865	963.12
532.08	1016.12
532.295	1028.12
532.509	1011.12
532.724	1010.12
532.938	1018.12
533.153	1005.12
533.367	1048.12
533.582	1057.12
533.796	1056.12
534.011	1009.12
534.225	981.12
534.44	982.12
534.654	966.12
534.868	996.12
535.083	1006.12
535.297	1008.12
535.511	983.12
535.726	1015.12
535.94	992.12
536.154	969.12
536.369	970.12
536.583	966.12
536.797	934.12
537.011	922.12
537.225	924.12
537.44	930.12
537.654	952.12
537.868	924.12
538.082	921.12
538.296	926.12
538.51	932.12
538.724	990.12
538.938	978.12
539.153	992.12
539.367	1009.12
539.581	959.12
539.795	934.12
540.009	928.12
540.222	917.12
540.436	928.12
540.65	948.12
540.864	985.12
541.078	1020.12
541.292	1043.12
541.506	1071.12
541.72	1111.12
541.934	1147.12
542.147	1158.12
542.361	1078.12
542.575	1067.12
542.789	1039.12
543.002	981.12
543.216	950.12
543.43	965.12
543.644	1003.12
543.857	1015.12
544.071	1067.12
544.285	1042.12
544.498	1044.12
544.712	1067.12
544.925	1087.12
545.139	1083.12
545.352	1101.12
545.566	1085.12
545.779	1114.12
545.993	1069.12
546.206	1085.12
546.42	1091.12
546.633	1112.12
546.847	1095.12
547.06	1101.12
547.274	1109.12
547.487	1102.12
547.7	1148.12
547.914	1097.12
548.127	1093.12
548.34	1080.12
548.554	1092.12
548.767	1129.12
548.98	1099.12
549.193	1104.12
549.407	1101.12
549.62	1074.12
549.833	1104.12
550.046	1094.12
550.259	1077.12
550.473	1094.12
550.686	1067.12
550.899	1039.12
551.112	1042.12
551.325	1032.12
551.538	979.12
551.751	949.12
551.964	952.12
552.177	1010.12
552.39	1032.12
552.603	1053.12
552.816	1123.12
553.029	1125.12
553.242	1182.12
553.455	1148.12
553.667	1170.12
553.88	1192.12
554.093	1132.12
554.306	1076.12
554.519	1064.12
554.732	1070.12
554.944	1035.12
555.157	1037.12
555.37	1013.12
555.583	1011.12
555.795	1005.12
556.008	953.12
556.221	963.12
556.433	948.12
556.646	925.12
556.859	917.12
557.071	930.12
557.284	915.12
557.496	915.12
557.709	904.12
557.921	904.12
558.134	905.12
558.346	898.12
558.559	903.12
558.771	914.12
558.984	872.12
559.196	875.12
559.409	905.12
559.621	846.12
559.833	842.12
560.046	876.12
560.258	853.12
560.47	870.12
560.683	849.12
560.895	848.12
561.107	844.12
561.32	845.12
561.532	848.12
561.744	864.12
561.956	873.12
562.168	852.12
562.381	865.12
562.593	826.12
562.805	864.12
563.017	865.12
563.229	867.12
563.441	852.12
563.653	840.12
563.865	829.12
564.077	861.12
564.289	825.12
564.501	849.12
564.713	884.12
564.925	895.12
565.137	915.12
565.349	867.12
565.561	925.12
565.773	939.12
565.985	962.12
566.197	1016.12
566.408	1067.12
566.62	1115.12
566.832	1187.12
567.044	1193.12
567.255	1202.12
567.467	1231.12
567.679	1268.12
567.891	1372.12
568.102	1325.12
568.314	1262.12
568.526	1119.12
568.737	1051.12
568.949	977.12
569.161	897.12
569.372	875.12
569.584	840.12
569.795	790.12
570.007	795.12
570.218	860.12
570.43	817.12
570.641	781.12
570.853	759.12
571.064	782.12
571.276	792.12
571.487	761.12
571.698	757.12
571.91	727.12
572.121	713.12
572.333	684.12
572.544	693.12
572.755	653.12
572.966	647.12
573.178	635.12
573.389	640.12
573.6	631.12
573.811	615.12
574.023	593.12
574.234	612.12
574.445	630.12
574.656	630.12
574.867	623.12
575.078	644.12
575.289	615.12
575.501	607.12
575.712	600.12
575.923	591.12
576.134	599.12
576.345	608.12
576.556	614.12
576.767	614.12
576.978	625.12
577.188	619.12
577.399	589.12
577.61	593.12
577.821	574.12
578.032	566.12
578.243	652.12
578.454	1066.12
578.665	730.12
578.875	566.12
579.086	555.12
579.297	529.12
579.508	555.12
579.718	541.12
579.929	539.12
580.14	543.12
580.35	535.12
580.561	527.12
580.772	519.12
580.982	542.12
581.193	540.12
581.403	525.12
581.614	534.12
581.825	544.12
582.035	513.12
582.246	558.12
582.456	521.12
582.667	532.12
582.877	495.12
583.087	524.12
583.298	502.12
583.508	497.12
583.719	513.12
583.929	523.12
584.139	487.12
584.35	504.12
584.56	507.12
584.77	493.12
584.981	518.12
585.191	512.12
585.401	508.12
585.611	523.12
585.821	514.12
586.032	527.12
586.242	490.12
586.452	521.12
586.662	501.12
586.872	492.12
587.082	499.12
587.292	494.12
587.502	504.12
587.713	514.12
587.923	484.12
588.133	475.12
588.343	478.12
588.553	488.12
588.762	483.12
588.972	492.12
589.182	560.12
589.392	538.12
589.602	511.12
589.812	548.12
590.022	517.12
590.232	482.12
590.441	481.12
590.651	501.12
590.861	510.12
591.071	498.12
591.281	512.12
591.49	505.12
591.7	507.12
591.91	517.12
592.119	514.12
592.329	536.12
592.539	569.12
592.748	552.12
592.958	582.12
593.167	582.12
593.377	588.12
593.587	636.12
593.796	616.12
594.006	579.12
594.215	608.12
594.424	610.12
594.634	613.12
594.843	596.12
595.053	585.12
595.262	573.12
595.472	531.12
595.681	527.12
595.89	516.12
596.1	501.12
596.309	501.12
596.518	486.12
596.727	499.12
596.937	491.12
597.146	496.12
597.355	477.12
597.564	471.12
597.774	481.12
597.983	446.12
598.192	453.12
598.401	450.12
598.61	441.12
598.819	441.12
599.028	443.12
599.237	442.12
599.446	429.12
599.655	441.12
599.864	415.12
600.073	424.12
600.282	445.12
600.491	448.12
600.7	449.12
600.909	437.12
601.118	461.12
601.327	483.12
601.536	472.12
601.745	503.12
601.953	444.12
602.162	471.12
602.371	481.12
602.58	471.12
602.789	468.12
602.997	496.12
603.206	473.12
603.415	459.12
603.623	469.12
603.832	477.12
604.041	468.12
604.249	453.12
604.458	432.12
604.666	411.12
604.875	449.12
605.084	440.12
605.292	471.12
605.501	470.12
605.709	476.12
605.918	477.12
606.126	467.12
606.334	486.12
606.543	506.12
606.751	496.12
606.96	470.12
607.168	461.12
607.376	468.12
607.585	460.12
607.793	477.12
608.001	471.12
608.21	472.12
608.418	453.12
608.626	468.12
608.834	469.12
609.043	471.12
609.251	455.12
609.459	492.12
609.667	479.12
609.875	499.12
610.083	500.12
610.291	490.12
610.499	497.12
610.707	487.12
610.916	461.12
611.124	472.12
611.332	460.12
611.54	464.12
611.748	477.12
611.955	488.12
612.163	484.12
612.371	509.12
612.579	459.12
612.787	469.12
612.995	447.12
613.203	466.12
613.411	478.12
613.618	457.12
613.826	481.12
614.034	452.12
614.242	465.12
614.449	457.12
614.657	455.12
614.865	471.12
615.072	486.12
615.28	466.12
615.488	468.12
615.695	471.12
615.903	479.12
616.111	463.12
616.318	477.12
616.526	471.12
616.733	480.12
616.941	443.12
617.148	478.12
617.356	482.12
617.563	447.12
617.771	454.12
617.978	453.12
618.185	464.12
618.393	462.12
618.6	479.12
618.807	458.12
619.015	470.12
619.222	450.12
619.429	443.12
619.637	429.12
619.844	392.12
620.051	407.12
620.258	407.12
620.466	435.12
620.673	436.12
620.88	424.12
621.087	404.12
621.294	420.12
621.501	414.12
621.708	418.12
621.915	425.12
622.122	432.12
622.329	429.12
622.536	432.12
622.743	411.12
622.95	433.12
623.157	408.12
623.364	406.12
623.571	412.12
623.778	403.12
623.985	407.12
624.192	413.12
624.399	398.12
624.606	407.12
624.812	384.12
625.019	378.12
625.226	399.12
625.433	399.12
625.639	364.12
625.846	349.12
626.053	357.12
626.259	341.12
626.466	329.12
626.673	339.12
626.879	351.12
627.086	349.12
627.293	344.12
627.499	385.12
627.706	389.12
627.912	364.12
628.119	395.12
628.325	392.12
628.532	372.12
628.738	380.12
628.945	371.12
629.151	343.12
629.357	360.12
629.564	371.12
629.77	369.12
629.976	361.12
630.183	356.12
630.389	347.12
630.595	337.12
630.802	373.12
631.008	375.12
631.214	379.12
631.42	360.12
631.627	339.12
631.833	318.12
632.039	319.12
632.245	328.12
632.451	329.12
632.657	353.12
632.863	340.12
633.069	353.12
633.275	339.12
633.481	323.12
633.688	321.12
633.893	343.12
634.099	327.12
634.305	311.12
634.511	350.12
634.717	331.12
634.923	296.12
635.129	307.12
635.335	313.12
635.541	321.12
635.747	322.12
635.952	311.12
636.158	330.12
636.364	353.12
636.57	359.12
636.775	368.12
636.981	347.12
637.187	334.12
637.392	333.12
637.598	339.12
637.804	326.12
638.009	338.12
638.215	321.12
638.421	329.12
638.626	308.12
638.832	315.12
639.037	310.12
639.243	292.12
639.448	316.12
639.654	316.12
639.859	289.12
640.065	304.12
640.27	286.12
640.475	301.12
640.681	313.12
640.886	304.12
641.091	316.12
641.297	346.12
641.502	310.12
641.707	306.12
641.913	318.12
642.118	300.12
642.323	321.12
642.528	288.12
642.733	318.12
642.939	295.12
643.144	291.12
643.349	282.12
643.554	300.12
643.759	304.12
643.964	305.12
644.169	320.12
644.374	317.12
644.579	294.12
644.784	302.12
644.989	305.12
645.194	307.12
645.399	310.12
645.604	284.12
645.809	296.12
646.014	302.12
646.219	284.12
646.423	295.12
646.628	302.12
646.833	309.12
647.038	292.12
647.243	283.12
647.447	289.12
647.652	300.12
647.857	296.12
648.062	314.12
648.266	313.12
648.471	321.12
648.676	309.12
648.88	310.12
649.085	304.12
649.289	308.12
649.494	284.12
649.698	319.12
649.903	323.12
650.107	311.12
650.312	310.12
650.516	282.12
650.721	294.12
650.925	276.12
651.13	253.12
651.334	262.12
651.539	265.12
651.743	247.12
651.947	255.12
652.152	255.12
652.356	246.12
652.56	242.12
652.764	223.12
652.969	246.12
653.173	241.12
653.377	236.12
653.581	233.12
653.785	222.12
653.99	238.12
654.194	216.12
654.398	219.12
654.602	199.12
654.806	223.12
655.01	217.12
655.214	235.12
655.418	216.12
655.622	219.12
655.826	211.12
656.03	203.12
656.234	205.12
656.438	224.12
656.642	224.12
656.846	231.12
657.049	218.12
657.253	191.12
657.457	191.12
657.661	180.12
657.865	155.12
658.068	163.12
658.272	148.12
658.476	146.12
658.68	140.12
658.883	125.12
659.087	147.12
659.291	148.12
659.494	135.12
659.698	134.12
659.901	126.12
660.105	123.12
660.309	132.12
660.512	125.12
660.716	123.12
660.919	110.12
661.123	108.12
661.326	91.12
661.53	107.12
661.733	94.12
661.936	97.12
662.14	89.12
662.343	103.12
662.546	97.12
662.75	94.12
662.953	85.12
663.156	96.12
663.36	82.12
663.563	92.12
663.766	81.12
663.969	100.12
664.173	88.12
664.376	85.12
664.579	79.12
664.782	78.12
664.985	76.12
665.188	92.12
665.391	78.12
665.594	91.12
665.797	91.12
666	82.12
666.203	73.12
666.406	72.12
666.609	91.12
666.812	77.12
667.015	67.12
667.218	78.12
667.421	69.12
667.624	90.12
667.827	97.12
668.03	84.12
668.232	87.12
668.435	88.12
668.638	95.12
668.841	88.12
669.043	78.12
669.246	79.12
669.449	94.12
669.651	87.12
669.854	73.12
670.057	84.12
670.259	81.12
670.462	91.12
670.665	83.12
670.867	77.12
671.07	86.12
671.272	67.12
671.475	88.12
671.677	80.12
671.88	73.12
672.082	89.12
672.284	83.12
672.487	76.12
672.689	76.12
672.892	81.12
