223.165	-17.94
223.4	-17.94
223.635	-17.94
223.869	-12.94
224.104	-8.94
224.338	-11.94
224.573	-23.94
224.808	-18.94
225.042	-9.94
225.277	-12.94
225.511	4.06
225.746	-0.94
225.98	8.06
226.215	17.06
226.449	14.06
226.683	12.06
226.918	33.06
227.152	30.06
227.387	45.06
227.621	34.06
227.856	49.06
228.09	37.06
228.324	51.06
228.559	57.06
228.793	78.06
229.027	125.06
229.262	141.06
229.496	154.06
229.73	183.06
229.964	217.06
230.199	169.06
230.433	151.06
230.667	156.06
230.901	161.06
231.136	158.06
231.37	149.06
231.604	158.06
231.838	140.06
232.072	142.06
232.306	163.06
232.541	174.06
232.775	148.06
233.009	153.06
233.243	147.06
233.477	164.06
233.711	158.06
233.945	166.06
234.179	169.06
234.413	133.06
234.647	163.06
234.881	157.06
235.115	187.06
235.349	175.06
235.583	150.06
235.817	183.06
236.051	161.06
236.285	175.06
236.519	162.06
236.753	192.06
236.987	201.06
237.221	236.06
237.455	302.06
237.689	255.06
237.922	193.06
238.156	205.06
238.39	197.06
238.624	174.06
238.858	178.06
239.091	162.06
239.325	173.06
239.559	205.06
239.793	191.06
240.027	181.06
240.26	199.06
240.494	231.06
240.728	211.06
240.961	195.06
241.195	213.06
241.429	190.06
241.662	171.06
241.896	191.06
242.13	194.06
242.363	207.06
242.597	188.06
242.83	206.06
243.064	200.06
243.298	197.06
243.531	204.06
243.765	211.06
243.998	223.06
244.232	212.06
244.465	219.06
244.699	218.06
244.932	224.06
245.166	237.06
245.399	226.06
245.633	233.06
245.866	230.06
246.099	221.06
246.333	221.06
246.566	235.06
246.8	226.06
247.033	227.06
247.266	231.06
247.5	248.06
247.733	259.06
247.966	253.06
248.2	272.06
248.433	249.06
248.666	255.06
248.899	282.06
249.133	290.06
249.366	290.06
249.599	307.06
249.832	263.06
250.066	284.06
250.299	322.06
250.532	365.06
250.765	361.06
250.998	374.06
251.231	362.06
251.465	347.06
251.698	336.06
251.931	308.06
252.164	317.06
252.397	313.06
252.63	308.06
252.863	330.06
253.096	334.06
253.329	339.06
253.562	325.06
253.795	337.06
254.028	341.06
254.261	328.06
254.494	365.06
254.727	369.06
254.96	383.06
255.193	388.06
255.426	365.06
255.659	399.06
255.892	443.06
256.124	514.06
256.357	558.06
256.59	462.06
256.823	421.06
257.056	386.06
257.289	375.06
257.521	371.06
257.754	353.06
257.987	352.06
258.22	347.06
258.452	334.06
258.685	343.06
258.918	321.06
259.151	342.06
259.383	350.06
259.616	344.06
259.849	350.06
260.081	366.06
260.314	380.06
260.547	377.06
260.779	361.06
261.012	354.06
261.244	338.06
261.477	348.06
261.71	357.06
261.942	357.06
262.175	388.06
262.407	358.06
262.64	345.06
262.872	335.06
263.105	353.06
263.337	342.06
263.57	326.06
263.802	352.06
264.035	340.06
264.267	344.06
264.499	343.06
264.732	349.06
264.964	354.06
265.197	340.06
265.429	347.06
265.661	348.06
265.894	350.06
266.126	358.06
266.358	341.06
266.591	343.06
266.823	366.06
267.055	363.06
267.287	371.06
267.52	374.06
267.752	365.06
267.984	367.06
268.216	378.06
268.448	375.06
268.681	381.06
268.913	391.06
269.145	403.06
269.377	409.06
269.609	429.06
269.841	410.06
270.073	417.06
270.306	444.06
270.538	456.06
270.77	463.06
271.002	435.06
271.234	439.06
271.466	439.06
271.698	460.06
271.93	454.06
272.162	477.06
272.394	478.06
272.626	462.06
272.858	455.06
273.09	438.06
273.322	457.06
273.553	433.06
273.785	418.06
274.017	428.06
274.249	438.06
274.481	459.06
274.713	427.06
274.945	449.06
275.176	437.06
275.408	436.06
275.64	454.06
275.872	462.06
276.104	447.06
276.335	453.06
276.567	455.06
276.799	486.06
277.031	512.06
277.262	515.06
277.494	551.06
277.726	508.06
277.957	489.06
278.189	474.06
278.421	481.06
278.652	455.06
278.884	455.06
279.115	478.06
279.347	463.06
279.579	474.06
279.81	471.06
280.042	505.06
280.273	521.06
280.505	530.06
280.736	488.06
280.968	491.06
281.199	460.06
281.431	461.06
281.662	490.06
281.894	500.06
282.125	489.06
282.356	509.06
282.588	539.06
282.819	545.06
283.051	504.06
283.282	479.06
283.513	480.06
283.745	475.06
283.976	483.06
284.207	502.06
284.439	509.06
284.67	496.06
284.901	519.06
285.132	476.06
285.364	467.06
285.595	480.06
285.826	493.06
286.057	501.06
286.288	527.06
286.52	495.06
286.751	519.06
286.982	512.06
287.213	503.06
287.444	515.06
287.675	514.06
287.906	521.06
288.138	511.06
288.369	515.06
288.6	520.06
288.831	519.06
289.062	509.06
289.293	525.06
289.524	504.06
289.755	525.06
289.986	523.06
290.217	511.06
290.448	523.06
290.679	527.06
290.91	500.06
291.141	525.06
291.371	500.06
291.602	525.06
291.833	527.06
292.064	508.06
292.295	531.06
292.526	535.06
292.757	530.06
292.987	519.06
293.218	509.06
293.449	523.06
293.68	541.06
293.91	538.06
294.141	521.06
294.372	530.06
294.603	539.06
294.833	538.06
295.064	528.06
295.295	559.06
295.525	543.06
295.756	526.06
295.987	577.06
296.217	603.06
296.448	597.06
296.679	570.06
296.909	541.06
297.14	553.06
297.37	565.06
297.601	579.06
297.831	573.06
298.062	565.06
298.292	580.06
298.523	580.06
298.753	583.06
298.984	579.06
299.214	584.06
299.445	556.06
299.675	573.06
299.905	607.06
300.136	590.06
300.366	586.06
300.597	602.06
300.827	610.06
301.057	630.06
301.288	634.06
301.518	629.06
301.748	627.06
301.979	635.06
302.209	626.06
302.439	628.06
302.669	624.06
302.9	633.06
303.13	648.06
303.36	628.06
303.59	632.06
303.82	657.06
304.051	657.06
304.281	635.06
304.511	638.06
304.741	635.06
304.971	622.06
305.201	619.06
305.431	613.06
305.661	627.06
305.891	601.06
306.121	626.06
306.352	659.06
306.582	641.06
306.812	625.06
307.042	617.06
307.272	638.06
307.502	683.06
307.731	665.06
307.961	643.06
308.191	661.06
308.421	634.06
308.651	637.06
308.881	647.06
309.111	662.06
309.341	653.06
309.571	657.06
309.8	674.06
310.03	683.06
310.26	673.06
310.49	691.06
310.72	705.06
310.949	747.06
311.179	742.06
311.409	714.06
311.639	682.06
311.868	722.06
312.098	715.06
312.328	719.06
312.557	767.06
312.787	767.06
313.017	777.06
313.246	747.06
313.476	711.06
313.706	715.06
313.935	722.06
314.165	753.06
314.394	780.06
314.624	758.06
314.853	746.06
315.083	715.06
315.312	736.06
315.542	717.06
315.771	730.06
316.001	715.06
316.23	691.06
316.46	698.06
316.689	733.06
316.919	733.06
317.148	733.06
317.377	718.06
317.607	715.06
317.836	738.06
318.065	768.06
318.295	745.06
318.524	742.06
318.753	706.06
318.983	754.06
319.212	769.06
319.441	774.06
319.67	773.06
319.9	731.06
320.129	742.06
320.358	762.06
320.587	766.06
320.816	775.06
321.046	805.06
321.275	799.06
321.504	772.06
321.733	781.06
321.962	807.06
322.191	831.06
322.42	828.06
322.649	874.06
322.878	883.06
323.108	894.06
323.337	959.06
323.566	1018.06
323.795	1053.06
324.024	1120.06
324.253	1370.06
324.482	1958.06
324.71	2969.06
324.939	4124.06
325.168	3285.06
325.397	1740.06
325.626	1277.06
325.855	1139.06
326.084	1074.06
326.313	1057.06
326.542	1087.06
326.77	1154.06
326.999	1373.06
327.228	1844.06
327.457	2765.06
327.686	3261.06
327.914	2149.06
328.143	1664.06
328.372	1568.06
328.6	1481.06
328.829	1251.06
329.058	1262.06
329.287	1259.06
329.515	1230.06
329.744	1257.06
329.972	1415.06
330.201	1697.06
330.43	2093.06
330.658	1821.06
330.887	1494.06
331.115	1359.06
331.344	1182.06
331.572	1123.06
331.801	1125.06
332.03	1122.06
332.258	1095.06
332.486	1084.06
332.715	1095.06
332.943	1121.06
333.172	1206.06
333.4	1234.06
333.629	1310.06
333.857	1399.06
334.085	1577.06
334.314	1915.06
334.542	2458.06
334.771	2703.06
334.999	1824.06
335.227	1358.06
335.455	1243.06
335.684	1175.06
335.912	1108.06
336.14	1102.06
336.369	1077.06
336.597	1073.06
336.825	1077.06
337.053	1024.06
337.281	1017.06
337.51	1019.06
337.738	993.06
337.966	997.06
338.194	991.06
338.422	965.06
338.65	964.06
338.878	933.06
339.106	982.06
339.334	967.06
339.562	939.06
339.79	938.06
340.018	938.06
340.246	919.06
340.474	946.06
340.702	928.06
340.93	931.06
341.158	942.06
341.386	926.06
341.614	930.06
341.842	904.06
342.07	896.06
342.298	921.06
342.526	887.06
342.754	904.06
342.981	886.06
343.209	884.06
343.437	926.06
343.665	978.06
343.893	1014.06
344.12	1044.06
344.348	991.06
344.576	990.06
344.804	945.06
345.031	934.06
345.259	969.06
345.487	913.06
345.714	909.06
345.942	924.06
346.17	910.06
346.397	894.06
346.625	916.06
346.853	903.06
347.08	876.06
347.308	880.06
347.535	919.06
347.763	893.06
347.99	908.06
348.218	916.06
348.445	937.06
348.673	915.06
348.9	883.06
349.128	879.06
349.355	858.06
349.583	870.06
349.81	837.06
350.037	857.06
350.265	865.06
350.492	863.06
350.72	888.06
350.947	903.06
351.174	913.06
351.402	907.06
351.629	895.06
351.856	873.06
352.083	941.06
352.311	889.06
352.538	913.06
352.765	907.06
352.992	894.06
353.22	904.06
353.447	889.06
353.674	877.06
353.901	878.06
354.128	864.06
354.355	869.06
354.583	859.06
354.81	862.06
355.037	840.06
355.264	834.06
355.491	819.06
355.718	875.06
355.945	866.06
356.172	862.06
356.399	858.06
356.626	865.06
356.853	846.06
357.08	839.06
357.307	867.06
357.534	852.06
357.761	873.06
357.988	842.06
358.215	875.06
358.441	863.06
358.668	869.06
358.895	881.06
359.122	893.06
359.349	885.06
359.576	885.06
359.802	944.06
360.029	996.06
360.256	1007.06
360.483	937.06
360.709	903.06
360.936	915.06
361.163	937.06
361.39	868.06
361.616	925.06
361.843	904.06
362.07	921.06
362.296	940.06
362.523	929.06
362.749	906.06
362.976	921.06
363.203	895.06
363.429	887.06
363.656	904.06
363.882	898.06
364.109	858.06
364.335	891.06
364.562	907.06
364.788	897.06
365.015	900.06
365.241	894.06
365.468	912.06
365.694	909.06
365.92	916.06
366.147	906.06
366.373	910.06
366.599	890.06
366.826	886.06
367.052	898.06
367.278	901.06
367.505	927.06
367.731	909.06
367.957	925.06
368.184	926.06
368.41	935.06
368.636	911.06
368.862	934.06
369.089	939.06
369.315	954.06
369.541	926.06
369.767	932.06
369.993	930.06
370.219	933.06
370.445	953.06
370.672	959.06
370.898	932.06
371.124	965.06
371.35	985.06
371.576	970.06
371.802	966.06
372.028	948.06
372.254	960.06
372.48	980.06
372.706	976.06
372.932	996.06
373.158	967.06
373.384	982.06
373.61	980.06
373.835	979.06
374.061	994.06
374.287	958.06
374.513	1004.06
374.739	1018.06
374.965	1018.06
375.191	1045.06
375.416	1023.06
375.642	1016.06
375.868	960.06
376.094	984.06
376.319	994.06
376.545	979.06
376.771	960.06
376.997	951.06
377.222	942.06
377.448	958.06
377.674	975.06
377.899	958.06
378.125	962.06
378.35	934.06
378.576	971.06
378.802	941.06
379.027	946.06
379.253	964.06
379.478	931.06
379.704	963.06
379.929	954.06
380.155	958.06
380.38	961.06
380.606	966.06
380.831	972.06
381.057	994.06
381.282	978.06
381.507	956.06
381.733	989.06
381.958	982.06
382.184	991.06
382.409	1034.06
382.634	1004.06
382.86	1017.06
383.085	1022.06
383.31	1057.06
383.535	1056.06
383.761	1026.06
383.986	1060.06
384.211	1078.06
384.436	1105.06
384.662	1131.06
384.887	1133.06
385.112	1112.06
385.337	1122.06
385.562	1145.06
385.787	1121.06
386.013	1174.06
386.238	1163.06
386.463	1120.06
386.688	1176.06
386.913	1123.06
387.138	1105.06
387.363	1117.06
387.588	1104.06
387.813	1121.06
388.038	1143.06
388.263	1136.06
388.488	1152.06
388.713	1104.06
388.938	1102.06
389.163	1120.06
389.387	1155.06
389.612	1123.06
389.837	1130.06
390.062	1131.06
390.287	1134.06
390.512	1154.06
390.736	1126.06
390.961	1154.06
391.186	1169.06
391.411	1201.06
391.636	1197.06
391.86	1248.06
392.085	1255.06
392.31	1250.06
392.534	1249.06
392.759	1233.06
392.984	1216.06
393.208	1234.06
393.433	1237.06
393.658	1210.06
393.882	1205.06
394.107	1219.06
394.331	1249.06
394.556	1219.06
394.78	1218.06
395.005	1217.06
395.229	1196.06
395.454	1277.06
395.678	1250.06
395.903	1273.06
396.127	1293.06
396.352	1277.06
396.576	1266.06
396.801	1258.06
397.025	1271.06
397.249	1248.06
397.474	1295.06
397.698	1268.06
397.922	1315.06
398.147	1328.06
398.371	1365.06
398.595	1362.06
398.82	1408.06
399.044	1486.06
399.268	1603.06
399.492	1821.06
399.717	1963.06
399.941	2010.06
400.165	1858.06
400.389	1757.06
400.613	1608.06
400.837	1521.06
401.062	1453.06
401.286	1432.06
401.51	1486.06
401.734	1418.06
401.958	1466.06
402.182	1492.06
402.406	1545.06
402.63	1521.06
402.854	1565.06
403.078	1539.06
403.302	1553.06
403.526	1611.06
403.75	1632.06
403.974	1651.06
404.198	1646.06
404.422	1688.06
404.645	1661.06
404.869	1712.06
405.093	1775.06
405.317	1830.06
405.541	1905.06
405.765	1798.06
405.988	1730.06
406.212	1710.06
406.436	1781.06
406.66	1815.06
406.883	1715.06
407.107	1836.06
407.331	1906.06
407.555	2000.06
407.778	2012.06
408.002	1873.06
408.226	1763.06
408.449	1766.06
408.673	1723.06
408.896	1732.06
409.12	1735.06
409.344	1753.06
409.567	1694.06
409.791	1640.06
410.014	1622.06
410.238	1635.06
410.461	1578.06
410.685	1612.06
410.908	1627.06
411.132	1622.06
411.355	1659.06
411.578	1656.06
411.802	1581.06
412.025	1572.06
412.249	1652.06
412.472	1776.06
412.695	1829.06
412.919	1777.06
413.142	1654.06
413.365	1635.06
413.589	1616.06
413.812	1541.06
414.035	1519.06
414.258	1502.06
414.482	1532.06
414.705	1505.06
414.928	1477.06
415.151	1496.06
415.374	1507.06
415.597	1489.06
415.821	1462.06
416.044	1464.06
416.267	1515.06
416.49	1436.06
416.713	1429.06
416.936	1495.06
417.159	1500.06
417.382	1481.06
417.605	1493.06
417.828	1549.06
418.051	1573.06
418.274	1500.06
418.497	1534.06
418.72	1564.06
418.943	1521.06
419.166	1619.06
419.389	1676.06
419.611	1680.06
419.834	1634.06
420.057	1678.06
420.28	1724.06
420.503	1685.06
420.726	1651.06
420.948	1621.06
421.171	1657.06
421.394	1698.06
421.617	1575.06
421.839	1536.06
422.062	1562.06
422.285	1570.06
422.507	1663.06
422.73	1729.06
422.953	1681.06
423.175	1625.06
423.398	1620.06
423.621	1586.06
423.843	1665.06
424.066	1679.06
424.288	1646.06
424.511	1685.06
424.733	1730.06
424.956	1845.06
425.178	1752.06
425.401	1741.06
425.623	1800.06
425.846	1628.06
426.068	1587.06
426.291	1537.06
426.513	1503.06
426.735	1513.06
426.958	1609.06
427.18	1741.06
427.402	1921.06
427.625	2073.06
427.847	1925.06
428.069	1821.06
428.292	1676.06
428.514	1557.06
428.736	1460.06
428.958	1458.06
429.181	1415.06
429.403	1405.06
429.625	1385.06
429.847	1463.06
430.069	1599.06
430.292	1570.06
430.514	1453.06
430.736	1401.06
430.958	1396.06
431.18	1395.06
431.402	1379.06
431.624	1345.06
431.846	1357.06
432.068	1339.06
432.29	1373.06
432.512	1364.06
432.734	1375.06
432.956	1399.06
433.178	1376.06
433.4	1423.06
433.622	1391.06
433.844	1382.06
434.066	1385.06
434.287	1361.06
434.509	1383.06
434.731	1388.06
434.953	1476.06
435.175	1521.06
435.397	1520.06
435.618	1498.06
435.84	1479.06
436.062	1631.06
436.284	1728.06
436.505	1552.06
436.727	1483.06
436.949	1424.06
437.17	1399.06
437.392	1414.06
437.614	1428.06
437.835	1465.06
438.057	1603.06
438.278	1706.06
438.5	1727.06
438.721	1841.06
438.943	1790.06
439.165	1555.06
439.386	1514.06
439.608	1497.06
439.829	1504.06
440.05	1526.06
440.272	1625.06
440.493	1571.06
440.715	1483.06
440.936	1477.06
441.158	1485.06
441.379	1485.06
441.6	1572.06
441.822	1614.06
442.043	1641.06
442.264	1779.06
442.486	1811.06
442.707	1658.06
442.928	1587.06
443.149	1643.06
443.371	1625.06
443.592	1670.06
443.813	1878.06
444.034	1927.06
444.255	1748.06
444.476	1662.06
444.698	1722.06
444.919	1742.06
445.14	1831.06
445.361	1724.06
445.582	1661.06
445.803	1754.06
446.024	1868.06
446.245	1822.06
446.466	1731.06
446.687	1574.06
446.908	1500.06
447.129	1453.06
447.35	1419.06
447.571	1403.06
447.792	1406.06
448.013	1390.06
448.234	1409.06
448.455	1465.06
448.675	1628.06
448.896	1800.06
449.117	1574.06
449.338	1547.06
449.559	1720.06
449.779	1835.06
450	1536.06
450.221	1417.06
450.442	1369.06
450.662	1353.06
450.883	1393.06
451.104	1408.06
451.324	1374.06
451.545	1325.06
451.766	1269.06
451.986	1268.06
452.207	1209.06
452.428	1219.06
452.648	1227.06
452.869	1206.06
453.089	1222.06
453.31	1282.06
453.53	1206.06
453.751	1190.06
453.971	1192.06
454.192	1280.06
454.412	1208.06
454.633	1209.06
454.853	1189.06
455.073	1176.06
455.294	1255.06
455.514	1305.06
455.734	1284.06
455.955	1177.06
456.175	1155.06
456.395	1121.06
456.616	1101.06
456.836	1134.06
457.056	1122.06
457.276	1124.06
457.497	1145.06
457.717	1146.06
457.937	1164.06
458.157	1145.06
458.377	1162.06
458.598	1213.06
458.818	1338.06
459.038	1506.06
459.258	1459.06
459.478	1338.06
459.698	1315.06
459.918	1310.06
460.138	1372.06
460.358	1435.06
460.578	1435.06
460.798	1438.06
461.018	1482.06
461.238	1434.06
461.458	1423.06
461.678	1394.06
461.898	1454.06
462.118	1436.06
462.338	1488.06
462.558	1525.06
462.777	1583.06
462.997	1688.06
463.217	1774.06
463.437	1794.06
463.657	1665.06
463.876	1578.06
464.096	1625.06
464.316	1615.06
464.536	1647.06
464.755	1600.06
464.975	1544.06
465.195	1661.06
465.414	1750.06
465.634	1532.06
465.854	1435.06
466.073	1350.06
466.293	1332.06
466.512	1306.06
466.732	1285.06
466.951	1319.06
467.171	1298.06
467.391	1324.06
467.61	1335.06
467.829	1369.06
468.049	1477.06
468.268	1755.06
468.488	1461.06
468.707	1367.06
468.927	1348.06
469.146	1286.06
469.365	1318.06
469.585	1283.06
469.804	1343.06
470.023	1394.06
470.243	1378.06
470.462	1403.06
470.681	1438.06
470.901	1415.06
471.12	1370.06
471.339	1357.06
471.558	1355.06
471.777	1398.06
471.997	1385.06
472.216	1674.06
472.435	2583.06
472.654	2049.06
472.873	1513.06
473.092	1389.06
473.311	1327.06
473.53	1339.06
473.749	1338.06
473.968	1348.06
474.187	1464.06
474.406	1467.06
474.625	1308.06
474.844	1310.06
475.063	1288.06
475.282	1251.06
475.501	1238.06
475.72	1252.06
475.939	1300.06
476.158	1291.06
476.377	1309.06
476.596	1303.06
476.814	1316.06
477.033	1276.06
477.252	1285.06
477.471	1346.06
477.69	1395.06
477.908	1411.06
478.127	1420.06
478.346	1485.06
478.564	1483.06
478.783	1491.06
479.002	1509.06
479.22	1579.06
479.439	1545.06
479.658	1541.06
479.876	1560.06
480.095	1571.06
480.313	1692.06
480.532	1716.06
480.751	1748.06
480.969	1957.06
481.188	3281.06
481.406	4046.06
481.624	2251.06
481.843	1846.06
482.061	1723.06
482.28	1603.06
482.498	1575.06
482.717	1549.06
482.935	1548.06
483.153	1553.06
483.372	1563.06
483.59	1554.06
483.808	1515.06
484.027	1518.06
484.245	1485.06
484.463	1526.06
484.681	1547.06
484.9	1535.06
485.118	1540.06
485.336	1541.06
485.554	1514.06
485.772	1525.06
485.99	1500.06
486.209	1579.06
486.427	1494.06
486.645	1557.06
486.863	1609.06
487.081	1609.06
487.299	1601.06
487.517	1572.06
487.735	1659.06
487.953	1680.06
488.171	1668.06
488.389	1630.06
488.607	1594.06
488.825	1563.06
489.043	1563.06
489.261	1589.06
489.479	1609.06
489.696	1610.06
489.914	1598.06
490.132	1627.06
490.35	1683.06
490.568	1710.06
490.786	1735.06
491.003	1774.06
491.221	1863.06
491.439	1899.06
491.657	1923.06
491.874	1999.06
492.092	2078.06
492.31	2093.06
492.527	2085.06
492.745	2048.06
492.963	2050.06
493.18	2030.06
493.398	1999.06
493.615	1968.06
493.833	2001.06
494.05	1917.06
494.268	1968.06
494.485	1975.06
494.703	1911.06
494.92	1894.06
495.138	1903.06
495.355	1913.06
495.573	1908.06
495.79	1905.06
496.008	1892.06
496.225	1916.06
496.442	1879.06
496.66	1868.06
496.877	1922.06
497.094	1908.06
497.312	1936.06
497.529	1937.06
497.746	1934.06
497.963	1944.06
498.181	1982.06
498.398	2022.06
498.615	2117.06
498.832	2207.06
499.049	2331.06
499.267	2408.06
499.484	2585.06
499.701	2797.06
499.918	3000.06
500.135	3335.06
500.352	3702.06
500.569	3865.06
500.786	3796.06
501.003	3572.06
501.22	3317.06
501.437	2991.06
501.654	2701.06
501.871	2615.06
502.088	2457.06
502.305	2293.06
502.522	2195.06
502.739	2131.06
502.956	2021.06
503.172	1987.06
503.389	1889.06
503.606	1826.06
503.823	1812.06
504.04	1826.06
504.256	1818.06
504.473	1841.06
504.69	1867.06
504.907	1855.06
505.123	1723.06
505.34	1699.06
505.557	1679.06
505.773	1629.06
505.99	1553.06
506.207	1579.06
506.423	1552.06
506.64	1565.06
506.856	1537.06
507.073	1516.06
507.289	1531.06
507.506	1535.06
507.722	1567.06
507.939	1562.06
508.155	1485.06
508.372	1470.06
508.588	1450.06
508.805	1452.06
509.021	1443.06
509.238	1439.06
509.454	1430.06
509.67	1435.06
509.887	1386.06
510.103	1404.06
510.319	1448.06
510.536	1727.06
510.752	3239.06
510.968	2290.06
511.184	1475.06
511.401	1417.06
511.617	1436.06
511.833	1465.06
512.049	1414.06
512.265	1440.06
512.481	1444.06
512.698	1419.06
512.914	1378.06
513.13	1407.06
513.346	1367.06
513.562	1373.06
513.778	1402.06
513.994	1423.06
514.21	1421.06
514.426	1457.06
514.642	1532.06
514.858	1601.06
515.074	1713.06
515.29	2113.06
515.506	3454.06
515.721	2565.06
515.937	1738.06
516.153	1574.06
516.369	1517.06
516.585	1509.06
516.801	1503.06
517.016	1581.06
517.232	1623.06
517.448	1625.06
517.664	1692.06
517.879	1685.06
518.095	1670.06
518.311	1684.06
518.527	1568.06
518.742	1541.06
518.958	1512.06
519.173	1476.06
519.389	1513.06
519.605	1463.06
519.82	1464.06
520.036	1447.06
520.251	1529.06
520.467	1507.06
520.682	1496.06
520.898	1494.06
521.113	1545.06
521.329	1601.06
521.544	1812.06
521.76	2419.06
521.975	4585.06
522.19	4172.06
522.406	2060.06
522.621	1584.06
522.836	1457.06
523.052	1349.06
523.267	1323.06
523.482	1310.06
523.698	1269.06
523.913	1287.06
524.128	1265.06
524.343	1271.06
524.559	1242.06
524.774	1262.06
524.989	1249.06
525.204	1264.06
525.419	1218.06
525.634	1202.06
525.849	1211.06
526.064	1186.06
526.28	1146.06
526.495	1141.06
526.71	1127.06
526.925	1129.06
527.14	1099.06
527.355	1121.06
527.57	1087.06
527.785	1125.06
527.999	1106.06
528.214	1167.06
528.429	1139.06
528.644	1206.06
528.859	1199.06
529.074	1227.06
529.289	1283.06
529.503	1465.06
529.718	1372.06
529.933	1243.06
530.148	1144.06
530.363	1135.06
530.577	1131.06
530.792	1096.06
531.007	1087.06
531.221	1090.06
531.436	1113.06
531.651	1100.06
531.865	1078.06
532.08	1099.06
532.295	1117.06
532.509	1073.06
532.724	1091.06
532.938	1088.06
533.153	1103.06
533.367	1080.06
533.582	1096.06
533.796	1120.06
534.011	1086.06
534.225	1075.06
534.44	1081.06
534.654	1038.06
534.868	1059.06
535.083	1063.06
535.297	1067.06
535.511	1131.06
535.726	1065.06
535.94	1071.06
536.154	1038.06
536.369	1034.06
536.583	1027.06
536.797	1008.06
537.011	1028.06
537.225	990.06
537.44	987.06
537.654	1011.06
537.868	1004.06
538.082	997.06
538.296	999.06
538.51	1031.06
538.724	1049.06
538.938	1037.06
539.153	1079.06
539.367	1103.06
539.581	1069.06
539.795	1016.06
540.009	998.06
540.222	993.06
540.436	1003.06
540.65	1038.06
540.864	1081.06
541.078	1082.06
541.292	1113.06
541.506	1146.06
541.72	1159.06
541.934	1183.06
542.147	1207.06
542.361	1181.06
542.575	1132.06
542.789	1073.06
543.002	1048.06
543.216	1035.06
543.43	1069.06
543.644	1088.06
543.857	1086.06
544.071	1136.06
544.285	1137.06
544.498	1133.06
544.712	1120.06
544.925	1149.06
545.139	1161.06
545.352	1178.06
545.566	1141.06
545.779	1150.06
545.993	1149.06
546.206	1175.06
546.42	1141.06
546.633	1189.06
546.847	1144.06
547.06	1154.06
547.274	1168.06
547.487	1171.06
547.7	1188.06
547.914	1184.06
548.127	1181.06
548.34	1133.06
548.554	1164.06
548.767	1164.06
548.98	1131.06
549.193	1141.06
549.407	1141.06
549.62	1138.06
549.833	1182.06
550.046	1148.06
550.259	1087.06
550.473	1141.06
550.686	1121.06
550.899	1094.06
551.112	1093.06
551.325	1082.06
551.538	1048.06
551.751	1022.06
551.964	1007.06
552.177	1038.06
552.39	1079.06
552.603	1148.06
552.816	1131.06
553.029	1182.06
553.242	1219.06
553.455	1244.06
553.667	1200.06
553.88	1209.06
554.093	1184.06
554.306	1153.06
554.519	1126.06
554.732	1095.06
554.944	1094.06
555.157	1096.06
555.37	1073.06
555.583	1038.06
555.795	1042.06
556.008	1004.06
556.221	981.06
556.433	977.06
556.646	951.06
556.859	971.06
557.071	993.06
557.284	977.06
557.496	988.06
557.709	968.06
557.921	950.06
558.134	942.06
558.346	946.06
558.559	950.06
558.771	930.06
558.984	922.06
559.196	919.06
559.409	891.06
559.621	913.06
559.833	883.06
560.046	886.06
560.258	876.06
560.47	923.06
560.683	883.06
560.895	921.06
561.107	942.06
561.32	878.06
561.532	898.06
561.744	906.06
561.956	909.06
562.168	882.06
562.381	912.06
562.593	902.06
562.805	889.06
563.017	903.06
563.229	902.06
563.441	887.06
563.653	894.06
563.865	891.06
564.077	900.06
564.289	902.06
564.501	910.06
564.713	897.06
564.925	928.06
565.137	969.06
565.349	962.06
565.561	968.06
565.773	993.06
565.985	1031.06
566.197	1033.06
566.408	1085.06
566.62	1156.06
566.832	1243.06
567.044	1246.06
567.255	1241.06
567.467	1253.06
567.679	1301.06
567.891	1358.06
568.102	1394.06
568.314	1341.06
568.526	1175.06
568.737	1063.06
568.949	997.06
569.161	953.06
569.372	873.06
569.584	866.06
569.795	845.06
570.007	831.06
570.218	952.06
570.43	878.06
570.641	801.06
570.853	812.06
571.064	834.06
571.276	825.06
571.487	823.06
571.698	788.06
571.91	765.06
572.121	734.06
572.333	745.06
572.544	719.06
572.755	700.06
572.966	674.06
573.178	670.06
573.389	685.06
573.6	667.06
573.811	669.06
574.023	648.06
574.234	656.06
574.445	669.06
574.656	665.06
574.867	669.06
575.078	665.06
575.289	642.06
575.501	661.06
575.712	650.06
575.923	625.06
576.134	631.06
576.345	628.06
576.556	628.06
576.767	645.06
576.978	639.06
577.188	626.06
577.399	603.06
577.61	642.06
577.821	611.06
578.032	619.06
578.243	695.06
578.454	1213.06
578.665	811.06
578.875	605.06
579.086	581.06
579.297	562.06
579.508	564.06
579.718	557.06
579.929	566.06
580.14	583.06
580.35	533.06
580.561	589.06
580.772	575.06
580.982	578.06
581.193	549.06
581.403	573.06
581.614	558.06
581.825	542.06
582.035	524.06
582.246	549.06
582.456	545.06
582.667	540.06
582.877	545.06
583.087	546.06
583.298	539.06
583.508	549.06
583.719	533.06
583.929	542.06
584.139	538.06
584.35	530.06
584.56	542.06
584.77	530.06
584.981	545.06
585.191	557.06
585.401	538.06
585.611	511.06
585.821	514.06
586.032	530.06
586.242	542.06
586.452	508.06
586.662	513.06
586.872	503.06
587.082	546.06
587.292	520.06
587.502	513.06
587.713	511.06
587.923	507.06
588.133	530.06
588.343	521.06
588.553	532.06
588.762	507.06
588.972	518.06
589.182	558.06
589.392	529.06
589.602	526.06
589.812	547.06
590.022	530.06
590.232	517.06
590.441	505.06
590.651	505.06
590.861	519.06
591.071	510.06
591.281	497.06
591.49	535.06
591.7	513.06
591.91	555.06
592.119	536.06
592.329	547.06
592.539	587.06
592.748	595.06
592.958	608.06
593.167	583.06
593.377	586.06
593.587	609.06
593.796	611.06
594.006	645.06
594.215	627.06
594.424	631.06
594.634	654.06
594.843	604.06
595.053	582.06
595.262	563.06
595.472	575.06
595.681	533.06
595.89	525.06
596.1	490.06
596.309	491.06
596.518	507.06
596.727	505.06
596.937	494.06
597.146	523.06
597.355	482.06
597.564	490.06
597.774	477.06
597.983	447.06
598.192	438.06
598.401	473.06
598.61	467.06
598.819	476.06
599.028	484.06
599.237	488.06
599.446	455.06
599.655	459.06
599.864	463.06
600.073	438.06
600.282	444.06
600.491	454.06
600.7	458.06
600.909	460.06
601.118	451.06
601.327	466.06
601.536	473.06
601.745	501.06
601.953	505.06
602.162	505.06
602.371	509.06
602.58	508.06
602.789	525.06
602.997	494.06
603.206	489.06
603.415	480.06
603.623	484.06
603.832	481.06
604.041	492.06
604.249	455.06
604.458	449.06
604.666	436.06
604.875	444.06
605.084	475.06
605.292	470.06
605.501	499.06
605.709	496.06
605.918	506.06
606.126	527.06
606.334	489.06
606.543	497.06
606.751	485.06
606.96	489.06
607.168	495.06
607.376	493.06
607.585	492.06
607.793	487.06
608.001	479.06
608.21	495.06
608.418	518.06
608.626	481.06
608.834	484.06
609.043	485.06
609.251	496.06
609.459	477.06
609.667	489.06
609.875	494.06
610.083	502.06
610.291	506.06
610.499	482.06
610.707	514.06
610.916	499.06
611.124	498.06
611.332	507.06
611.54	489.06
611.748	510.06
611.955	496.06
612.163	487.06
612.371	474.06
612.579	485.06
612.787	482.06
612.995	495.06
613.203	501.06
613.411	476.06
613.618	478.06
613.826	474.06
614.034	471.06
614.242	468.06
614.449	511.06
614.657	485.06
614.865	462.06
615.072	486.06
615.28	462.06
615.488	478.06
615.695	469.06
615.903	471.06
616.111	495.06
616.318	482.06
616.526	492.06
616.733	501.06
616.941	475.06
617.148	493.06
617.356	479.06
617.563	464.06
617.771	478.06
617.978	442.06
618.185	495.06
618.393	456.06
618.6	478.06
618.807	468.06
619.015	466.06
619.222	467.06
619.429	443.06
619.637	433.06
619.844	429.06
620.051	425.06
620.258	432.06
620.466	431.06
620.673	419.06
620.88	427.06
621.087	429.06
621.294	421.06
621.501	416.06
621.708	414.06
621.915	422.06
622.122	426.06
622.329	425.06
622.536	446.06
622.743	429.06
622.95	445.06
623.157	433.06
623.364	415.06
623.571	434.06
623.778	418.06
623.985	432.06
624.192	429.06
624.399	421.06
624.606	418.06
624.812	398.06
625.019	405.06
625.226	397.06
625.433	390.06
625.639	362.06
625.846	363.06
626.053	348.06
626.259	355.06
626.466	334.06
626.673	349.06
626.879	343.06
627.086	365.06
627.293	363.06
627.499	388.06
627.706	367.06
627.912	381.06
628.119	382.06
628.325	400.06
628.532	395.06
628.738	390.06
628.945	383.06
629.151	385.06
629.357	381.06
629.564	370.06
629.77	374.06
629.976	361.06
630.183	327.06
630.389	363.06
630.595	358.06
630.802	373.06
631.008	367.06
631.214	355.06
631.42	363.06
631.627	345.06
631.833	334.06
632.039	353.06
632.245	338.06
632.451	335.06
632.657	357.06
632.863	359.06
633.069	346.06
633.275	340.06
633.481	332.06
633.688	346.06
633.893	323.06
634.099	344.06
634.305	325.06
634.511	338.06
634.717	326.06
634.923	315.06
635.129	312.06
635.335	321.06
635.541	324.06
635.747	314.06
635.952	342.06
636.158	360.06
636.364	435.06
636.57	490.06
636.775	397.06
636.981	390.06
637.187	362.06
637.392	357.06
637.598	339.06
637.804	358.06
638.009	371.06
638.215	345.06
638.421	329.06
638.626	322.06
638.832	345.06
639.037	321.06
639.243	331.06
639.448	321.06
639.654	323.06
639.859	316.06
640.065	316.06
640.27	294.06
640.475	299.06
640.681	326.06
640.886	317.06
641.091	324.06
641.297	324.06
641.502	324.06
641.707	318.06
641.913	296.06
642.118	315.06
642.323	300.06
642.528	305.06
642.733	322.06
642.939	298.06
643.144	304.06
643.349	284.06
643.554	311.06
643.759	304.06
643.964	294.06
644.169	304.06
644.374	297.06
644.579	294.06
644.784	282.06
644.989	310.06
645.194	290.06
645.399	297.06
645.604	313.06
645.809	306.06
646.014	299.06
646.219	280.06
646.423	293.06
646.628	307.06
646.833	317.06
647.038	289.06
647.243	297.06
647.447	286.06
647.652	308.06
647.857	330.06
648.062	316.06
648.266	292.06
648.471	314.06
648.676	311.06
648.88	320.06
649.085	294.06
649.289	294.06
649.494	310.06
649.698	328.06
649.903	320.06
650.107	273.06
650.312	286.06
650.516	284.06
650.721	256.06
650.925	271.06
651.13	265.06
651.334	273.06
651.539	263.06
651.743	256.06
651.947	251.06
652.152	260.06
652.356	247.06
652.56	224.06
652.764	253.06
652.969	235.06
653.173	245.06
653.377	243.06
653.581	217.06
653.785	221.06
653.99	239.06
654.194	221.06
654.398	221.06
654.602	197.06
654.806	214.06
655.01	229.06
655.214	223.06
655.418	209.06
655.622	220.06
655.826	222.06
656.03	218.06
656.234	216.06
656.438	218.06
656.642	236.06
656.846	202.06
657.049	199.06
657.253	202.06
657.457	197.06
657.661	175.06
657.865	176.06
658.068	169.06
658.272	155.06
658.476	148.06
658.68	139.06
658.883	129.06
659.087	149.06
659.291	129.06
659.494	124.06
659.698	138.06
659.901	134.06
660.105	133.06
660.309	121.06
660.512	112.06
660.716	110.06
660.919	115.06
661.123	117.06
661.326	109.06
661.53	94.06
661.733	98.06
661.936	102.06
662.14	90.06
662.343	106.06
662.546	94.06
662.75	92.06
662.953	86.06
663.156	73.06
663.36	89.06
663.563	85.06
663.766	76.06
663.969	79.06
664.173	77.06
664.376	84.06
664.579	78.06
664.782	93.06
664.985	85.06
665.188	74.06
665.391	72.06
665.594	66.06
665.797	70.06
666	77.06
666.203	78.06
666.406	83.06
666.609	87.06
666.812	81.06
667.015	80.06
667.218	79.06
667.421	79.06
667.624	85.06
667.827	80.06
668.03	85.06
668.232	80.06
668.435	73.06
668.638	79.06
668.841	89.06
669.043	82.06
669.246	79.06
669.449	93.06
669.651	95.06
669.854	86.06
670.057	84.06
670.259	91.06
670.462	81.06
670.665	79.06
670.867	86.06
671.07	94.06
671.272	84.06
671.475	81.06
671.677	89.06
671.88	74.06
672.082	72.06
672.284	83.06
672.487	82.06
672.689	78.06
672.892	78.06
