223.165	-9.25
223.4	-9.25
223.635	-9.25
223.869	-16.25
224.104	-21.25
224.338	-25.25
224.573	-6.25
224.808	-19.25
225.042	-0.25
225.277	-11.25
225.511	-14.25
225.746	4.75
225.98	4.75
226.215	18.75
226.449	23.75
226.683	9.75
226.918	32.75
227.152	28.75
227.387	29.75
227.621	49.75
227.856	40.75
228.09	52.75
228.324	56.75
228.559	58.75
228.793	79.75
229.027	140.75
229.262	156.75
229.496	144.75
229.73	192.75
229.964	217.75
230.199	180.75
230.433	158.75
230.667	159.75
230.901	167.75
231.136	158.75
231.37	145.75
231.604	161.75
231.838	172.75
232.072	159.75
232.306	167.75
232.541	163.75
232.775	157.75
233.009	155.75
233.243	160.75
233.477	144.75
233.711	174.75
233.945	162.75
234.179	157.75
234.413	167.75
234.647	174.75
234.881	169.75
235.115	179.75
235.349	156.75
235.583	164.75
235.817	160.75
236.051	163.75
236.285	176.75
236.519	174.75
236.753	174.75
236.987	200.75
237.221	257.75
237.455	309.75
237.689	236.75
237.922	187.75
238.156	180.75
238.39	171.75
238.624	186.75
238.858	184.75
239.091	196.75
239.325	188.75
239.559	181.75
239.793	197.75
240.027	195.75
240.26	224.75
240.494	219.75
240.728	215.75
240.961	225.75
241.195	223.75
241.429	206.75
241.662	224.75
241.896	223.75
242.13	220.75
242.363	185.75
242.597	232.75
242.83	224.75
243.064	226.75
243.298	210.75
243.531	231.75
243.765	219.75
243.998	232.75
244.232	228.75
244.465	237.75
244.699	230.75
244.932	231.75
245.166	237.75
245.399	213.75
245.633	239.75
245.866	229.75
246.099	244.75
246.333	252.75
246.566	252.75
246.8	260.75
247.033	241.75
247.266	258.75
247.5	254.75
247.733	278.75
247.966	270.75
248.2	259.75
248.433	288.75
248.666	284.75
248.899	309.75
249.133	305.75
249.366	320.75
249.599	336.75
249.832	332.75
250.066	334.75
250.299	373.75
250.532	464.75
250.765	534.75
250.998	470.75
251.231	433.75
251.465	373.75
251.698	362.75
251.931	359.75
252.164	342.75
252.397	353.75
252.63	343.75
252.863	345.75
253.096	355.75
253.329	364.75
253.562	370.75
253.795	357.75
254.028	353.75
254.261	357.75
254.494	363.75
254.727	402.75
254.96	426.75
255.193	440.75
255.426	422.75
255.659	469.75
255.892	594.75
256.124	784.75
256.357	855.75
256.59	667.75
256.823	561.75
257.056	481.75
257.289	458.75
257.521	442.75
257.754	432.75
257.987	401.75
258.22	396.75
258.452	391.75
258.685	378.75
258.918	388.75
259.151	398.75
259.383	388.75
259.616	372.75
259.849	420.75
260.081	392.75
260.314	419.75
260.547	401.75
260.779	421.75
261.012	397.75
261.244	393.75
261.477	431.75
261.71	390.75
261.942	399.75
262.175	418.75
262.407	410.75
262.64	378.75
262.872	377.75
263.105	363.75
263.337	377.75
263.57	398.75
263.802	364.75
264.035	372.75
264.267	390.75
264.499	376.75
264.732	346.75
264.964	355.75
265.197	364.75
265.429	382.75
265.661	359.75
265.894	376.75
266.126	384.75
266.358	385.75
266.591	384.75
266.823	400.75
267.055	409.75
267.287	401.75
267.52	398.75
267.752	391.75
267.984	390.75
268.216	405.75
268.448	409.75
268.681	412.75
268.913	413.75
269.145	456.75
269.377	455.75
269.609	434.75
269.841	448.75
270.073	449.75
270.306	468.75
270.538	482.75
270.77	465.75
271.002	485.75
271.234	483.75
271.466	474.75
271.698	475.75
271.93	495.75
272.162	499.75
272.394	509.75
272.626	473.75
272.858	506.75
273.09	476.75
273.322	477.75
273.553	478.75
273.785	456.75
274.017	465.75
274.249	472.75
274.481	478.75
274.713	480.75
274.945	488.75
275.176	498.75
275.408	494.75
275.64	504.75
275.872	513.75
276.104	524.75
276.335	493.75
276.567	526.75
276.799	559.75
277.031	591.75
277.262	644.75
277.494	633.75
277.726	592.75
277.957	538.75
278.189	534.75
278.421	511.75
278.652	534.75
278.884	512.75
279.115	541.75
279.347	529.75
279.579	560.75
279.81	554.75
280.042	567.75
280.273	671.75
280.505	646.75
280.736	590.75
280.968	544.75
281.199	546.75
281.431	545.75
281.662	516.75
281.894	538.75
282.125	545.75
282.356	581.75
282.588	585.75
282.819	573.75
283.051	547.75
283.282	561.75
283.513	552.75
283.745	527.75
283.976	535.75
284.207	537.75
284.439	533.75
284.67	541.75
284.901	546.75
285.132	546.75
285.364	534.75
285.595	534.75
285.826	557.75
286.057	541.75
286.288	545.75
286.52	532.75
286.751	564.75
286.982	546.75
287.213	558.75
287.444	561.75
287.675	556.75
287.906	559.75
288.138	574.75
288.369	564.75
288.6	583.75
288.831	578.75
289.062	564.75
289.293	567.75
289.524	577.75
289.755	567.75
289.986	580.75
290.217	593.75
290.448	562.75
290.679	573.75
290.91	569.75
291.141	557.75
291.371	556.75
291.602	570.75
291.833	553.75
292.064	577.75
292.295	567.75
292.526	541.75
292.757	565.75
292.987	579.75
293.218	572.75
293.449	555.75
293.68	557.75
293.91	562.75
294.141	563.75
294.372	561.75
294.603	564.75
294.833	577.75
295.064	574.75
295.295	577.75
295.525	582.75
295.756	588.75
295.987	600.75
296.217	602.75
296.448	672.75
296.679	633.75
296.909	586.75
297.14	603.75
297.37	598.75
297.601	590.75
297.831	588.75
298.062	608.75
298.292	596.75
298.523	611.75
298.753	640.75
298.984	614.75
299.214	631.75
299.445	620.75
299.675	607.75
299.905	662.75
300.136	628.75
300.366	617.75
300.597	646.75
300.827	646.75
301.057	668.75
301.288	668.75
301.518	663.75
301.748	640.75
301.979	664.75
302.209	697.75
302.439	666.75
302.669	669.75
302.9	648.75
303.13	675.75
303.36	675.75
303.59	680.75
303.82	742.75
304.051	720.75
304.281	679.75
304.511	668.75
304.741	645.75
304.971	690.75
305.201	691.75
305.431	654.75
305.661	687.75
305.891	657.75
306.121	658.75
306.352	679.75
306.582	705.75
306.812	688.75
307.042	694.75
307.272	713.75
307.502	749.75
307.731	758.75
307.961	744.75
308.191	703.75
308.421	695.75
308.651	676.75
308.881	701.75
309.111	681.75
309.341	702.75
309.571	714.75
309.8	737.75
310.03	730.75
310.26	742.75
310.49	722.75
310.72	752.75
310.949	776.75
311.179	806.75
311.409	752.75
311.639	756.75
311.868	766.75
312.098	783.75
312.328	790.75
312.557	784.75
312.787	804.75
313.017	820.75
313.246	798.75
313.476	744.75
313.706	778.75
313.935	789.75
314.165	776.75
314.394	842.75
314.624	841.75
314.853	804.75
315.083	784.75
315.312	804.75
315.542	799.75
315.771	781.75
316.001	775.75
316.23	769.75
316.46	794.75
316.689	804.75
316.919	788.75
317.148	799.75
317.377	803.75
317.607	807.75
317.836	793.75
318.065	807.75
318.295	789.75
318.524	808.75
318.753	813.75
318.983	825.75
319.212	804.75
319.441	792.75
319.67	825.75
319.9	848.75
320.129	844.75
320.358	827.75
320.587	822.75
320.816	842.75
321.046	870.75
321.275	859.75
321.504	866.75
321.733	849.75
321.962	872.75
322.191	958.75
322.42	936.75
322.649	920.75
322.878	990.75
323.108	974.75
323.337	1051.75
323.566	1067.75
323.795	1132.75
324.024	1225.75
324.253	1460.75
324.482	2080.75
324.71	3108.75
324.939	4352.75
325.168	3546.75
325.397	1888.75
325.626	1422.75
325.855	1264.75
326.084	1213.75
326.313	1182.75
326.542	1230.75
326.77	1320.75
326.999	1512.75
327.228	2040.75
327.457	2988.75
327.686	3485.75
327.914	2442.75
328.143	2138.75
328.372	2242.75
328.6	1996.75
328.829	1594.75
329.058	1519.75
329.287	1564.75
329.515	1588.75
329.744	1698.75
329.972	2066.75
330.201	2768.75
330.43	3457.75
330.658	2834.75
330.887	1972.75
331.115	1697.75
331.344	1490.75
331.572	1381.75
331.801	1357.75
332.03	1384.75
332.258	1350.75
332.486	1333.75
332.715	1364.75
332.943	1400.75
333.172	1450.75
333.4	1605.75
333.629	1670.75
333.857	1910.75
334.085	2314.75
334.314	3038.75
334.542	4212.75
334.771	4476.75
334.999	2866.75
335.227	1936.75
335.455	1614.75
335.684	1463.75
335.912	1395.75
336.14	1289.75
336.369	1305.75
336.597	1256.75
336.825	1278.75
337.053	1184.75
337.281	1154.75
337.51	1146.75
337.738	1111.75
337.966	1132.75
338.194	1097.75
338.422	1095.75
338.65	1073.75
338.878	1078.75
339.106	1028.75
339.334	1032.75
339.562	1027.75
339.79	1035.75
340.018	997.75
340.246	1001.75
340.474	1014.75
340.702	1024.75
340.93	1001.75
341.158	1010.75
341.386	1007.75
341.614	1021.75
341.842	988.75
342.07	990.75
342.298	1000.75
342.526	965.75
342.754	960.75
342.981	921.75
343.209	965.75
343.437	995.75
343.665	1056.75
343.893	1074.75
344.12	1105.75
344.348	1052.75
344.576	1058.75
344.804	1029.75
345.031	1008.75
345.259	1050.75
345.487	1031.75
345.714	978.75
345.942	960.75
346.17	983.75
346.397	944.75
346.625	959.75
346.853	974.75
347.08	951.75
347.308	953.75
347.535	952.75
347.763	959.75
347.99	973.75
348.218	967.75
348.445	949.75
348.673	993.75
348.9	958.75
349.128	949.75
349.355	914.75
349.583	961.75
349.81	928.75
350.037	954.75
350.265	902.75
350.492	918.75
350.72	927.75
350.947	943.75
351.174	956.75
351.402	982.75
351.629	947.75
351.856	956.75
352.083	965.75
352.311	989.75
352.538	944.75
352.765	982.75
352.992	982.75
353.22	969.75
353.447	966.75
353.674	951.75
353.901	901.75
354.128	945.75
354.355	919.75
354.583	907.75
354.81	934.75
355.037	931.75
355.264	890.75
355.491	892.75
355.718	901.75
355.945	911.75
356.172	896.75
356.399	901.75
356.626	914.75
356.853	920.75
357.08	883.75
357.307	889.75
357.534	887.75
357.761	941.75
357.988	924.75
358.215	900.75
358.441	933.75
358.668	905.75
358.895	924.75
359.122	942.75
359.349	942.75
359.576	962.75
359.802	1002.75
360.029	1020.75
360.256	1059.75
360.483	1054.75
360.709	1001.75
360.936	960.75
361.163	946.75
361.39	966.75
361.616	957.75
361.843	946.75
362.07	965.75
362.296	977.75
362.523	993.75
362.749	983.75
362.976	966.75
363.203	987.75
363.429	954.75
363.656	952.75
363.882	936.75
364.109	940.75
364.335	918.75
364.562	956.75
364.788	980.75
365.015	970.75
365.241	965.75
365.468	975.75
365.694	991.75
365.92	981.75
366.147	938.75
366.373	963.75
366.599	948.75
366.826	929.75
367.052	976.75
367.278	978.75
367.505	991.75
367.731	984.75
367.957	980.75
368.184	966.75
368.41	1004.75
368.636	996.75
368.862	1018.75
369.089	992.75
369.315	990.75
369.541	1010.75
369.767	997.75
369.993	976.75
370.219	966.75
370.445	1004.75
370.672	1025.75
370.898	996.75
371.124	976.75
371.35	1006.75
371.576	1006.75
371.802	1044.75
372.028	1023.75
372.254	1009.75
372.48	1015.75
372.706	1040.75
372.932	1043.75
373.158	1049.75
373.384	1010.75
373.61	1001.75
373.835	1004.75
374.061	1042.75
374.287	1023.75
374.513	1000.75
374.739	1051.75
374.965	1076.75
375.191	1088.75
375.416	1081.75
375.642	1080.75
375.868	1042.75
376.094	1051.75
376.319	1054.75
376.545	1034.75
376.771	1017.75
376.997	1007.75
377.222	982.75
377.448	1013.75
377.674	1000.75
377.899	994.75
378.125	1010.75
378.35	995.75
378.576	1016.75
378.802	1017.75
379.027	1017.75
379.253	1021.75
379.478	1020.75
379.704	1004.75
379.929	1015.75
380.155	1032.75
380.38	1004.75
380.606	1006.75
380.831	1021.75
381.057	1031.75
381.282	1012.75
381.507	1062.75
381.733	1027.75
381.958	1038.75
382.184	1045.75
382.409	1048.75
382.634	1046.75
382.86	1059.75
383.085	1047.75
383.31	1077.75
383.535	1095.75
383.761	1089.75
383.986	1126.75
384.211	1137.75
384.436	1168.75
384.662	1178.75
384.887	1174.75
385.112	1174.75
385.337	1159.75
385.562	1180.75
385.787	1202.75
386.013	1208.75
386.238	1202.75
386.463	1213.75
386.688	1181.75
386.913	1173.75
387.138	1169.75
387.363	1179.75
387.588	1154.75
387.813	1183.75
388.038	1182.75
388.263	1162.75
388.488	1188.75
388.713	1183.75
388.938	1168.75
389.163	1182.75
389.387	1182.75
389.612	1181.75
389.837	1169.75
390.062	1188.75
390.287	1203.75
390.512	1157.75
390.736	1167.75
390.961	1178.75
391.186	1201.75
391.411	1254.75
391.636	1230.75
391.86	1276.75
392.085	1317.75
392.31	1277.75
392.534	1274.75
392.759	1267.75
392.984	1286.75
393.208	1274.75
393.433	1265.75
393.658	1276.75
393.882	1210.75
394.107	1265.75
394.331	1223.75
394.556	1267.75
394.78	1263.75
395.005	1287.75
395.229	1290.75
395.454	1282.75
395.678	1328.75
395.903	1341.75
396.127	1331.75
396.352	1320.75
396.576	1324.75
396.801	1328.75
397.025	1318.75
397.249	1316.75
397.474	1332.75
397.698	1370.75
397.922	1369.75
398.147	1378.75
398.371	1408.75
398.595	1408.75
398.82	1471.75
399.044	1535.75
399.268	1621.75
399.492	1817.75
399.717	1977.75
399.941	2000.75
400.165	1910.75
400.389	1798.75
400.613	1672.75
400.837	1602.75
401.062	1514.75
401.286	1513.75
401.51	1546.75
401.734	1516.75
401.958	1533.75
402.182	1543.75
402.406	1617.75
402.63	1610.75
402.854	1606.75
403.078	1644.75
403.302	1622.75
403.526	1660.75
403.75	1702.75
403.974	1716.75
404.198	1736.75
404.422	1785.75
404.645	1783.75
404.869	1821.75
405.093	1912.75
405.317	1980.75
405.541	2055.75
405.765	1904.75
405.988	1827.75
406.212	1852.75
406.436	1839.75
406.66	1889.75
406.883	1792.75
407.107	1874.75
407.331	1973.75
407.555	2104.75
407.778	2103.75
408.002	1930.75
408.226	1873.75
408.449	1825.75
408.673	1746.75
408.896	1793.75
409.12	1838.75
409.344	1796.75
409.567	1712.75
409.791	1682.75
410.014	1728.75
410.238	1678.75
410.461	1696.75
410.685	1673.75
410.908	1709.75
411.132	1713.75
411.355	1729.75
411.578	1720.75
411.802	1681.75
412.025	1717.75
412.249	1822.75
412.472	1950.75
412.695	2038.75
412.919	1977.75
413.142	1891.75
413.365	1868.75
413.589	1754.75
413.812	1681.75
414.035	1624.75
414.258	1604.75
414.482	1627.75
414.705	1652.75
414.928	1606.75
415.151	1571.75
415.374	1592.75
415.597	1566.75
415.821	1533.75
416.044	1507.75
416.267	1571.75
416.49	1549.75
416.713	1552.75
416.936	1557.75
417.159	1541.75
417.382	1610.75
417.605	1626.75
417.828	1664.75
418.051	1654.75
418.274	1626.75
418.497	1561.75
418.72	1626.75
418.943	1594.75
419.166	1680.75
419.389	1828.75
419.611	1751.75
419.834	1810.75
420.057	1822.75
420.28	1881.75
420.503	1922.75
420.726	1881.75
420.948	1788.75
421.171	1777.75
421.394	1800.75
421.617	1667.75
421.839	1653.75
422.062	1676.75
422.285	1630.75
422.507	1721.75
422.73	1846.75
422.953	1768.75
423.175	1711.75
423.398	1675.75
423.621	1692.75
423.843	1703.75
424.066	1704.75
424.288	1722.75
424.511	1729.75
424.733	1799.75
424.956	1896.75
425.178	1840.75
425.401	1828.75
425.623	1852.75
425.846	1663.75
426.068	1629.75
426.291	1628.75
426.513	1606.75
426.735	1593.75
426.958	1680.75
427.18	1767.75
427.402	2004.75
427.625	2166.75
427.847	2055.75
428.069	1967.75
428.292	1790.75
428.514	1640.75
428.736	1536.75
428.958	1516.75
429.181	1498.75
429.403	1482.75
429.625	1493.75
429.847	1576.75
430.069	1622.75
430.292	1608.75
430.514	1489.75
430.736	1464.75
430.958	1487.75
431.18	1445.75
431.402	1468.75
431.624	1415.75
431.846	1412.75
432.068	1400.75
432.29	1400.75
432.512	1367.75
432.734	1445.75
432.956	1436.75
433.178	1483.75
433.4	1489.75
433.622	1455.75
433.844	1424.75
434.066	1431.75
434.287	1416.75
434.509	1425.75
434.731	1492.75
434.953	1526.75
435.175	1602.75
435.397	1577.75
435.618	1576.75
435.84	1558.75
436.062	1704.75
436.284	1813.75
436.505	1598.75
436.727	1538.75
436.949	1483.75
437.17	1470.75
437.392	1452.75
437.614	1438.75
437.835	1488.75
438.057	1673.75
438.278	1781.75
438.5	1756.75
438.721	1940.75
438.943	1862.75
439.165	1581.75
439.386	1561.75
439.608	1536.75
439.829	1565.75
440.05	1578.75
440.272	1660.75
440.493	1639.75
440.715	1580.75
440.936	1543.75
441.158	1534.75
441.379	1560.75
441.6	1614.75
441.822	1671.75
442.043	1702.75
442.264	1804.75
442.486	1844.75
442.707	1688.75
442.928	1656.75
443.149	1658.75
443.371	1705.75
443.592	1772.75
443.813	1902.75
444.034	1972.75
444.255	1745.75
444.476	1772.75
444.698	1743.75
444.919	1836.75
445.14	1881.75
445.361	1779.75
445.582	1722.75
445.803	1806.75
446.024	1955.75
446.245	1897.75
446.466	1763.75
446.687	1583.75
446.908	1550.75
447.129	1506.75
447.35	1488.75
447.571	1467.75
447.792	1457.75
448.013	1466.75
448.234	1471.75
448.455	1514.75
448.675	1680.75
448.896	1859.75
449.117	1622.75
449.338	1601.75
449.559	1740.75
449.779	1897.75
450	1620.75
450.221	1465.75
450.442	1424.75
450.662	1373.75
450.883	1399.75
451.104	1444.75
451.324	1408.75
451.545	1373.75
451.766	1338.75
451.986	1290.75
452.207	1271.75
452.428	1310.75
452.648	1303.75
452.869	1270.75
453.089	1264.75
453.31	1319.75
453.53	1276.75
453.751	1241.75
453.971	1257.75
454.192	1327.75
454.412	1280.75
454.633	1250.75
454.853	1214.75
455.073	1232.75
455.294	1287.75
455.514	1358.75
455.734	1342.75
455.955	1240.75
456.175	1189.75
456.395	1160.75
456.616	1162.75
456.836	1152.75
457.056	1194.75
457.276	1156.75
457.497	1176.75
457.717	1170.75
457.937	1220.75
458.157	1212.75
458.377	1199.75
458.598	1253.75
458.818	1406.75
459.038	1498.75
459.258	1474.75
459.478	1383.75
459.698	1358.75
459.918	1372.75
460.138	1433.75
460.358	1466.75
460.578	1476.75
460.798	1489.75
461.018	1507.75
461.238	1468.75
461.458	1440.75
461.678	1454.75
461.898	1471.75
462.118	1536.75
462.338	1564.75
462.558	1592.75
462.777	1624.75
462.997	1712.75
463.217	1849.75
463.437	1776.75
463.657	1704.75
463.876	1683.75
464.096	1689.75
464.316	1624.75
464.536	1743.75
464.755	1632.75
464.975	1647.75
465.195	1714.75
465.414	1800.75
465.634	1570.75
465.854	1498.75
466.073	1452.75
466.293	1404.75
466.512	1377.75
466.732	1360.75
466.951	1370.75
467.171	1345.75
467.391	1412.75
467.61	1430.75
467.829	1505.75
468.049	1798.75
468.268	2383.75
468.488	1852.75
468.707	1528.75
468.927	1444.75
469.146	1447.75
469.365	1405.75
469.585	1400.75
469.804	1456.75
470.023	1493.75
470.243	1492.75
470.462	1505.75
470.681	1561.75
470.901	1531.75
471.12	1498.75
471.339	1454.75
471.558	1500.75
471.777	1528.75
471.997	1662.75
472.216	2247.75
472.435	4269.75
472.654	3159.75
472.873	2008.75
473.092	1746.75
473.311	1629.75
473.53	1586.75
473.749	1511.75
473.968	1534.75
474.187	1626.75
474.406	1629.75
474.625	1480.75
474.844	1412.75
475.063	1417.75
475.282	1395.75
475.501	1371.75
475.72	1391.75
475.939	1385.75
476.158	1419.75
476.377	1392.75
476.596	1375.75
476.814	1445.75
477.033	1415.75
477.252	1442.75
477.471	1452.75
477.69	1488.75
477.908	1522.75
478.127	1572.75
478.346	1570.75
478.564	1564.75
478.783	1620.75
479.002	1644.75
479.22	1666.75
479.439	1655.75
479.658	1730.75
479.876	1712.75
480.095	1748.75
480.313	1799.75
480.532	1929.75
480.751	2092.75
480.969	2603.75
481.188	5521.75
481.406	7000.75
481.624	3472.75
481.843	2523.75
482.061	2266.75
482.28	2052.75
482.498	1941.75
482.717	1866.75
482.935	1858.75
483.153	1803.75
483.372	1846.75
483.59	1781.75
483.808	1723.75
484.027	1717.75
484.245	1719.75
484.463	1718.75
484.681	1776.75
484.9	1739.75
485.118	1723.75
485.336	1688.75
485.554	1675.75
485.772	1664.75
485.99	1695.75
486.209	1654.75
486.427	1695.75
486.645	1724.75
486.863	1799.75
487.081	1781.75
487.299	1759.75
487.517	1753.75
487.735	1820.75
487.953	1849.75
488.171	1810.75
488.389	1779.75
488.607	1767.75
488.825	1758.75
489.043	1740.75
489.261	1757.75
489.479	1782.75
489.696	1817.75
489.914	1825.75
490.132	1909.75
490.35	1920.75
490.568	1944.75
490.786	2000.75
491.003	2048.75
491.221	2123.75
491.439	2230.75
491.657	2285.75
491.874	2321.75
492.092	2411.75
492.31	2471.75
492.527	2512.75
492.745	2533.75
492.963	2419.75
493.18	2460.75
493.398	2419.75
493.615	2443.75
493.833	2341.75
494.05	2308.75
494.268	2300.75
494.485	2262.75
494.703	2248.75
494.92	2224.75
495.138	2172.75
495.355	2130.75
495.573	2171.75
495.79	2113.75
496.008	2134.75
496.225	2083.75
496.442	2093.75
496.66	2094.75
496.877	2066.75
497.094	2082.75
497.312	2096.75
497.529	2080.75
497.746	2101.75
497.963	2108.75
498.181	2163.75
498.398	2193.75
498.615	2262.75
498.832	2350.75
499.049	2455.75
499.267	2588.75
499.484	2743.75
499.701	2944.75
499.918	3161.75
500.135	3464.75
500.352	3792.75
500.569	3951.75
500.786	4018.75
501.003	3746.75
501.22	3434.75
501.437	3137.75
501.654	2855.75
501.871	2722.75
502.088	2547.75
502.305	2392.75
502.522	2288.75
502.739	2239.75
502.956	2128.75
503.172	2080.75
503.389	2051.75
503.606	1974.75
503.823	1987.75
504.04	1916.75
504.256	1912.75
504.473	1957.75
504.69	1949.75
504.907	1950.75
505.123	1851.75
505.34	1833.75
505.557	1759.75
505.773	1697.75
505.99	1717.75
506.207	1680.75
506.423	1662.75
506.64	1656.75
506.856	1620.75
507.073	1590.75
507.289	1623.75
507.506	1616.75
507.722	1616.75
507.939	1694.75
508.155	1615.75
508.372	1547.75
508.588	1552.75
508.805	1494.75
509.021	1481.75
509.238	1531.75
509.454	1500.75
509.67	1509.75
509.887	1477.75
510.103	1533.75
510.319	1521.75
510.536	1809.75
510.752	3428.75
510.968	2386.75
511.184	1564.75
511.401	1516.75
511.617	1551.75
511.833	1616.75
512.049	1669.75
512.265	1636.75
512.481	1573.75
512.698	1530.75
512.914	1532.75
513.13	1476.75
513.346	1472.75
513.562	1498.75
513.778	1462.75
513.994	1487.75
514.21	1495.75
514.426	1540.75
514.642	1638.75
514.858	1712.75
515.074	1793.75
515.29	2184.75
515.506	3482.75
515.721	2651.75
515.937	1782.75
516.153	1670.75
516.369	1608.75
516.585	1588.75
516.801	1599.75
517.016	1608.75
517.232	1719.75
517.448	1715.75
517.664	1755.75
517.879	1714.75
518.095	1710.75
518.311	1713.75
518.527	1679.75
518.742	1607.75
518.958	1607.75
519.173	1555.75
519.389	1546.75
519.605	1526.75
519.82	1528.75
520.036	1551.75
520.251	1553.75
520.467	1576.75
520.682	1552.75
520.898	1567.75
521.113	1610.75
521.329	1687.75
521.544	1888.75
521.76	2492.75
521.975	4679.75
522.19	4202.75
522.406	2109.75
522.621	1624.75
522.836	1522.75
523.052	1416.75
523.267	1400.75
523.482	1344.75
523.698	1393.75
523.913	1334.75
524.128	1361.75
524.343	1356.75
524.559	1338.75
524.774	1311.75
524.989	1284.75
525.204	1324.75
525.419	1314.75
525.634	1294.75
525.849	1272.75
526.064	1270.75
526.28	1237.75
526.495	1194.75
526.71	1199.75
526.925	1175.75
527.14	1174.75
527.355	1152.75
527.57	1166.75
527.785	1164.75
527.999	1182.75
528.214	1183.75
528.429	1194.75
528.644	1265.75
528.859	1290.75
529.074	1301.75
529.289	1359.75
529.503	1562.75
529.718	1432.75
529.933	1289.75
530.148	1189.75
530.363	1218.75
530.577	1161.75
530.792	1166.75
531.007	1161.75
531.221	1167.75
531.436	1169.75
531.651	1172.75
531.865	1158.75
532.08	1114.75
532.295	1152.75
532.509	1155.75
532.724	1146.75
532.938	1153.75
533.153	1168.75
533.367	1199.75
533.582	1152.75
533.796	1170.75
534.011	1178.75
534.225	1153.75
534.44	1121.75
534.654	1108.75
534.868	1132.75
535.083	1113.75
535.297	1150.75
535.511	1166.75
535.726	1173.75
535.94	1173.75
536.154	1143.75
536.369	1128.75
536.583	1079.75
536.797	1081.75
537.011	1070.75
537.225	1059.75
537.44	1062.75
537.654	1068.75
537.868	1068.75
538.082	1049.75
538.296	1066.75
538.51	1094.75
538.724	1086.75
538.938	1139.75
539.153	1126.75
539.367	1113.75
539.581	1143.75
539.795	1103.75
540.009	1056.75
540.222	1064.75
540.436	1053.75
540.65	1087.75
540.864	1144.75
541.078	1148.75
541.292	1141.75
541.506	1186.75
541.72	1237.75
541.934	1247.75
542.147	1279.75
542.361	1225.75
542.575	1213.75
542.789	1144.75
543.002	1112.75
543.216	1106.75
543.43	1097.75
543.644	1109.75
543.857	1165.75
544.071	1171.75
544.285	1210.75
544.498	1206.75
544.712	1163.75
544.925	1214.75
545.139	1218.75
545.352	1203.75
545.566	1209.75
545.779	1246.75
545.993	1238.75
546.206	1248.75
546.42	1237.75
546.633	1227.75
546.847	1236.75
547.06	1189.75
547.274	1242.75
547.487	1256.75
547.7	1250.75
547.914	1237.75
548.127	1235.75
548.34	1185.75
548.554	1213.75
548.767	1209.75
548.98	1196.75
549.193	1193.75
549.407	1185.75
549.62	1222.75
549.833	1210.75
550.046	1173.75
550.259	1220.75
550.473	1191.75
550.686	1162.75
550.899	1144.75
551.112	1142.75
551.325	1135.75
551.538	1138.75
551.751	1088.75
551.964	1078.75
552.177	1116.75
552.39	1143.75
552.603	1176.75
552.816	1186.75
553.029	1229.75
553.242	1266.75
553.455	1231.75
553.667	1280.75
553.88	1304.75
554.093	1267.75
554.306	1200.75
554.519	1196.75
554.732	1205.75
554.944	1144.75
555.157	1122.75
555.37	1116.75
555.583	1070.75
555.795	1098.75
556.008	1057.75
556.221	979.75
556.433	1014.75
556.646	1057.75
556.859	1031.75
557.071	995.75
557.284	1027.75
557.496	1041.75
557.709	1025.75
557.921	1040.75
558.134	1022.75
558.346	1032.75
558.559	982.75
558.771	1005.75
558.984	988.75
559.196	940.75
559.409	959.75
559.621	945.75
559.833	946.75
560.046	973.75
560.258	962.75
560.47	960.75
560.683	964.75
560.895	966.75
561.107	976.75
561.32	940.75
561.532	934.75
561.744	950.75
561.956	955.75
562.168	944.75
562.381	957.75
562.593	934.75
562.805	943.75
563.017	941.75
563.229	945.75
563.441	921.75
563.653	952.75
563.865	928.75
564.077	941.75
564.289	928.75
564.501	962.75
564.713	920.75
564.925	966.75
565.137	994.75
565.349	997.75
565.561	1006.75
565.773	1041.75
565.985	1066.75
566.197	1081.75
566.408	1135.75
566.62	1227.75
566.832	1278.75
567.044	1280.75
567.255	1271.75
567.467	1268.75
567.679	1297.75
567.891	1384.75
568.102	1382.75
568.314	1316.75
568.526	1231.75
568.737	1093.75
568.949	1027.75
569.161	967.75
569.372	898.75
569.584	910.75
569.795	872.75
570.007	872.75
570.218	937.75
570.43	903.75
570.641	856.75
570.853	876.75
571.064	861.75
571.276	858.75
571.487	836.75
571.698	839.75
571.91	826.75
572.121	788.75
572.333	770.75
572.544	759.75
572.755	707.75
572.966	743.75
573.178	725.75
573.389	713.75
573.6	672.75
573.811	666.75
574.023	645.75
574.234	679.75
574.445	678.75
574.656	665.75
574.867	681.75
575.078	705.75
575.289	680.75
575.501	692.75
575.712	669.75
575.923	662.75
576.134	679.75
576.345	649.75
576.556	698.75
576.767	674.75
576.978	698.75
577.188	630.75
577.399	640.75
577.61	641.75
577.821	646.75
578.032	638.75
578.243	714.75
578.454	1231.75
578.665	862.75
578.875	647.75
579.086	613.75
579.297	568.75
579.508	622.75
579.718	600.75
579.929	594.75
580.14	573.75
580.35	570.75
580.561	599.75
580.772	603.75
580.982	584.75
581.193	590.75
581.403	580.75
581.614	592.75
581.825	570.75
582.035	587.75
582.246	585.75
582.456	572.75
582.667	585.75
582.877	572.75
583.087	578.75
583.298	574.75
583.508	571.75
583.719	568.75
583.929	570.75
584.139	574.75
584.35	556.75
584.56	577.75
584.77	560.75
584.981	561.75
585.191	557.75
585.401	549.75
585.611	550.75
585.821	545.75
586.032	550.75
586.242	554.75
586.452	559.75
586.662	549.75
586.872	526.75
587.082	537.75
587.292	538.75
587.502	538.75
587.713	530.75
587.923	516.75
588.133	511.75
588.343	520.75
588.553	515.75
588.762	532.75
588.972	547.75
589.182	551.75
589.392	541.75
589.602	567.75
589.812	582.75
590.022	560.75
590.232	554.75
590.441	540.75
590.651	540.75
590.861	537.75
591.071	542.75
591.281	561.75
591.49	554.75
591.7	560.75
591.91	574.75
592.119	587.75
592.329	583.75
592.539	591.75
592.748	592.75
592.958	609.75
593.167	607.75
593.377	621.75
593.587	640.75
593.796	627.75
594.006	644.75
594.215	658.75
594.424	666.75
594.634	658.75
594.843	626.75
595.053	593.75
595.262	591.75
595.472	566.75
595.681	569.75
595.89	552.75
596.1	550.75
596.309	536.75
596.518	545.75
596.727	545.75
596.937	531.75
597.146	512.75
597.355	512.75
597.564	508.75
597.774	504.75
597.983	505.75
598.192	470.75
598.401	494.75
598.61	489.75
598.819	498.75
599.028	474.75
599.237	467.75
599.446	496.75
599.655	514.75
599.864	493.75
600.073	470.75
600.282	472.75
600.491	471.75
600.7	473.75
600.909	484.75
601.118	507.75
601.327	513.75
601.536	515.75
601.745	516.75
601.953	536.75
602.162	541.75
602.371	538.75
602.58	535.75
602.789	553.75
602.997	532.75
603.206	528.75
603.415	542.75
603.623	536.75
603.832	534.75
604.041	497.75
604.249	484.75
604.458	487.75
604.666	479.75
604.875	464.75
605.084	482.75
605.292	499.75
605.501	494.75
605.709	515.75
605.918	518.75
606.126	551.75
606.334	535.75
606.543	521.75
606.751	506.75
606.96	506.75
607.168	528.75
607.376	518.75
607.585	520.75
607.793	500.75
608.001	521.75
608.21	497.75
608.418	515.75
608.626	496.75
608.834	548.75
609.043	545.75
609.251	535.75
609.459	521.75
609.667	532.75
609.875	539.75
610.083	530.75
610.291	526.75
610.499	536.75
610.707	536.75
610.916	526.75
611.124	526.75
611.332	537.75
611.54	506.75
611.748	524.75
611.955	532.75
612.163	507.75
612.371	507.75
612.579	507.75
612.787	535.75
612.995	521.75
613.203	522.75
613.411	525.75
613.618	518.75
613.826	503.75
614.034	520.75
614.242	509.75
614.449	502.75
614.657	495.75
614.865	539.75
615.072	500.75
615.28	479.75
615.488	507.75
615.695	505.75
615.903	502.75
616.111	507.75
616.318	512.75
616.526	526.75
616.733	502.75
616.941	497.75
617.148	522.75
617.356	516.75
617.563	481.75
617.771	494.75
617.978	475.75
618.185	488.75
618.393	489.75
618.6	509.75
618.807	494.75
619.015	479.75
619.222	499.75
619.429	438.75
619.637	456.75
619.844	432.75
620.051	445.75
620.258	469.75
620.466	442.75
620.673	437.75
620.88	458.75
621.087	460.75
621.294	444.75
621.501	422.75
621.708	432.75
621.915	453.75
622.122	446.75
622.329	418.75
622.536	442.75
622.743	451.75
622.95	458.75
623.157	440.75
623.364	431.75
623.571	432.75
623.778	445.75
623.985	448.75
624.192	407.75
624.399	418.75
624.606	428.75
624.812	428.75
625.019	412.75
625.226	399.75
625.433	407.75
625.639	385.75
625.846	382.75
626.053	358.75
626.259	380.75
626.466	384.75
626.673	361.75
626.879	371.75
627.086	376.75
627.293	384.75
627.499	416.75
627.706	408.75
627.912	413.75
628.119	427.75
628.325	426.75
628.532	382.75
628.738	389.75
628.945	396.75
629.151	392.75
629.357	381.75
629.564	380.75
629.77	373.75
629.976	378.75
630.183	378.75
630.389	386.75
630.595	370.75
630.802	373.75
631.008	372.75
631.214	363.75
631.42	380.75
631.627	372.75
631.833	366.75
632.039	366.75
632.245	369.75
632.451	364.75
632.657	368.75
632.863	363.75
633.069	365.75
633.275	385.75
633.481	367.75
633.688	353.75
633.893	360.75
634.099	358.75
634.305	349.75
634.511	366.75
634.717	344.75
634.923	329.75
635.129	332.75
635.335	350.75
635.541	350.75
635.747	359.75
635.952	382.75
636.158	404.75
636.364	549.75
636.57	650.75
636.775	517.75
636.981	462.75
637.187	425.75
637.392	393.75
637.598	387.75
637.804	370.75
638.009	382.75
638.215	384.75
638.421	342.75
638.626	358.75
638.832	326.75
639.037	339.75
639.243	353.75
639.448	322.75
639.654	333.75
639.859	318.75
640.065	320.75
640.27	330.75
640.475	316.75
640.681	337.75
640.886	335.75
641.091	327.75
641.297	352.75
641.502	334.75
641.707	322.75
641.913	330.75
642.118	322.75
642.323	324.75
642.528	308.75
642.733	317.75
642.939	317.75
643.144	301.75
643.349	304.75
643.554	316.75
643.759	312.75
643.964	327.75
644.169	311.75
644.374	297.75
644.579	312.75
644.784	301.75
644.989	313.75
645.194	305.75
645.399	300.75
645.604	308.75
645.809	304.75
646.014	297.75
646.219	310.75
646.423	298.75
646.628	307.75
646.833	292.75
647.038	318.75
647.243	310.75
647.447	316.75
647.652	301.75
647.857	318.75
648.062	322.75
648.266	323.75
648.471	312.75
648.676	319.75
648.88	309.75
649.085	317.75
649.289	311.75
649.494	334.75
649.698	357.75
649.903	338.75
650.107	309.75
650.312	289.75
650.516	304.75
650.721	290.75
650.925	289.75
651.13	280.75
651.334	286.75
651.539	277.75
651.743	264.75
651.947	263.75
652.152	257.75
652.356	257.75
652.56	252.75
652.764	246.75
652.969	252.75
653.173	256.75
653.377	224.75
653.581	223.75
653.785	233.75
653.99	241.75
654.194	247.75
654.398	217.75
654.602	232.75
654.806	228.75
655.01	237.75
655.214	222.75
655.418	211.75
655.622	217.75
655.826	213.75
656.03	221.75
656.234	228.75
656.438	217.75
656.642	233.75
656.846	234.75
657.049	207.75
657.253	201.75
657.457	172.75
657.661	154.75
657.865	184.75
658.068	176.75
658.272	159.75
658.476	147.75
658.68	163.75
658.883	144.75
659.087	147.75
659.291	149.75
659.494	124.75
659.698	148.75
659.901	142.75
660.105	127.75
660.309	132.75
660.512	118.75
660.716	121.75
660.919	126.75
661.123	123.75
661.326	106.75
661.53	122.75
661.733	108.75
661.936	93.75
662.14	114.75
662.343	108.75
662.546	105.75
662.75	100.75
662.953	94.75
663.156	95.75
663.36	78.75
663.563	91.75
663.766	84.75
663.969	94.75
664.173	86.75
664.376	85.75
664.579	78.75
664.782	72.75
664.985	84.75
665.188	87.75
665.391	79.75
665.594	80.75
665.797	71.75
666	87.75
666.203	98.75
666.406	94.75
666.609	85.75
666.812	88.75
667.015	92.75
667.218	88.75
667.421	86.75
667.624	83.75
667.827	80.75
668.03	94.75
668.232	82.75
668.435	83.75
668.638	79.75
668.841	80.75
669.043	69.75
669.246	86.75
669.449	84.75
669.651	92.75
669.854	75.75
670.057	92.75
670.259	87.75
670.462	81.75
670.665	86.75
670.867	93.75
671.07	85.75
671.272	91.75
671.475	85.75
671.677	86.75
671.88	88.75
672.082	93.75
672.284	78.75
672.487	71.75
672.689	86.75
672.892	97.75
