223.165	-11.5
223.4	-11.5
223.635	-11.5
223.869	-11.5
224.104	-25.5
224.338	-16.5
224.573	-15.5
224.808	-6.5
225.042	2.5
225.277	-5.5
225.511	-3.5
225.746	-4.5
225.98	1.5
226.215	2.5
226.449	21.5
226.683	22.5
226.918	25.5
227.152	24.5
227.387	27.5
227.621	23.5
227.856	26.5
228.09	55.5
228.324	51.5
228.559	48.5
228.793	84.5
229.027	122.5
229.262	136.5
229.496	151.5
229.73	183.5
229.964	194.5
230.199	153.5
230.433	154.5
230.667	151.5
230.901	148.5
231.136	143.5
231.37	142.5
231.604	133.5
231.838	152.5
232.072	141.5
232.306	157.5
232.541	140.5
232.775	147.5
233.009	148.5
233.243	153.5
233.477	162.5
233.711	158.5
233.945	147.5
234.179	145.5
234.413	130.5
234.647	158.5
234.881	147.5
235.115	150.5
235.349	169.5
235.583	157.5
235.817	143.5
236.051	151.5
236.285	175.5
236.519	166.5
236.753	166.5
236.987	181.5
237.221	225.5
237.455	278.5
237.689	236.5
237.922	194.5
238.156	175.5
238.39	186.5
238.624	172.5
238.858	167.5
239.091	170.5
239.325	164.5
239.559	163.5
239.793	162.5
240.027	173.5
240.26	182.5
240.494	192.5
240.728	196.5
240.961	200.5
241.195	189.5
241.429	186.5
241.662	194.5
241.896	196.5
242.13	186.5
242.363	193.5
242.597	170.5
242.83	203.5
243.064	190.5
243.298	211.5
243.531	208.5
243.765	213.5
243.998	203.5
244.232	192.5
244.465	211.5
244.699	208.5
244.932	207.5
245.166	205.5
245.399	209.5
245.633	208.5
245.866	209.5
246.099	214.5
246.333	211.5
246.566	217.5
246.8	211.5
247.033	231.5
247.266	224.5
247.5	233.5
247.733	236.5
247.966	230.5
248.2	236.5
248.433	242.5
248.666	237.5
248.899	251.5
249.133	280.5
249.366	278.5
249.599	296.5
249.832	260.5
250.066	266.5
250.299	274.5
250.532	294.5
250.765	298.5
250.998	314.5
251.231	307.5
251.465	297.5
251.698	288.5
251.931	296.5
252.164	282.5
252.397	290.5
252.63	279.5
252.863	289.5
253.096	316.5
253.329	328.5
253.562	315.5
253.795	308.5
254.028	304.5
254.261	303.5
254.494	312.5
254.727	336.5
254.96	368.5
255.193	345.5
255.426	328.5
255.659	344.5
255.892	366.5
256.124	389.5
256.357	407.5
256.59	397.5
256.823	355.5
257.056	339.5
257.289	336.5
257.521	322.5
257.754	306.5
257.987	310.5
258.22	305.5
258.452	299.5
258.685	306.5
258.918	310.5
259.151	305.5
259.383	331.5
259.616	319.5
259.849	322.5
260.081	329.5
260.314	341.5
260.547	330.5
260.779	340.5
261.012	342.5
261.244	324.5
261.477	322.5
261.71	326.5
261.942	338.5
262.175	363.5
262.407	343.5
262.64	305.5
262.872	330.5
263.105	305.5
263.337	333.5
263.57	321.5
263.802	328.5
264.035	334.5
264.267	329.5
264.499	333.5
264.732	317.5
264.964	322.5
265.197	344.5
265.429	329.5
265.661	328.5
265.894	356.5
266.126	344.5
266.358	356.5
266.591	342.5
266.823	342.5
267.055	347.5
267.287	321.5
267.52	333.5
267.752	354.5
267.984	363.5
268.216	360.5
268.448	340.5
268.681	353.5
268.913	350.5
269.145	394.5
269.377	395.5
269.609	391.5
269.841	376.5
270.073	393.5
270.306	418.5
270.538	419.5
270.77	429.5
271.002	429.5
271.234	396.5
271.466	419.5
271.698	429.5
271.93	450.5
272.162	443.5
272.394	436.5
272.626	423.5
272.858	415.5
273.09	422.5
273.322	414.5
273.553	392.5
273.785	405.5
274.017	381.5
274.249	389.5
274.481	401.5
274.713	416.5
274.945	414.5
275.176	415.5
275.408	402.5
275.64	428.5
275.872	400.5
276.104	422.5
276.335	417.5
276.567	438.5
276.799	437.5
277.031	484.5
277.262	457.5
277.494	491.5
277.726	468.5
277.957	460.5
278.189	438.5
278.421	411.5
278.652	434.5
278.884	447.5
279.115	442.5
279.347	428.5
279.579	442.5
279.81	446.5
280.042	454.5
280.273	477.5
280.505	464.5
280.736	457.5
280.968	433.5
281.199	437.5
281.431	450.5
281.662	435.5
281.894	442.5
282.125	451.5
282.356	460.5
282.588	505.5
282.819	506.5
283.051	467.5
283.282	454.5
283.513	460.5
283.745	465.5
283.976	457.5
284.207	457.5
284.439	459.5
284.67	478.5
284.901	457.5
285.132	463.5
285.364	464.5
285.595	471.5
285.826	474.5
286.057	479.5
286.288	478.5
286.52	489.5
286.751	476.5
286.982	469.5
287.213	486.5
287.444	474.5
287.675	468.5
287.906	501.5
288.138	486.5
288.369	509.5
288.6	508.5
288.831	516.5
289.062	463.5
289.293	479.5
289.524	502.5
289.755	487.5
289.986	504.5
290.217	495.5
290.448	466.5
290.679	490.5
290.91	482.5
291.141	497.5
291.371	484.5
291.602	502.5
291.833	481.5
292.064	496.5
292.295	503.5
292.526	487.5
292.757	514.5
292.987	469.5
293.218	500.5
293.449	518.5
293.68	484.5
293.91	489.5
294.141	505.5
294.372	488.5
294.603	487.5
294.833	484.5
295.064	491.5
295.295	523.5
295.525	516.5
295.756	538.5
295.987	531.5
296.217	556.5
296.448	587.5
296.679	516.5
296.909	530.5
297.14	524.5
297.37	539.5
297.601	532.5
297.831	551.5
298.062	527.5
298.292	540.5
298.523	552.5
298.753	548.5
298.984	516.5
299.214	532.5
299.445	566.5
299.675	587.5
299.905	549.5
300.136	532.5
300.366	540.5
300.597	582.5
300.827	619.5
301.057	580.5
301.288	568.5
301.518	594.5
301.748	584.5
301.979	599.5
302.209	597.5
302.439	609.5
302.669	590.5
302.9	578.5
303.13	585.5
303.36	587.5
303.59	590.5
303.82	599.5
304.051	611.5
304.281	610.5
304.511	589.5
304.741	590.5
304.971	598.5
305.201	583.5
305.431	584.5
305.661	600.5
305.891	577.5
306.121	587.5
306.352	588.5
306.582	598.5
306.812	588.5
307.042	606.5
307.272	596.5
307.502	607.5
307.731	626.5
307.961	599.5
308.191	602.5
308.421	618.5
308.651	602.5
308.881	617.5
309.111	622.5
309.341	629.5
309.571	636.5
309.8	627.5
310.03	640.5
310.26	627.5
310.49	639.5
310.72	669.5
310.949	693.5
311.179	678.5
311.409	665.5
311.639	650.5
311.868	658.5
312.098	664.5
312.328	672.5
312.557	692.5
312.787	729.5
313.017	716.5
313.246	684.5
313.476	690.5
313.706	692.5
313.935	718.5
314.165	743.5
314.394	731.5
314.624	718.5
314.853	694.5
315.083	700.5
315.312	686.5
315.542	671.5
315.771	674.5
316.001	690.5
316.23	680.5
316.46	675.5
316.689	685.5
316.919	680.5
317.148	691.5
317.377	685.5
317.607	719.5
317.836	704.5
318.065	706.5
318.295	688.5
318.524	702.5
318.753	668.5
318.983	700.5
319.212	675.5
319.441	724.5
319.67	699.5
319.9	710.5
320.129	699.5
320.358	722.5
320.587	721.5
320.816	718.5
321.046	709.5
321.275	745.5
321.504	734.5
321.733	739.5
321.962	727.5
322.191	780.5
322.42	782.5
322.649	792.5
322.878	794.5
323.108	809.5
323.337	878.5
323.566	908.5
323.795	946.5
324.024	1037.5
324.253	1239.5
324.482	1683.5
324.71	2558.5
324.939	3578.5
325.168	2830.5
325.397	1540.5
325.626	1170.5
325.855	1044.5
326.084	989.5
326.313	950.5
326.542	974.5
326.77	1003.5
326.999	1194.5
327.228	1646.5
327.457	2429.5
327.686	2787.5
327.914	1791.5
328.143	1331.5
328.372	1253.5
328.6	1179.5
328.829	1082.5
329.058	1056.5
329.287	1085.5
329.515	1057.5
329.744	1020.5
329.972	1084.5
330.201	1231.5
330.43	1397.5
330.658	1322.5
330.887	1178.5
331.115	1115.5
331.344	976.5
331.572	969.5
331.801	999.5
332.03	1000.5
332.258	970.5
332.486	950.5
332.715	986.5
332.943	982.5
333.172	1074.5
333.4	1067.5
333.629	1101.5
333.857	1143.5
334.085	1241.5
334.314	1362.5
334.542	1582.5
334.771	1661.5
334.999	1308.5
335.227	1110.5
335.455	1074.5
335.684	1016.5
335.912	992.5
336.14	973.5
336.369	962.5
336.597	975.5
336.825	959.5
337.053	972.5
337.281	928.5
337.51	896.5
337.738	914.5
337.966	902.5
338.194	906.5
338.422	883.5
338.65	871.5
338.878	880.5
339.106	860.5
339.334	868.5
339.562	864.5
339.79	872.5
340.018	840.5
340.246	842.5
340.474	859.5
340.702	874.5
340.93	880.5
341.158	862.5
341.386	861.5
341.614	868.5
341.842	862.5
342.07	865.5
342.298	832.5
342.526	847.5
342.754	821.5
342.981	835.5
343.209	839.5
343.437	875.5
343.665	926.5
343.893	983.5
344.12	990.5
344.348	952.5
344.576	924.5
344.804	900.5
345.031	909.5
345.259	919.5
345.487	888.5
345.714	840.5
345.942	858.5
346.17	859.5
346.397	847.5
346.625	836.5
346.853	845.5
347.08	810.5
347.308	840.5
347.535	871.5
347.763	856.5
347.99	855.5
348.218	853.5
348.445	848.5
348.673	840.5
348.9	827.5
349.128	834.5
349.355	810.5
349.583	795.5
349.81	812.5
350.037	818.5
350.265	825.5
350.492	822.5
350.72	814.5
350.947	835.5
351.174	850.5
351.402	856.5
351.629	868.5
351.856	850.5
352.083	874.5
352.311	870.5
352.538	853.5
352.765	865.5
352.992	833.5
353.22	814.5
353.447	807.5
353.674	816.5
353.901	819.5
354.128	811.5
354.355	794.5
354.583	817.5
354.81	803.5
355.037	811.5
355.264	803.5
355.491	807.5
355.718	807.5
355.945	795.5
356.172	794.5
356.399	848.5
356.626	853.5
356.853	786.5
357.08	791.5
357.307	814.5
357.534	784.5
357.761	806.5
357.988	831.5
358.215	823.5
358.441	831.5
358.668	812.5
358.895	832.5
359.122	817.5
359.349	863.5
359.576	868.5
359.802	894.5
360.029	944.5
360.256	935.5
360.483	920.5
360.709	889.5
360.936	872.5
361.163	837.5
361.39	858.5
361.616	864.5
361.843	858.5
362.07	873.5
362.296	919.5
362.523	847.5
362.749	867.5
362.976	867.5
363.203	835.5
363.429	815.5
363.656	849.5
363.882	826.5
364.109	842.5
364.335	832.5
364.562	852.5
364.788	834.5
365.015	835.5
365.241	845.5
365.468	840.5
365.694	883.5
365.92	861.5
366.147	841.5
366.373	838.5
366.599	846.5
366.826	826.5
367.052	847.5
367.278	860.5
367.505	847.5
367.731	872.5
367.957	859.5
368.184	871.5
368.41	860.5
368.636	894.5
368.862	890.5
369.089	899.5
369.315	875.5
369.541	875.5
369.767	880.5
369.993	874.5
370.219	866.5
370.445	886.5
370.672	906.5
370.898	888.5
371.124	886.5
371.35	930.5
371.576	914.5
371.802	910.5
372.028	900.5
372.254	910.5
372.48	921.5
372.706	936.5
372.932	907.5
373.158	941.5
373.384	925.5
373.61	918.5
373.835	924.5
374.061	907.5
374.287	920.5
374.513	942.5
374.739	980.5
374.965	982.5
375.191	991.5
375.416	995.5
375.642	964.5
375.868	941.5
376.094	939.5
376.319	920.5
376.545	923.5
376.771	929.5
376.997	905.5
377.222	916.5
377.448	925.5
377.674	922.5
377.899	927.5
378.125	890.5
378.35	894.5
378.576	904.5
378.802	922.5
379.027	891.5
379.253	916.5
379.478	904.5
379.704	886.5
379.929	874.5
380.155	924.5
380.38	906.5
380.606	932.5
380.831	929.5
381.057	936.5
381.282	952.5
381.507	913.5
381.733	936.5
381.958	947.5
382.184	959.5
382.409	941.5
382.634	950.5
382.86	967.5
383.085	986.5
383.31	993.5
383.535	980.5
383.761	985.5
383.986	1024.5
384.211	1049.5
384.436	1053.5
384.662	1064.5
384.887	1084.5
385.112	1051.5
385.337	1070.5
385.562	1098.5
385.787	1111.5
386.013	1113.5
386.238	1105.5
386.463	1106.5
386.688	1091.5
386.913	1130.5
387.138	1075.5
387.363	1111.5
387.588	1048.5
387.813	1091.5
388.038	1118.5
388.263	1106.5
388.488	1087.5
388.713	1106.5
388.938	1097.5
389.163	1090.5
389.387	1073.5
389.612	1080.5
389.837	1078.5
390.062	1068.5
390.287	1109.5
390.512	1078.5
390.736	1082.5
390.961	1105.5
391.186	1136.5
391.411	1154.5
391.636	1181.5
391.86	1231.5
392.085	1222.5
392.31	1218.5
392.534	1185.5
392.759	1184.5
392.984	1174.5
393.208	1190.5
393.433	1256.5
393.658	1217.5
393.882	1169.5
394.107	1155.5
394.331	1164.5
394.556	1154.5
394.78	1183.5
395.005	1170.5
395.229	1159.5
395.454	1215.5
395.678	1224.5
395.903	1246.5
396.127	1282.5
396.352	1237.5
396.576	1244.5
396.801	1207.5
397.025	1220.5
397.249	1241.5
397.474	1247.5
397.698	1245.5
397.922	1260.5
398.147	1301.5
398.371	1279.5
398.595	1311.5
398.82	1360.5
399.044	1421.5
399.268	1571.5
399.492	1719.5
399.717	1910.5
399.941	1951.5
400.165	1801.5
400.389	1693.5
400.613	1566.5
400.837	1440.5
401.062	1413.5
401.286	1394.5
401.51	1388.5
401.734	1399.5
401.958	1405.5
402.182	1423.5
402.406	1484.5
402.63	1488.5
402.854	1492.5
403.078	1479.5
403.302	1515.5
403.526	1543.5
403.75	1567.5
403.974	1603.5
404.198	1597.5
404.422	1639.5
404.645	1576.5
404.869	1600.5
405.093	1665.5
405.317	1679.5
405.541	1742.5
405.765	1618.5
405.988	1586.5
406.212	1620.5
406.436	1667.5
406.66	1672.5
406.883	1634.5
407.107	1742.5
407.331	1830.5
407.555	1924.5
407.778	1927.5
408.002	1796.5
408.226	1720.5
408.449	1699.5
408.673	1642.5
408.896	1676.5
409.12	1729.5
409.344	1651.5
409.567	1588.5
409.791	1578.5
410.014	1546.5
410.238	1537.5
410.461	1564.5
410.685	1542.5
410.908	1569.5
411.132	1592.5
411.355	1576.5
411.578	1544.5
411.802	1527.5
412.025	1510.5
412.249	1569.5
412.472	1608.5
412.695	1678.5
412.919	1602.5
413.142	1559.5
413.365	1507.5
413.589	1503.5
413.812	1463.5
414.035	1439.5
414.258	1431.5
414.482	1446.5
414.705	1420.5
414.928	1439.5
415.151	1430.5
415.374	1416.5
415.597	1438.5
415.821	1398.5
416.044	1386.5
416.267	1405.5
416.49	1409.5
416.713	1413.5
416.936	1428.5
417.159	1389.5
417.382	1411.5
417.605	1424.5
417.828	1462.5
418.051	1443.5
418.274	1480.5
418.497	1432.5
418.72	1459.5
418.943	1458.5
419.166	1550.5
419.389	1657.5
419.611	1584.5
419.834	1547.5
420.057	1555.5
420.28	1553.5
420.503	1570.5
420.726	1493.5
420.948	1519.5
421.171	1594.5
421.394	1582.5
421.617	1533.5
421.839	1495.5
422.062	1499.5
422.285	1476.5
422.507	1571.5
422.73	1682.5
422.953	1658.5
423.175	1553.5
423.398	1541.5
423.621	1541.5
423.843	1601.5
424.066	1589.5
424.288	1616.5
424.511	1614.5
424.733	1678.5
424.956	1720.5
425.178	1697.5
425.401	1669.5
425.623	1680.5
425.846	1548.5
426.068	1499.5
426.291	1441.5
426.513	1466.5
426.735	1433.5
426.958	1506.5
427.18	1638.5
427.402	1802.5
427.625	1959.5
427.847	1794.5
428.069	1640.5
428.292	1535.5
428.514	1459.5
428.736	1400.5
428.958	1396.5
429.181	1324.5
429.403	1371.5
429.625	1328.5
429.847	1387.5
430.069	1471.5
430.292	1452.5
430.514	1351.5
430.736	1324.5
430.958	1334.5
431.18	1302.5
431.402	1310.5
431.624	1262.5
431.846	1262.5
432.068	1241.5
432.29	1277.5
432.512	1248.5
432.734	1305.5
432.956	1333.5
433.178	1328.5
433.4	1377.5
433.622	1351.5
433.844	1326.5
434.066	1328.5
434.287	1303.5
434.509	1323.5
434.731	1359.5
434.953	1439.5
435.175	1448.5
435.397	1466.5
435.618	1411.5
435.84	1464.5
436.062	1576.5
436.284	1643.5
436.505	1489.5
436.727	1394.5
436.949	1390.5
437.17	1352.5
437.392	1334.5
437.614	1334.5
437.835	1355.5
438.057	1530.5
438.278	1640.5
438.5	1645.5
438.721	1782.5
438.943	1672.5
439.165	1500.5
439.386	1450.5
439.608	1427.5
439.829	1428.5
440.05	1488.5
440.272	1506.5
440.493	1492.5
440.715	1431.5
440.936	1412.5
441.158	1407.5
441.379	1460.5
441.6	1526.5
441.822	1584.5
442.043	1616.5
442.264	1710.5
442.486	1705.5
442.707	1574.5
442.928	1526.5
443.149	1539.5
443.371	1562.5
443.592	1594.5
443.813	1762.5
444.034	1822.5
444.255	1662.5
444.476	1618.5
444.698	1625.5
444.919	1722.5
445.14	1794.5
445.361	1680.5
445.582	1619.5
445.803	1662.5
446.024	1762.5
446.245	1742.5
446.466	1611.5
446.687	1476.5
446.908	1449.5
447.129	1408.5
447.35	1346.5
447.571	1352.5
447.792	1325.5
448.013	1333.5
448.234	1348.5
448.455	1395.5
448.675	1580.5
448.896	1694.5
449.117	1498.5
449.338	1450.5
449.559	1608.5
449.779	1708.5
450	1442.5
450.221	1311.5
450.442	1272.5
450.662	1273.5
450.883	1306.5
451.104	1322.5
451.324	1308.5
451.545	1260.5
451.766	1264.5
451.986	1197.5
452.207	1196.5
452.428	1145.5
452.648	1195.5
452.869	1155.5
453.089	1178.5
453.31	1180.5
453.53	1139.5
453.751	1131.5
453.971	1154.5
454.192	1183.5
454.412	1166.5
454.633	1155.5
454.853	1120.5
455.073	1151.5
455.294	1131.5
455.514	1269.5
455.734	1217.5
455.955	1097.5
456.175	1090.5
456.395	1103.5
456.616	1063.5
456.836	1069.5
457.056	1062.5
457.276	1056.5
457.497	1062.5
457.717	1057.5
457.937	1096.5
458.157	1108.5
458.377	1115.5
458.598	1146.5
458.818	1270.5
459.038	1366.5
459.258	1389.5
459.478	1293.5
459.698	1244.5
459.918	1274.5
460.138	1316.5
460.358	1348.5
460.578	1383.5
460.798	1387.5
461.018	1412.5
461.238	1362.5
461.458	1371.5
461.678	1395.5
461.898	1387.5
462.118	1387.5
462.338	1467.5
462.558	1458.5
462.777	1537.5
462.997	1641.5
463.217	1739.5
463.437	1695.5
463.657	1633.5
463.876	1547.5
464.096	1551.5
464.316	1542.5
464.536	1590.5
464.755	1553.5
464.975	1516.5
465.195	1538.5
465.414	1615.5
465.634	1408.5
465.854	1338.5
466.073	1289.5
466.293	1258.5
466.512	1246.5
466.732	1201.5
466.951	1235.5
467.171	1225.5
467.391	1229.5
467.61	1263.5
467.829	1282.5
468.049	1275.5
468.268	1367.5
468.488	1289.5
468.707	1208.5
468.927	1212.5
469.146	1208.5
469.365	1223.5
469.585	1205.5
469.804	1282.5
470.023	1278.5
470.243	1312.5
470.462	1331.5
470.681	1375.5
470.901	1352.5
471.12	1287.5
471.339	1284.5
471.558	1256.5
471.777	1271.5
471.997	1274.5
472.216	1384.5
472.435	1766.5
472.654	1475.5
472.873	1236.5
473.092	1220.5
473.311	1203.5
473.53	1210.5
473.749	1202.5
473.968	1222.5
474.187	1328.5
474.406	1351.5
474.625	1243.5
474.844	1205.5
475.063	1190.5
475.282	1191.5
475.501	1188.5
475.72	1139.5
475.939	1199.5
476.158	1203.5
476.377	1255.5
476.596	1234.5
476.814	1223.5
477.033	1236.5
477.252	1229.5
477.471	1282.5
477.69	1300.5
477.908	1334.5
478.127	1386.5
478.346	1408.5
478.564	1447.5
478.783	1382.5
479.002	1449.5
479.22	1469.5
479.439	1426.5
479.658	1484.5
479.876	1462.5
480.095	1479.5
480.313	1544.5
480.532	1538.5
480.751	1569.5
480.969	1611.5
481.188	2180.5
481.406	2467.5
481.624	1691.5
481.843	1461.5
482.061	1396.5
482.28	1418.5
482.498	1378.5
482.717	1367.5
482.935	1352.5
483.153	1411.5
483.372	1416.5
483.59	1452.5
483.808	1383.5
484.027	1407.5
484.245	1402.5
484.463	1404.5
484.681	1477.5
484.9	1426.5
485.118	1411.5
485.336	1405.5
485.554	1410.5
485.772	1417.5
485.99	1375.5
486.209	1414.5
486.427	1406.5
486.645	1438.5
486.863	1537.5
487.081	1555.5
487.299	1497.5
487.517	1474.5
487.735	1510.5
487.953	1585.5
488.171	1538.5
488.389	1513.5
488.607	1475.5
488.825	1437.5
489.043	1433.5
489.261	1488.5
489.479	1495.5
489.696	1496.5
489.914	1518.5
490.132	1536.5
490.35	1563.5
490.568	1609.5
490.786	1622.5
491.003	1651.5
491.221	1692.5
491.439	1738.5
491.657	1743.5
491.874	1784.5
492.092	1853.5
492.31	1890.5
492.527	1881.5
492.745	1871.5
492.963	1848.5
493.18	1830.5
493.398	1802.5
493.615	1814.5
493.833	1840.5
494.05	1774.5
494.268	1812.5
494.485	1775.5
494.703	1797.5
494.92	1737.5
495.138	1744.5
495.355	1755.5
495.573	1743.5
495.79	1688.5
496.008	1784.5
496.225	1741.5
496.442	1734.5
496.66	1762.5
496.877	1797.5
497.094	1772.5
497.312	1826.5
497.529	1828.5
497.746	1777.5
497.963	1849.5
498.181	1848.5
498.398	1933.5
498.615	1982.5
498.832	2058.5
499.049	2183.5
499.267	2241.5
499.484	2522.5
499.701	2683.5
499.918	2886.5
500.135	3190.5
500.352	3630.5
500.569	3707.5
500.786	3681.5
501.003	3545.5
501.22	3184.5
501.437	2910.5
501.654	2671.5
501.871	2398.5
502.088	2350.5
502.305	2167.5
502.522	2091.5
502.739	2060.5
502.956	1937.5
503.172	1834.5
503.389	1830.5
503.606	1779.5
503.823	1751.5
504.04	1742.5
504.256	1732.5
504.473	1749.5
504.69	1770.5
504.907	1756.5
505.123	1619.5
505.34	1629.5
505.557	1544.5
505.773	1536.5
505.99	1503.5
506.207	1469.5
506.423	1479.5
506.64	1451.5
506.856	1444.5
507.073	1450.5
507.289	1446.5
507.506	1422.5
507.722	1434.5
507.939	1471.5
508.155	1376.5
508.372	1373.5
508.588	1359.5
508.805	1362.5
509.021	1372.5
509.238	1372.5
509.454	1347.5
509.67	1325.5
509.887	1367.5
510.103	1330.5
510.319	1371.5
510.536	1633.5
510.752	3028.5
510.968	2102.5
511.184	1375.5
511.401	1327.5
511.617	1326.5
511.833	1331.5
512.049	1340.5
512.265	1314.5
512.481	1304.5
512.698	1274.5
512.914	1294.5
513.13	1281.5
513.346	1302.5
513.562	1253.5
513.778	1278.5
513.994	1320.5
514.21	1347.5
514.426	1328.5
514.642	1433.5
514.858	1494.5
515.074	1547.5
515.29	1884.5
515.506	3112.5
515.721	2329.5
515.937	1561.5
516.153	1473.5
516.369	1435.5
516.585	1460.5
516.801	1434.5
517.016	1451.5
517.232	1550.5
517.448	1590.5
517.664	1629.5
517.879	1604.5
518.095	1595.5
518.311	1592.5
518.527	1518.5
518.742	1497.5
518.958	1468.5
519.173	1431.5
519.389	1399.5
519.605	1367.5
519.82	1368.5
520.036	1377.5
520.251	1363.5
520.467	1408.5
520.682	1402.5
520.898	1386.5
521.113	1404.5
521.329	1469.5
521.544	1654.5
521.76	2145.5
521.975	4051.5
522.19	3707.5
522.406	1864.5
522.621	1435.5
522.836	1324.5
523.052	1263.5
523.267	1239.5
523.482	1254.5
523.698	1231.5
523.913	1214.5
524.128	1204.5
524.343	1196.5
524.559	1202.5
524.774	1150.5
524.989	1190.5
525.204	1177.5
525.419	1173.5
525.634	1134.5
525.849	1124.5
526.064	1146.5
526.28	1099.5
526.495	1056.5
526.71	1058.5
526.925	1078.5
527.14	1050.5
527.355	1044.5
527.57	1047.5
527.785	1065.5
527.999	1065.5
528.214	1060.5
528.429	1084.5
528.644	1114.5
528.859	1147.5
529.074	1136.5
529.289	1216.5
529.503	1391.5
529.718	1262.5
529.933	1145.5
530.148	1073.5
530.363	1066.5
530.577	1024.5
530.792	1010.5
531.007	1064.5
531.221	1047.5
531.436	1056.5
531.651	1039.5
531.865	1037.5
532.08	1035.5
532.295	1010.5
532.509	1032.5
532.724	1035.5
532.938	1026.5
533.153	1053.5
533.367	1018.5
533.582	1059.5
533.796	1089.5
534.011	1053.5
534.225	1032.5
534.44	1019.5
534.654	1008.5
534.868	1024.5
535.083	1018.5
535.297	1014.5
535.511	1045.5
535.726	1055.5
535.94	1058.5
536.154	1022.5
536.369	975.5
536.583	957.5
536.797	920.5
537.011	923.5
537.225	938.5
537.44	950.5
537.654	972.5
537.868	975.5
538.082	945.5
538.296	951.5
538.51	987.5
538.724	1017.5
538.938	1017.5
539.153	1012.5
539.367	1014.5
539.581	1005.5
539.795	951.5
540.009	918.5
540.222	943.5
540.436	957.5
540.65	967.5
540.864	1019.5
541.078	1043.5
541.292	1073.5
541.506	1084.5
541.72	1114.5
541.934	1144.5
542.147	1160.5
542.361	1162.5
542.575	1079.5
542.789	1036.5
543.002	1006.5
543.216	1038.5
543.43	981.5
543.644	1012.5
543.857	1026.5
544.071	1064.5
544.285	1089.5
544.498	1078.5
544.712	1068.5
544.925	1090.5
545.139	1100.5
545.352	1120.5
545.566	1091.5
545.779	1108.5
545.993	1126.5
546.206	1112.5
546.42	1150.5
546.633	1118.5
546.847	1113.5
547.06	1114.5
547.274	1110.5
547.487	1120.5
547.7	1106.5
547.914	1119.5
548.127	1134.5
548.34	1104.5
548.554	1116.5
548.767	1105.5
548.98	1119.5
549.193	1105.5
549.407	1099.5
549.62	1103.5
549.833	1118.5
550.046	1108.5
550.259	1067.5
550.473	1067.5
550.686	1044.5
550.899	1064.5
551.112	1046.5
551.325	1029.5
551.538	1010.5
551.751	981.5
551.964	960.5
552.177	1008.5
552.39	1047.5
552.603	1098.5
552.816	1129.5
553.029	1136.5
553.242	1171.5
553.455	1153.5
553.667	1178.5
553.88	1175.5
554.093	1123.5
554.306	1114.5
554.519	1101.5
554.732	1050.5
554.944	1032.5
555.157	1011.5
555.37	1044.5
555.583	995.5
555.795	1007.5
556.008	995.5
556.221	940.5
556.433	938.5
556.646	927.5
556.859	933.5
557.071	922.5
557.284	935.5
557.496	925.5
557.709	937.5
557.921	936.5
558.134	925.5
558.346	900.5
558.559	903.5
558.771	894.5
558.984	912.5
559.196	883.5
559.409	884.5
559.621	875.5
559.833	888.5
560.046	878.5
560.258	876.5
560.47	867.5
560.683	878.5
560.895	883.5
561.107	882.5
561.32	867.5
561.532	862.5
561.744	844.5
561.956	872.5
562.168	883.5
562.381	868.5
562.593	868.5
562.805	850.5
563.017	860.5
563.229	831.5
563.441	840.5
563.653	870.5
563.865	830.5
564.077	837.5
564.289	846.5
564.501	862.5
564.713	852.5
564.925	887.5
565.137	894.5
565.349	918.5
565.561	927.5
565.773	970.5
565.985	991.5
566.197	1032.5
566.408	1084.5
566.62	1129.5
566.832	1184.5
567.044	1215.5
567.255	1181.5
567.467	1248.5
567.679	1265.5
567.891	1314.5
568.102	1361.5
568.314	1277.5
568.526	1156.5
568.737	1064.5
568.949	986.5
569.161	920.5
569.372	876.5
569.584	807.5
569.795	780.5
570.007	787.5
570.218	883.5
570.43	831.5
570.641	802.5
570.853	779.5
571.064	824.5
571.276	792.5
571.487	790.5
571.698	761.5
571.91	717.5
572.121	736.5
572.333	719.5
572.544	679.5
572.755	655.5
572.966	683.5
573.178	689.5
573.389	628.5
573.6	603.5
573.811	636.5
574.023	631.5
574.234	623.5
574.445	631.5
574.656	616.5
574.867	620.5
575.078	622.5
575.289	643.5
575.501	622.5
575.712	595.5
575.923	590.5
576.134	619.5
576.345	628.5
576.556	614.5
576.767	615.5
576.978	599.5
577.188	606.5
577.399	582.5
577.61	595.5
577.821	591.5
578.032	611.5
578.243	678.5
578.454	1135.5
578.665	753.5
578.875	581.5
579.086	555.5
579.297	545.5
579.508	551.5
579.718	554.5
579.929	545.5
580.14	547.5
580.35	522.5
580.561	534.5
580.772	542.5
580.982	513.5
581.193	539.5
581.403	543.5
581.614	522.5
581.825	528.5
582.035	532.5
582.246	544.5
582.456	536.5
582.667	550.5
582.877	543.5
583.087	530.5
583.298	516.5
583.508	521.5
583.719	524.5
583.929	539.5
584.139	520.5
584.35	517.5
584.56	520.5
584.77	492.5
584.981	509.5
585.191	523.5
585.401	515.5
585.611	516.5
585.821	515.5
586.032	490.5
586.242	495.5
586.452	516.5
586.662	498.5
586.872	477.5
587.082	494.5
587.292	489.5
587.502	478.5
587.713	491.5
587.923	500.5
588.133	486.5
588.343	471.5
588.553	470.5
588.762	491.5
588.972	488.5
589.182	543.5
589.392	528.5
589.602	512.5
589.812	536.5
590.022	514.5
590.232	494.5
590.441	503.5
590.651	504.5
590.861	494.5
591.071	503.5
591.281	504.5
591.49	517.5
591.7	513.5
591.91	538.5
592.119	524.5
592.329	524.5
592.539	558.5
592.748	569.5
592.958	563.5
593.167	594.5
593.377	604.5
593.587	618.5
593.796	603.5
594.006	605.5
594.215	620.5
594.424	635.5
594.634	624.5
594.843	589.5
595.053	564.5
595.262	560.5
595.472	539.5
595.681	513.5
595.89	506.5
596.1	503.5
596.309	503.5
596.518	488.5
596.727	486.5
596.937	475.5
597.146	488.5
597.355	475.5
597.564	469.5
597.774	434.5
597.983	444.5
598.192	440.5
598.401	443.5
598.61	445.5
598.819	440.5
599.028	452.5
599.237	453.5
599.446	462.5
599.655	441.5
599.864	450.5
600.073	433.5
600.282	428.5
600.491	448.5
600.7	428.5
600.909	450.5
601.118	444.5
601.327	471.5
601.536	468.5
601.745	473.5
601.953	503.5
602.162	480.5
602.371	486.5
602.58	497.5
602.789	495.5
602.997	476.5
603.206	474.5
603.415	475.5
603.623	449.5
603.832	469.5
604.041	460.5
604.249	467.5
604.458	442.5
604.666	432.5
604.875	430.5
605.084	432.5
605.292	450.5
605.501	475.5
605.709	488.5
605.918	462.5
606.126	482.5
606.334	496.5
606.543	512.5
606.751	470.5
606.96	479.5
607.168	475.5
607.376	461.5
607.585	475.5
607.793	482.5
608.001	470.5
608.21	467.5
608.418	467.5
608.626	489.5
608.834	487.5
609.043	477.5
609.251	455.5
609.459	466.5
609.667	490.5
609.875	475.5
610.083	474.5
610.291	482.5
610.499	465.5
610.707	490.5
610.916	491.5
611.124	488.5
611.332	502.5
611.54	469.5
611.748	496.5
611.955	478.5
612.163	457.5
612.371	473.5
612.579	457.5
612.787	466.5
612.995	475.5
613.203	463.5
613.411	476.5
613.618	458.5
613.826	447.5
614.034	439.5
614.242	466.5
614.449	463.5
614.657	476.5
614.865	446.5
615.072	428.5
615.28	476.5
615.488	476.5
615.695	464.5
615.903	461.5
616.111	455.5
616.318	470.5
616.526	460.5
616.733	503.5
616.941	496.5
617.148	462.5
617.356	464.5
617.563	458.5
617.771	443.5
617.978	455.5
618.185	446.5
618.393	466.5
618.6	455.5
618.807	476.5
619.015	440.5
619.222	456.5
619.429	428.5
619.637	424.5
619.844	406.5
620.051	409.5
620.258	423.5
620.466	422.5
620.673	433.5
620.88	416.5
621.087	428.5
621.294	416.5
621.501	408.5
621.708	416.5
621.915	428.5
622.122	426.5
622.329	430.5
622.536	442.5
622.743	422.5
622.95	408.5
623.157	422.5
623.364	426.5
623.571	407.5
623.778	409.5
623.985	407.5
624.192	428.5
624.399	425.5
624.606	380.5
624.812	405.5
625.019	402.5
625.226	380.5
625.433	397.5
625.639	375.5
625.846	352.5
626.053	342.5
626.259	352.5
626.466	324.5
626.673	334.5
626.879	322.5
627.086	348.5
627.293	352.5
627.499	387.5
627.706	382.5
627.912	386.5
628.119	382.5
628.325	375.5
628.532	384.5
628.738	374.5
628.945	364.5
629.151	359.5
629.357	368.5
629.564	355.5
629.77	374.5
629.976	353.5
630.183	342.5
630.389	337.5
630.595	362.5
630.802	351.5
631.008	356.5
631.214	365.5
631.42	350.5
631.627	355.5
631.833	352.5
632.039	316.5
632.245	347.5
632.451	358.5
632.657	338.5
632.863	334.5
633.069	331.5
633.275	324.5
633.481	345.5
633.688	343.5
633.893	337.5
634.099	319.5
634.305	319.5
634.511	328.5
634.717	328.5
634.923	303.5
635.129	298.5
635.335	315.5
635.541	310.5
635.747	321.5
635.952	327.5
636.158	339.5
636.364	361.5
636.57	402.5
636.775	351.5
636.981	325.5
637.187	336.5
637.392	345.5
637.598	328.5
637.804	334.5
638.009	327.5
638.215	321.5
638.421	314.5
638.626	311.5
638.832	331.5
639.037	306.5
639.243	324.5
639.448	300.5
639.654	305.5
639.859	306.5
640.065	296.5
640.27	299.5
640.475	307.5
640.681	299.5
640.886	323.5
641.091	297.5
641.297	283.5
641.502	301.5
641.707	301.5
641.913	300.5
642.118	280.5
642.323	308.5
642.528	304.5
642.733	290.5
642.939	297.5
643.144	288.5
643.349	300.5
643.554	318.5
643.759	320.5
643.964	290.5
644.169	281.5
644.374	296.5
644.579	288.5
644.784	305.5
644.989	298.5
645.194	287.5
645.399	296.5
645.604	277.5
645.809	298.5
646.014	289.5
646.219	289.5
646.423	295.5
646.628	283.5
646.833	291.5
647.038	282.5
647.243	298.5
647.447	299.5
647.652	284.5
647.857	305.5
648.062	309.5
648.266	303.5
648.471	294.5
648.676	300.5
648.88	312.5
649.085	303.5
649.289	317.5
649.494	316.5
649.698	324.5
649.903	318.5
650.107	279.5
650.312	273.5
650.516	284.5
650.721	276.5
650.925	257.5
651.13	266.5
651.334	256.5
651.539	253.5
651.743	247.5
651.947	235.5
652.152	259.5
652.356	237.5
652.56	223.5
652.764	222.5
652.969	252.5
653.173	216.5
653.377	226.5
653.581	230.5
653.785	224.5
653.99	216.5
654.194	217.5
654.398	195.5
654.602	226.5
654.806	202.5
655.01	205.5
655.214	227.5
655.418	213.5
655.622	213.5
655.826	218.5
656.03	217.5
656.234	222.5
656.438	212.5
656.642	214.5
656.846	212.5
657.049	193.5
657.253	179.5
657.457	179.5
657.661	150.5
657.865	156.5
658.068	151.5
658.272	153.5
658.476	152.5
658.68	155.5
658.883	139.5
659.087	132.5
659.291	127.5
659.494	110.5
659.698	113.5
659.901	124.5
660.105	97.5
660.309	120.5
660.512	118.5
660.716	112.5
660.919	102.5
661.123	110.5
661.326	102.5
661.53	89.5
661.733	88.5
661.936	84.5
662.14	104.5
662.343	86.5
662.546	87.5
662.75	93.5
662.953	82.5
663.156	81.5
663.36	84.5
663.563	95.5
663.766	94.5
663.969	80.5
664.173	74.5
664.376	78.5
664.579	73.5
664.782	81.5
664.985	77.5
665.188	79.5
665.391	97.5
665.594	84.5
665.797	70.5
666	89.5
666.203	79.5
666.406	72.5
666.609	85.5
666.812	86.5
667.015	81.5
667.218	77.5
667.421	80.5
667.624	74.5
667.827	70.5
668.03	68.5
668.232	80.5
668.435	87.5
668.638	86.5
668.841	82.5
669.043	84.5
669.246	94.5
669.449	90.5
669.651	85.5
669.854	68.5
670.057	77.5
670.259	70.5
670.462	80.5
670.665	74.5
670.867	73.5
671.07	106.5
671.272	88.5
671.475	88.5
671.677	79.5
671.88	76.5
672.082	76.5
672.284	78.5
672.487	86.5
672.689	69.5
672.892	75.5
