223.165	7.06
223.4	7.06
223.635	7.06
223.869	-17.94
224.104	-14.94
224.338	-13.94
224.573	-10.94
224.808	-14.94
225.042	-8.94
225.277	-14.94
225.511	-3.94
225.746	1.06
225.98	-1.94
226.215	3.06
226.449	19.06
226.683	17.06
226.918	23.06
227.152	32.06
227.387	31.06
227.621	28.06
227.856	33.06
228.09	45.06
228.324	47.06
228.559	50.06
228.793	76.06
229.027	114.06
229.262	129.06
229.496	147.06
229.73	165.06
229.964	184.06
230.199	167.06
230.433	130.06
230.667	127.06
230.901	146.06
231.136	146.06
231.37	117.06
231.604	132.06
231.838	133.06
232.072	140.06
232.306	127.06
232.541	144.06
232.775	134.06
233.009	140.06
233.243	140.06
233.477	152.06
233.711	150.06
233.945	146.06
234.179	153.06
234.413	142.06
234.647	158.06
234.881	147.06
235.115	132.06
235.349	145.06
235.583	130.06
235.817	138.06
236.051	160.06
236.285	145.06
236.519	154.06
236.753	161.06
236.987	186.06
237.221	221.06
237.455	271.06
237.689	211.06
237.922	170.06
238.156	160.06
238.39	185.06
238.624	156.06
238.858	152.06
239.091	152.06
239.325	159.06
239.559	151.06
239.793	170.06
240.027	181.06
240.26	175.06
240.494	192.06
240.728	183.06
240.961	197.06
241.195	184.06
241.429	165.06
241.662	179.06
241.896	183.06
242.13	196.06
242.363	175.06
242.597	188.06
242.83	186.06
243.064	186.06
243.298	179.06
243.531	180.06
243.765	197.06
243.998	185.06
244.232	190.06
244.465	213.06
244.699	197.06
244.932	182.06
245.166	184.06
245.399	184.06
245.633	196.06
245.866	196.06
246.099	182.06
246.333	201.06
246.566	206.06
246.8	216.06
247.033	196.06
247.266	224.06
247.5	211.06
247.733	205.06
247.966	224.06
248.2	246.06
248.433	227.06
248.666	225.06
248.899	264.06
249.133	265.06
249.366	243.06
249.599	265.06
249.832	265.06
250.066	268.06
250.299	289.06
250.532	319.06
250.765	328.06
250.998	338.06
251.231	324.06
251.465	293.06
251.698	278.06
251.931	282.06
252.164	272.06
252.397	280.06
252.63	282.06
252.863	299.06
253.096	274.06
253.329	313.06
253.562	303.06
253.795	287.06
254.028	293.06
254.261	300.06
254.494	299.06
254.727	324.06
254.96	332.06
255.193	340.06
255.426	332.06
255.659	338.06
255.892	386.06
256.124	465.06
256.357	487.06
256.59	422.06
256.823	382.06
257.056	352.06
257.289	345.06
257.521	317.06
257.754	321.06
257.987	312.06
258.22	306.06
258.452	306.06
258.685	303.06
258.918	324.06
259.151	281.06
259.383	299.06
259.616	297.06
259.849	318.06
260.081	311.06
260.314	340.06
260.547	320.06
260.779	309.06
261.012	308.06
261.244	296.06
261.477	314.06
261.71	316.06
261.942	333.06
262.175	311.06
262.407	311.06
262.64	293.06
262.872	311.06
263.105	300.06
263.337	312.06
263.57	312.06
263.802	292.06
264.035	308.06
264.267	309.06
264.499	307.06
264.732	314.06
264.964	312.06
265.197	305.06
265.429	295.06
265.661	289.06
265.894	333.06
266.126	304.06
266.358	304.06
266.591	309.06
266.823	333.06
267.055	325.06
267.287	301.06
267.52	325.06
267.752	306.06
267.984	337.06
268.216	324.06
268.448	341.06
268.681	323.06
268.913	351.06
269.145	365.06
269.377	367.06
269.609	381.06
269.841	352.06
270.073	366.06
270.306	378.06
270.538	411.06
270.77	399.06
271.002	407.06
271.234	383.06
271.466	416.06
271.698	395.06
271.93	423.06
272.162	398.06
272.394	424.06
272.626	390.06
272.858	403.06
273.09	374.06
273.322	366.06
273.553	391.06
273.785	380.06
274.017	384.06
274.249	382.06
274.481	362.06
274.713	373.06
274.945	401.06
275.176	389.06
275.408	399.06
275.64	403.06
275.872	401.06
276.104	412.06
276.335	409.06
276.567	397.06
276.799	442.06
277.031	472.06
277.262	472.06
277.494	487.06
277.726	431.06
277.957	432.06
278.189	426.06
278.421	389.06
278.652	397.06
278.884	401.06
279.115	392.06
279.347	406.06
279.579	403.06
279.81	430.06
280.042	441.06
280.273	469.06
280.505	457.06
280.736	441.06
280.968	417.06
281.199	421.06
281.431	434.06
281.662	417.06
281.894	419.06
282.125	427.06
282.356	461.06
282.588	482.06
282.819	475.06
283.051	432.06
283.282	415.06
283.513	427.06
283.745	429.06
283.976	427.06
284.207	432.06
284.439	444.06
284.67	442.06
284.901	429.06
285.132	408.06
285.364	423.06
285.595	441.06
285.826	429.06
286.057	433.06
286.288	435.06
286.52	435.06
286.751	424.06
286.982	443.06
287.213	435.06
287.444	435.06
287.675	446.06
287.906	462.06
288.138	452.06
288.369	463.06
288.6	478.06
288.831	465.06
289.062	447.06
289.293	449.06
289.524	446.06
289.755	473.06
289.986	453.06
290.217	457.06
290.448	446.06
290.679	450.06
290.91	448.06
291.141	451.06
291.371	461.06
291.602	462.06
291.833	457.06
292.064	455.06
292.295	467.06
292.526	456.06
292.757	461.06
292.987	459.06
293.218	477.06
293.449	472.06
293.68	476.06
293.91	476.06
294.141	463.06
294.372	460.06
294.603	449.06
294.833	461.06
295.064	452.06
295.295	428.06
295.525	456.06
295.756	465.06
295.987	497.06
296.217	504.06
296.448	542.06
296.679	493.06
296.909	487.06
297.14	485.06
297.37	482.06
297.601	483.06
297.831	489.06
298.062	517.06
298.292	508.06
298.523	504.06
298.753	493.06
298.984	520.06
299.214	510.06
299.445	487.06
299.675	525.06
299.905	487.06
300.136	524.06
300.366	517.06
300.597	498.06
300.827	531.06
301.057	532.06
301.288	560.06
301.518	551.06
301.748	537.06
301.979	537.06
302.209	551.06
302.439	561.06
302.669	569.06
302.9	531.06
303.13	548.06
303.36	545.06
303.59	557.06
303.82	570.06
304.051	566.06
304.281	550.06
304.511	543.06
304.741	548.06
304.971	569.06
305.201	542.06
305.431	557.06
305.661	558.06
305.891	545.06
306.121	540.06
306.352	558.06
306.582	559.06
306.812	558.06
307.042	559.06
307.272	592.06
307.502	588.06
307.731	580.06
307.961	577.06
308.191	568.06
308.421	552.06
308.651	562.06
308.881	577.06
309.111	571.06
309.341	547.06
309.571	587.06
309.8	601.06
310.03	589.06
310.26	599.06
310.49	587.06
310.72	632.06
310.949	646.06
311.179	627.06
311.409	592.06
311.639	601.06
311.868	611.06
312.098	606.06
312.328	603.06
312.557	640.06
312.787	663.06
313.017	646.06
313.246	627.06
313.476	591.06
313.706	633.06
313.935	641.06
314.165	663.06
314.394	660.06
314.624	654.06
314.853	670.06
315.083	622.06
315.312	629.06
315.542	617.06
315.771	628.06
316.001	635.06
316.23	630.06
316.46	618.06
316.689	639.06
316.919	610.06
317.148	660.06
317.377	661.06
317.607	634.06
317.836	658.06
318.065	626.06
318.295	623.06
318.524	633.06
318.753	642.06
318.983	665.06
319.212	645.06
319.441	650.06
319.67	660.06
319.9	649.06
320.129	654.06
320.358	661.06
320.587	643.06
320.816	686.06
321.046	663.06
321.275	671.06
321.504	675.06
321.733	688.06
321.962	712.06
322.191	726.06
322.42	748.06
322.649	764.06
322.878	764.06
323.108	792.06
323.337	815.06
323.566	841.06
323.795	931.06
324.024	974.06
324.253	1167.06
324.482	1659.06
324.71	2651.06
324.939	3668.06
325.168	2919.06
325.397	1556.06
325.626	1128.06
325.855	1001.06
326.084	937.06
326.313	933.06
326.542	931.06
326.77	1006.06
326.999	1195.06
327.228	1619.06
327.457	2453.06
327.686	2834.06
327.914	1844.06
328.143	1460.06
328.372	1463.06
328.6	1323.06
328.829	1118.06
329.058	1075.06
329.287	1138.06
329.515	1119.06
329.744	1113.06
329.972	1323.06
330.201	1564.06
330.43	1962.06
330.658	1708.06
330.887	1321.06
331.115	1174.06
331.344	1026.06
331.572	989.06
331.801	987.06
332.03	1005.06
332.258	976.06
332.486	945.06
332.715	951.06
332.943	1000.06
333.172	1033.06
333.4	1096.06
333.629	1160.06
333.857	1257.06
334.085	1410.06
334.314	1801.06
334.542	2323.06
334.771	2540.06
334.999	1695.06
335.227	1233.06
335.455	1132.06
335.684	1029.06
335.912	1015.06
336.14	969.06
336.369	962.06
336.597	959.06
336.825	941.06
337.053	899.06
337.281	861.06
337.51	868.06
337.738	872.06
337.966	828.06
338.194	857.06
338.422	878.06
338.65	842.06
338.878	825.06
339.106	816.06
339.334	801.06
339.562	791.06
339.79	816.06
340.018	800.06
340.246	817.06
340.474	820.06
340.702	786.06
340.93	754.06
341.158	796.06
341.386	801.06
341.614	798.06
341.842	788.06
342.07	791.06
342.298	779.06
342.526	792.06
342.754	767.06
342.981	780.06
343.209	736.06
343.437	796.06
343.665	844.06
343.893	885.06
344.12	887.06
344.348	847.06
344.576	859.06
344.804	879.06
345.031	807.06
345.259	836.06
345.487	824.06
345.714	800.06
345.942	772.06
346.17	772.06
346.397	762.06
346.625	745.06
346.853	752.06
347.08	776.06
347.308	783.06
347.535	809.06
347.763	798.06
347.99	796.06
348.218	781.06
348.445	799.06
348.673	778.06
348.9	767.06
349.128	759.06
349.355	747.06
349.583	770.06
349.81	749.06
350.037	741.06
350.265	761.06
350.492	754.06
350.72	748.06
350.947	738.06
351.174	762.06
351.402	817.06
351.629	759.06
351.856	777.06
352.083	783.06
352.311	800.06
352.538	786.06
352.765	798.06
352.992	772.06
353.22	757.06
353.447	739.06
353.674	743.06
353.901	735.06
354.128	732.06
354.355	745.06
354.583	751.06
354.81	734.06
355.037	736.06
355.264	747.06
355.491	711.06
355.718	743.06
355.945	732.06
356.172	735.06
356.399	723.06
356.626	768.06
356.853	737.06
357.08	737.06
357.307	744.06
357.534	732.06
357.761	732.06
357.988	747.06
358.215	724.06
358.441	737.06
358.668	767.06
358.895	759.06
359.122	769.06
359.349	794.06
359.576	789.06
359.802	825.06
360.029	854.06
360.256	893.06
360.483	852.06
360.709	759.06
360.936	787.06
361.163	781.06
361.39	803.06
361.616	789.06
361.843	789.06
362.07	800.06
362.296	807.06
362.523	802.06
362.749	774.06
362.976	780.06
363.203	787.06
363.429	738.06
363.656	775.06
363.882	803.06
364.109	768.06
364.335	791.06
364.562	747.06
364.788	769.06
365.015	762.06
365.241	773.06
365.468	781.06
365.694	785.06
365.92	796.06
366.147	745.06
366.373	773.06
366.599	769.06
366.826	778.06
367.052	751.06
367.278	781.06
367.505	795.06
367.731	793.06
367.957	798.06
368.184	796.06
368.41	796.06
368.636	801.06
368.862	828.06
369.089	828.06
369.315	805.06
369.541	769.06
369.767	813.06
369.993	799.06
370.219	804.06
370.445	807.06
370.672	827.06
370.898	803.06
371.124	833.06
371.35	798.06
371.576	836.06
371.802	836.06
372.028	833.06
372.254	819.06
372.48	827.06
372.706	815.06
372.932	852.06
373.158	820.06
373.384	850.06
373.61	828.06
373.835	832.06
374.061	829.06
374.287	858.06
374.513	863.06
374.739	873.06
374.965	912.06
375.191	908.06
375.416	908.06
375.642	866.06
375.868	865.06
376.094	839.06
376.319	844.06
376.545	828.06
376.771	853.06
376.997	829.06
377.222	843.06
377.448	821.06
377.674	833.06
377.899	832.06
378.125	844.06
378.35	807.06
378.576	795.06
378.802	810.06
379.027	798.06
379.253	838.06
379.478	803.06
379.704	823.06
379.929	825.06
380.155	840.06
380.38	835.06
380.606	835.06
380.831	820.06
381.057	851.06
381.282	839.06
381.507	843.06
381.733	844.06
381.958	817.06
382.184	844.06
382.409	861.06
382.634	881.06
382.86	855.06
383.085	891.06
383.31	891.06
383.535	886.06
383.761	901.06
383.986	898.06
384.211	932.06
384.436	935.06
384.662	974.06
384.887	956.06
385.112	965.06
385.337	990.06
385.562	971.06
385.787	992.06
386.013	996.06
386.238	1001.06
386.463	1016.06
386.688	1005.06
386.913	968.06
387.138	952.06
387.363	960.06
387.588	960.06
387.813	957.06
388.038	969.06
388.263	968.06
388.488	977.06
388.713	984.06
388.938	957.06
389.163	965.06
389.387	977.06
389.612	979.06
389.837	957.06
390.062	985.06
390.287	978.06
390.512	981.06
390.736	966.06
390.961	991.06
391.186	1027.06
391.411	1019.06
391.636	1064.06
391.86	1088.06
392.085	1088.06
392.31	1105.06
392.534	1064.06
392.759	1057.06
392.984	1057.06
393.208	1056.06
393.433	1053.06
393.658	1047.06
393.882	1039.06
394.107	1057.06
394.331	1062.06
394.556	1047.06
394.78	1056.06
395.005	1048.06
395.229	1039.06
395.454	1100.06
395.678	1106.06
395.903	1163.06
396.127	1135.06
396.352	1113.06
396.576	1046.06
396.801	1073.06
397.025	1084.06
397.249	1108.06
397.474	1128.06
397.698	1117.06
397.922	1147.06
398.147	1125.06
398.371	1160.06
398.595	1186.06
398.82	1221.06
399.044	1243.06
399.268	1391.06
399.492	1554.06
399.717	1696.06
399.941	1725.06
400.165	1624.06
400.389	1526.06
400.613	1370.06
400.837	1299.06
401.062	1281.06
401.286	1264.06
401.51	1282.06
401.734	1272.06
401.958	1294.06
402.182	1292.06
402.406	1323.06
402.63	1325.06
402.854	1359.06
403.078	1337.06
403.302	1383.06
403.526	1436.06
403.75	1406.06
403.974	1449.06
404.198	1431.06
404.422	1452.06
404.645	1468.06
404.869	1463.06
405.093	1507.06
405.317	1600.06
405.541	1649.06
405.765	1536.06
405.988	1503.06
406.212	1460.06
406.436	1530.06
406.66	1535.06
406.883	1478.06
407.107	1603.06
407.331	1652.06
407.555	1756.06
407.778	1699.06
408.002	1634.06
408.226	1533.06
408.449	1501.06
408.673	1465.06
408.896	1481.06
409.12	1541.06
409.344	1509.06
409.567	1393.06
409.791	1402.06
410.014	1367.06
410.238	1376.06
410.461	1398.06
410.685	1360.06
410.908	1411.06
411.132	1425.06
411.355	1474.06
411.578	1441.06
411.802	1393.06
412.025	1360.06
412.249	1459.06
412.472	1511.06
412.695	1604.06
412.919	1528.06
413.142	1466.06
413.365	1409.06
413.589	1399.06
413.812	1339.06
414.035	1310.06
414.258	1351.06
414.482	1328.06
414.705	1320.06
414.928	1308.06
415.151	1306.06
415.374	1280.06
415.597	1297.06
415.821	1263.06
416.044	1299.06
416.267	1242.06
416.49	1276.06
416.713	1263.06
416.936	1298.06
417.159	1278.06
417.382	1344.06
417.605	1314.06
417.828	1323.06
418.051	1343.06
418.274	1332.06
418.497	1323.06
418.72	1324.06
418.943	1333.06
419.166	1402.06
419.389	1491.06
419.611	1479.06
419.834	1462.06
420.057	1424.06
420.28	1456.06
420.503	1461.06
420.726	1447.06
420.948	1407.06
421.171	1436.06
421.394	1451.06
421.617	1371.06
421.839	1356.06
422.062	1338.06
422.285	1351.06
422.507	1436.06
422.73	1525.06
422.953	1485.06
423.175	1418.06
423.398	1431.06
423.621	1415.06
423.843	1460.06
424.066	1452.06
424.288	1408.06
424.511	1453.06
424.733	1522.06
424.956	1592.06
425.178	1519.06
425.401	1541.06
425.623	1545.06
425.846	1392.06
426.068	1350.06
426.291	1329.06
426.513	1325.06
426.735	1328.06
426.958	1409.06
427.18	1485.06
427.402	1656.06
427.625	1790.06
427.847	1670.06
428.069	1573.06
428.292	1444.06
428.514	1369.06
428.736	1258.06
428.958	1274.06
429.181	1262.06
429.403	1248.06
429.625	1232.06
429.847	1289.06
430.069	1381.06
430.292	1371.06
430.514	1236.06
430.736	1216.06
430.958	1208.06
431.18	1207.06
431.402	1184.06
431.624	1200.06
431.846	1150.06
432.068	1114.06
432.29	1177.06
432.512	1153.06
432.734	1196.06
432.956	1208.06
433.178	1212.06
433.4	1257.06
433.622	1251.06
433.844	1229.06
434.066	1203.06
434.287	1183.06
434.509	1208.06
434.731	1223.06
434.953	1304.06
435.175	1341.06
435.397	1336.06
435.618	1296.06
435.84	1307.06
436.062	1442.06
436.284	1533.06
436.505	1325.06
436.727	1302.06
436.949	1252.06
437.17	1218.06
437.392	1214.06
437.614	1217.06
437.835	1235.06
438.057	1389.06
438.278	1481.06
438.5	1508.06
438.721	1602.06
438.943	1521.06
439.165	1376.06
439.386	1305.06
439.608	1311.06
439.829	1319.06
440.05	1385.06
440.272	1429.06
440.493	1375.06
440.715	1339.06
440.936	1299.06
441.158	1335.06
441.379	1305.06
441.6	1380.06
441.822	1386.06
442.043	1459.06
442.264	1526.06
442.486	1537.06
442.707	1424.06
442.928	1365.06
443.149	1421.06
443.371	1429.06
443.592	1484.06
443.813	1604.06
444.034	1667.06
444.255	1554.06
444.476	1477.06
444.698	1486.06
444.919	1523.06
445.14	1619.06
445.361	1517.06
445.582	1474.06
445.803	1482.06
446.024	1613.06
446.245	1623.06
446.466	1500.06
446.687	1378.06
446.908	1322.06
447.129	1284.06
447.35	1259.06
447.571	1229.06
447.792	1218.06
448.013	1202.06
448.234	1245.06
448.455	1309.06
448.675	1454.06
448.896	1581.06
449.117	1339.06
449.338	1349.06
449.559	1497.06
449.779	1592.06
450	1371.06
450.221	1219.06
450.442	1171.06
450.662	1205.06
450.883	1210.06
451.104	1229.06
451.324	1188.06
451.545	1138.06
451.766	1152.06
451.986	1087.06
452.207	1076.06
452.428	1088.06
452.648	1078.06
452.869	1085.06
453.089	1029.06
453.31	1086.06
453.53	1050.06
453.751	1024.06
453.971	1043.06
454.192	1071.06
454.412	1039.06
454.633	1036.06
454.853	1005.06
455.073	991.06
455.294	1065.06
455.514	1151.06
455.734	1079.06
455.955	987.06
456.175	978.06
456.395	973.06
456.616	973.06
456.836	973.06
457.056	975.06
457.276	975.06
457.497	986.06
457.717	975.06
457.937	995.06
458.157	983.06
458.377	986.06
458.598	1048.06
458.818	1150.06
459.038	1281.06
459.258	1246.06
459.478	1160.06
459.698	1143.06
459.918	1165.06
460.138	1178.06
460.358	1266.06
460.578	1227.06
460.798	1265.06
461.018	1271.06
461.238	1252.06
461.458	1228.06
461.678	1218.06
461.898	1240.06
462.118	1220.06
462.338	1298.06
462.558	1341.06
462.777	1363.06
462.997	1480.06
463.217	1541.06
463.437	1569.06
463.657	1425.06
463.876	1396.06
464.096	1403.06
464.316	1391.06
464.536	1472.06
464.755	1380.06
464.975	1361.06
465.195	1422.06
465.414	1502.06
465.634	1333.06
465.854	1222.06
466.073	1180.06
466.293	1129.06
466.512	1145.06
466.732	1121.06
466.951	1136.06
467.171	1118.06
467.391	1151.06
467.61	1133.06
467.829	1215.06
468.049	1307.06
468.268	1558.06
468.488	1331.06
468.707	1200.06
468.927	1157.06
469.146	1104.06
469.365	1132.06
469.585	1138.06
469.804	1173.06
470.023	1208.06
470.243	1208.06
470.462	1248.06
470.681	1266.06
470.901	1244.06
471.12	1219.06
471.339	1179.06
471.558	1176.06
471.777	1199.06
471.997	1239.06
472.216	1559.06
472.435	2429.06
472.654	1867.06
472.873	1348.06
473.092	1237.06
473.311	1197.06
473.53	1178.06
473.749	1154.06
473.968	1197.06
474.187	1326.06
474.406	1255.06
474.625	1171.06
474.844	1121.06
475.063	1139.06
475.282	1105.06
475.501	1116.06
475.72	1094.06
475.939	1093.06
476.158	1138.06
476.377	1161.06
476.596	1130.06
476.814	1140.06
477.033	1167.06
477.252	1097.06
477.471	1180.06
477.69	1251.06
477.908	1236.06
478.127	1243.06
478.346	1296.06
478.564	1326.06
478.783	1347.06
479.002	1305.06
479.22	1343.06
479.439	1363.06
479.658	1387.06
479.876	1390.06
480.095	1372.06
480.313	1421.06
480.532	1481.06
480.751	1527.06
480.969	1787.06
481.188	3169.06
481.406	3807.06
481.624	2053.06
481.843	1679.06
482.061	1505.06
482.28	1441.06
482.498	1378.06
482.717	1343.06
482.935	1371.06
483.153	1359.06
483.372	1411.06
483.59	1380.06
483.808	1348.06
484.027	1331.06
484.245	1289.06
484.463	1324.06
484.681	1388.06
484.9	1350.06
485.118	1324.06
485.336	1344.06
485.554	1321.06
485.772	1319.06
485.99	1277.06
486.209	1321.06
486.427	1325.06
486.645	1334.06
486.863	1401.06
487.081	1411.06
487.299	1366.06
487.517	1376.06
487.735	1421.06
487.953	1445.06
488.171	1479.06
488.389	1448.06
488.607	1404.06
488.825	1347.06
489.043	1362.06
489.261	1367.06
489.479	1380.06
489.696	1408.06
489.914	1405.06
490.132	1439.06
490.35	1477.06
490.568	1493.06
490.786	1539.06
491.003	1562.06
491.221	1571.06
491.439	1657.06
491.657	1679.06
491.874	1717.06
492.092	1822.06
492.31	1872.06
492.527	1827.06
492.745	1859.06
492.963	1789.06
493.18	1732.06
493.398	1784.06
493.615	1780.06
493.833	1743.06
494.05	1725.06
494.268	1731.06
494.485	1716.06
494.703	1686.06
494.92	1703.06
495.138	1667.06
495.355	1697.06
495.573	1660.06
495.79	1647.06
496.008	1660.06
496.225	1666.06
496.442	1637.06
496.66	1652.06
496.877	1642.06
497.094	1654.06
497.312	1657.06
497.529	1685.06
497.746	1659.06
497.963	1647.06
498.181	1708.06
498.398	1776.06
498.615	1798.06
498.832	1911.06
499.049	1993.06
499.267	2098.06
499.484	2253.06
499.701	2438.06
499.918	2618.06
500.135	2898.06
500.352	3189.06
500.569	3317.06
500.786	3306.06
501.003	3120.06
501.22	2869.06
501.437	2622.06
501.654	2368.06
501.871	2267.06
502.088	2105.06
502.305	1973.06
502.522	1881.06
502.739	1867.06
502.956	1786.06
503.172	1700.06
503.389	1634.06
503.606	1647.06
503.823	1589.06
504.04	1576.06
504.256	1564.06
504.473	1608.06
504.69	1595.06
504.907	1582.06
505.123	1496.06
505.34	1481.06
505.557	1436.06
505.773	1439.06
505.99	1392.06
506.207	1383.06
506.423	1327.06
506.64	1329.06
506.856	1332.06
507.073	1344.06
507.289	1303.06
507.506	1337.06
507.722	1363.06
507.939	1326.06
508.155	1296.06
508.372	1277.06
508.588	1260.06
508.805	1240.06
509.021	1232.06
509.238	1210.06
509.454	1245.06
509.67	1235.06
509.887	1248.06
510.103	1213.06
510.319	1263.06
510.536	1483.06
510.752	2792.06
510.968	2016.06
511.184	1275.06
511.401	1207.06
511.617	1234.06
511.833	1238.06
512.049	1275.06
512.265	1222.06
512.481	1219.06
512.698	1213.06
512.914	1197.06
513.13	1180.06
513.346	1171.06
513.562	1193.06
513.778	1216.06
513.994	1214.06
514.21	1237.06
514.426	1293.06
514.642	1343.06
514.858	1342.06
515.074	1444.06
515.29	1776.06
515.506	2930.06
515.721	2171.06
515.937	1485.06
516.153	1339.06
516.369	1303.06
516.585	1311.06
516.801	1289.06
517.016	1376.06
517.232	1384.06
517.448	1403.06
517.664	1461.06
517.879	1447.06
518.095	1428.06
518.311	1434.06
518.527	1356.06
518.742	1340.06
518.958	1323.06
519.173	1272.06
519.389	1275.06
519.605	1266.06
519.82	1264.06
520.036	1271.06
520.251	1295.06
520.467	1302.06
520.682	1304.06
520.898	1288.06
521.113	1336.06
521.329	1431.06
521.544	1569.06
521.76	2076.06
521.975	3829.06
522.19	3511.06
522.406	1730.06
522.621	1312.06
522.836	1207.06
523.052	1155.06
523.267	1119.06
523.482	1117.06
523.698	1146.06
523.913	1147.06
524.128	1143.06
524.343	1095.06
524.559	1099.06
524.774	1069.06
524.989	1100.06
525.204	1099.06
525.419	1078.06
525.634	1031.06
525.849	1057.06
526.064	999.06
526.28	1037.06
526.495	967.06
526.71	983.06
526.925	993.06
527.14	972.06
527.355	971.06
527.57	970.06
527.785	958.06
527.999	944.06
528.214	1007.06
528.429	1013.06
528.644	1045.06
528.859	1016.06
529.074	1101.06
529.289	1112.06
529.503	1278.06
529.718	1199.06
529.933	1065.06
530.148	973.06
530.363	965.06
530.577	950.06
530.792	940.06
531.007	947.06
531.221	940.06
531.436	917.06
531.651	939.06
531.865	938.06
532.08	948.06
532.295	960.06
532.509	941.06
532.724	935.06
532.938	952.06
533.153	983.06
533.367	987.06
533.582	994.06
533.796	945.06
534.011	972.06
534.225	941.06
534.44	906.06
534.654	951.06
534.868	912.06
535.083	944.06
535.297	916.06
535.511	959.06
535.726	972.06
535.94	915.06
536.154	913.06
536.369	896.06
536.583	903.06
536.797	905.06
537.011	884.06
537.225	856.06
537.44	878.06
537.654	862.06
537.868	882.06
538.082	876.06
538.296	853.06
538.51	882.06
538.724	927.06
538.938	898.06
539.153	937.06
539.367	931.06
539.581	922.06
539.795	861.06
540.009	871.06
540.222	868.06
540.436	875.06
540.65	905.06
540.864	917.06
541.078	955.06
541.292	1047.06
541.506	984.06
541.72	994.06
541.934	1065.06
542.147	1067.06
542.361	1023.06
542.575	995.06
542.789	965.06
543.002	896.06
543.216	897.06
543.43	935.06
543.644	922.06
543.857	960.06
544.071	975.06
544.285	1004.06
544.498	991.06
544.712	1005.06
544.925	1008.06
545.139	1025.06
545.352	1023.06
545.566	1019.06
545.779	986.06
545.993	1029.06
546.206	1049.06
546.42	1064.06
546.633	1035.06
546.847	1030.06
547.06	1038.06
547.274	1042.06
547.487	1052.06
547.7	1044.06
547.914	1027.06
548.127	1019.06
548.34	1056.06
548.554	1011.06
548.767	1015.06
548.98	1027.06
549.193	1004.06
549.407	991.06
549.62	987.06
549.833	1017.06
550.046	1020.06
550.259	1012.06
550.473	994.06
550.686	951.06
550.899	961.06
551.112	990.06
551.325	941.06
551.538	916.06
551.751	917.06
551.964	873.06
552.177	922.06
552.39	948.06
552.603	981.06
552.816	1005.06
553.029	1019.06
553.242	1063.06
553.455	1093.06
553.667	1127.06
553.88	1080.06
554.093	1033.06
554.306	1018.06
554.519	996.06
554.732	951.06
554.944	1000.06
555.157	972.06
555.37	944.06
555.583	936.06
555.795	938.06
556.008	880.06
556.221	863.06
556.433	855.06
556.646	858.06
556.859	866.06
557.071	863.06
557.284	884.06
557.496	877.06
557.709	852.06
557.921	833.06
558.134	854.06
558.346	866.06
558.559	851.06
558.771	817.06
558.984	817.06
559.196	797.06
559.409	795.06
559.621	826.06
559.833	808.06
560.046	776.06
560.258	789.06
560.47	816.06
560.683	783.06
560.895	820.06
561.107	779.06
561.32	808.06
561.532	824.06
561.744	819.06
561.956	771.06
562.168	787.06
562.381	792.06
562.593	781.06
562.805	781.06
563.017	780.06
563.229	772.06
563.441	771.06
563.653	796.06
563.865	788.06
564.077	777.06
564.289	785.06
564.501	804.06
564.713	814.06
564.925	828.06
565.137	844.06
565.349	849.06
565.561	865.06
565.773	877.06
565.985	895.06
566.197	945.06
566.408	972.06
566.62	1042.06
566.832	1108.06
567.044	1114.06
567.255	1078.06
567.467	1104.06
567.679	1132.06
567.891	1205.06
568.102	1211.06
568.314	1123.06
568.526	1033.06
568.737	950.06
568.949	877.06
569.161	809.06
569.372	769.06
569.584	747.06
569.795	724.06
570.007	734.06
570.218	802.06
570.43	783.06
570.641	698.06
570.853	706.06
571.064	701.06
571.276	705.06
571.487	683.06
571.698	687.06
571.91	661.06
572.121	672.06
572.333	643.06
572.544	641.06
572.755	610.06
572.966	600.06
573.178	592.06
573.389	572.06
573.6	573.06
573.811	576.06
574.023	567.06
574.234	557.06
574.445	567.06
574.656	555.06
574.867	580.06
575.078	599.06
575.289	580.06
575.501	572.06
575.712	554.06
575.923	559.06
576.134	570.06
576.345	559.06
576.556	566.06
576.767	560.06
576.978	565.06
577.188	556.06
577.399	561.06
577.61	542.06
577.821	556.06
578.032	575.06
578.243	626.06
578.454	1040.06
578.665	700.06
578.875	545.06
579.086	539.06
579.297	517.06
579.508	521.06
579.718	488.06
579.929	491.06
580.14	503.06
580.35	511.06
580.561	506.06
580.772	479.06
580.982	499.06
581.193	505.06
581.403	489.06
581.614	507.06
581.825	488.06
582.035	485.06
582.246	490.06
582.456	489.06
582.667	487.06
582.877	491.06
583.087	491.06
583.298	475.06
583.508	480.06
583.719	464.06
583.929	474.06
584.139	471.06
584.35	457.06
584.56	444.06
584.77	483.06
584.981	495.06
585.191	456.06
585.401	477.06
585.611	469.06
585.821	437.06
586.032	468.06
586.242	436.06
586.452	452.06
586.662	462.06
586.872	459.06
587.082	427.06
587.292	453.06
587.502	440.06
587.713	455.06
587.923	453.06
588.133	459.06
588.343	446.06
588.553	461.06
588.762	432.06
588.972	453.06
589.182	430.06
589.392	465.06
589.602	478.06
589.812	471.06
590.022	453.06
590.232	448.06
590.441	459.06
590.651	483.06
590.861	450.06
591.071	444.06
591.281	454.06
591.49	473.06
591.7	465.06
591.91	484.06
592.119	473.06
592.329	479.06
592.539	495.06
592.748	499.06
592.958	507.06
593.167	549.06
593.377	512.06
593.587	539.06
593.796	524.06
594.006	538.06
594.215	564.06
594.424	567.06
594.634	531.06
594.843	537.06
595.053	513.06
595.262	500.06
595.472	503.06
595.681	448.06
595.89	464.06
596.1	467.06
596.309	453.06
596.518	456.06
596.727	470.06
596.937	442.06
597.146	461.06
597.355	433.06
597.564	427.06
597.774	420.06
597.983	411.06
598.192	414.06
598.401	406.06
598.61	407.06
598.819	423.06
599.028	404.06
599.237	399.06
599.446	431.06
599.655	416.06
599.864	388.06
600.073	395.06
600.282	400.06
600.491	397.06
600.7	402.06
600.909	412.06
601.118	420.06
601.327	417.06
601.536	445.06
601.745	461.06
601.953	460.06
602.162	451.06
602.371	431.06
602.58	435.06
602.789	445.06
602.997	417.06
603.206	435.06
603.415	437.06
603.623	440.06
603.832	426.06
604.041	418.06
604.249	410.06
604.458	402.06
604.666	396.06
604.875	400.06
605.084	396.06
605.292	433.06
605.501	443.06
605.709	446.06
605.918	446.06
606.126	445.06
606.334	448.06
606.543	444.06
606.751	452.06
606.96	457.06
607.168	454.06
607.376	416.06
607.585	445.06
607.793	456.06
608.001	447.06
608.21	442.06
608.418	441.06
608.626	446.06
608.834	432.06
609.043	453.06
609.251	443.06
609.459	434.06
609.667	443.06
609.875	440.06
610.083	461.06
610.291	438.06
610.499	433.06
610.707	428.06
610.916	439.06
611.124	455.06
611.332	457.06
611.54	448.06
611.748	443.06
611.955	465.06
612.163	441.06
612.371	428.06
612.579	448.06
612.787	436.06
612.995	445.06
613.203	449.06
613.411	439.06
613.618	416.06
613.826	421.06
614.034	428.06
614.242	436.06
614.449	436.06
614.657	417.06
614.865	410.06
615.072	445.06
615.28	429.06
615.488	407.06
615.695	421.06
615.903	436.06
616.111	448.06
616.318	450.06
616.526	448.06
616.733	439.06
616.941	441.06
617.148	439.06
617.356	452.06
617.563	413.06
617.771	420.06
617.978	413.06
618.185	411.06
618.393	414.06
618.6	447.06
618.807	432.06
619.015	400.06
619.222	403.06
619.429	414.06
619.637	394.06
619.844	392.06
620.051	381.06
620.258	389.06
620.466	396.06
620.673	384.06
620.88	395.06
621.087	394.06
621.294	392.06
621.501	376.06
621.708	366.06
621.915	377.06
622.122	381.06
622.329	384.06
622.536	388.06
622.743	381.06
622.95	388.06
623.157	392.06
623.364	387.06
623.571	399.06
623.778	381.06
623.985	391.06
624.192	409.06
624.399	373.06
624.606	383.06
624.812	385.06
625.019	347.06
625.226	346.06
625.433	370.06
625.639	359.06
625.846	321.06
626.053	322.06
626.259	313.06
626.466	299.06
626.673	301.06
626.879	303.06
627.086	322.06
627.293	328.06
627.499	346.06
627.706	348.06
627.912	376.06
628.119	373.06
628.325	361.06
628.532	347.06
628.738	351.06
628.945	357.06
629.151	341.06
629.357	340.06
629.564	324.06
629.77	318.06
629.976	327.06
630.183	312.06
630.389	331.06
630.595	327.06
630.802	322.06
631.008	352.06
631.214	323.06
631.42	332.06
631.627	324.06
631.833	309.06
632.039	327.06
632.245	313.06
632.451	308.06
632.657	320.06
632.863	328.06
633.069	308.06
633.275	321.06
633.481	312.06
633.688	309.06
633.893	317.06
634.099	303.06
634.305	311.06
634.511	306.06
634.717	293.06
634.923	297.06
635.129	281.06
635.335	295.06
635.541	283.06
635.747	308.06
635.952	319.06
636.158	328.06
636.364	386.06
636.57	459.06
636.775	397.06
636.981	357.06
637.187	323.06
637.392	322.06
637.598	328.06
637.804	324.06
638.009	337.06
638.215	321.06
638.421	317.06
638.626	301.06
638.832	304.06
639.037	284.06
639.243	286.06
639.448	277.06
639.654	276.06
639.859	291.06
640.065	304.06
640.27	289.06
640.475	277.06
640.681	298.06
640.886	292.06
641.091	291.06
641.297	289.06
641.502	292.06
641.707	263.06
641.913	279.06
642.118	292.06
642.323	312.06
642.528	292.06
642.733	281.06
642.939	290.06
643.144	278.06
643.349	271.06
643.554	266.06
643.759	272.06
643.964	282.06
644.169	259.06
644.374	269.06
644.579	272.06
644.784	275.06
644.989	263.06
645.194	279.06
645.399	282.06
645.604	261.06
645.809	264.06
646.014	274.06
646.219	260.06
646.423	243.06
646.628	274.06
646.833	280.06
647.038	257.06
647.243	286.06
647.447	285.06
647.652	276.06
647.857	274.06
648.062	266.06
648.266	283.06
648.471	273.06
648.676	296.06
648.88	292.06
649.085	281.06
649.289	280.06
649.494	281.06
649.698	289.06
649.903	295.06
650.107	268.06
650.312	296.06
650.516	263.06
650.721	238.06
650.925	255.06
651.13	243.06
651.334	248.06
651.539	241.06
651.743	231.06
651.947	228.06
652.152	241.06
652.356	238.06
652.56	221.06
652.764	218.06
652.969	217.06
653.173	209.06
653.377	212.06
653.581	227.06
653.785	189.06
653.99	214.06
654.194	220.06
654.398	203.06
654.602	210.06
654.806	202.06
655.01	224.06
655.214	202.06
655.418	201.06
655.622	191.06
655.826	206.06
656.03	193.06
656.234	191.06
656.438	191.06
656.642	201.06
656.846	196.06
657.049	195.06
657.253	171.06
657.457	167.06
657.661	156.06
657.865	143.06
658.068	146.06
658.272	128.06
658.476	139.06
658.68	129.06
658.883	125.06
659.087	121.06
659.291	130.06
659.494	112.06
659.698	111.06
659.901	129.06
660.105	118.06
660.309	124.06
660.512	103.06
660.716	99.06
660.919	106.06
661.123	99.06
661.326	100.06
661.53	89.06
661.733	88.06
661.936	87.06
662.14	83.06
662.343	90.06
662.546	89.06
662.75	86.06
662.953	95.06
663.156	82.06
663.36	95.06
663.563	93.06
663.766	82.06
663.969	91.06
664.173	80.06
664.376	93.06
664.579	86.06
664.782	73.06
664.985	95.06
665.188	67.06
665.391	89.06
665.594	80.06
665.797	79.06
666	75.06
666.203	75.06
666.406	80.06
666.609	64.06
666.812	89.06
667.015	81.06
667.218	82.06
667.421	96.06
667.624	76.06
667.827	95.06
668.03	75.06
668.232	69.06
668.435	75.06
668.638	81.06
668.841	83.06
669.043	80.06
669.246	92.06
669.449	69.06
669.651	89.06
669.854	75.06
670.057	82.06
670.259	82.06
670.462	80.06
670.665	86.06
670.867	88.06
671.07	78.06
671.272	91.06
671.475	78.06
671.677	92.06
671.88	79.06
672.082	69.06
672.284	66.06
672.487	70.06
672.689	92.06
672.892	84.06
