223.165	-4
223.4	-4
223.635	-4
223.869	-25
224.104	-19
224.338	-8
224.573	-4
224.808	-19
225.042	-23
225.277	-2
225.511	-4
225.746	14
225.98	15
226.215	10
226.449	9
226.683	2
226.918	18
227.152	40
227.387	43
227.621	47
227.856	47
228.09	45
228.324	63
228.559	69
228.793	77
229.027	120
229.262	134
229.496	142
229.73	166
229.964	207
230.199	160
230.433	152
230.667	155
230.901	150
231.136	148
231.37	149
231.604	152
231.838	136
232.072	145
232.306	148
232.541	148
232.775	149
233.009	144
233.243	158
233.477	159
233.711	160
233.945	159
234.179	157
234.413	166
234.647	161
234.881	149
235.115	150
235.349	159
235.583	152
235.817	165
236.051	167
236.285	178
236.519	150
236.753	166
236.987	194
237.221	223
237.455	288
237.689	254
237.922	197
238.156	177
238.39	194
238.624	167
238.858	181
239.091	171
239.325	186
239.559	186
239.793	179
240.027	191
240.26	199
240.494	216
240.728	210
240.961	188
241.195	198
241.429	180
241.662	173
241.896	217
242.13	213
242.363	202
242.597	196
242.83	211
243.064	217
243.298	211
243.531	208
243.765	228
243.998	229
244.232	200
244.465	215
244.699	221
244.932	214
245.166	229
245.399	233
245.633	236
245.866	242
246.099	229
246.333	220
246.566	241
246.8	218
247.033	229
247.266	230
247.5	234
247.733	258
247.966	244
248.2	249
248.433	265
248.666	270
248.899	276
249.133	284
249.366	301
249.599	304
249.832	289
250.066	331
250.299	349
250.532	458
250.765	496
250.998	432
251.231	400
251.465	351
251.698	341
251.931	336
252.164	321
252.397	312
252.63	321
252.863	317
253.096	321
253.329	341
253.562	310
253.795	342
254.028	322
254.261	330
254.494	321
254.727	352
254.96	365
255.193	387
255.426	393
255.659	456
255.892	558
256.124	717
256.357	798
256.59	636
256.823	523
257.056	460
257.289	433
257.521	425
257.754	402
257.987	373
258.22	376
258.452	359
258.685	354
258.918	365
259.151	366
259.383	351
259.616	360
259.849	357
260.081	355
260.314	351
260.547	372
260.779	360
261.012	357
261.244	364
261.477	348
261.71	360
261.942	369
262.175	390
262.407	364
262.64	348
262.872	343
263.105	335
263.337	339
263.57	332
263.802	329
264.035	332
264.267	334
264.499	329
264.732	352
264.964	343
265.197	357
265.429	343
265.661	350
265.894	343
266.126	342
266.358	338
266.591	346
266.823	355
267.055	356
267.287	352
267.52	350
267.752	345
267.984	347
268.216	350
268.448	360
268.681	368
268.913	370
269.145	375
269.377	388
269.609	386
269.841	367
270.073	401
270.306	398
270.538	405
270.77	421
271.002	420
271.234	435
271.466	433
271.698	434
271.93	440
272.162	433
272.394	438
272.626	416
272.858	421
273.09	425
273.322	413
273.553	400
273.785	411
274.017	421
274.249	416
274.481	416
274.713	403
274.945	432
275.176	446
275.408	433
275.64	455
275.872	471
276.104	480
276.335	466
276.567	457
276.799	484
277.031	561
277.262	560
277.494	560
277.726	514
277.957	519
278.189	486
278.421	475
278.652	472
278.884	451
279.115	472
279.347	462
279.579	468
279.81	480
280.042	541
280.273	603
280.505	600
280.736	539
280.968	495
281.199	498
281.431	469
281.662	474
281.894	462
282.125	473
282.356	512
282.588	518
282.819	502
283.051	489
283.282	463
283.513	445
283.745	470
283.976	456
284.207	464
284.439	477
284.67	453
284.901	470
285.132	476
285.364	471
285.595	488
285.826	452
286.057	473
286.288	477
286.52	462
286.751	471
286.982	464
287.213	481
287.444	473
287.675	455
287.906	488
288.138	473
288.369	506
288.6	475
288.831	510
289.062	485
289.293	489
289.524	481
289.755	496
289.986	468
290.217	478
290.448	468
290.679	470
290.91	480
291.141	479
291.371	486
291.602	479
291.833	446
292.064	466
292.295	452
292.526	466
292.757	474
292.987	467
293.218	462
293.449	462
293.68	464
293.91	458
294.141	454
294.372	461
294.603	470
294.833	472
295.064	466
295.295	492
295.525	486
295.756	497
295.987	492
296.217	530
296.448	565
296.679	506
296.909	472
297.14	487
297.37	484
297.601	481
297.831	502
298.062	504
298.292	517
298.523	495
298.753	519
298.984	501
299.214	494
299.445	497
299.675	500
299.905	521
300.136	522
300.366	513
300.597	511
300.827	549
301.057	532
301.288	557
301.518	540
301.748	527
301.979	561
302.209	582
302.439	560
302.669	557
302.9	543
303.13	533
303.36	523
303.59	595
303.82	598
304.051	575
304.281	579
304.511	549
304.741	548
304.971	569
305.201	536
305.431	558
305.661	560
305.891	535
306.121	550
306.352	580
306.582	568
306.812	573
307.042	576
307.272	623
307.502	601
307.731	629
307.961	588
308.191	566
308.421	563
308.651	560
308.881	547
309.111	579
309.341	550
309.571	576
309.8	578
310.03	613
310.26	598
310.49	599
310.72	612
310.949	646
311.179	652
311.409	614
311.639	588
311.868	591
312.098	602
312.328	628
312.557	663
312.787	643
313.017	651
313.246	628
313.476	598
313.706	641
313.935	637
314.165	638
314.394	652
314.624	656
314.853	643
315.083	635
315.312	612
315.542	636
315.771	610
316.001	609
316.23	630
316.46	626
316.689	622
316.919	638
317.148	645
317.377	635
317.607	634
317.836	638
318.065	635
318.295	639
318.524	632
318.753	633
318.983	649
319.212	614
319.441	679
319.67	654
319.9	668
320.129	630
320.358	634
320.587	641
320.816	680
321.046	656
321.275	684
321.504	692
321.733	696
321.962	699
322.191	719
322.42	781
322.649	767
322.878	782
323.108	804
323.337	867
323.566	913
323.795	990
324.024	1084
324.253	1285
324.482	1844
324.71	2948
324.939	4068
325.168	3258
325.397	1731
325.626	1252
325.855	1070
326.084	1035
326.313	1014
326.542	1023
326.77	1121
326.999	1340
327.228	1847
327.457	2796
327.686	3256
327.914	2304
328.143	1973
328.372	2103
328.6	1837
328.829	1447
329.058	1388
329.287	1404
329.515	1431
329.744	1634
329.972	2046
330.201	2724
330.43	3363
330.658	2732
330.887	1830
331.115	1476
331.344	1290
331.572	1182
331.801	1174
332.03	1158
332.258	1173
332.486	1157
332.715	1165
332.943	1222
333.172	1303
333.4	1396
333.629	1552
333.857	1775
334.085	2218
334.314	3032
334.542	4172
334.771	4376
334.999	2669
335.227	1769
335.455	1428
335.684	1297
335.912	1198
336.14	1093
336.369	1071
336.597	1043
336.825	1030
337.053	981
337.281	952
337.51	927
337.738	901
337.966	878
338.194	886
338.422	873
338.65	854
338.878	853
339.106	853
339.334	813
339.562	793
339.79	817
340.018	827
340.246	777
340.474	769
340.702	797
340.93	784
341.158	788
341.386	767
341.614	774
341.842	770
342.07	761
342.298	777
342.526	727
342.754	763
342.981	752
343.209	745
343.437	792
343.665	798
343.893	852
344.12	854
344.348	810
344.576	784
344.804	803
345.031	786
345.259	812
345.487	773
345.714	732
345.942	736
346.17	743
346.397	723
346.625	737
346.853	753
347.08	766
347.308	746
347.535	787
347.763	796
347.99	732
348.218	717
348.445	757
348.673	750
348.9	734
349.128	744
349.355	718
349.583	697
349.81	711
350.037	709
350.265	706
350.492	726
350.72	744
350.947	757
351.174	736
351.402	742
351.629	767
351.856	744
352.083	766
352.311	779
352.538	780
352.765	752
352.992	743
353.22	768
353.447	733
353.674	724
353.901	689
354.128	713
354.355	709
354.583	723
354.81	706
355.037	679
355.264	670
355.491	694
355.718	723
355.945	708
356.172	696
356.399	688
356.626	688
356.853	700
357.08	681
357.307	704
357.534	688
357.761	704
357.988	704
358.215	710
358.441	733
358.668	700
358.895	730
359.122	720
359.349	737
359.576	745
359.802	776
360.029	850
360.256	834
360.483	809
360.709	764
360.936	749
361.163	767
361.39	773
361.616	751
361.843	748
362.07	760
362.296	798
362.523	756
362.749	786
362.976	742
363.203	717
363.429	746
363.656	743
363.882	716
364.109	732
364.335	713
364.562	727
364.788	709
365.015	716
365.241	745
365.468	745
365.694	733
365.92	744
366.147	739
366.373	713
366.599	749
366.826	732
367.052	741
367.278	726
367.505	753
367.731	737
367.957	740
368.184	739
368.41	738
368.636	736
368.862	750
369.089	759
369.315	728
369.541	771
369.767	764
369.993	734
370.219	774
370.445	767
370.672	724
370.898	764
371.124	766
371.35	776
371.576	757
371.802	768
372.028	742
372.254	776
372.48	771
372.706	761
372.932	770
373.158	773
373.384	793
373.61	772
373.835	762
374.061	766
374.287	762
374.513	794
374.739	797
374.965	830
375.191	822
375.416	826
375.642	804
375.868	808
376.094	783
376.319	764
376.545	770
376.771	791
376.997	731
377.222	761
377.448	780
377.674	743
377.899	756
378.125	738
378.35	769
378.576	736
378.802	766
379.027	758
379.253	773
379.478	755
379.704	768
379.929	764
380.155	763
380.38	757
380.606	754
380.831	764
381.057	758
381.282	757
381.507	769
381.733	752
381.958	777
382.184	798
382.409	804
382.634	794
382.86	792
383.085	805
383.31	810
383.535	828
383.761	820
383.986	847
384.211	861
384.436	871
384.662	904
384.887	881
385.112	864
385.337	896
385.562	917
385.787	885
386.013	911
386.238	910
386.463	900
386.688	908
386.913	888
387.138	892
387.363	889
387.588	886
387.813	893
388.038	890
388.263	882
388.488	869
388.713	877
388.938	876
389.163	857
389.387	851
389.612	884
389.837	907
390.062	884
390.287	868
390.512	864
390.736	889
390.961	898
391.186	930
391.411	904
391.636	956
391.86	978
392.085	969
392.31	967
392.534	976
392.759	945
392.984	925
393.208	937
393.433	954
393.658	942
393.882	937
394.107	942
394.331	929
394.556	938
394.78	937
395.005	954
395.229	956
395.454	974
395.678	984
395.903	1011
396.127	1004
396.352	1004
396.576	977
396.801	978
397.025	970
397.249	1008
397.474	1010
397.698	1011
397.922	1026
398.147	1053
398.371	1047
398.595	1080
398.82	1074
399.044	1144
399.268	1237
399.492	1424
399.717	1518
399.941	1509
400.165	1488
400.389	1382
400.613	1248
400.837	1162
401.062	1158
401.286	1127
401.51	1125
401.734	1114
401.958	1141
402.182	1172
402.406	1225
402.63	1226
402.854	1236
403.078	1222
403.302	1231
403.526	1256
403.75	1265
403.974	1268
404.198	1308
404.422	1359
404.645	1350
404.869	1411
405.093	1474
405.317	1575
405.541	1607
405.765	1490
405.988	1382
406.212	1372
406.436	1435
406.66	1436
406.883	1383
407.107	1430
407.331	1497
407.555	1580
407.778	1596
408.002	1473
408.226	1418
408.449	1380
408.673	1340
408.896	1370
409.12	1431
409.344	1355
409.567	1296
409.791	1296
410.014	1269
410.238	1271
410.461	1280
410.685	1268
410.908	1252
411.132	1308
411.355	1331
411.578	1289
411.802	1231
412.025	1337
412.249	1400
412.472	1466
412.695	1564
412.919	1569
413.142	1442
413.365	1408
413.589	1322
413.812	1285
414.035	1237
414.258	1254
414.482	1220
414.705	1224
414.928	1229
415.151	1222
415.374	1202
415.597	1177
415.821	1184
416.044	1167
416.267	1204
416.49	1149
416.713	1169
416.936	1176
417.159	1170
417.382	1172
417.605	1230
417.828	1265
418.051	1249
418.274	1203
418.497	1186
418.72	1231
418.943	1217
419.166	1268
419.389	1360
419.611	1355
419.834	1356
420.057	1395
420.28	1444
420.503	1474
420.726	1404
420.948	1351
421.171	1357
421.394	1347
421.617	1282
421.839	1234
422.062	1226
422.285	1239
422.507	1326
422.73	1406
422.953	1348
423.175	1287
423.398	1260
423.621	1249
423.843	1286
424.066	1280
424.288	1288
424.511	1280
424.733	1362
424.956	1445
425.178	1418
425.401	1395
425.623	1409
425.846	1257
426.068	1252
426.291	1214
426.513	1204
426.735	1232
426.958	1281
427.18	1364
427.402	1536
427.625	1777
427.847	1707
428.069	1637
428.292	1473
428.514	1320
428.736	1241
428.958	1232
429.181	1154
429.403	1120
429.625	1145
429.847	1154
430.069	1296
430.292	1245
430.514	1143
430.736	1103
430.958	1084
431.18	1097
431.402	1096
431.624	1123
431.846	1113
432.068	1097
432.29	1139
432.512	1078
432.734	1117
432.956	1077
433.178	1128
433.4	1126
433.622	1128
433.844	1111
434.066	1099
434.287	1136
434.509	1136
434.731	1168
434.953	1162
435.175	1213
435.397	1206
435.618	1222
435.84	1266
436.062	1345
436.284	1445
436.505	1210
436.727	1184
436.949	1130
437.17	1113
437.392	1129
437.614	1144
437.835	1174
438.057	1317
438.278	1433
438.5	1388
438.721	1490
438.943	1444
439.165	1244
439.386	1180
439.608	1177
439.829	1211
440.05	1225
440.272	1296
440.493	1257
440.715	1197
440.936	1153
441.158	1150
441.379	1167
441.6	1230
441.822	1281
442.043	1356
442.264	1418
442.486	1440
442.707	1251
442.928	1280
443.149	1257
443.371	1309
443.592	1376
443.813	1494
444.034	1544
444.255	1376
444.476	1351
444.698	1353
444.919	1399
445.14	1501
445.361	1368
445.582	1354
445.803	1406
446.024	1510
446.245	1514
446.466	1407
446.687	1235
446.908	1178
447.129	1160
447.35	1154
447.571	1143
447.792	1108
448.013	1128
448.234	1145
448.455	1214
448.675	1341
448.896	1492
449.117	1302
449.338	1245
449.559	1406
449.779	1561
450	1266
450.221	1150
450.442	1118
450.662	1104
450.883	1135
451.104	1192
451.324	1151
451.545	1093
451.766	1073
451.986	1060
452.207	1004
452.428	1017
452.648	1057
452.869	1027
453.089	1014
453.31	1051
453.53	1006
453.751	996
453.971	1020
454.192	1077
454.412	1044
454.633	978
454.853	1008
455.073	998
455.294	1034
455.514	1084
455.734	1070
455.955	969
456.175	973
456.395	919
456.616	950
456.836	948
457.056	948
457.276	927
457.497	969
457.717	958
457.937	959
458.157	973
458.377	990
458.598	1055
458.818	1180
459.038	1312
459.258	1332
459.478	1162
459.698	1168
459.918	1150
460.138	1152
460.358	1193
460.578	1221
460.798	1185
461.018	1211
461.238	1206
461.458	1190
461.678	1180
461.898	1168
462.118	1211
462.338	1274
462.558	1306
462.777	1319
462.997	1377
463.217	1505
463.437	1517
463.657	1408
463.876	1374
464.096	1388
464.316	1363
464.536	1406
464.755	1369
464.975	1373
465.195	1443
465.414	1575
465.634	1341
465.854	1212
466.073	1188
466.293	1110
466.512	1116
466.732	1102
466.951	1119
467.171	1137
467.391	1137
467.61	1194
467.829	1284
468.049	1622
468.268	2328
468.488	1800
468.707	1385
468.927	1251
469.146	1223
469.365	1160
469.585	1133
469.804	1174
470.023	1202
470.243	1199
470.462	1221
470.681	1286
470.901	1250
471.12	1208
471.339	1207
471.558	1249
471.777	1286
471.997	1475
472.216	2256
472.435	4532
472.654	3412
472.873	2118
473.092	1692
473.311	1511
473.53	1408
473.749	1358
473.968	1370
474.187	1413
474.406	1384
474.625	1272
474.844	1215
475.063	1222
475.282	1176
475.501	1151
475.72	1154
475.939	1178
476.158	1180
476.377	1145
476.596	1181
476.814	1212
477.033	1196
477.252	1227
477.471	1216
477.69	1228
477.908	1282
478.127	1298
478.346	1303
478.564	1326
478.783	1340
479.002	1387
479.22	1380
479.439	1428
479.658	1464
479.876	1501
480.095	1540
480.313	1640
480.532	1691
480.751	1938
480.969	2584
481.188	5996
481.406	7593
481.624	3917
481.843	2803
482.061	2264
482.28	2011
482.498	1820
482.717	1710
482.935	1672
483.153	1619
483.372	1556
483.59	1527
483.808	1499
484.027	1476
484.245	1465
484.463	1489
484.681	1452
484.9	1463
485.118	1407
485.336	1469
485.554	1456
485.772	1458
485.99	1442
486.209	1456
486.427	1460
486.645	1517
486.863	1467
487.081	1501
487.299	1456
487.517	1429
487.735	1452
487.953	1454
488.171	1461
488.389	1460
488.607	1478
488.825	1462
489.043	1445
489.261	1479
489.479	1483
489.696	1498
489.914	1535
490.132	1540
490.35	1550
490.568	1558
490.786	1638
491.003	1657
491.221	1701
491.439	1775
491.657	1808
491.874	1795
492.092	1868
492.31	1911
492.527	1927
492.745	1983
492.963	1953
493.18	1923
493.398	1923
493.615	1914
493.833	1888
494.05	1856
494.268	1847
494.485	1809
494.703	1822
494.92	1763
495.138	1730
495.355	1735
495.573	1724
495.79	1660
496.008	1673
496.225	1655
496.442	1661
496.66	1630
496.877	1694
497.094	1660
497.312	1679
497.529	1715
497.746	1713
497.963	1732
498.181	1803
498.398	1822
498.615	1873
498.832	1992
499.049	2058
499.267	2147
499.484	2272
499.701	2448
499.918	2583
500.135	2872
500.352	3145
500.569	3272
500.786	3353
501.003	3113
501.22	2852
501.437	2632
501.654	2412
501.871	2279
502.088	2164
502.305	1994
502.522	1928
502.739	1845
502.956	1769
503.172	1722
503.389	1672
503.606	1653
503.823	1658
504.04	1633
504.256	1637
504.473	1599
504.69	1620
504.907	1603
505.123	1542
505.34	1508
505.557	1479
505.773	1415
505.99	1391
506.207	1366
506.423	1414
506.64	1391
506.856	1351
507.073	1364
507.289	1319
507.506	1337
507.722	1354
507.939	1415
508.155	1380
508.372	1355
508.588	1288
508.805	1305
509.021	1229
509.238	1273
509.454	1300
509.67	1291
509.887	1258
510.103	1316
510.319	1410
510.536	1710
510.752	3533
510.968	2387
511.184	1429
511.401	1369
511.617	1352
511.833	1407
512.049	1472
512.265	1460
512.481	1416
512.698	1360
512.914	1321
513.13	1305
513.346	1307
513.562	1322
513.778	1333
513.994	1324
514.21	1386
514.426	1396
514.642	1508
514.858	1590
515.074	1656
515.29	2140
515.506	3425
515.721	2550
515.937	1644
516.153	1487
516.369	1449
516.585	1433
516.801	1434
517.016	1436
517.232	1471
517.448	1517
517.664	1556
517.879	1546
518.095	1506
518.311	1509
518.527	1476
518.742	1439
518.958	1403
519.173	1368
519.389	1369
519.605	1324
519.82	1320
520.036	1353
520.251	1414
520.467	1417
520.682	1393
520.898	1471
521.113	1484
521.329	1648
521.544	1836
521.76	2495
521.975	4732
522.19	4223
522.406	2028
522.621	1504
522.836	1376
523.052	1302
523.267	1244
523.482	1177
523.698	1226
523.913	1184
524.128	1184
524.343	1148
524.559	1136
524.774	1138
524.989	1124
525.204	1119
525.419	1170
525.634	1080
525.849	1088
526.064	1085
526.28	1061
526.495	1037
526.71	1046
526.925	1023
527.14	1035
527.355	1039
527.57	1018
527.785	1027
527.999	1037
528.214	1032
528.429	1020
528.644	1034
528.859	1080
529.074	1025
529.289	1107
529.503	1309
529.718	1168
529.933	1087
530.148	1096
530.363	1052
530.577	1025
530.792	1023
531.007	997
531.221	1007
531.436	1012
531.651	1006
531.865	1013
532.08	1006
532.295	976
532.509	980
532.724	1004
532.938	990
533.153	969
533.367	977
533.582	985
533.796	989
534.011	1004
534.225	983
534.44	964
534.654	966
534.868	992
535.083	968
535.297	974
535.511	985
535.726	993
535.94	981
536.154	981
536.369	961
536.583	932
536.797	923
537.011	937
537.225	920
537.44	931
537.654	930
537.868	914
538.082	898
538.296	910
538.51	913
538.724	915
538.938	914
539.153	932
539.367	953
539.581	933
539.795	931
540.009	921
540.222	914
540.436	905
540.65	909
540.864	908
541.078	921
541.292	937
541.506	905
541.72	932
541.934	903
542.147	921
542.361	912
542.575	892
542.789	896
543.002	896
543.216	863
543.43	902
543.644	902
543.857	894
544.071	893
544.285	921
544.498	889
544.712	914
544.925	903
545.139	896
545.352	924
545.566	932
545.779	917
545.993	929
546.206	922
546.42	889
546.633	896
546.847	910
547.06	868
547.274	910
547.487	914
547.7	914
547.914	852
548.127	926
548.34	921
548.554	906
548.767	890
548.98	885
549.193	929
549.407	909
549.62	926
549.833	919
550.046	912
550.259	905
550.473	884
550.686	881
550.899	864
551.112	893
551.325	856
551.538	892
551.751	833
551.964	892
552.177	880
552.39	885
552.603	918
552.816	919
553.029	894
553.242	949
553.455	945
553.667	948
553.88	988
554.093	927
554.306	943
554.519	902
554.732	915
554.944	884
555.157	847
555.37	849
555.583	862
555.795	863
556.008	823
556.221	816
556.433	772
556.646	755
556.859	775
557.071	789
557.284	752
557.496	764
557.709	792
557.921	752
558.134	752
558.346	752
558.559	770
558.771	760
558.984	738
559.196	744
559.409	750
559.621	736
559.833	748
560.046	725
560.258	751
560.47	756
560.683	780
560.895	757
561.107	741
561.32	745
561.532	734
561.744	725
561.956	759
562.168	737
562.381	737
562.593	748
562.805	737
563.017	728
563.229	762
563.441	750
563.653	738
563.865	760
564.077	742
564.289	756
564.501	762
564.713	771
564.925	792
565.137	825
565.349	799
565.561	820
565.773	845
565.985	867
566.197	919
566.408	952
566.62	989
566.832	1072
567.044	1104
567.255	1086
567.467	1106
567.679	1108
567.891	1206
568.102	1215
568.314	1148
568.526	1050
568.737	977
568.949	940
569.161	880
569.372	826
569.584	801
569.795	752
570.007	761
570.218	879
570.43	827
570.641	757
570.853	710
571.064	718
571.276	706
571.487	695
571.698	676
571.91	658
572.121	664
572.333	657
572.544	656
572.755	618
572.966	643
573.178	627
573.389	615
573.6	632
573.811	607
574.023	592
574.234	609
574.445	610
574.656	584
574.867	598
575.078	599
575.289	595
575.501	573
575.712	591
575.923	577
576.134	572
576.345	586
576.556	572
576.767	553
576.978	551
577.188	544
577.399	556
577.61	571
577.821	552
578.032	559
578.243	668
578.454	1310
578.665	823
578.875	576
579.086	548
579.297	519
579.508	526
579.718	536
579.929	519
580.14	523
580.35	515
580.561	516
580.772	507
580.982	529
581.193	499
581.403	528
581.614	509
581.825	499
582.035	510
582.246	510
582.456	486
582.667	509
582.877	499
583.087	513
583.298	517
583.508	474
583.719	508
583.929	512
584.139	495
584.35	480
584.56	499
584.77	485
584.981	499
585.191	495
585.401	501
585.611	464
585.821	491
586.032	502
586.242	471
586.452	470
586.662	489
586.872	477
587.082	477
587.292	474
587.502	481
587.713	478
587.923	465
588.133	487
588.343	497
588.553	473
588.762	471
588.972	490
589.182	632
589.392	576
589.602	529
589.812	609
590.022	531
590.232	490
590.441	469
590.651	464
590.861	473
591.071	474
591.281	474
591.49	488
591.7	491
591.91	516
592.119	499
592.329	505
592.539	539
592.748	542
592.958	556
593.167	544
593.377	541
593.587	578
593.796	535
594.006	585
594.215	578
594.424	588
594.634	546
594.843	536
595.053	532
595.262	524
595.472	509
595.681	508
595.89	477
596.1	456
596.309	464
596.518	461
596.727	455
596.937	433
597.146	448
597.355	430
597.564	420
597.774	420
597.983	446
598.192	429
598.401	419
598.61	424
598.819	440
599.028	414
599.237	415
599.446	407
599.655	409
599.864	433
600.073	413
600.282	395
600.491	412
600.7	392
600.909	404
601.118	410
601.327	415
601.536	414
601.745	403
601.953	385
602.162	429
602.371	413
602.58	414
602.789	402
602.997	401
603.206	420
603.415	412
603.623	399
603.832	404
604.041	392
604.249	393
604.458	405
604.666	387
604.875	388
605.084	373
605.292	390
605.501	399
605.709	392
605.918	404
606.126	396
606.334	408
606.543	402
606.751	375
606.96	393
607.168	375
607.376	402
607.585	386
607.793	380
608.001	392
608.21	388
608.418	393
608.626	374
608.834	391
609.043	384
609.251	398
609.459	386
609.667	407
609.875	391
610.083	395
610.291	376
610.499	390
610.707	375
610.916	384
611.124	386
611.332	397
611.54	371
611.748	380
611.955	378
612.163	386
612.371	370
612.579	374
612.787	376
612.995	368
613.203	377
613.411	385
613.618	374
613.826	366
614.034	367
614.242	382
614.449	357
614.657	374
614.865	374
615.072	348
615.28	364
615.488	356
615.695	365
615.903	352
616.111	361
616.318	359
616.526	363
616.733	364
616.941	350
617.148	373
617.356	372
617.563	371
617.771	362
617.978	380
618.185	378
618.393	372
618.6	354
618.807	357
619.015	339
619.222	372
619.429	353
619.637	355
619.844	348
620.051	355
620.258	329
620.466	343
620.673	336
620.88	327
621.087	316
621.294	326
621.501	328
621.708	336
621.915	315
622.122	341
622.329	333
622.536	308
622.743	318
622.95	311
623.157	326
623.364	318
623.571	320
623.778	320
623.985	335
624.192	313
624.399	316
624.606	314
624.812	324
625.019	302
625.226	303
625.433	321
625.639	313
625.846	298
626.053	293
626.259	297
626.466	301
626.673	294
626.879	290
627.086	286
627.293	291
627.499	295
627.706	290
627.912	289
628.119	303
628.325	290
628.532	290
628.738	288
628.945	285
629.151	296
629.357	310
629.564	302
629.77	285
629.976	294
630.183	288
630.389	285
630.595	292
630.802	276
631.008	303
631.214	279
631.42	285
631.627	291
631.833	280
632.039	288
632.245	272
632.451	273
632.657	278
632.863	278
633.069	264
633.275	270
633.481	294
633.688	286
633.893	287
634.099	279
634.305	277
634.511	263
634.717	276
634.923	296
635.129	276
635.335	311
635.541	309
635.747	310
635.952	309
636.158	350
636.364	485
636.57	575
636.775	465
636.981	400
637.187	354
637.392	322
637.598	330
637.804	315
638.009	285
638.215	304
638.421	278
638.626	272
638.832	273
639.037	272
639.243	265
639.448	259
639.654	256
639.859	254
640.065	265
640.27	244
640.475	253
640.681	266
640.886	254
641.091	260
641.297	238
641.502	258
641.707	237
641.913	232
642.118	237
642.323	249
642.528	242
642.733	245
642.939	242
643.144	239
643.349	250
643.554	236
643.759	240
643.964	246
644.169	238
644.374	236
644.579	242
644.784	227
644.989	236
645.194	224
645.399	256
645.604	234
645.809	226
646.014	236
646.219	234
646.423	228
646.628	226
646.833	220
647.038	252
647.243	222
647.447	215
647.652	217
647.857	248
648.062	233
648.266	236
648.471	249
648.676	242
648.88	254
649.085	244
649.289	231
649.494	240
649.698	274
649.903	248
650.107	233
650.312	224
650.516	225
650.721	228
650.925	210
651.13	202
651.334	193
651.539	205
651.743	190
651.947	201
652.152	203
652.356	194
652.56	206
652.764	200
652.969	189
653.173	183
653.377	177
653.581	170
653.785	191
653.99	174
654.194	180
654.398	177
654.602	180
654.806	181
655.01	186
655.214	192
655.418	169
655.622	181
655.826	192
656.03	182
656.234	196
656.438	201
656.642	186
656.846	198
657.049	180
657.253	181
657.457	153
657.661	149
657.865	149
658.068	145
658.272	131
658.476	135
658.68	117
658.883	136
659.087	134
659.291	120
659.494	118
659.698	119
659.901	103
660.105	116
660.309	109
660.512	116
660.716	106
660.919	96
661.123	111
661.326	102
661.53	94
661.733	100
661.936	87
662.14	89
662.343	96
662.546	104
662.75	97
662.953	90
663.156	76
663.36	90
663.563	94
663.766	81
663.969	71
664.173	80
664.376	78
664.579	70
664.782	73
664.985	87
665.188	96
665.391	86
665.594	80
665.797	93
666	74
666.203	67
666.406	89
666.609	83
666.812	80
667.015	82
667.218	64
667.421	73
667.624	80
667.827	77
668.03	83
668.232	96
668.435	86
668.638	80
668.841	86
669.043	82
669.246	79
669.449	93
669.651	96
669.854	67
670.057	67
670.259	90
670.462	88
670.665	88
670.867	86
671.07	83
671.272	87
671.475	82
671.677	78
671.88	89
672.082	81
672.284	82
672.487	92
672.689	93
672.892	79
