223.165	-19.44
223.4	-19.44
223.635	-19.44
223.869	-12.44
224.104	-16.44
224.338	-21.44
224.573	-14.44
224.808	-15.44
225.042	-19.44
225.277	6.56
225.511	-11.44
225.746	-3.44
225.98	2.56
226.215	12.56
226.449	31.56
226.683	19.56
226.918	33.56
227.152	27.56
227.387	36.56
227.621	31.56
227.856	46.56
228.09	39.56
228.324	35.56
228.559	59.56
228.793	71.56
229.027	147.56
229.262	147.56
229.496	155.56
229.73	169.56
229.964	199.56
230.199	154.56
230.433	160.56
230.667	162.56
230.901	173.56
231.136	145.56
231.37	154.56
231.604	162.56
231.838	150.56
232.072	147.56
232.306	165.56
232.541	157.56
232.775	167.56
233.009	154.56
233.243	147.56
233.477	152.56
233.711	168.56
233.945	159.56
234.179	150.56
234.413	172.56
234.647	170.56
234.881	149.56
235.115	152.56
235.349	147.56
235.583	163.56
235.817	156.56
236.051	154.56
236.285	181.56
236.519	180.56
236.753	201.56
236.987	192.56
237.221	245.56
237.455	310.56
237.689	246.56
237.922	182.56
238.156	197.56
238.39	181.56
238.624	192.56
238.858	188.56
239.091	179.56
239.325	182.56
239.559	212.56
239.793	201.56
240.027	187.56
240.26	208.56
240.494	201.56
240.728	205.56
240.961	218.56
241.195	225.56
241.429	223.56
241.662	206.56
241.896	196.56
242.13	199.56
242.363	215.56
242.597	219.56
242.83	214.56
243.064	217.56
243.298	222.56
243.531	225.56
243.765	232.56
243.998	225.56
244.232	215.56
244.465	232.56
244.699	230.56
244.932	237.56
245.166	251.56
245.399	264.56
245.633	237.56
245.866	238.56
246.099	250.56
246.333	238.56
246.566	245.56
246.8	243.56
247.033	252.56
247.266	256.56
247.5	268.56
247.733	283.56
247.966	270.56
248.2	280.56
248.433	274.56
248.666	279.56
248.899	292.56
249.133	301.56
249.366	348.56
249.599	323.56
249.832	327.56
250.066	349.56
250.299	421.56
250.532	530.56
250.765	568.56
250.998	503.56
251.231	430.56
251.465	421.56
251.698	368.56
251.931	358.56
252.164	345.56
252.397	347.56
252.63	333.56
252.863	337.56
253.096	360.56
253.329	371.56
253.562	357.56
253.795	375.56
254.028	374.56
254.261	371.56
254.494	384.56
254.727	397.56
254.96	419.56
255.193	445.56
255.426	430.56
255.659	525.56
255.892	672.56
256.124	872.56
256.357	952.56
256.59	711.56
256.823	566.56
257.056	540.56
257.289	485.56
257.521	462.56
257.754	426.56
257.987	415.56
258.22	413.56
258.452	401.56
258.685	399.56
258.918	383.56
259.151	386.56
259.383	385.56
259.616	375.56
259.849	368.56
260.081	408.56
260.314	413.56
260.547	420.56
260.779	403.56
261.012	391.56
261.244	387.56
261.477	385.56
261.71	387.56
261.942	402.56
262.175	409.56
262.407	394.56
262.64	389.56
262.872	379.56
263.105	388.56
263.337	375.56
263.57	370.56
263.802	342.56
264.035	375.56
264.267	348.56
264.499	379.56
264.732	367.56
264.964	373.56
265.197	353.56
265.429	377.56
265.661	372.56
265.894	365.56
266.126	368.56
266.358	373.56
266.591	382.56
266.823	398.56
267.055	386.56
267.287	393.56
267.52	374.56
267.752	381.56
267.984	377.56
268.216	379.56
268.448	392.56
268.681	403.56
268.913	394.56
269.145	432.56
269.377	407.56
269.609	429.56
269.841	423.56
270.073	419.56
270.306	434.56
270.538	457.56
270.77	454.56
271.002	442.56
271.234	432.56
271.466	452.56
271.698	472.56
271.93	467.56
272.162	463.56
272.394	463.56
272.626	465.56
272.858	455.56
273.09	458.56
273.322	450.56
273.553	442.56
273.785	444.56
274.017	446.56
274.249	457.56
274.481	459.56
274.713	469.56
274.945	494.56
275.176	480.56
275.408	491.56
275.64	485.56
275.872	497.56
276.104	518.56
276.335	509.56
276.567	513.56
276.799	555.56
277.031	596.56
277.262	620.56
277.494	628.56
277.726	567.56
277.957	529.56
278.189	531.56
278.421	529.56
278.652	521.56
278.884	521.56
279.115	508.56
279.347	516.56
279.579	520.56
279.81	535.56
280.042	576.56
280.273	654.56
280.505	651.56
280.736	575.56
280.968	543.56
281.199	525.56
281.431	513.56
281.662	514.56
281.894	527.56
282.125	505.56
282.356	558.56
282.588	559.56
282.819	568.56
283.051	521.56
283.282	513.56
283.513	509.56
283.745	506.56
283.976	501.56
284.207	507.56
284.439	512.56
284.67	511.56
284.901	512.56
285.132	496.56
285.364	503.56
285.595	503.56
285.826	517.56
286.057	536.56
286.288	510.56
286.52	483.56
286.751	483.56
286.982	499.56
287.213	510.56
287.444	522.56
287.675	515.56
287.906	540.56
288.138	533.56
288.369	518.56
288.6	537.56
288.831	541.56
289.062	538.56
289.293	528.56
289.524	522.56
289.755	516.56
289.986	539.56
290.217	537.56
290.448	532.56
290.679	496.56
290.91	494.56
291.141	510.56
291.371	518.56
291.602	517.56
291.833	527.56
292.064	496.56
292.295	524.56
292.526	521.56
292.757	509.56
292.987	509.56
293.218	512.56
293.449	505.56
293.68	522.56
293.91	516.56
294.141	514.56
294.372	516.56
294.603	503.56
294.833	521.56
295.064	505.56
295.295	527.56
295.525	512.56
295.756	513.56
295.987	540.56
296.217	585.56
296.448	602.56
296.679	543.56
296.909	530.56
297.14	516.56
297.37	527.56
297.601	542.56
297.831	542.56
298.062	549.56
298.292	523.56
298.523	541.56
298.753	538.56
298.984	550.56
299.214	553.56
299.445	559.56
299.675	545.56
299.905	564.56
300.136	555.56
300.366	550.56
300.597	553.56
300.827	569.56
301.057	593.56
301.288	594.56
301.518	575.56
301.748	607.56
301.979	589.56
302.209	611.56
302.439	603.56
302.669	589.56
302.9	559.56
303.13	578.56
303.36	579.56
303.59	601.56
303.82	628.56
304.051	627.56
304.281	596.56
304.511	613.56
304.741	590.56
304.971	603.56
305.201	561.56
305.431	581.56
305.661	588.56
305.891	579.56
306.121	604.56
306.352	596.56
306.582	619.56
306.812	599.56
307.042	621.56
307.272	647.56
307.502	687.56
307.731	693.56
307.961	636.56
308.191	597.56
308.421	613.56
308.651	632.56
308.881	601.56
309.111	619.56
309.341	611.56
309.571	625.56
309.8	663.56
310.03	654.56
310.26	645.56
310.49	661.56
310.72	676.56
310.949	674.56
311.179	677.56
311.409	676.56
311.639	656.56
311.868	656.56
312.098	676.56
312.328	688.56
312.557	687.56
312.787	710.56
313.017	713.56
313.246	703.56
313.476	661.56
313.706	662.56
313.935	701.56
314.165	727.56
314.394	720.56
314.624	709.56
314.853	689.56
315.083	676.56
315.312	697.56
315.542	667.56
315.771	660.56
316.001	680.56
316.23	668.56
316.46	681.56
316.689	673.56
316.919	680.56
317.148	696.56
317.377	718.56
317.607	718.56
317.836	677.56
318.065	697.56
318.295	702.56
318.524	700.56
318.753	684.56
318.983	709.56
319.212	673.56
319.441	706.56
319.67	721.56
319.9	690.56
320.129	710.56
320.358	710.56
320.587	724.56
320.816	720.56
321.046	742.56
321.275	754.56
321.504	765.56
321.733	744.56
321.962	777.56
322.191	781.56
322.42	828.56
322.649	871.56
322.878	884.56
323.108	872.56
323.337	923.56
323.566	981.56
323.795	1032.56
324.024	1143.56
324.253	1374.56
324.482	1943.56
324.71	2959.56
324.939	4112.56
325.168	3283.56
325.397	1808.56
325.626	1299.56
325.855	1163.56
326.084	1134.56
326.313	1110.56
326.542	1116.56
326.77	1254.56
326.999	1403.56
327.228	1923.56
327.457	2884.56
327.686	3327.56
327.914	2421.56
328.143	2152.56
328.372	2299.56
328.6	2052.56
328.829	1626.56
329.058	1531.56
329.287	1550.56
329.515	1633.56
329.744	1828.56
329.972	2278.56
330.201	3140.56
330.43	3720.56
330.658	3057.56
330.887	2038.56
331.115	1701.56
331.344	1453.56
331.572	1358.56
331.801	1320.56
332.03	1309.56
332.258	1284.56
332.486	1297.56
332.715	1330.56
332.943	1369.56
333.172	1436.56
333.4	1545.56
333.629	1718.56
333.857	1988.56
334.085	2560.56
334.314	3439.56
334.542	4614.56
334.771	4817.56
334.999	3021.56
335.227	2000.56
335.455	1617.56
335.684	1456.56
335.912	1353.56
336.14	1246.56
336.369	1193.56
336.597	1170.56
336.825	1105.56
337.053	1078.56
337.281	1065.56
337.51	1030.56
337.738	1011.56
337.966	958.56
338.194	977.56
338.422	980.56
338.65	940.56
338.878	950.56
339.106	929.56
339.334	914.56
339.562	893.56
339.79	861.56
340.018	898.56
340.246	868.56
340.474	871.56
340.702	853.56
340.93	871.56
341.158	844.56
341.386	853.56
341.614	864.56
341.842	834.56
342.07	822.56
342.298	812.56
342.526	803.56
342.754	807.56
342.981	823.56
343.209	827.56
343.437	823.56
343.665	862.56
343.893	913.56
344.12	899.56
344.348	873.56
344.576	877.56
344.804	903.56
345.031	852.56
345.259	856.56
345.487	854.56
345.714	818.56
345.942	801.56
346.17	783.56
346.397	796.56
346.625	818.56
346.853	812.56
347.08	780.56
347.308	835.56
347.535	807.56
347.763	808.56
347.99	828.56
348.218	815.56
348.445	811.56
348.673	836.56
348.9	805.56
349.128	801.56
349.355	747.56
349.583	762.56
349.81	759.56
350.037	772.56
350.265	783.56
350.492	770.56
350.72	776.56
350.947	786.56
351.174	804.56
351.402	813.56
351.629	795.56
351.856	811.56
352.083	811.56
352.311	822.56
352.538	837.56
352.765	819.56
352.992	814.56
353.22	811.56
353.447	786.56
353.674	799.56
353.901	760.56
354.128	752.56
354.355	765.56
354.583	751.56
354.81	793.56
355.037	770.56
355.264	763.56
355.491	735.56
355.718	738.56
355.945	735.56
356.172	752.56
356.399	750.56
356.626	759.56
356.853	751.56
357.08	739.56
357.307	732.56
357.534	740.56
357.761	731.56
357.988	767.56
358.215	750.56
358.441	755.56
358.668	758.56
358.895	777.56
359.122	796.56
359.349	769.56
359.576	799.56
359.802	823.56
360.029	869.56
360.256	908.56
360.483	880.56
360.709	796.56
360.936	835.56
361.163	825.56
361.39	832.56
361.616	824.56
361.843	820.56
362.07	808.56
362.296	829.56
362.523	802.56
362.749	802.56
362.976	793.56
363.203	783.56
363.429	780.56
363.656	783.56
363.882	819.56
364.109	768.56
364.335	749.56
364.562	775.56
364.788	786.56
365.015	773.56
365.241	782.56
365.468	801.56
365.694	797.56
365.92	807.56
366.147	777.56
366.373	785.56
366.599	780.56
366.826	784.56
367.052	765.56
367.278	792.56
367.505	799.56
367.731	772.56
367.957	801.56
368.184	813.56
368.41	807.56
368.636	801.56
368.862	799.56
369.089	820.56
369.315	796.56
369.541	821.56
369.767	803.56
369.993	791.56
370.219	837.56
370.445	792.56
370.672	798.56
370.898	807.56
371.124	819.56
371.35	830.56
371.576	796.56
371.802	819.56
372.028	828.56
372.254	838.56
372.48	805.56
372.706	859.56
372.932	854.56
373.158	856.56
373.384	830.56
373.61	805.56
373.835	829.56
374.061	825.56
374.287	848.56
374.513	833.56
374.739	845.56
374.965	848.56
375.191	904.56
375.416	887.56
375.642	852.56
375.868	847.56
376.094	840.56
376.319	831.56
376.545	845.56
376.771	847.56
376.997	827.56
377.222	838.56
377.448	841.56
377.674	843.56
377.899	808.56
378.125	806.56
378.35	815.56
378.576	811.56
378.802	771.56
379.027	819.56
379.253	808.56
379.478	822.56
379.704	837.56
379.929	812.56
380.155	827.56
380.38	808.56
380.606	804.56
380.831	832.56
381.057	852.56
381.282	797.56
381.507	822.56
381.733	855.56
381.958	814.56
382.184	851.56
382.409	855.56
382.634	863.56
382.86	838.56
383.085	840.56
383.31	835.56
383.535	878.56
383.761	881.56
383.986	906.56
384.211	896.56
384.436	897.56
384.662	950.56
384.887	960.56
385.112	924.56
385.337	957.56
385.562	964.56
385.787	973.56
386.013	944.56
386.238	957.56
386.463	966.56
386.688	937.56
386.913	957.56
387.138	938.56
387.363	928.56
387.588	930.56
387.813	928.56
388.038	919.56
388.263	951.56
388.488	966.56
388.713	943.56
388.938	945.56
389.163	910.56
389.387	947.56
389.612	932.56
389.837	927.56
390.062	952.56
390.287	959.56
390.512	949.56
390.736	966.56
390.961	979.56
391.186	983.56
391.411	994.56
391.636	1018.56
391.86	1025.56
392.085	1056.56
392.31	1038.56
392.534	994.56
392.759	1015.56
392.984	1026.56
393.208	995.56
393.433	1014.56
393.658	998.56
393.882	990.56
394.107	982.56
394.331	1013.56
394.556	1000.56
394.78	1005.56
395.005	1021.56
395.229	1020.56
395.454	1052.56
395.678	1065.56
395.903	1095.56
396.127	1091.56
396.352	1063.56
396.576	1028.56
396.801	1039.56
397.025	1067.56
397.249	1033.56
397.474	1095.56
397.698	1055.56
397.922	1083.56
398.147	1113.56
398.371	1148.56
398.595	1145.56
398.82	1154.56
399.044	1288.56
399.268	1268.56
399.492	1460.56
399.717	1598.56
399.941	1633.56
400.165	1503.56
400.389	1455.56
400.613	1330.56
400.837	1253.56
401.062	1248.56
401.286	1216.56
401.51	1203.56
401.734	1211.56
401.958	1264.56
402.182	1259.56
402.406	1252.56
402.63	1275.56
402.854	1283.56
403.078	1302.56
403.302	1310.56
403.526	1308.56
403.75	1359.56
403.974	1403.56
404.198	1392.56
404.422	1394.56
404.645	1439.56
404.869	1502.56
405.093	1591.56
405.317	1648.56
405.541	1700.56
405.765	1616.56
405.988	1507.56
406.212	1487.56
406.436	1520.56
406.66	1512.56
406.883	1476.56
407.107	1544.56
407.331	1561.56
407.555	1694.56
407.778	1643.56
408.002	1567.56
408.226	1503.56
408.449	1498.56
408.673	1420.56
408.896	1457.56
409.12	1465.56
409.344	1434.56
409.567	1399.56
409.791	1381.56
410.014	1364.56
410.238	1356.56
410.461	1369.56
410.685	1352.56
410.908	1368.56
411.132	1388.56
411.355	1409.56
411.578	1385.56
411.802	1350.56
412.025	1414.56
412.249	1535.56
412.472	1646.56
412.695	1692.56
412.919	1652.56
413.142	1584.56
413.365	1502.56
413.589	1422.56
413.812	1368.56
414.035	1316.56
414.258	1335.56
414.482	1327.56
414.705	1309.56
414.928	1318.56
415.151	1272.56
415.374	1283.56
415.597	1271.56
415.821	1275.56
416.044	1269.56
416.267	1289.56
416.49	1265.56
416.713	1253.56
416.936	1266.56
417.159	1242.56
417.382	1281.56
417.605	1359.56
417.828	1379.56
418.051	1356.56
418.274	1305.56
418.497	1291.56
418.72	1310.56
418.943	1285.56
419.166	1401.56
419.389	1447.56
419.611	1495.56
419.834	1464.56
420.057	1512.56
420.28	1579.56
420.503	1624.56
420.726	1531.56
420.948	1480.56
421.171	1475.56
421.394	1423.56
421.617	1333.56
421.839	1319.56
422.062	1336.56
422.285	1303.56
422.507	1399.56
422.73	1461.56
422.953	1432.56
423.175	1363.56
423.398	1335.56
423.621	1330.56
423.843	1383.56
424.066	1368.56
424.288	1384.56
424.511	1435.56
424.733	1431.56
424.956	1551.56
425.178	1494.56
425.401	1471.56
425.623	1532.56
425.846	1357.56
426.068	1314.56
426.291	1299.56
426.513	1314.56
426.735	1287.56
426.958	1327.56
427.18	1457.56
427.402	1665.56
427.625	1847.56
427.847	1791.56
428.069	1711.56
428.292	1533.56
428.514	1384.56
428.736	1333.56
428.958	1266.56
429.181	1244.56
429.403	1217.56
429.625	1213.56
429.847	1279.56
430.069	1316.56
430.292	1305.56
430.514	1218.56
430.736	1197.56
430.958	1187.56
431.18	1191.56
431.402	1142.56
431.624	1154.56
431.846	1148.56
432.068	1180.56
432.29	1179.56
432.512	1155.56
432.734	1198.56
432.956	1189.56
433.178	1205.56
433.4	1197.56
433.622	1195.56
433.844	1182.56
434.066	1176.56
434.287	1197.56
434.509	1217.56
434.731	1248.56
434.953	1239.56
435.175	1259.56
435.397	1303.56
435.618	1304.56
435.84	1337.56
436.062	1452.56
436.284	1491.56
436.505	1332.56
436.727	1282.56
436.949	1190.56
437.17	1195.56
437.392	1161.56
437.614	1208.56
437.835	1252.56
438.057	1392.56
438.278	1499.56
438.5	1526.56
438.721	1631.56
438.943	1511.56
439.165	1300.56
439.386	1270.56
439.608	1270.56
439.829	1287.56
440.05	1327.56
440.272	1380.56
440.493	1353.56
440.715	1269.56
440.936	1253.56
441.158	1268.56
441.379	1255.56
441.6	1317.56
441.822	1347.56
442.043	1374.56
442.264	1508.56
442.486	1523.56
442.707	1374.56
442.928	1338.56
443.149	1347.56
443.371	1379.56
443.592	1445.56
443.813	1608.56
444.034	1647.56
444.255	1455.56
444.476	1425.56
444.698	1472.56
444.919	1457.56
445.14	1553.56
445.361	1480.56
445.582	1436.56
445.803	1520.56
446.024	1665.56
446.245	1616.56
446.466	1490.56
446.687	1364.56
446.908	1289.56
447.129	1230.56
447.35	1215.56
447.571	1154.56
447.792	1165.56
448.013	1173.56
448.234	1234.56
448.455	1280.56
448.675	1435.56
448.896	1594.56
449.117	1370.56
449.338	1346.56
449.559	1516.56
449.779	1641.56
450	1356.56
450.221	1192.56
450.442	1169.56
450.662	1192.56
450.883	1190.56
451.104	1235.56
451.324	1190.56
451.545	1154.56
451.766	1147.56
451.986	1110.56
452.207	1107.56
452.428	1104.56
452.648	1113.56
452.869	1069.56
453.089	1091.56
453.31	1120.56
453.53	1080.56
453.751	1077.56
453.971	1091.56
454.192	1108.56
454.412	1075.56
454.633	1079.56
454.853	1059.56
455.073	1070.56
455.294	1088.56
455.514	1165.56
455.734	1128.56
455.955	1033.56
456.175	1039.56
456.395	1000.56
456.616	1040.56
456.836	1000.56
457.056	989.56
457.276	1020.56
457.497	1055.56
457.717	1024.56
457.937	1028.56
458.157	1058.56
458.377	1060.56
458.598	1135.56
458.818	1239.56
459.038	1361.56
459.258	1336.56
459.478	1246.56
459.698	1219.56
459.918	1223.56
460.138	1246.56
460.358	1272.56
460.578	1283.56
460.798	1282.56
461.018	1333.56
461.238	1277.56
461.458	1263.56
461.678	1285.56
461.898	1288.56
462.118	1304.56
462.338	1375.56
462.558	1357.56
462.777	1385.56
462.997	1475.56
463.217	1585.56
463.437	1600.56
463.657	1507.56
463.876	1436.56
464.096	1443.56
464.316	1445.56
464.536	1489.56
464.755	1461.56
464.975	1402.56
465.195	1456.56
465.414	1591.56
465.634	1366.56
465.854	1319.56
466.073	1256.56
466.293	1231.56
466.512	1190.56
466.732	1202.56
466.951	1197.56
467.171	1185.56
467.391	1207.56
467.61	1273.56
467.829	1375.56
468.049	1748.56
468.268	2519.56
468.488	1934.56
468.707	1517.56
468.927	1401.56
469.146	1320.56
469.365	1308.56
469.585	1255.56
469.804	1257.56
470.023	1317.56
470.243	1316.56
470.462	1350.56
470.681	1342.56
470.901	1352.56
471.12	1326.56
471.339	1344.56
471.558	1367.56
471.777	1403.56
471.997	1625.56
472.216	2452.56
472.435	4893.56
472.654	3773.56
472.873	2372.56
473.092	1940.56
473.311	1695.56
473.53	1557.56
473.749	1488.56
473.968	1479.56
474.187	1583.56
474.406	1553.56
474.625	1393.56
474.844	1318.56
475.063	1319.56
475.282	1300.56
475.501	1306.56
475.72	1255.56
475.939	1276.56
476.158	1271.56
476.377	1281.56
476.596	1266.56
476.814	1334.56
477.033	1356.56
477.252	1316.56
477.471	1295.56
477.69	1361.56
477.908	1389.56
478.127	1411.56
478.346	1422.56
478.564	1408.56
478.783	1442.56
479.002	1487.56
479.22	1479.56
479.439	1532.56
479.658	1583.56
479.876	1587.56
480.095	1626.56
480.313	1754.56
480.532	1870.56
480.751	2103.56
480.969	2929.56
481.188	6399.56
481.406	8247.56
481.624	4423.56
481.843	3116.56
482.061	2579.56
482.28	2318.56
482.498	2097.56
482.717	1955.56
482.935	1888.56
483.153	1787.56
483.372	1740.56
483.59	1692.56
483.808	1668.56
484.027	1628.56
484.245	1635.56
484.463	1595.56
484.681	1596.56
484.9	1601.56
485.118	1622.56
485.336	1600.56
485.554	1581.56
485.772	1560.56
485.99	1565.56
486.209	1596.56
486.427	1579.56
486.645	1601.56
486.863	1630.56
487.081	1608.56
487.299	1561.56
487.517	1582.56
487.735	1593.56
487.953	1632.56
488.171	1614.56
488.389	1617.56
488.607	1634.56
488.825	1603.56
489.043	1622.56
489.261	1666.56
489.479	1685.56
489.696	1628.56
489.914	1643.56
490.132	1725.56
490.35	1734.56
490.568	1796.56
490.786	1830.56
491.003	1848.56
491.221	1951.56
491.439	1998.56
491.657	2040.56
491.874	2109.56
492.092	2120.56
492.31	2196.56
492.527	2201.56
492.745	2242.56
492.963	2237.56
493.18	2264.56
493.398	2207.56
493.615	2197.56
493.833	2120.56
494.05	2115.56
494.268	2053.56
494.485	2044.56
494.703	2020.56
494.92	1925.56
495.138	1949.56
495.355	1926.56
495.573	1912.56
495.79	1835.56
496.008	1831.56
496.225	1827.56
496.442	1836.56
496.66	1831.56
496.877	1812.56
497.094	1829.56
497.312	1853.56
497.529	1837.56
497.746	1827.56
497.963	1905.56
498.181	1932.56
498.398	1966.56
498.615	2047.56
498.832	2097.56
499.049	2206.56
499.267	2339.56
499.484	2426.56
499.701	2599.56
499.918	2753.56
500.135	2991.56
500.352	3321.56
500.569	3448.56
500.786	3516.56
501.003	3297.56
501.22	3043.56
501.437	2829.56
501.654	2542.56
501.871	2450.56
502.088	2260.56
502.305	2159.56
502.522	2059.56
502.739	1975.56
502.956	1906.56
503.172	1853.56
503.389	1812.56
503.606	1786.56
503.823	1726.56
504.04	1756.56
504.256	1743.56
504.473	1731.56
504.69	1744.56
504.907	1751.56
505.123	1667.56
505.34	1608.56
505.557	1548.56
505.773	1493.56
505.99	1529.56
506.207	1521.56
506.423	1499.56
506.64	1432.56
506.856	1488.56
507.073	1452.56
507.289	1462.56
507.506	1464.56
507.722	1461.56
507.939	1520.56
508.155	1481.56
508.372	1416.56
508.588	1406.56
508.805	1377.56
509.021	1389.56
509.238	1392.56
509.454	1370.56
509.67	1391.56
509.887	1375.56
510.103	1411.56
510.319	1468.56
510.536	1751.56
510.752	3293.56
510.968	2340.56
511.184	1517.56
511.401	1459.56
511.617	1485.56
511.833	1590.56
512.049	1635.56
512.265	1582.56
512.481	1517.56
512.698	1491.56
512.914	1448.56
513.13	1442.56
513.346	1412.56
513.562	1405.56
513.778	1396.56
513.994	1417.56
514.21	1472.56
514.426	1501.56
514.642	1585.56
514.858	1629.56
515.074	1786.56
515.29	2130.56
515.506	3215.56
515.721	2470.56
515.937	1697.56
516.153	1563.56
516.369	1508.56
516.585	1533.56
516.801	1510.56
517.016	1536.56
517.232	1607.56
517.448	1587.56
517.664	1608.56
517.879	1577.56
518.095	1609.56
518.311	1575.56
518.527	1541.56
518.742	1511.56
518.958	1519.56
519.173	1440.56
519.389	1485.56
519.605	1438.56
519.82	1407.56
520.036	1464.56
520.251	1468.56
520.467	1485.56
520.682	1499.56
520.898	1523.56
521.113	1566.56
521.329	1645.56
521.544	1840.56
521.76	2376.56
521.975	4349.56
522.19	3828.56
522.406	2017.56
522.621	1555.56
522.836	1429.56
523.052	1352.56
523.267	1305.56
523.482	1271.56
523.698	1294.56
523.913	1237.56
524.128	1254.56
524.343	1217.56
524.559	1205.56
524.774	1169.56
524.989	1173.56
525.204	1199.56
525.419	1193.56
525.634	1179.56
525.849	1186.56
526.064	1165.56
526.28	1139.56
526.495	1109.56
526.71	1119.56
526.925	1101.56
527.14	1097.56
527.355	1105.56
527.57	1111.56
527.785	1091.56
527.999	1123.56
528.214	1140.56
528.429	1115.56
528.644	1108.56
528.859	1104.56
529.074	1153.56
529.289	1200.56
529.503	1332.56
529.718	1291.56
529.933	1200.56
530.148	1136.56
530.363	1108.56
530.577	1107.56
530.792	1118.56
531.007	1076.56
531.221	1126.56
531.436	1123.56
531.651	1080.56
531.865	1093.56
532.08	1086.56
532.295	1109.56
532.509	1071.56
532.724	1054.56
532.938	1056.56
533.153	1052.56
533.367	1077.56
533.582	1047.56
533.796	1034.56
534.011	1056.56
534.225	1079.56
534.44	1052.56
534.654	1028.56
534.868	1037.56
535.083	1033.56
535.297	1039.56
535.511	1028.56
535.726	1053.56
535.94	1061.56
536.154	1041.56
536.369	1032.56
536.583	1014.56
536.797	1000.56
537.011	981.56
537.225	996.56
537.44	1011.56
537.654	995.56
537.868	994.56
538.082	974.56
538.296	969.56
538.51	1002.56
538.724	996.56
538.938	981.56
539.153	979.56
539.367	1008.56
539.581	1041.56
539.795	998.56
540.009	986.56
540.222	977.56
540.436	965.56
540.65	973.56
540.864	988.56
541.078	1006.56
541.292	992.56
541.506	982.56
541.72	1008.56
541.934	1007.56
542.147	1011.56
542.361	984.56
542.575	957.56
542.789	936.56
543.002	953.56
543.216	948.56
543.43	967.56
543.644	949.56
543.857	943.56
544.071	974.56
544.285	988.56
544.498	978.56
544.712	960.56
544.925	948.56
545.139	966.56
545.352	978.56
545.566	972.56
545.779	948.56
545.993	977.56
546.206	964.56
546.42	959.56
546.633	983.56
546.847	951.56
547.06	965.56
547.274	952.56
547.487	971.56
547.7	987.56
547.914	948.56
548.127	957.56
548.34	980.56
548.554	932.56
548.767	953.56
548.98	936.56
549.193	944.56
549.407	971.56
549.62	962.56
549.833	987.56
550.046	965.56
550.259	956.56
550.473	921.56
550.686	962.56
550.899	904.56
551.112	933.56
551.325	946.56
551.538	933.56
551.751	921.56
551.964	946.56
552.177	947.56
552.39	925.56
552.603	944.56
552.816	993.56
553.029	988.56
553.242	998.56
553.455	1031.56
553.667	1029.56
553.88	1053.56
554.093	1023.56
554.306	965.56
554.519	967.56
554.732	947.56
554.944	954.56
555.157	917.56
555.37	909.56
555.583	910.56
555.795	885.56
556.008	875.56
556.221	865.56
556.433	869.56
556.646	865.56
556.859	833.56
557.071	843.56
557.284	841.56
557.496	807.56
557.709	830.56
557.921	815.56
558.134	835.56
558.346	818.56
558.559	818.56
558.771	800.56
558.984	787.56
559.196	790.56
559.409	815.56
559.621	811.56
559.833	825.56
560.046	801.56
560.258	816.56
560.47	811.56
560.683	829.56
560.895	812.56
561.107	814.56
561.32	808.56
561.532	807.56
561.744	791.56
561.956	760.56
562.168	794.56
562.381	775.56
562.593	790.56
562.805	786.56
563.017	781.56
563.229	783.56
563.441	801.56
563.653	805.56
563.865	798.56
564.077	799.56
564.289	818.56
564.501	828.56
564.713	835.56
564.925	831.56
565.137	862.56
565.349	836.56
565.561	857.56
565.773	884.56
565.985	903.56
566.197	965.56
566.408	995.56
566.62	1038.56
566.832	1117.56
567.044	1146.56
567.255	1122.56
567.467	1152.56
567.679	1170.56
567.891	1233.56
568.102	1255.56
568.314	1167.56
568.526	1105.56
568.737	1056.56
568.949	936.56
569.161	919.56
569.372	869.56
569.584	871.56
569.795	833.56
570.007	827.56
570.218	889.56
570.43	865.56
570.641	762.56
570.853	768.56
571.064	787.56
571.276	774.56
571.487	725.56
571.698	706.56
571.91	702.56
572.121	698.56
572.333	688.56
572.544	686.56
572.755	675.56
572.966	672.56
573.178	663.56
573.389	650.56
573.6	638.56
573.811	654.56
574.023	637.56
574.234	648.56
574.445	619.56
574.656	619.56
574.867	628.56
575.078	631.56
575.289	616.56
575.501	612.56
575.712	608.56
575.923	597.56
576.134	588.56
576.345	601.56
576.556	611.56
576.767	599.56
576.978	598.56
577.188	607.56
577.399	589.56
577.61	599.56
577.821	584.56
578.032	597.56
578.243	693.56
578.454	1182.56
578.665	793.56
578.875	625.56
579.086	577.56
579.297	567.56
579.508	568.56
579.718	572.56
579.929	540.56
580.14	551.56
580.35	540.56
580.561	562.56
580.772	545.56
580.982	551.56
581.193	549.56
581.403	556.56
581.614	527.56
581.825	555.56
582.035	516.56
582.246	503.56
582.456	535.56
582.667	530.56
582.877	552.56
583.087	521.56
583.298	522.56
583.508	526.56
583.719	530.56
583.929	542.56
584.139	519.56
584.35	506.56
584.56	535.56
584.77	524.56
584.981	521.56
585.191	508.56
585.401	520.56
585.611	504.56
585.821	540.56
586.032	496.56
586.242	528.56
586.452	511.56
586.662	525.56
586.872	513.56
587.082	499.56
587.292	496.56
587.502	502.56
587.713	500.56
587.923	502.56
588.133	502.56
588.343	502.56
588.553	496.56
588.762	512.56
588.972	504.56
589.182	548.56
589.392	555.56
589.602	563.56
589.812	580.56
590.022	527.56
590.232	514.56
590.441	496.56
590.651	515.56
590.861	509.56
591.071	498.56
591.281	519.56
591.49	515.56
591.7	518.56
591.91	530.56
592.119	511.56
592.329	528.56
592.539	573.56
592.748	575.56
592.958	562.56
593.167	566.56
593.377	576.56
593.587	609.56
593.796	620.56
594.006	580.56
594.215	607.56
594.424	577.56
594.634	571.56
594.843	546.56
595.053	534.56
595.262	547.56
595.472	520.56
595.681	511.56
595.89	513.56
596.1	510.56
596.309	503.56
596.518	483.56
596.727	517.56
596.937	476.56
597.146	478.56
597.355	464.56
597.564	440.56
597.774	444.56
597.983	447.56
598.192	461.56
598.401	431.56
598.61	442.56
598.819	452.56
599.028	468.56
599.237	446.56
599.446	439.56
599.655	433.56
599.864	444.56
600.073	445.56
600.282	443.56
600.491	441.56
600.7	425.56
600.909	448.56
601.118	441.56
601.327	420.56
601.536	440.56
601.745	445.56
601.953	419.56
602.162	446.56
602.371	432.56
602.58	427.56
602.789	439.56
602.997	446.56
603.206	424.56
603.415	433.56
603.623	430.56
603.832	429.56
604.041	416.56
604.249	433.56
604.458	399.56
604.666	391.56
604.875	428.56
605.084	418.56
605.292	404.56
605.501	407.56
605.709	439.56
605.918	400.56
606.126	433.56
606.334	408.56
606.543	419.56
606.751	416.56
606.96	425.56
607.168	404.56
607.376	399.56
607.585	393.56
607.793	412.56
608.001	426.56
608.21	419.56
608.418	401.56
608.626	420.56
608.834	409.56
609.043	422.56
609.251	402.56
609.459	403.56
609.667	391.56
609.875	411.56
610.083	401.56
610.291	424.56
610.499	419.56
610.707	420.56
610.916	411.56
611.124	414.56
611.332	419.56
611.54	402.56
611.748	401.56
611.955	406.56
612.163	397.56
612.371	397.56
612.579	412.56
612.787	406.56
612.995	413.56
613.203	405.56
613.411	409.56
613.618	380.56
613.826	399.56
614.034	389.56
614.242	387.56
614.449	391.56
614.657	404.56
614.865	397.56
615.072	385.56
615.28	397.56
615.488	393.56
615.695	385.56
615.903	375.56
616.111	378.56
616.318	411.56
616.526	381.56
616.733	374.56
616.941	383.56
617.148	379.56
617.356	368.56
617.563	383.56
617.771	381.56
617.978	376.56
618.185	373.56
618.393	374.56
618.6	355.56
618.807	371.56
619.015	366.56
619.222	373.56
619.429	369.56
619.637	371.56
619.844	337.56
620.051	351.56
620.258	348.56
620.466	354.56
620.673	328.56
620.88	323.56
621.087	333.56
621.294	353.56
621.501	339.56
621.708	351.56
621.915	358.56
622.122	336.56
622.329	328.56
622.536	337.56
622.743	333.56
622.95	341.56
623.157	336.56
623.364	334.56
623.571	324.56
623.778	347.56
623.985	328.56
624.192	341.56
624.399	329.56
624.606	315.56
624.812	320.56
625.019	337.56
625.226	321.56
625.433	327.56
625.639	314.56
625.846	310.56
626.053	305.56
626.259	303.56
626.466	312.56
626.673	316.56
626.879	313.56
627.086	307.56
627.293	309.56
627.499	308.56
627.706	315.56
627.912	305.56
628.119	312.56
628.325	322.56
628.532	304.56
628.738	308.56
628.945	308.56
629.151	300.56
629.357	303.56
629.564	300.56
629.77	307.56
629.976	294.56
630.183	301.56
630.389	299.56
630.595	300.56
630.802	316.56
631.008	278.56
631.214	288.56
631.42	290.56
631.627	308.56
631.833	274.56
632.039	291.56
632.245	281.56
632.451	290.56
632.657	294.56
632.863	277.56
633.069	287.56
633.275	281.56
633.481	280.56
633.688	295.56
633.893	305.56
634.099	300.56
634.305	295.56
634.511	285.56
634.717	277.56
634.923	284.56
635.129	300.56
635.335	286.56
635.541	295.56
635.747	332.56
635.952	312.56
636.158	355.56
636.364	515.56
636.57	631.56
636.775	493.56
636.981	417.56
637.187	365.56
637.392	331.56
637.598	325.56
637.804	318.56
638.009	323.56
638.215	323.56
638.421	315.56
638.626	283.56
638.832	282.56
639.037	275.56
639.243	274.56
639.448	285.56
639.654	272.56
639.859	275.56
640.065	258.56
640.27	271.56
640.475	278.56
640.681	261.56
640.886	267.56
641.091	265.56
641.297	274.56
641.502	248.56
641.707	253.56
641.913	245.56
642.118	241.56
642.323	248.56
642.528	259.56
642.733	238.56
642.939	269.56
643.144	244.56
643.349	233.56
643.554	228.56
643.759	231.56
643.964	237.56
644.169	244.56
644.374	254.56
644.579	245.56
644.784	238.56
644.989	245.56
645.194	233.56
645.399	248.56
645.604	232.56
645.809	227.56
646.014	229.56
646.219	242.56
646.423	242.56
646.628	232.56
646.833	235.56
647.038	235.56
647.243	242.56
647.447	239.56
647.652	246.56
647.857	257.56
648.062	243.56
648.266	247.56
648.471	249.56
648.676	261.56
648.88	244.56
649.085	244.56
649.289	263.56
649.494	238.56
649.698	279.56
649.903	253.56
650.107	224.56
650.312	229.56
650.516	214.56
650.721	216.56
650.925	214.56
651.13	209.56
651.334	209.56
651.539	212.56
651.743	193.56
651.947	194.56
652.152	208.56
652.356	203.56
652.56	184.56
652.764	196.56
652.969	196.56
653.173	179.56
653.377	175.56
653.581	193.56
653.785	179.56
653.99	179.56
654.194	188.56
654.398	191.56
654.602	184.56
654.806	161.56
655.01	201.56
655.214	199.56
655.418	158.56
655.622	161.56
655.826	197.56
656.03	184.56
656.234	181.56
656.438	169.56
656.642	184.56
656.846	188.56
657.049	182.56
657.253	171.56
657.457	155.56
657.661	149.56
657.865	159.56
658.068	140.56
658.272	136.56
658.476	145.56
658.68	129.56
658.883	125.56
659.087	119.56
659.291	122.56
659.494	112.56
659.698	106.56
659.901	112.56
660.105	117.56
660.309	105.56
660.512	101.56
660.716	112.56
660.919	107.56
661.123	111.56
661.326	95.56
661.53	95.56
661.733	85.56
661.936	97.56
662.14	86.56
662.343	81.56
662.546	92.56
662.75	102.56
662.953	95.56
663.156	79.56
663.36	97.56
663.563	72.56
663.766	90.56
663.969	95.56
664.173	85.56
664.376	83.56
664.579	84.56
664.782	89.56
664.985	94.56
665.188	81.56
665.391	80.56
665.594	77.56
665.797	66.56
666	104.56
666.203	87.56
666.406	85.56
666.609	89.56
666.812	85.56
667.015	78.56
667.218	73.56
667.421	93.56
667.624	83.56
667.827	81.56
668.03	80.56
668.232	85.56
668.435	76.56
668.638	91.56
668.841	81.56
669.043	81.56
669.246	85.56
669.449	81.56
669.651	95.56
669.854	77.56
670.057	76.56
670.259	92.56
670.462	89.56
670.665	73.56
670.867	79.56
671.07	78.56
671.272	77.56
671.475	79.56
671.677	75.56
671.88	87.56
672.082	85.56
672.284	82.56
672.487	86.56
672.689	81.56
672.892	88.56
