223.165	-22.25
223.4	-22.25
223.635	-22.25
223.869	-32.25
224.104	-10.25
224.338	-19.25
224.573	-1.25
224.808	-20.25
225.042	-7.25
225.277	-1.25
225.511	-22.25
225.746	6.75
225.98	11.75
226.215	9.75
226.449	21.75
226.683	30.75
226.918	21.75
227.152	33.75
227.387	33.75
227.621	40.75
227.856	38.75
228.09	41.75
228.324	51.75
228.559	50.75
228.793	80.75
229.027	116.75
229.262	139.75
229.496	138.75
229.73	182.75
229.964	194.75
230.199	169.75
230.433	152.75
230.667	156.75
230.901	167.75
231.136	160.75
231.37	138.75
231.604	124.75
231.838	140.75
232.072	164.75
232.306	153.75
232.541	157.75
232.775	150.75
233.009	161.75
233.243	159.75
233.477	159.75
233.711	155.75
233.945	154.75
234.179	146.75
234.413	160.75
234.647	144.75
234.881	155.75
235.115	166.75
235.349	159.75
235.583	164.75
235.817	162.75
236.051	161.75
236.285	181.75
236.519	178.75
236.753	168.75
236.987	206.75
237.221	232.75
237.455	293.75
237.689	256.75
237.922	197.75
238.156	198.75
238.39	202.75
238.624	195.75
238.858	183.75
239.091	178.75
239.325	200.75
239.559	189.75
239.793	188.75
240.027	190.75
240.26	193.75
240.494	220.75
240.728	204.75
240.961	213.75
241.195	195.75
241.429	206.75
241.662	194.75
241.896	205.75
242.13	209.75
242.363	212.75
242.597	208.75
242.83	211.75
243.064	209.75
243.298	206.75
243.531	211.75
243.765	220.75
243.998	211.75
244.232	226.75
244.465	227.75
244.699	229.75
244.932	249.75
245.166	239.75
245.399	226.75
245.633	255.75
245.866	247.75
246.099	259.75
246.333	251.75
246.566	233.75
246.8	229.75
247.033	244.75
247.266	261.75
247.5	269.75
247.733	265.75
247.966	278.75
248.2	276.75
248.433	268.75
248.666	259.75
248.899	287.75
249.133	306.75
249.366	316.75
249.599	322.75
249.832	320.75
250.066	341.75
250.299	402.75
250.532	518.75
250.765	544.75
250.998	490.75
251.231	448.75
251.465	379.75
251.698	363.75
251.931	355.75
252.164	355.75
252.397	352.75
252.63	339.75
252.863	350.75
253.096	348.75
253.329	376.75
253.562	367.75
253.795	345.75
254.028	350.75
254.261	357.75
254.494	369.75
254.727	378.75
254.96	413.75
255.193	419.75
255.426	416.75
255.659	472.75
255.892	626.75
256.124	840.75
256.357	896.75
256.59	725.75
256.823	576.75
257.056	510.75
257.289	454.75
257.521	459.75
257.754	447.75
257.987	389.75
258.22	396.75
258.452	411.75
258.685	395.75
258.918	373.75
259.151	394.75
259.383	384.75
259.616	368.75
259.849	374.75
260.081	393.75
260.314	397.75
260.547	406.75
260.779	405.75
261.012	375.75
261.244	387.75
261.477	391.75
261.71	372.75
261.942	384.75
262.175	394.75
262.407	375.75
262.64	361.75
262.872	346.75
263.105	363.75
263.337	361.75
263.57	363.75
263.802	368.75
264.035	352.75
264.267	362.75
264.499	354.75
264.732	359.75
264.964	358.75
265.197	347.75
265.429	378.75
265.661	339.75
265.894	368.75
266.126	355.75
266.358	378.75
266.591	362.75
266.823	376.75
267.055	378.75
267.287	373.75
267.52	370.75
267.752	372.75
267.984	371.75
268.216	366.75
268.448	403.75
268.681	388.75
268.913	390.75
269.145	423.75
269.377	417.75
269.609	396.75
269.841	415.75
270.073	428.75
270.306	441.75
270.538	435.75
270.77	434.75
271.002	434.75
271.234	423.75
271.466	440.75
271.698	452.75
271.93	462.75
272.162	464.75
272.394	450.75
272.626	468.75
272.858	459.75
273.09	464.75
273.322	464.75
273.553	431.75
273.785	428.75
274.017	438.75
274.249	446.75
274.481	452.75
274.713	446.75
274.945	431.75
275.176	477.75
275.408	469.75
275.64	495.75
275.872	508.75
276.104	499.75
276.335	500.75
276.567	491.75
276.799	527.75
277.031	578.75
277.262	594.75
277.494	587.75
277.726	555.75
277.957	540.75
278.189	486.75
278.421	500.75
278.652	488.75
278.884	491.75
279.115	488.75
279.347	476.75
279.579	528.75
279.81	530.75
280.042	579.75
280.273	620.75
280.505	628.75
280.736	578.75
280.968	545.75
281.199	542.75
281.431	548.75
281.662	508.75
281.894	472.75
282.125	491.75
282.356	516.75
282.588	572.75
282.819	532.75
283.051	503.75
283.282	494.75
283.513	481.75
283.745	486.75
283.976	487.75
284.207	486.75
284.439	492.75
284.67	501.75
284.901	502.75
285.132	477.75
285.364	482.75
285.595	493.75
285.826	476.75
286.057	502.75
286.288	500.75
286.52	513.75
286.751	507.75
286.982	504.75
287.213	501.75
287.444	503.75
287.675	506.75
287.906	517.75
288.138	528.75
288.369	512.75
288.6	510.75
288.831	524.75
289.062	517.75
289.293	522.75
289.524	529.75
289.755	491.75
289.986	533.75
290.217	499.75
290.448	493.75
290.679	482.75
290.91	499.75
291.141	498.75
291.371	504.75
291.602	508.75
291.833	514.75
292.064	483.75
292.295	510.75
292.526	488.75
292.757	487.75
292.987	481.75
293.218	475.75
293.449	494.75
293.68	462.75
293.91	499.75
294.141	477.75
294.372	502.75
294.603	520.75
294.833	506.75
295.064	512.75
295.295	520.75
295.525	501.75
295.756	530.75
295.987	503.75
296.217	554.75
296.448	562.75
296.679	523.75
296.909	520.75
297.14	537.75
297.37	514.75
297.601	524.75
297.831	543.75
298.062	525.75
298.292	496.75
298.523	544.75
298.753	532.75
298.984	534.75
299.214	511.75
299.445	532.75
299.675	543.75
299.905	545.75
300.136	540.75
300.366	541.75
300.597	547.75
300.827	527.75
301.057	576.75
301.288	580.75
301.518	563.75
301.748	544.75
301.979	549.75
302.209	600.75
302.439	599.75
302.669	593.75
302.9	584.75
303.13	571.75
303.36	590.75
303.59	594.75
303.82	633.75
304.051	622.75
304.281	601.75
304.511	583.75
304.741	560.75
304.971	586.75
305.201	572.75
305.431	569.75
305.661	566.75
305.891	568.75
306.121	584.75
306.352	554.75
306.582	584.75
306.812	594.75
307.042	586.75
307.272	631.75
307.502	655.75
307.731	682.75
307.961	651.75
308.191	584.75
308.421	591.75
308.651	604.75
308.881	592.75
309.111	607.75
309.341	585.75
309.571	592.75
309.8	616.75
310.03	612.75
310.26	647.75
310.49	646.75
310.72	651.75
310.949	664.75
311.179	688.75
311.409	649.75
311.639	669.75
311.868	654.75
312.098	644.75
312.328	660.75
312.557	669.75
312.787	690.75
313.017	705.75
313.246	667.75
313.476	644.75
313.706	654.75
313.935	663.75
314.165	712.75
314.394	700.75
314.624	694.75
314.853	672.75
315.083	672.75
315.312	655.75
315.542	625.75
315.771	660.75
316.001	644.75
316.23	653.75
316.46	662.75
316.689	648.75
316.919	657.75
317.148	679.75
317.377	695.75
317.607	686.75
317.836	668.75
318.065	644.75
318.295	682.75
318.524	671.75
318.753	671.75
318.983	669.75
319.212	697.75
319.441	696.75
319.67	720.75
319.9	705.75
320.129	708.75
320.358	700.75
320.587	705.75
320.816	711.75
321.046	729.75
321.275	707.75
321.504	711.75
321.733	732.75
321.962	739.75
322.191	762.75
322.42	803.75
322.649	811.75
322.878	854.75
323.108	884.75
323.337	889.75
323.566	917.75
323.795	1000.75
324.024	1098.75
324.253	1333.75
324.482	1791.75
324.71	2830.75
324.939	3944.75
325.168	3154.75
325.397	1712.75
325.626	1282.75
325.855	1144.75
326.084	1087.75
326.313	1056.75
326.542	1072.75
326.77	1151.75
326.999	1359.75
327.228	1835.75
327.457	2752.75
327.686	3235.75
327.914	2314.75
328.143	2041.75
328.372	2183.75
328.6	1961.75
328.829	1566.75
329.058	1473.75
329.287	1509.75
329.515	1520.75
329.744	1684.75
329.972	2166.75
330.201	2896.75
330.43	3589.75
330.658	2908.75
330.887	1925.75
331.115	1598.75
331.344	1400.75
331.572	1271.75
331.801	1235.75
332.03	1240.75
332.258	1231.75
332.486	1249.75
332.715	1243.75
332.943	1316.75
333.172	1367.75
333.4	1504.75
333.629	1637.75
333.857	1924.75
334.085	2426.75
334.314	3323.75
334.542	4431.75
334.771	4614.75
334.999	2884.75
335.227	1936.75
335.455	1583.75
335.684	1383.75
335.912	1292.75
336.14	1202.75
336.369	1166.75
336.597	1094.75
336.825	1085.75
337.053	1053.75
337.281	1016.75
337.51	999.75
337.738	968.75
337.966	974.75
338.194	933.75
338.422	904.75
338.65	898.75
338.878	898.75
339.106	889.75
339.334	866.75
339.562	876.75
339.79	870.75
340.018	844.75
340.246	844.75
340.474	833.75
340.702	837.75
340.93	822.75
341.158	843.75
341.386	819.75
341.614	819.75
341.842	794.75
342.07	798.75
342.298	799.75
342.526	786.75
342.754	818.75
342.981	805.75
343.209	792.75
343.437	856.75
343.665	856.75
343.893	868.75
344.12	872.75
344.348	869.75
344.576	854.75
344.804	848.75
345.031	842.75
345.259	820.75
345.487	815.75
345.714	815.75
345.942	785.75
346.17	777.75
346.397	780.75
346.625	761.75
346.853	774.75
347.08	777.75
347.308	778.75
347.535	798.75
347.763	813.75
347.99	796.75
348.218	809.75
348.445	816.75
348.673	798.75
348.9	763.75
349.128	774.75
349.355	769.75
349.583	744.75
349.81	740.75
350.037	779.75
350.265	751.75
350.492	760.75
350.72	754.75
350.947	763.75
351.174	743.75
351.402	787.75
351.629	796.75
351.856	755.75
352.083	789.75
352.311	792.75
352.538	820.75
352.765	808.75
352.992	780.75
353.22	788.75
353.447	760.75
353.674	738.75
353.901	772.75
354.128	757.75
354.355	727.75
354.583	762.75
354.81	719.75
355.037	756.75
355.264	751.75
355.491	739.75
355.718	711.75
355.945	736.75
356.172	742.75
356.399	727.75
356.626	746.75
356.853	716.75
357.08	736.75
357.307	704.75
357.534	736.75
357.761	761.75
357.988	730.75
358.215	734.75
358.441	708.75
358.668	759.75
358.895	740.75
359.122	742.75
359.349	763.75
359.576	772.75
359.802	810.75
360.029	827.75
360.256	871.75
360.483	835.75
360.709	791.75
360.936	785.75
361.163	794.75
361.39	766.75
361.616	799.75
361.843	778.75
362.07	784.75
362.296	786.75
362.523	807.75
362.749	787.75
362.976	770.75
363.203	764.75
363.429	772.75
363.656	775.75
363.882	760.75
364.109	766.75
364.335	757.75
364.562	766.75
364.788	751.75
365.015	772.75
365.241	768.75
365.468	764.75
365.694	793.75
365.92	768.75
366.147	770.75
366.373	770.75
366.599	770.75
366.826	732.75
367.052	748.75
367.278	747.75
367.505	775.75
367.731	764.75
367.957	781.75
368.184	790.75
368.41	796.75
368.636	804.75
368.862	798.75
369.089	785.75
369.315	766.75
369.541	764.75
369.767	784.75
369.993	784.75
370.219	783.75
370.445	779.75
370.672	778.75
370.898	788.75
371.124	775.75
371.35	809.75
371.576	794.75
371.802	794.75
372.028	794.75
372.254	799.75
372.48	786.75
372.706	801.75
372.932	820.75
373.158	819.75
373.384	810.75
373.61	808.75
373.835	800.75
374.061	787.75
374.287	820.75
374.513	801.75
374.739	828.75
374.965	873.75
375.191	858.75
375.416	853.75
375.642	817.75
375.868	855.75
376.094	806.75
376.319	792.75
376.545	803.75
376.771	818.75
376.997	809.75
377.222	813.75
377.448	795.75
377.674	799.75
377.899	802.75
378.125	788.75
378.35	780.75
378.576	809.75
378.802	800.75
379.027	800.75
379.253	778.75
379.478	795.75
379.704	796.75
379.929	796.75
380.155	823.75
380.38	780.75
380.606	819.75
380.831	810.75
381.057	802.75
381.282	809.75
381.507	804.75
381.733	811.75
381.958	808.75
382.184	838.75
382.409	807.75
382.634	822.75
382.86	832.75
383.085	828.75
383.31	864.75
383.535	871.75
383.761	874.75
383.986	864.75
384.211	889.75
384.436	898.75
384.662	911.75
384.887	910.75
385.112	902.75
385.337	907.75
385.562	945.75
385.787	913.75
386.013	944.75
386.238	948.75
386.463	924.75
386.688	930.75
386.913	921.75
387.138	919.75
387.363	949.75
387.588	927.75
387.813	937.75
388.038	919.75
388.263	914.75
388.488	937.75
388.713	922.75
388.938	919.75
389.163	918.75
389.387	898.75
389.612	882.75
389.837	905.75
390.062	882.75
390.287	916.75
390.512	924.75
390.736	916.75
390.961	915.75
391.186	935.75
391.411	952.75
391.636	984.75
391.86	1022.75
392.085	1003.75
392.31	988.75
392.534	1003.75
392.759	1004.75
392.984	1005.75
393.208	976.75
393.433	952.75
393.658	1000.75
393.882	978.75
394.107	974.75
394.331	982.75
394.556	972.75
394.78	988.75
395.005	1001.75
395.229	1012.75
395.454	1016.75
395.678	1048.75
395.903	1040.75
396.127	1058.75
396.352	1054.75
396.576	1030.75
396.801	1032.75
397.025	1015.75
397.249	992.75
397.474	1042.75
397.698	1051.75
397.922	1066.75
398.147	1082.75
398.371	1112.75
398.595	1112.75
398.82	1135.75
399.044	1184.75
399.268	1289.75
399.492	1397.75
399.717	1565.75
399.941	1582.75
400.165	1466.75
400.389	1413.75
400.613	1276.75
400.837	1218.75
401.062	1194.75
401.286	1188.75
401.51	1175.75
401.734	1177.75
401.958	1174.75
402.182	1242.75
402.406	1239.75
402.63	1270.75
402.854	1224.75
403.078	1258.75
403.302	1290.75
403.526	1304.75
403.75	1319.75
403.974	1361.75
404.198	1367.75
404.422	1385.75
404.645	1412.75
404.869	1464.75
405.093	1561.75
405.317	1623.75
405.541	1668.75
405.765	1569.75
405.988	1444.75
406.212	1451.75
406.436	1468.75
406.66	1466.75
406.883	1411.75
407.107	1482.75
407.331	1504.75
407.555	1615.75
407.778	1594.75
408.002	1503.75
408.226	1426.75
408.449	1445.75
408.673	1398.75
408.896	1409.75
409.12	1433.75
409.344	1426.75
409.567	1368.75
409.791	1352.75
410.014	1324.75
410.238	1332.75
410.461	1352.75
410.685	1310.75
410.908	1337.75
411.132	1366.75
411.355	1363.75
411.578	1360.75
411.802	1348.75
412.025	1361.75
412.249	1428.75
412.472	1549.75
412.695	1635.75
412.919	1646.75
413.142	1508.75
413.365	1472.75
413.589	1402.75
413.812	1364.75
414.035	1314.75
414.258	1313.75
414.482	1306.75
414.705	1271.75
414.928	1249.75
415.151	1243.75
415.374	1253.75
415.597	1225.75
415.821	1190.75
416.044	1218.75
416.267	1227.75
416.49	1210.75
416.713	1224.75
416.936	1202.75
417.159	1239.75
417.382	1268.75
417.605	1309.75
417.828	1323.75
418.051	1337.75
418.274	1268.75
418.497	1260.75
418.72	1264.75
418.943	1269.75
419.166	1319.75
419.389	1394.75
419.611	1432.75
419.834	1410.75
420.057	1462.75
420.28	1528.75
420.503	1571.75
420.726	1447.75
420.948	1458.75
421.171	1398.75
421.394	1409.75
421.617	1328.75
421.839	1305.75
422.062	1278.75
422.285	1286.75
422.507	1335.75
422.73	1453.75
422.953	1412.75
423.175	1314.75
423.398	1350.75
423.621	1297.75
423.843	1373.75
424.066	1324.75
424.288	1313.75
424.511	1381.75
424.733	1392.75
424.956	1507.75
425.178	1438.75
425.401	1436.75
425.623	1439.75
425.846	1330.75
426.068	1320.75
426.291	1260.75
426.513	1252.75
426.735	1276.75
426.958	1321.75
427.18	1455.75
427.402	1622.75
427.625	1816.75
427.847	1707.75
428.069	1693.75
428.292	1555.75
428.514	1365.75
428.736	1281.75
428.958	1272.75
429.181	1198.75
429.403	1192.75
429.625	1213.75
429.847	1206.75
430.069	1321.75
430.292	1281.75
430.514	1159.75
430.736	1171.75
430.958	1184.75
431.18	1159.75
431.402	1105.75
431.624	1118.75
431.846	1132.75
432.068	1130.75
432.29	1144.75
432.512	1122.75
432.734	1151.75
432.956	1156.75
433.178	1140.75
433.4	1155.75
433.622	1149.75
433.844	1141.75
434.066	1128.75
434.287	1142.75
434.509	1159.75
434.731	1188.75
434.953	1208.75
435.175	1272.75
435.397	1266.75
435.618	1209.75
435.84	1279.75
436.062	1362.75
436.284	1466.75
436.505	1289.75
436.727	1248.75
436.949	1192.75
437.17	1157.75
437.392	1114.75
437.614	1179.75
437.835	1244.75
438.057	1368.75
438.278	1460.75
438.5	1457.75
438.721	1559.75
438.943	1499.75
439.165	1315.75
439.386	1221.75
439.608	1243.75
439.829	1207.75
440.05	1266.75
440.272	1338.75
440.493	1298.75
440.715	1219.75
440.936	1204.75
441.158	1228.75
441.379	1239.75
441.6	1253.75
441.822	1322.75
442.043	1362.75
442.264	1436.75
442.486	1472.75
442.707	1363.75
442.928	1304.75
443.149	1306.75
443.371	1369.75
443.592	1420.75
443.813	1497.75
444.034	1602.75
444.255	1434.75
444.476	1387.75
444.698	1438.75
444.919	1417.75
445.14	1527.75
445.361	1430.75
445.582	1390.75
445.803	1441.75
446.024	1590.75
446.245	1555.75
446.466	1457.75
446.687	1338.75
446.908	1236.75
447.129	1193.75
447.35	1156.75
447.571	1169.75
447.792	1142.75
448.013	1142.75
448.234	1174.75
448.455	1224.75
448.675	1396.75
448.896	1524.75
449.117	1309.75
449.338	1296.75
449.559	1465.75
449.779	1567.75
450	1332.75
450.221	1182.75
450.442	1143.75
450.662	1107.75
450.883	1139.75
451.104	1168.75
451.324	1139.75
451.545	1129.75
451.766	1134.75
451.986	1090.75
452.207	1043.75
452.428	1050.75
452.648	1076.75
452.869	1033.75
453.089	1055.75
453.31	1075.75
453.53	1036.75
453.751	1026.75
453.971	1042.75
454.192	1131.75
454.412	1047.75
454.633	1064.75
454.853	1037.75
455.073	1009.75
455.294	1068.75
455.514	1126.75
455.734	1103.75
455.955	1007.75
456.175	1029.75
456.395	976.75
456.616	987.75
456.836	983.75
457.056	1022.75
457.276	979.75
457.497	1011.75
457.717	998.75
457.937	1006.75
458.157	998.75
458.377	1017.75
458.598	1074.75
458.818	1210.75
459.038	1332.75
459.258	1340.75
459.478	1220.75
459.698	1189.75
459.918	1200.75
460.138	1193.75
460.358	1242.75
460.578	1233.75
460.798	1282.75
461.018	1237.75
461.238	1248.75
461.458	1231.75
461.678	1224.75
461.898	1244.75
462.118	1241.75
462.338	1304.75
462.558	1331.75
462.777	1356.75
462.997	1493.75
463.217	1534.75
463.437	1540.75
463.657	1435.75
463.876	1402.75
464.096	1417.75
464.316	1430.75
464.536	1447.75
464.755	1383.75
464.975	1377.75
465.195	1461.75
465.414	1563.75
465.634	1337.75
465.854	1231.75
466.073	1239.75
466.293	1192.75
466.512	1131.75
466.732	1138.75
466.951	1158.75
467.171	1148.75
467.391	1187.75
467.61	1239.75
467.829	1299.75
468.049	1698.75
468.268	2379.75
468.488	1836.75
468.707	1470.75
468.927	1323.75
469.146	1264.75
469.365	1238.75
469.585	1192.75
469.804	1220.75
470.023	1285.75
470.243	1282.75
470.462	1240.75
470.681	1298.75
470.901	1291.75
471.12	1256.75
471.339	1248.75
471.558	1290.75
471.777	1362.75
471.997	1567.75
472.216	2398.75
472.435	4754.75
472.654	3553.75
472.873	2231.75
473.092	1794.75
473.311	1623.75
473.53	1495.75
473.749	1447.75
473.968	1395.75
474.187	1526.75
474.406	1468.75
474.625	1373.75
474.844	1297.75
475.063	1245.75
475.282	1222.75
475.501	1243.75
475.72	1250.75
475.939	1243.75
476.158	1230.75
476.377	1239.75
476.596	1228.75
476.814	1300.75
477.033	1291.75
477.252	1281.75
477.471	1282.75
477.69	1297.75
477.908	1330.75
478.127	1379.75
478.346	1365.75
478.564	1355.75
478.783	1388.75
479.002	1415.75
479.22	1433.75
479.439	1482.75
479.658	1546.75
479.876	1568.75
480.095	1552.75
480.313	1680.75
480.532	1813.75
480.751	2036.75
480.969	2790.75
481.188	6122.75
481.406	7771.75
481.624	4122.75
481.843	2976.75
482.061	2464.75
482.28	2194.75
482.498	2002.75
482.717	1853.75
482.935	1780.75
483.153	1694.75
483.372	1668.75
483.59	1643.75
483.808	1579.75
484.027	1554.75
484.245	1586.75
484.463	1538.75
484.681	1584.75
484.9	1542.75
485.118	1526.75
485.336	1518.75
485.554	1547.75
485.772	1515.75
485.99	1530.75
486.209	1554.75
486.427	1506.75
486.645	1523.75
486.863	1561.75
487.081	1550.75
487.299	1536.75
487.517	1545.75
487.735	1530.75
487.953	1535.75
488.171	1538.75
488.389	1490.75
488.607	1521.75
488.825	1557.75
489.043	1544.75
489.261	1586.75
489.479	1593.75
489.696	1559.75
489.914	1596.75
490.132	1662.75
490.35	1647.75
490.568	1721.75
490.786	1748.75
491.003	1758.75
491.221	1898.75
491.439	1942.75
491.657	1983.75
491.874	2019.75
492.092	2036.75
492.31	2058.75
492.527	2123.75
492.745	2143.75
492.963	2162.75
493.18	2146.75
493.398	2128.75
493.615	2089.75
493.833	2048.75
494.05	2049.75
494.268	2006.75
494.485	1931.75
494.703	1892.75
494.92	1904.75
495.138	1876.75
495.355	1854.75
495.573	1810.75
495.79	1788.75
496.008	1804.75
496.225	1786.75
496.442	1749.75
496.66	1765.75
496.877	1746.75
497.094	1777.75
497.312	1819.75
497.529	1814.75
497.746	1842.75
497.963	1842.75
498.181	1875.75
498.398	1900.75
498.615	2006.75
498.832	2075.75
499.049	2147.75
499.267	2229.75
499.484	2354.75
499.701	2518.75
499.918	2671.75
500.135	2934.75
500.352	3143.75
500.569	3337.75
500.786	3373.75
501.003	3246.75
501.22	2951.75
501.437	2679.75
501.654	2428.75
501.871	2354.75
502.088	2239.75
502.305	2070.75
502.522	1991.75
502.739	1930.75
502.956	1865.75
503.172	1810.75
503.389	1764.75
503.606	1756.75
503.823	1738.75
504.04	1704.75
504.256	1660.75
504.473	1708.75
504.69	1724.75
504.907	1710.75
505.123	1631.75
505.34	1558.75
505.557	1509.75
505.773	1526.75
505.99	1499.75
506.207	1474.75
506.423	1458.75
506.64	1442.75
506.856	1417.75
507.073	1417.75
507.289	1399.75
507.506	1418.75
507.722	1452.75
507.939	1468.75
508.155	1410.75
508.372	1371.75
508.588	1363.75
508.805	1364.75
509.021	1349.75
509.238	1348.75
509.454	1363.75
509.67	1352.75
509.887	1345.75
510.103	1369.75
510.319	1401.75
510.536	1680.75
510.752	3290.75
510.968	2298.75
511.184	1472.75
511.401	1440.75
511.617	1425.75
511.833	1488.75
512.049	1623.75
512.265	1526.75
512.481	1484.75
512.698	1410.75
512.914	1370.75
513.13	1371.75
513.346	1371.75
513.562	1361.75
513.778	1399.75
513.994	1379.75
514.21	1394.75
514.426	1470.75
514.642	1542.75
514.858	1570.75
515.074	1670.75
515.29	2045.75
515.506	3195.75
515.721	2386.75
515.937	1666.75
516.153	1541.75
516.369	1501.75
516.585	1478.75
516.801	1491.75
517.016	1495.75
517.232	1527.75
517.448	1548.75
517.664	1552.75
517.879	1572.75
518.095	1589.75
518.311	1522.75
518.527	1536.75
518.742	1445.75
518.958	1468.75
519.173	1402.75
519.389	1399.75
519.605	1410.75
519.82	1394.75
520.036	1397.75
520.251	1390.75
520.467	1483.75
520.682	1440.75
520.898	1465.75
521.113	1529.75
521.329	1607.75
521.544	1824.75
521.76	2376.75
521.975	4282.75
522.19	3827.75
522.406	1977.75
522.621	1515.75
522.836	1382.75
523.052	1349.75
523.267	1306.75
523.482	1225.75
523.698	1236.75
523.913	1237.75
524.128	1223.75
524.343	1186.75
524.559	1160.75
524.774	1154.75
524.989	1172.75
525.204	1185.75
525.419	1150.75
525.634	1158.75
525.849	1147.75
526.064	1102.75
526.28	1121.75
526.495	1130.75
526.71	1092.75
526.925	1059.75
527.14	1106.75
527.355	1067.75
527.57	1075.75
527.785	1090.75
527.999	1066.75
528.214	1068.75
528.429	1061.75
528.644	1060.75
528.859	1072.75
529.074	1097.75
529.289	1133.75
529.503	1299.75
529.718	1239.75
529.933	1150.75
530.148	1103.75
530.363	1102.75
530.577	1067.75
530.792	1068.75
531.007	1055.75
531.221	1060.75
531.436	1030.75
531.651	1063.75
531.865	1081.75
532.08	1038.75
532.295	1072.75
532.509	1033.75
532.724	1078.75
532.938	1058.75
533.153	1031.75
533.367	1052.75
533.582	1046.75
533.796	1030.75
534.011	1067.75
534.225	1016.75
534.44	1027.75
534.654	1030.75
534.868	1006.75
535.083	1007.75
535.297	998.75
535.511	1022.75
535.726	1015.75
535.94	1024.75
536.154	1002.75
536.369	1000.75
536.583	992.75
536.797	995.75
537.011	970.75
537.225	974.75
537.44	979.75
537.654	971.75
537.868	970.75
538.082	946.75
538.296	962.75
538.51	957.75
538.724	962.75
538.938	957.75
539.153	961.75
539.367	981.75
539.581	992.75
539.795	956.75
540.009	946.75
540.222	959.75
540.436	924.75
540.65	924.75
540.864	932.75
541.078	970.75
541.292	948.75
541.506	951.75
541.72	953.75
541.934	945.75
542.147	939.75
542.361	934.75
542.575	926.75
542.789	920.75
543.002	927.75
543.216	937.75
543.43	942.75
543.644	932.75
543.857	928.75
544.071	953.75
544.285	961.75
544.498	939.75
544.712	939.75
544.925	931.75
545.139	947.75
545.352	939.75
545.566	933.75
545.779	945.75
545.993	936.75
546.206	951.75
546.42	915.75
546.633	944.75
546.847	939.75
547.06	924.75
547.274	920.75
547.487	960.75
547.7	923.75
547.914	928.75
548.127	934.75
548.34	936.75
548.554	928.75
548.767	932.75
548.98	934.75
549.193	958.75
549.407	944.75
549.62	967.75
549.833	933.75
550.046	915.75
550.259	947.75
550.473	918.75
550.686	908.75
550.899	894.75
551.112	892.75
551.325	898.75
551.538	888.75
551.751	929.75
551.964	893.75
552.177	884.75
552.39	920.75
552.603	918.75
552.816	953.75
553.029	966.75
553.242	963.75
553.455	1003.75
553.667	1001.75
553.88	1050.75
554.093	976.75
554.306	973.75
554.519	938.75
554.732	906.75
554.944	911.75
555.157	890.75
555.37	869.75
555.583	867.75
555.795	867.75
556.008	858.75
556.221	858.75
556.433	817.75
556.646	855.75
556.859	823.75
557.071	834.75
557.284	817.75
557.496	828.75
557.709	827.75
557.921	817.75
558.134	784.75
558.346	783.75
558.559	819.75
558.771	780.75
558.984	781.75
559.196	772.75
559.409	788.75
559.621	780.75
559.833	791.75
560.046	761.75
560.258	792.75
560.47	772.75
560.683	786.75
560.895	784.75
561.107	773.75
561.32	768.75
561.532	746.75
561.744	774.75
561.956	747.75
562.168	773.75
562.381	748.75
562.593	781.75
562.805	761.75
563.017	794.75
563.229	786.75
563.441	767.75
563.653	762.75
563.865	771.75
564.077	787.75
564.289	772.75
564.501	782.75
564.713	792.75
564.925	828.75
565.137	840.75
565.349	826.75
565.561	852.75
565.773	875.75
565.985	868.75
566.197	923.75
566.408	944.75
566.62	1025.75
566.832	1056.75
567.044	1074.75
567.255	1058.75
567.467	1107.75
567.679	1138.75
567.891	1203.75
568.102	1224.75
568.314	1176.75
568.526	1058.75
568.737	976.75
568.949	916.75
569.161	854.75
569.372	835.75
569.584	793.75
569.795	773.75
570.007	766.75
570.218	867.75
570.43	820.75
570.641	743.75
570.853	739.75
571.064	742.75
571.276	744.75
571.487	743.75
571.698	699.75
571.91	699.75
572.121	713.75
572.333	668.75
572.544	672.75
572.755	648.75
572.966	659.75
573.178	638.75
573.389	635.75
573.6	642.75
573.811	612.75
574.023	636.75
574.234	630.75
574.445	627.75
574.656	613.75
574.867	602.75
575.078	611.75
575.289	614.75
575.501	617.75
575.712	583.75
575.923	598.75
576.134	614.75
576.345	605.75
576.556	579.75
576.767	578.75
576.978	599.75
577.188	587.75
577.399	588.75
577.61	588.75
577.821	611.75
578.032	597.75
578.243	659.75
578.454	1185.75
578.665	807.75
578.875	603.75
579.086	550.75
579.297	550.75
579.508	527.75
579.718	542.75
579.929	535.75
580.14	542.75
580.35	526.75
580.561	564.75
580.772	538.75
580.982	515.75
581.193	526.75
581.403	549.75
581.614	518.75
581.825	516.75
582.035	532.75
582.246	537.75
582.456	527.75
582.667	519.75
582.877	532.75
583.087	547.75
583.298	512.75
583.508	528.75
583.719	511.75
583.929	508.75
584.139	502.75
584.35	501.75
584.56	523.75
584.77	485.75
584.981	510.75
585.191	484.75
585.401	498.75
585.611	491.75
585.821	514.75
586.032	503.75
586.242	498.75
586.452	507.75
586.662	492.75
586.872	486.75
587.082	495.75
587.292	498.75
587.502	484.75
587.713	491.75
587.923	496.75
588.133	505.75
588.343	476.75
588.553	482.75
588.762	504.75
588.972	511.75
589.182	540.75
589.392	524.75
589.602	538.75
589.812	556.75
590.022	528.75
590.232	500.75
590.441	496.75
590.651	499.75
590.861	472.75
591.071	506.75
591.281	498.75
591.49	506.75
591.7	526.75
591.91	500.75
592.119	527.75
592.329	517.75
592.539	528.75
592.748	555.75
592.958	547.75
593.167	568.75
593.377	551.75
593.587	571.75
593.796	577.75
594.006	591.75
594.215	587.75
594.424	581.75
594.634	584.75
594.843	529.75
595.053	546.75
595.262	530.75
595.472	533.75
595.681	503.75
595.89	465.75
596.1	468.75
596.309	475.75
596.518	487.75
596.727	456.75
596.937	439.75
597.146	461.75
597.355	453.75
597.564	433.75
597.774	451.75
597.983	460.75
598.192	457.75
598.401	436.75
598.61	439.75
598.819	422.75
599.028	428.75
599.237	412.75
599.446	429.75
599.655	416.75
599.864	416.75
600.073	434.75
600.282	435.75
600.491	427.75
600.7	424.75
600.909	438.75
601.118	421.75
601.327	430.75
601.536	425.75
601.745	428.75
601.953	400.75
602.162	427.75
602.371	428.75
602.58	447.75
602.789	438.75
602.997	441.75
603.206	425.75
603.415	450.75
603.623	425.75
603.832	408.75
604.041	405.75
604.249	396.75
604.458	407.75
604.666	393.75
604.875	414.75
605.084	415.75
605.292	422.75
605.501	401.75
605.709	415.75
605.918	404.75
606.126	388.75
606.334	405.75
606.543	415.75
606.751	391.75
606.96	397.75
607.168	416.75
607.376	407.75
607.585	406.75
607.793	398.75
608.001	394.75
608.21	406.75
608.418	408.75
608.626	403.75
608.834	394.75
609.043	406.75
609.251	396.75
609.459	401.75
609.667	397.75
609.875	394.75
610.083	380.75
610.291	414.75
610.499	394.75
610.707	398.75
610.916	394.75
611.124	404.75
611.332	391.75
611.54	399.75
611.748	391.75
611.955	414.75
612.163	386.75
612.371	395.75
612.579	400.75
612.787	398.75
612.995	390.75
613.203	389.75
613.411	387.75
613.618	396.75
613.826	390.75
614.034	392.75
614.242	362.75
614.449	379.75
614.657	387.75
614.865	369.75
615.072	379.75
615.28	382.75
615.488	368.75
615.695	383.75
615.903	389.75
616.111	358.75
616.318	370.75
616.526	393.75
616.733	382.75
616.941	381.75
617.148	377.75
617.356	370.75
617.563	389.75
617.771	366.75
617.978	358.75
618.185	363.75
618.393	366.75
618.6	371.75
618.807	355.75
619.015	380.75
619.222	366.75
619.429	366.75
619.637	343.75
619.844	372.75
620.051	338.75
620.258	354.75
620.466	355.75
620.673	334.75
620.88	342.75
621.087	335.75
621.294	333.75
621.501	351.75
621.708	328.75
621.915	345.75
622.122	339.75
622.329	346.75
622.536	331.75
622.743	341.75
622.95	327.75
623.157	333.75
623.364	326.75
623.571	301.75
623.778	322.75
623.985	332.75
624.192	340.75
624.399	322.75
624.606	320.75
624.812	324.75
625.019	319.75
625.226	316.75
625.433	318.75
625.639	312.75
625.846	309.75
626.053	292.75
626.259	317.75
626.466	306.75
626.673	294.75
626.879	301.75
627.086	307.75
627.293	312.75
627.499	312.75
627.706	297.75
627.912	312.75
628.119	327.75
628.325	313.75
628.532	302.75
628.738	285.75
628.945	306.75
629.151	291.75
629.357	294.75
629.564	289.75
629.77	288.75
629.976	313.75
630.183	286.75
630.389	315.75
630.595	288.75
630.802	295.75
631.008	282.75
631.214	295.75
631.42	281.75
631.627	294.75
631.833	278.75
632.039	281.75
632.245	274.75
632.451	276.75
632.657	278.75
632.863	282.75
633.069	264.75
633.275	293.75
633.481	285.75
633.688	262.75
633.893	292.75
634.099	278.75
634.305	289.75
634.511	284.75
634.717	299.75
634.923	289.75
635.129	261.75
635.335	290.75
635.541	303.75
635.747	314.75
635.952	337.75
636.158	362.75
636.364	484.75
636.57	584.75
636.775	469.75
636.981	410.75
637.187	375.75
637.392	338.75
637.598	314.75
637.804	306.75
638.009	309.75
638.215	303.75
638.421	280.75
638.626	295.75
638.832	282.75
639.037	282.75
639.243	278.75
639.448	281.75
639.654	287.75
639.859	263.75
640.065	275.75
640.27	267.75
640.475	267.75
640.681	255.75
640.886	257.75
641.091	256.75
641.297	254.75
641.502	266.75
641.707	259.75
641.913	252.75
642.118	251.75
642.323	265.75
642.528	274.75
642.733	240.75
642.939	250.75
643.144	242.75
643.349	259.75
643.554	238.75
643.759	236.75
643.964	228.75
644.169	249.75
644.374	240.75
644.579	240.75
644.784	241.75
644.989	239.75
645.194	236.75
645.399	241.75
645.604	246.75
645.809	250.75
646.014	207.75
646.219	238.75
646.423	228.75
646.628	232.75
646.833	239.75
647.038	234.75
647.243	238.75
647.447	232.75
647.652	254.75
647.857	242.75
648.062	253.75
648.266	241.75
648.471	233.75
648.676	251.75
648.88	254.75
649.085	247.75
649.289	239.75
649.494	257.75
649.698	256.75
649.903	250.75
650.107	241.75
650.312	239.75
650.516	216.75
650.721	226.75
650.925	236.75
651.13	204.75
651.334	214.75
651.539	211.75
651.743	216.75
651.947	187.75
652.152	203.75
652.356	196.75
652.56	193.75
652.764	204.75
652.969	189.75
653.173	204.75
653.377	202.75
653.581	190.75
653.785	178.75
653.99	196.75
654.194	184.75
654.398	171.75
654.602	186.75
654.806	171.75
655.01	195.75
655.214	179.75
655.418	169.75
655.622	178.75
655.826	178.75
656.03	190.75
656.234	176.75
656.438	171.75
656.642	176.75
656.846	187.75
657.049	180.75
657.253	169.75
657.457	139.75
657.661	163.75
657.865	131.75
658.068	166.75
658.272	138.75
658.476	137.75
658.68	137.75
658.883	127.75
659.087	119.75
659.291	116.75
659.494	118.75
659.698	114.75
659.901	121.75
660.105	111.75
660.309	114.75
660.512	115.75
660.716	119.75
660.919	102.75
661.123	105.75
661.326	98.75
661.53	108.75
661.733	103.75
661.936	102.75
662.14	106.75
662.343	88.75
662.546	95.75
662.75	95.75
662.953	98.75
663.156	84.75
663.36	82.75
663.563	86.75
663.766	83.75
663.969	86.75
664.173	82.75
664.376	95.75
664.579	74.75
664.782	72.75
664.985	93.75
665.188	85.75
665.391	75.75
665.594	73.75
665.797	88.75
666	90.75
666.203	91.75
666.406	85.75
666.609	91.75
666.812	85.75
667.015	86.75
667.218	83.75
667.421	78.75
667.624	93.75
667.827	90.75
668.03	92.75
668.232	82.75
668.435	74.75
668.638	92.75
668.841	99.75
669.043	73.75
669.246	76.75
669.449	93.75
669.651	84.75
669.854	73.75
670.057	91.75
670.259	79.75
670.462	91.75
670.665	83.75
670.867	71.75
671.07	70.75
671.272	85.75
671.475	87.75
671.677	79.75
671.88	80.75
672.082	76.75
672.284	78.75
672.487	85.75
672.689	91.75
672.892	88.75
