223.165	-4.94
223.4	-4.94
223.635	-4.94
223.869	-14.94
224.104	-18.94
224.338	-15.94
224.573	-6.94
224.808	-2.94
225.042	-6.94
225.277	-3.94
225.511	0.06
225.746	5.06
225.98	-3.94
226.215	-1.94
226.449	10.06
226.683	11.06
226.918	19.06
227.152	36.06
227.387	36.06
227.621	39.06
227.856	40.06
228.09	63.06
228.324	46.06
228.559	54.06
228.793	64.06
229.027	123.06
229.262	148.06
229.496	152.06
229.73	188.06
229.964	209.06
230.199	175.06
230.433	159.06
230.667	156.06
230.901	156.06
231.136	146.06
231.37	137.06
231.604	164.06
231.838	147.06
232.072	169.06
232.306	176.06
232.541	156.06
232.775	138.06
233.009	151.06
233.243	153.06
233.477	157.06
233.711	166.06
233.945	159.06
234.179	168.06
234.413	160.06
234.647	177.06
234.881	168.06
235.115	170.06
235.349	165.06
235.583	191.06
235.817	171.06
236.051	184.06
236.285	200.06
236.519	164.06
236.753	192.06
236.987	217.06
237.221	247.06
237.455	319.06
237.689	250.06
237.922	228.06
238.156	196.06
238.39	207.06
238.624	188.06
238.858	189.06
239.091	198.06
239.325	182.06
239.559	187.06
239.793	188.06
240.027	212.06
240.26	223.06
240.494	233.06
240.728	236.06
240.961	235.06
241.195	219.06
241.429	204.06
241.662	223.06
241.896	232.06
242.13	222.06
242.363	219.06
242.597	228.06
242.83	245.06
243.064	219.06
243.298	225.06
243.531	233.06
243.765	237.06
243.998	235.06
244.232	237.06
244.465	246.06
244.699	241.06
244.932	249.06
245.166	237.06
245.399	251.06
245.633	251.06
245.866	261.06
246.099	237.06
246.333	260.06
246.566	259.06
246.8	256.06
247.033	245.06
247.266	267.06
247.5	280.06
247.733	288.06
247.966	285.06
248.2	273.06
248.433	292.06
248.666	315.06
248.899	303.06
249.133	318.06
249.366	347.06
249.599	337.06
249.832	337.06
250.066	369.06
250.299	453.06
250.532	574.06
250.765	655.06
250.998	567.06
251.231	465.06
251.465	413.06
251.698	391.06
251.931	392.06
252.164	373.06
252.397	374.06
252.63	367.06
252.863	354.06
253.096	373.06
253.329	373.06
253.562	385.06
253.795	379.06
254.028	379.06
254.261	400.06
254.494	402.06
254.727	425.06
254.96	428.06
255.193	473.06
255.426	478.06
255.659	559.06
255.892	745.06
256.124	999.06
256.357	1099.06
256.59	833.06
256.823	647.06
257.056	572.06
257.289	499.06
257.521	496.06
257.754	471.06
257.987	458.06
258.22	415.06
258.452	417.06
258.685	419.06
258.918	408.06
259.151	420.06
259.383	418.06
259.616	388.06
259.849	413.06
260.081	402.06
260.314	432.06
260.547	419.06
260.779	429.06
261.012	412.06
261.244	385.06
261.477	391.06
261.71	392.06
261.942	411.06
262.175	443.06
262.407	397.06
262.64	399.06
262.872	394.06
263.105	375.06
263.337	372.06
263.57	375.06
263.802	399.06
264.035	392.06
264.267	391.06
264.499	381.06
264.732	375.06
264.964	392.06
265.197	381.06
265.429	383.06
265.661	385.06
265.894	376.06
266.126	388.06
266.358	381.06
266.591	385.06
266.823	392.06
267.055	399.06
267.287	397.06
267.52	384.06
267.752	400.06
267.984	392.06
268.216	400.06
268.448	402.06
268.681	411.06
268.913	417.06
269.145	414.06
269.377	441.06
269.609	453.06
269.841	442.06
270.073	431.06
270.306	454.06
270.538	445.06
270.77	456.06
271.002	460.06
271.234	486.06
271.466	472.06
271.698	493.06
271.93	471.06
272.162	497.06
272.394	475.06
272.626	470.06
272.858	460.06
273.09	485.06
273.322	472.06
273.553	468.06
273.785	464.06
274.017	480.06
274.249	492.06
274.481	484.06
274.713	483.06
274.945	488.06
275.176	507.06
275.408	504.06
275.64	532.06
275.872	516.06
276.104	523.06
276.335	532.06
276.567	527.06
276.799	587.06
277.031	622.06
277.262	657.06
277.494	669.06
277.726	634.06
277.957	573.06
278.189	559.06
278.421	569.06
278.652	544.06
278.884	543.06
279.115	537.06
279.347	580.06
279.579	568.06
279.81	580.06
280.042	614.06
280.273	703.06
280.505	707.06
280.736	614.06
280.968	591.06
281.199	575.06
281.431	547.06
281.662	538.06
281.894	536.06
282.125	538.06
282.356	559.06
282.588	612.06
282.819	620.06
283.051	538.06
283.282	509.06
283.513	545.06
283.745	522.06
283.976	502.06
284.207	532.06
284.439	525.06
284.67	528.06
284.901	529.06
285.132	524.06
285.364	536.06
285.595	556.06
285.826	532.06
286.057	529.06
286.288	545.06
286.52	552.06
286.751	541.06
286.982	525.06
287.213	519.06
287.444	530.06
287.675	528.06
287.906	547.06
288.138	545.06
288.369	556.06
288.6	553.06
288.831	557.06
289.062	562.06
289.293	543.06
289.524	528.06
289.755	527.06
289.986	537.06
290.217	552.06
290.448	516.06
290.679	529.06
290.91	538.06
291.141	521.06
291.371	516.06
291.602	531.06
291.833	495.06
292.064	522.06
292.295	523.06
292.526	532.06
292.757	507.06
292.987	496.06
293.218	529.06
293.449	537.06
293.68	525.06
293.91	517.06
294.141	495.06
294.372	538.06
294.603	504.06
294.833	529.06
295.064	547.06
295.295	526.06
295.525	496.06
295.756	543.06
295.987	543.06
296.217	583.06
296.448	581.06
296.679	568.06
296.909	525.06
297.14	546.06
297.37	560.06
297.601	533.06
297.831	543.06
298.062	519.06
298.292	565.06
298.523	569.06
298.753	567.06
298.984	562.06
299.214	555.06
299.445	575.06
299.675	571.06
299.905	549.06
300.136	544.06
300.366	556.06
300.597	583.06
300.827	594.06
301.057	598.06
301.288	615.06
301.518	602.06
301.748	591.06
301.979	591.06
302.209	594.06
302.439	607.06
302.669	592.06
302.9	604.06
303.13	594.06
303.36	608.06
303.59	645.06
303.82	665.06
304.051	644.06
304.281	630.06
304.511	624.06
304.741	620.06
304.971	583.06
305.201	597.06
305.431	606.06
305.661	608.06
305.891	586.06
306.121	597.06
306.352	595.06
306.582	611.06
306.812	611.06
307.042	655.06
307.272	651.06
307.502	709.06
307.731	710.06
307.961	699.06
308.191	639.06
308.421	621.06
308.651	631.06
308.881	654.06
309.111	625.06
309.341	631.06
309.571	615.06
309.8	649.06
310.03	661.06
310.26	678.06
310.49	675.06
310.72	663.06
310.949	685.06
311.179	702.06
311.409	694.06
311.639	688.06
311.868	691.06
312.098	669.06
312.328	667.06
312.557	728.06
312.787	751.06
313.017	743.06
313.246	707.06
313.476	687.06
313.706	684.06
313.935	707.06
314.165	715.06
314.394	712.06
314.624	707.06
314.853	691.06
315.083	708.06
315.312	687.06
315.542	677.06
315.771	672.06
316.001	675.06
316.23	692.06
316.46	695.06
316.689	701.06
316.919	707.06
317.148	714.06
317.377	722.06
317.607	688.06
317.836	694.06
318.065	701.06
318.295	696.06
318.524	727.06
318.753	713.06
318.983	699.06
319.212	706.06
319.441	728.06
319.67	735.06
319.9	715.06
320.129	713.06
320.358	729.06
320.587	733.06
320.816	776.06
321.046	777.06
321.275	785.06
321.504	781.06
321.733	793.06
321.962	779.06
322.191	837.06
322.42	847.06
322.649	861.06
322.878	887.06
323.108	893.06
323.337	964.06
323.566	1022.06
323.795	1067.06
324.024	1169.06
324.253	1421.06
324.482	1985.06
324.71	3122.06
324.939	4392.06
325.168	3557.06
325.397	1908.06
325.626	1415.06
325.855	1230.06
326.084	1140.06
326.313	1146.06
326.542	1151.06
326.77	1260.06
326.999	1473.06
327.228	2020.06
327.457	3035.06
327.686	3563.06
327.914	2613.06
328.143	2377.06
328.372	2592.06
328.6	2274.06
328.829	1763.06
329.058	1695.06
329.287	1715.06
329.515	1735.06
329.744	2031.06
329.972	2609.06
330.201	3492.06
330.43	4333.06
330.658	3477.06
330.887	2285.06
331.115	1862.06
331.344	1560.06
331.572	1418.06
331.801	1432.06
332.03	1413.06
332.258	1380.06
332.486	1397.06
332.715	1383.06
332.943	1475.06
333.172	1568.06
333.4	1693.06
333.629	1860.06
333.857	2185.06
334.085	2874.06
334.314	3915.06
334.542	5322.06
334.771	5681.06
334.999	3492.06
335.227	2311.06
335.455	1783.06
335.684	1574.06
335.912	1401.06
336.14	1331.06
336.369	1280.06
336.597	1241.06
336.825	1155.06
337.053	1160.06
337.281	1106.06
337.51	1083.06
337.738	1054.06
337.966	1032.06
338.194	1000.06
338.422	987.06
338.65	970.06
338.878	947.06
339.106	924.06
339.334	928.06
339.562	931.06
339.79	919.06
340.018	914.06
340.246	893.06
340.474	892.06
340.702	893.06
340.93	884.06
341.158	865.06
341.386	869.06
341.614	862.06
341.842	837.06
342.07	861.06
342.298	844.06
342.526	821.06
342.754	829.06
342.981	821.06
343.209	818.06
343.437	858.06
343.665	880.06
343.893	893.06
344.12	951.06
344.348	904.06
344.576	880.06
344.804	876.06
345.031	872.06
345.259	864.06
345.487	844.06
345.714	829.06
345.942	812.06
346.17	800.06
346.397	824.06
346.625	804.06
346.853	812.06
347.08	837.06
347.308	810.06
347.535	832.06
347.763	846.06
347.99	811.06
348.218	839.06
348.445	824.06
348.673	839.06
348.9	839.06
349.128	816.06
349.355	797.06
349.583	788.06
349.81	767.06
350.037	793.06
350.265	773.06
350.492	769.06
350.72	798.06
350.947	817.06
351.174	804.06
351.402	808.06
351.629	819.06
351.856	836.06
352.083	845.06
352.311	829.06
352.538	837.06
352.765	841.06
352.992	839.06
353.22	823.06
353.447	808.06
353.674	815.06
353.901	792.06
354.128	798.06
354.355	790.06
354.583	771.06
354.81	766.06
355.037	767.06
355.264	774.06
355.491	778.06
355.718	759.06
355.945	745.06
356.172	742.06
356.399	765.06
356.626	747.06
356.853	770.06
357.08	772.06
357.307	786.06
357.534	776.06
357.761	779.06
357.988	774.06
358.215	779.06
358.441	754.06
358.668	783.06
358.895	771.06
359.122	763.06
359.349	797.06
359.576	821.06
359.802	851.06
360.029	896.06
360.256	927.06
360.483	867.06
360.709	814.06
360.936	813.06
361.163	784.06
361.39	807.06
361.616	809.06
361.843	793.06
362.07	816.06
362.296	811.06
362.523	841.06
362.749	800.06
362.976	779.06
363.203	789.06
363.429	796.06
363.656	802.06
363.882	821.06
364.109	780.06
364.335	779.06
364.562	797.06
364.788	803.06
365.015	793.06
365.241	777.06
365.468	791.06
365.694	823.06
365.92	809.06
366.147	797.06
366.373	803.06
366.599	802.06
366.826	788.06
367.052	784.06
367.278	793.06
367.505	795.06
367.731	799.06
367.957	800.06
368.184	793.06
368.41	821.06
368.636	818.06
368.862	831.06
369.089	802.06
369.315	798.06
369.541	805.06
369.767	811.06
369.993	821.06
370.219	811.06
370.445	808.06
370.672	828.06
370.898	808.06
371.124	805.06
371.35	804.06
371.576	809.06
371.802	816.06
372.028	825.06
372.254	817.06
372.48	803.06
372.706	834.06
372.932	799.06
373.158	840.06
373.384	830.06
373.61	820.06
373.835	846.06
374.061	829.06
374.287	849.06
374.513	837.06
374.739	898.06
374.965	860.06
375.191	866.06
375.416	904.06
375.642	852.06
375.868	860.06
376.094	834.06
376.319	823.06
376.545	855.06
376.771	829.06
376.997	829.06
377.222	828.06
377.448	837.06
377.674	819.06
377.899	823.06
378.125	825.06
378.35	830.06
378.576	797.06
378.802	799.06
379.027	816.06
379.253	807.06
379.478	807.06
379.704	809.06
379.929	811.06
380.155	815.06
380.38	840.06
380.606	823.06
380.831	831.06
381.057	832.06
381.282	827.06
381.507	820.06
381.733	840.06
381.958	836.06
382.184	844.06
382.409	829.06
382.634	841.06
382.86	847.06
383.085	844.06
383.31	867.06
383.535	893.06
383.761	863.06
383.986	887.06
384.211	911.06
384.436	902.06
384.662	913.06
384.887	925.06
385.112	915.06
385.337	953.06
385.562	949.06
385.787	942.06
386.013	1008.06
386.238	975.06
386.463	964.06
386.688	974.06
386.913	938.06
387.138	967.06
387.363	949.06
387.588	946.06
387.813	946.06
388.038	943.06
388.263	915.06
388.488	927.06
388.713	934.06
388.938	942.06
389.163	939.06
389.387	919.06
389.612	917.06
389.837	948.06
390.062	919.06
390.287	931.06
390.512	945.06
390.736	935.06
390.961	939.06
391.186	969.06
391.411	958.06
391.636	985.06
391.86	1028.06
392.085	1039.06
392.31	1031.06
392.534	1016.06
392.759	1047.06
392.984	968.06
393.208	998.06
393.433	991.06
393.658	1012.06
393.882	1005.06
394.107	982.06
394.331	994.06
394.556	1007.06
394.78	1022.06
395.005	1003.06
395.229	993.06
395.454	1055.06
395.678	1028.06
395.903	1049.06
396.127	1087.06
396.352	1076.06
396.576	1042.06
396.801	1049.06
397.025	1049.06
397.249	1075.06
397.474	1060.06
397.698	1069.06
397.922	1091.06
398.147	1109.06
398.371	1136.06
398.595	1139.06
398.82	1149.06
399.044	1233.06
399.268	1317.06
399.492	1463.06
399.717	1550.06
399.941	1607.06
400.165	1538.06
400.389	1428.06
400.613	1330.06
400.837	1246.06
401.062	1232.06
401.286	1226.06
401.51	1205.06
401.734	1201.06
401.958	1222.06
402.182	1260.06
402.406	1284.06
402.63	1265.06
402.854	1288.06
403.078	1280.06
403.302	1325.06
403.526	1308.06
403.75	1332.06
403.974	1390.06
404.198	1379.06
404.422	1421.06
404.645	1449.06
404.869	1528.06
405.093	1591.06
405.317	1734.06
405.541	1747.06
405.765	1640.06
405.988	1523.06
406.212	1534.06
406.436	1505.06
406.66	1498.06
406.883	1458.06
407.107	1519.06
407.331	1587.06
407.555	1679.06
407.778	1651.06
408.002	1529.06
408.226	1432.06
408.449	1473.06
408.673	1445.06
408.896	1440.06
409.12	1524.06
409.344	1459.06
409.567	1351.06
409.791	1409.06
410.014	1321.06
410.238	1326.06
410.461	1339.06
410.685	1342.06
410.908	1358.06
411.132	1378.06
411.355	1431.06
411.578	1407.06
411.802	1372.06
412.025	1443.06
412.249	1522.06
412.472	1645.06
412.695	1758.06
412.919	1669.06
413.142	1657.06
413.365	1579.06
413.589	1477.06
413.812	1384.06
414.035	1368.06
414.258	1373.06
414.482	1348.06
414.705	1353.06
414.928	1256.06
415.151	1266.06
415.374	1269.06
415.597	1284.06
415.821	1283.06
416.044	1295.06
416.267	1286.06
416.49	1240.06
416.713	1279.06
416.936	1268.06
417.159	1271.06
417.382	1290.06
417.605	1345.06
417.828	1418.06
418.051	1367.06
418.274	1368.06
418.497	1284.06
418.72	1313.06
418.943	1295.06
419.166	1379.06
419.389	1479.06
419.611	1480.06
419.834	1467.06
420.057	1525.06
420.28	1629.06
420.503	1642.06
420.726	1577.06
420.948	1527.06
421.171	1496.06
421.394	1515.06
421.617	1361.06
421.839	1323.06
422.062	1328.06
422.285	1315.06
422.507	1410.06
422.73	1481.06
422.953	1468.06
423.175	1386.06
423.398	1346.06
423.621	1349.06
423.843	1363.06
424.066	1374.06
424.288	1351.06
424.511	1401.06
424.733	1459.06
424.956	1560.06
425.178	1515.06
425.401	1473.06
425.623	1526.06
425.846	1343.06
426.068	1299.06
426.291	1297.06
426.513	1341.06
426.735	1337.06
426.958	1360.06
427.18	1506.06
427.402	1703.06
427.625	1891.06
427.847	1818.06
428.069	1783.06
428.292	1630.06
428.514	1415.06
428.736	1372.06
428.958	1297.06
429.181	1243.06
429.403	1212.06
429.625	1254.06
429.847	1274.06
430.069	1323.06
430.292	1342.06
430.514	1232.06
430.736	1190.06
430.958	1182.06
431.18	1150.06
431.402	1183.06
431.624	1114.06
431.846	1190.06
432.068	1179.06
432.29	1181.06
432.512	1169.06
432.734	1214.06
432.956	1157.06
433.178	1215.06
433.4	1185.06
433.622	1187.06
433.844	1175.06
434.066	1212.06
434.287	1220.06
434.509	1200.06
434.731	1240.06
434.953	1229.06
435.175	1281.06
435.397	1332.06
435.618	1292.06
435.84	1372.06
436.062	1485.06
436.284	1541.06
436.505	1320.06
436.727	1273.06
436.949	1201.06
437.17	1210.06
437.392	1195.06
437.614	1221.06
437.835	1251.06
438.057	1404.06
438.278	1538.06
438.5	1541.06
438.721	1673.06
438.943	1552.06
439.165	1313.06
439.386	1242.06
439.608	1277.06
439.829	1277.06
440.05	1332.06
440.272	1406.06
440.493	1355.06
440.715	1319.06
440.936	1244.06
441.158	1265.06
441.379	1269.06
441.6	1333.06
441.822	1353.06
442.043	1373.06
442.264	1527.06
442.486	1528.06
442.707	1411.06
442.928	1336.06
443.149	1354.06
443.371	1399.06
443.592	1461.06
443.813	1617.06
444.034	1661.06
444.255	1467.06
444.476	1437.06
444.698	1431.06
444.919	1469.06
445.14	1511.06
445.361	1470.06
445.582	1439.06
445.803	1548.06
446.024	1688.06
446.245	1650.06
446.466	1533.06
446.687	1353.06
446.908	1256.06
447.129	1262.06
447.35	1235.06
447.571	1198.06
447.792	1205.06
448.013	1182.06
448.234	1223.06
448.455	1308.06
448.675	1471.06
448.896	1609.06
449.117	1408.06
449.338	1353.06
449.559	1573.06
449.779	1697.06
450	1384.06
450.221	1232.06
450.442	1161.06
450.662	1196.06
450.883	1209.06
451.104	1244.06
451.324	1223.06
451.545	1174.06
451.766	1159.06
451.986	1132.06
452.207	1096.06
452.428	1119.06
452.648	1095.06
452.869	1063.06
453.089	1117.06
453.31	1136.06
453.53	1084.06
453.751	1077.06
453.971	1091.06
454.192	1128.06
454.412	1102.06
454.633	1085.06
454.853	1083.06
455.073	1055.06
455.294	1118.06
455.514	1186.06
455.734	1161.06
455.955	1057.06
456.175	1011.06
456.395	1020.06
456.616	1025.06
456.836	1011.06
457.056	1014.06
457.276	1056.06
457.497	1064.06
457.717	1032.06
457.937	1051.06
458.157	1082.06
458.377	1100.06
458.598	1116.06
458.818	1266.06
459.038	1375.06
459.258	1386.06
459.478	1295.06
459.698	1217.06
459.918	1189.06
460.138	1237.06
460.358	1288.06
460.578	1263.06
460.798	1275.06
461.018	1295.06
461.238	1288.06
461.458	1287.06
461.678	1276.06
461.898	1304.06
462.118	1293.06
462.338	1341.06
462.558	1381.06
462.777	1401.06
462.997	1479.06
463.217	1579.06
463.437	1564.06
463.657	1515.06
463.876	1432.06
464.096	1456.06
464.316	1455.06
464.536	1483.06
464.755	1415.06
464.975	1428.06
465.195	1510.06
465.414	1655.06
465.634	1412.06
465.854	1360.06
466.073	1275.06
466.293	1239.06
466.512	1210.06
466.732	1179.06
466.951	1176.06
467.171	1196.06
467.391	1205.06
467.61	1290.06
467.829	1392.06
468.049	1867.06
468.268	2766.06
468.488	2067.06
468.707	1646.06
468.927	1449.06
469.146	1349.06
469.365	1293.06
469.585	1297.06
469.804	1270.06
470.023	1313.06
470.243	1319.06
470.462	1327.06
470.681	1371.06
470.901	1363.06
471.12	1343.06
471.339	1349.06
471.558	1398.06
471.777	1471.06
471.997	1654.06
472.216	2656.06
472.435	5473.06
472.654	4309.06
472.873	2654.06
473.092	2083.06
473.311	1814.06
473.53	1662.06
473.749	1589.06
473.968	1565.06
474.187	1641.06
474.406	1640.06
474.625	1438.06
474.844	1368.06
475.063	1368.06
475.282	1336.06
475.501	1319.06
475.72	1349.06
475.939	1341.06
476.158	1346.06
476.377	1314.06
476.596	1340.06
476.814	1291.06
477.033	1336.06
477.252	1311.06
477.471	1338.06
477.69	1380.06
477.908	1406.06
478.127	1422.06
478.346	1444.06
478.564	1481.06
478.783	1488.06
479.002	1537.06
479.22	1534.06
479.439	1565.06
479.658	1643.06
479.876	1694.06
480.095	1704.06
480.313	1830.06
480.532	1983.06
480.751	2213.06
480.969	3156.06
481.188	7154.06
481.406	9495.06
481.624	5071.06
481.843	3554.06
482.061	2870.06
482.28	2506.06
482.498	2259.06
482.717	2053.06
482.935	1973.06
483.153	1901.06
483.372	1828.06
483.59	1791.06
483.808	1750.06
484.027	1719.06
484.245	1688.06
484.463	1680.06
484.681	1694.06
484.9	1700.06
485.118	1646.06
485.336	1619.06
485.554	1636.06
485.772	1601.06
485.99	1587.06
486.209	1633.06
486.427	1635.06
486.645	1615.06
486.863	1687.06
487.081	1649.06
487.299	1652.06
487.517	1604.06
487.735	1683.06
487.953	1611.06
488.171	1630.06
488.389	1641.06
488.607	1633.06
488.825	1595.06
489.043	1632.06
489.261	1651.06
489.479	1675.06
489.696	1670.06
489.914	1729.06
490.132	1774.06
490.35	1769.06
490.568	1857.06
490.786	1897.06
491.003	1901.06
491.221	2035.06
491.439	2130.06
491.657	2191.06
491.874	2204.06
492.092	2260.06
492.31	2335.06
492.527	2379.06
492.745	2419.06
492.963	2438.06
493.18	2396.06
493.398	2365.06
493.615	2279.06
493.833	2274.06
494.05	2240.06
494.268	2152.06
494.485	2096.06
494.703	2058.06
494.92	2040.06
495.138	2009.06
495.355	1968.06
495.573	1968.06
495.79	1935.06
496.008	1924.06
496.225	1845.06
496.442	1920.06
496.66	1884.06
496.877	1905.06
497.094	1873.06
497.312	1893.06
497.529	1915.06
497.746	1904.06
497.963	1925.06
498.181	1949.06
498.398	2031.06
498.615	2031.06
498.832	2157.06
499.049	2234.06
499.267	2342.06
499.484	2429.06
499.701	2625.06
499.918	2766.06
500.135	3057.06
500.352	3305.06
500.569	3409.06
500.786	3506.06
501.003	3315.06
501.22	3092.06
501.437	2835.06
501.654	2593.06
501.871	2402.06
502.088	2303.06
502.305	2174.06
502.522	2094.06
502.739	2051.06
502.956	1913.06
503.172	1871.06
503.389	1815.06
503.606	1805.06
503.823	1790.06
504.04	1776.06
504.256	1742.06
504.473	1749.06
504.69	1733.06
504.907	1743.06
505.123	1657.06
505.34	1609.06
505.557	1563.06
505.773	1615.06
505.99	1588.06
506.207	1549.06
506.423	1534.06
506.64	1497.06
506.856	1480.06
507.073	1506.06
507.289	1451.06
507.506	1519.06
507.722	1505.06
507.939	1508.06
508.155	1478.06
508.372	1462.06
508.588	1445.06
508.805	1439.06
509.021	1390.06
509.238	1455.06
509.454	1436.06
509.67	1411.06
509.887	1407.06
510.103	1408.06
510.319	1479.06
510.536	1777.06
510.752	3374.06
510.968	2445.06
511.184	1559.06
511.401	1477.06
511.617	1547.06
511.833	1636.06
512.049	1734.06
512.265	1654.06
512.481	1549.06
512.698	1557.06
512.914	1467.06
513.13	1467.06
513.346	1446.06
513.562	1457.06
513.778	1439.06
513.994	1439.06
514.21	1493.06
514.426	1521.06
514.642	1606.06
514.858	1691.06
515.074	1763.06
515.29	2101.06
515.506	3249.06
515.721	2473.06
515.937	1758.06
516.153	1599.06
516.369	1589.06
516.585	1568.06
516.801	1563.06
517.016	1559.06
517.232	1597.06
517.448	1631.06
517.664	1644.06
517.879	1657.06
518.095	1650.06
518.311	1617.06
518.527	1577.06
518.742	1550.06
518.958	1480.06
519.173	1487.06
519.389	1446.06
519.605	1448.06
519.82	1447.06
520.036	1453.06
520.251	1476.06
520.467	1565.06
520.682	1538.06
520.898	1547.06
521.113	1602.06
521.329	1716.06
521.544	1915.06
521.76	2458.06
521.975	4291.06
522.19	3878.06
522.406	2038.06
522.621	1597.06
522.836	1459.06
523.052	1373.06
523.267	1345.06
523.482	1321.06
523.698	1332.06
523.913	1317.06
524.128	1280.06
524.343	1241.06
524.559	1238.06
524.774	1224.06
524.989	1226.06
525.204	1206.06
525.419	1264.06
525.634	1201.06
525.849	1215.06
526.064	1199.06
526.28	1199.06
526.495	1162.06
526.71	1137.06
526.925	1165.06
527.14	1136.06
527.355	1140.06
527.57	1141.06
527.785	1147.06
527.999	1135.06
528.214	1118.06
528.429	1149.06
528.644	1137.06
528.859	1146.06
529.074	1169.06
529.289	1213.06
529.503	1378.06
529.718	1293.06
529.933	1207.06
530.148	1173.06
530.363	1132.06
530.577	1117.06
530.792	1105.06
531.007	1127.06
531.221	1120.06
531.436	1121.06
531.651	1147.06
531.865	1141.06
532.08	1109.06
532.295	1115.06
532.509	1102.06
532.724	1089.06
532.938	1085.06
533.153	1092.06
533.367	1109.06
533.582	1093.06
533.796	1070.06
534.011	1068.06
534.225	1085.06
534.44	1084.06
534.654	1089.06
534.868	1072.06
535.083	1099.06
535.297	1071.06
535.511	1092.06
535.726	1051.06
535.94	1101.06
536.154	1081.06
536.369	1012.06
536.583	1060.06
536.797	1067.06
537.011	1025.06
537.225	1037.06
537.44	1027.06
537.654	1038.06
537.868	1026.06
538.082	1030.06
538.296	1040.06
538.51	1040.06
538.724	1050.06
538.938	1036.06
539.153	1008.06
539.367	1051.06
539.581	1041.06
539.795	1033.06
540.009	1035.06
540.222	1019.06
540.436	976.06
540.65	990.06
540.864	1020.06
541.078	1005.06
541.292	1032.06
541.506	1038.06
541.72	1024.06
541.934	1033.06
542.147	1021.06
542.361	1026.06
542.575	1013.06
542.789	983.06
543.002	993.06
543.216	998.06
543.43	1013.06
543.644	997.06
543.857	998.06
544.071	976.06
544.285	983.06
544.498	990.06
544.712	996.06
544.925	981.06
545.139	1008.06
545.352	1019.06
545.566	967.06
545.779	1000.06
545.993	1017.06
546.206	1024.06
546.42	980.06
546.633	994.06
546.847	1034.06
547.06	982.06
547.274	998.06
547.487	1003.06
547.7	1001.06
547.914	992.06
548.127	998.06
548.34	990.06
548.554	979.06
548.767	1025.06
548.98	1011.06
549.193	982.06
549.407	992.06
549.62	1006.06
549.833	1004.06
550.046	979.06
550.259	993.06
550.473	963.06
550.686	978.06
550.899	953.06
551.112	987.06
551.325	964.06
551.538	983.06
551.751	965.06
551.964	958.06
552.177	966.06
552.39	985.06
552.603	997.06
552.816	1041.06
553.029	1030.06
553.242	1057.06
553.455	1038.06
553.667	1086.06
553.88	1091.06
554.093	1031.06
554.306	1030.06
554.519	976.06
554.732	962.06
554.944	991.06
555.157	937.06
555.37	920.06
555.583	917.06
555.795	925.06
556.008	928.06
556.221	949.06
556.433	891.06
556.646	888.06
556.859	911.06
557.071	875.06
557.284	892.06
557.496	865.06
557.709	832.06
557.921	876.06
558.134	853.06
558.346	871.06
558.559	864.06
558.771	856.06
558.984	828.06
559.196	825.06
559.409	844.06
559.621	828.06
559.833	835.06
560.046	827.06
560.258	838.06
560.47	866.06
560.683	872.06
560.895	836.06
561.107	822.06
561.32	840.06
561.532	841.06
561.744	846.06
561.956	825.06
562.168	849.06
562.381	790.06
562.593	820.06
562.805	824.06
563.017	828.06
563.229	814.06
563.441	836.06
563.653	799.06
563.865	808.06
564.077	815.06
564.289	831.06
564.501	844.06
564.713	858.06
564.925	896.06
565.137	899.06
565.349	903.06
565.561	904.06
565.773	936.06
565.985	933.06
566.197	973.06
566.408	997.06
566.62	1066.06
566.832	1137.06
567.044	1159.06
567.255	1128.06
567.467	1161.06
567.679	1173.06
567.891	1265.06
568.102	1251.06
568.314	1199.06
568.526	1089.06
568.737	1049.06
568.949	983.06
569.161	983.06
569.372	865.06
569.584	867.06
569.795	849.06
570.007	847.06
570.218	903.06
570.43	885.06
570.641	814.06
570.853	804.06
571.064	785.06
571.276	797.06
571.487	784.06
571.698	750.06
571.91	735.06
572.121	756.06
572.333	726.06
572.544	719.06
572.755	706.06
572.966	691.06
573.178	709.06
573.389	703.06
573.6	690.06
573.811	677.06
574.023	681.06
574.234	687.06
574.445	676.06
574.656	661.06
574.867	675.06
575.078	692.06
575.289	684.06
575.501	683.06
575.712	661.06
575.923	648.06
576.134	681.06
576.345	651.06
576.556	653.06
576.767	655.06
576.978	638.06
577.188	622.06
577.399	628.06
577.61	621.06
577.821	647.06
578.032	638.06
578.243	721.06
578.454	1192.06
578.665	838.06
578.875	656.06
579.086	585.06
579.297	633.06
579.508	607.06
579.718	601.06
579.929	598.06
580.14	598.06
580.35	609.06
580.561	603.06
580.772	580.06
580.982	585.06
581.193	605.06
581.403	603.06
581.614	589.06
581.825	575.06
582.035	577.06
582.246	596.06
582.456	599.06
582.667	574.06
582.877	575.06
583.087	574.06
583.298	583.06
583.508	573.06
583.719	574.06
583.929	581.06
584.139	567.06
584.35	531.06
584.56	581.06
584.77	555.06
584.981	580.06
585.191	569.06
585.401	571.06
585.611	551.06
585.821	576.06
586.032	556.06
586.242	560.06
586.452	540.06
586.662	544.06
586.872	537.06
587.082	570.06
587.292	568.06
587.502	541.06
587.713	559.06
587.923	550.06
588.133	539.06
588.343	541.06
588.553	555.06
588.762	532.06
588.972	559.06
589.182	571.06
589.392	575.06
589.602	610.06
589.812	629.06
590.022	579.06
590.232	542.06
590.441	551.06
590.651	572.06
590.861	569.06
591.071	561.06
591.281	566.06
591.49	569.06
591.7	565.06
591.91	567.06
592.119	568.06
592.329	567.06
592.539	590.06
592.748	608.06
592.958	624.06
593.167	625.06
593.377	621.06
593.587	635.06
593.796	623.06
594.006	629.06
594.215	621.06
594.424	603.06
594.634	613.06
594.843	622.06
595.053	583.06
595.262	579.06
595.472	570.06
595.681	551.06
595.89	529.06
596.1	519.06
596.309	537.06
596.518	542.06
596.727	551.06
596.937	522.06
597.146	506.06
597.355	509.06
597.564	492.06
597.774	485.06
597.983	479.06
598.192	481.06
598.401	480.06
598.61	471.06
598.819	488.06
599.028	477.06
599.237	484.06
599.446	473.06
599.655	480.06
599.864	488.06
600.073	483.06
600.282	473.06
600.491	478.06
600.7	482.06
600.909	484.06
601.118	488.06
601.327	480.06
601.536	489.06
601.745	492.06
601.953	509.06
602.162	485.06
602.371	485.06
602.58	476.06
602.789	476.06
602.997	480.06
603.206	480.06
603.415	483.06
603.623	508.06
603.832	469.06
604.041	471.06
604.249	469.06
604.458	473.06
604.666	445.06
604.875	465.06
605.084	462.06
605.292	463.06
605.501	460.06
605.709	467.06
605.918	446.06
606.126	463.06
606.334	452.06
606.543	448.06
606.751	462.06
606.96	436.06
607.168	452.06
607.376	462.06
607.585	421.06
607.793	459.06
608.001	453.06
608.21	455.06
608.418	455.06
608.626	457.06
608.834	440.06
609.043	461.06
609.251	430.06
609.459	454.06
609.667	464.06
609.875	457.06
610.083	462.06
610.291	461.06
610.499	447.06
610.707	451.06
610.916	455.06
611.124	452.06
611.332	466.06
611.54	457.06
611.748	452.06
611.955	453.06
612.163	437.06
612.371	448.06
612.579	450.06
612.787	441.06
612.995	413.06
613.203	435.06
613.411	422.06
613.618	424.06
613.826	438.06
614.034	435.06
614.242	413.06
614.449	436.06
614.657	420.06
614.865	415.06
615.072	415.06
615.28	409.06
615.488	435.06
615.695	431.06
615.903	418.06
616.111	409.06
616.318	433.06
616.526	416.06
616.733	396.06
616.941	419.06
617.148	420.06
617.356	419.06
617.563	417.06
617.771	397.06
617.978	409.06
618.185	407.06
618.393	411.06
618.6	391.06
618.807	419.06
619.015	404.06
619.222	391.06
619.429	411.06
619.637	397.06
619.844	392.06
620.051	403.06
620.258	389.06
620.466	373.06
620.673	391.06
620.88	385.06
621.087	357.06
621.294	353.06
621.501	371.06
621.708	381.06
621.915	386.06
622.122	402.06
622.329	373.06
622.536	372.06
622.743	364.06
622.95	383.06
623.157	388.06
623.364	368.06
623.571	353.06
623.778	375.06
623.985	372.06
624.192	361.06
624.399	354.06
624.606	348.06
624.812	328.06
625.019	347.06
625.226	349.06
625.433	381.06
625.639	365.06
625.846	351.06
626.053	340.06
626.259	343.06
626.466	360.06
626.673	351.06
626.879	338.06
627.086	330.06
627.293	334.06
627.499	322.06
627.706	324.06
627.912	312.06
628.119	301.06
628.325	332.06
628.532	312.06
628.738	315.06
628.945	310.06
629.151	330.06
629.357	317.06
629.564	325.06
629.77	334.06
629.976	320.06
630.183	300.06
630.389	323.06
630.595	330.06
630.802	315.06
631.008	315.06
631.214	325.06
631.42	314.06
631.627	324.06
631.833	326.06
632.039	333.06
632.245	306.06
632.451	305.06
632.657	313.06
632.863	302.06
633.069	292.06
633.275	338.06
633.481	309.06
633.688	300.06
633.893	316.06
634.099	297.06
634.305	315.06
634.511	307.06
634.717	315.06
634.923	319.06
635.129	341.06
635.335	329.06
635.541	342.06
635.747	335.06
635.952	371.06
636.158	398.06
636.364	563.06
636.57	705.06
636.775	552.06
636.981	459.06
637.187	421.06
637.392	392.06
637.598	364.06
637.804	357.06
638.009	349.06
638.215	347.06
638.421	316.06
638.626	317.06
638.832	321.06
639.037	304.06
639.243	289.06
639.448	291.06
639.654	280.06
639.859	288.06
640.065	303.06
640.27	287.06
640.475	296.06
640.681	303.06
640.886	281.06
641.091	288.06
641.297	255.06
641.502	272.06
641.707	275.06
641.913	280.06
642.118	265.06
642.323	268.06
642.528	260.06
642.733	276.06
642.939	255.06
643.144	253.06
643.349	253.06
643.554	278.06
643.759	250.06
643.964	265.06
644.169	269.06
644.374	248.06
644.579	247.06
644.784	228.06
644.989	265.06
645.194	262.06
645.399	251.06
645.604	257.06
645.809	240.06
646.014	254.06
646.219	252.06
646.423	233.06
646.628	267.06
646.833	260.06
647.038	251.06
647.243	264.06
647.447	258.06
647.652	259.06
647.857	274.06
648.062	274.06
648.266	263.06
648.471	263.06
648.676	253.06
648.88	274.06
649.085	259.06
649.289	238.06
649.494	281.06
649.698	286.06
649.903	265.06
650.107	263.06
650.312	254.06
650.516	241.06
650.721	230.06
650.925	224.06
651.13	225.06
651.334	231.06
651.539	227.06
651.743	210.06
651.947	223.06
652.152	193.06
652.356	207.06
652.56	206.06
652.764	198.06
652.969	218.06
653.173	195.06
653.377	195.06
653.581	192.06
653.785	194.06
653.99	191.06
654.194	184.06
654.398	185.06
654.602	191.06
654.806	189.06
655.01	189.06
655.214	201.06
655.418	196.06
655.622	181.06
655.826	168.06
656.03	196.06
656.234	195.06
656.438	176.06
656.642	200.06
656.846	189.06
657.049	172.06
657.253	162.06
657.457	158.06
657.661	149.06
657.865	141.06
658.068	128.06
658.272	135.06
658.476	136.06
658.68	123.06
658.883	118.06
659.087	137.06
659.291	123.06
659.494	115.06
659.698	111.06
659.901	117.06
660.105	120.06
660.309	119.06
660.512	127.06
660.716	114.06
660.919	112.06
661.123	94.06
661.326	91.06
661.53	102.06
661.733	92.06
661.936	92.06
662.14	84.06
662.343	101.06
662.546	79.06
662.75	98.06
662.953	86.06
663.156	96.06
663.36	81.06
663.563	91.06
663.766	87.06
663.969	84.06
664.173	78.06
664.376	81.06
664.579	72.06
664.782	80.06
664.985	87.06
665.188	88.06
665.391	79.06
665.594	89.06
665.797	72.06
666	80.06
666.203	76.06
666.406	88.06
666.609	79.06
666.812	79.06
667.015	82.06
667.218	71.06
667.421	88.06
667.624	84.06
667.827	85.06
668.03	79.06
668.232	72.06
668.435	86.06
668.638	71.06
668.841	85.06
669.043	88.06
669.246	90.06
669.449	93.06
669.651	83.06
669.854	91.06
670.057	73.06
670.259	73.06
670.462	91.06
670.665	83.06
670.867	94.06
671.07	101.06
671.272	93.06
671.475	88.06
671.677	89.06
671.88	80.06
672.082	88.06
672.284	84.06
672.487	75.06
672.689	85.06
672.892	80.06
