223.165	-14.44
223.4	-14.44
223.635	-14.44
223.869	-9.44
224.104	-22.44
224.338	-19.44
224.573	-24.44
224.808	-21.44
225.042	-14.44
225.277	-2.44
225.511	3.56
225.746	1.56
225.98	5.56
226.215	18.56
226.449	18.56
226.683	10.56
226.918	27.56
227.152	42.56
227.387	40.56
227.621	12.56
227.856	34.56
228.09	47.56
228.324	59.56
228.559	66.56
228.793	71.56
229.027	112.56
229.262	144.56
229.496	149.56
229.73	174.56
229.964	203.56
230.199	180.56
230.433	148.56
230.667	134.56
230.901	147.56
231.136	150.56
231.37	136.56
231.604	143.56
231.838	134.56
232.072	160.56
232.306	137.56
232.541	151.56
232.775	148.56
233.009	160.56
233.243	162.56
233.477	144.56
233.711	133.56
233.945	150.56
234.179	153.56
234.413	160.56
234.647	160.56
234.881	153.56
235.115	162.56
235.349	151.56
235.583	172.56
235.817	164.56
236.051	191.56
236.285	189.56
236.519	158.56
236.753	183.56
236.987	196.56
237.221	236.56
237.455	294.56
237.689	234.56
237.922	188.56
238.156	198.56
238.39	174.56
238.624	194.56
238.858	179.56
239.091	178.56
239.325	180.56
239.559	197.56
239.793	198.56
240.027	192.56
240.26	215.56
240.494	215.56
240.728	206.56
240.961	212.56
241.195	201.56
241.429	206.56
241.662	198.56
241.896	204.56
242.13	208.56
242.363	213.56
242.597	214.56
242.83	224.56
243.064	211.56
243.298	206.56
243.531	210.56
243.765	218.56
243.998	222.56
244.232	224.56
244.465	217.56
244.699	235.56
244.932	232.56
245.166	230.56
245.399	221.56
245.633	218.56
245.866	255.56
246.099	244.56
246.333	242.56
246.566	241.56
246.8	245.56
247.033	262.56
247.266	254.56
247.5	257.56
247.733	259.56
247.966	265.56
248.2	248.56
248.433	290.56
248.666	274.56
248.899	290.56
249.133	301.56
249.366	318.56
249.599	325.56
249.832	316.56
250.066	350.56
250.299	404.56
250.532	519.56
250.765	562.56
250.998	498.56
251.231	430.56
251.465	384.56
251.698	364.56
251.931	338.56
252.164	341.56
252.397	334.56
252.63	335.56
252.863	344.56
253.096	336.56
253.329	349.56
253.562	340.56
253.795	348.56
254.028	360.56
254.261	358.56
254.494	359.56
254.727	404.56
254.96	416.56
255.193	432.56
255.426	418.56
255.659	485.56
255.892	648.56
256.124	826.56
256.357	888.56
256.59	714.56
256.823	612.56
257.056	512.56
257.289	481.56
257.521	452.56
257.754	435.56
257.987	419.56
258.22	408.56
258.452	414.56
258.685	390.56
258.918	374.56
259.151	369.56
259.383	388.56
259.616	372.56
259.849	378.56
260.081	387.56
260.314	395.56
260.547	392.56
260.779	389.56
261.012	372.56
261.244	381.56
261.477	383.56
261.71	374.56
261.942	374.56
262.175	395.56
262.407	397.56
262.64	358.56
262.872	357.56
263.105	355.56
263.337	366.56
263.57	346.56
263.802	354.56
264.035	322.56
264.267	372.56
264.499	358.56
264.732	338.56
264.964	369.56
265.197	370.56
265.429	367.56
265.661	367.56
265.894	362.56
266.126	368.56
266.358	364.56
266.591	378.56
266.823	385.56
267.055	366.56
267.287	359.56
267.52	369.56
267.752	358.56
267.984	372.56
268.216	356.56
268.448	383.56
268.681	400.56
268.913	393.56
269.145	386.56
269.377	402.56
269.609	402.56
269.841	383.56
270.073	432.56
270.306	426.56
270.538	449.56
270.77	437.56
271.002	420.56
271.234	422.56
271.466	458.56
271.698	451.56
271.93	458.56
272.162	455.56
272.394	468.56
272.626	447.56
272.858	445.56
273.09	428.56
273.322	444.56
273.553	451.56
273.785	431.56
274.017	423.56
274.249	437.56
274.481	442.56
274.713	433.56
274.945	441.56
275.176	452.56
275.408	443.56
275.64	488.56
275.872	476.56
276.104	495.56
276.335	505.56
276.567	502.56
276.799	513.56
277.031	567.56
277.262	593.56
277.494	599.56
277.726	556.56
277.957	534.56
278.189	513.56
278.421	496.56
278.652	508.56
278.884	499.56
279.115	483.56
279.347	518.56
279.579	510.56
279.81	521.56
280.042	545.56
280.273	607.56
280.505	629.56
280.736	564.56
280.968	508.56
281.199	501.56
281.431	511.56
281.662	503.56
281.894	506.56
282.125	507.56
282.356	514.56
282.588	547.56
282.819	539.56
283.051	492.56
283.282	483.56
283.513	484.56
283.745	481.56
283.976	480.56
284.207	511.56
284.439	489.56
284.67	482.56
284.901	493.56
285.132	488.56
285.364	486.56
285.595	486.56
285.826	498.56
286.057	500.56
286.288	511.56
286.52	483.56
286.751	494.56
286.982	489.56
287.213	505.56
287.444	494.56
287.675	506.56
287.906	498.56
288.138	485.56
288.369	521.56
288.6	517.56
288.831	511.56
289.062	506.56
289.293	501.56
289.524	516.56
289.755	530.56
289.986	507.56
290.217	527.56
290.448	522.56
290.679	497.56
290.91	513.56
291.141	496.56
291.371	498.56
291.602	481.56
291.833	477.56
292.064	480.56
292.295	503.56
292.526	489.56
292.757	506.56
292.987	472.56
293.218	457.56
293.449	492.56
293.68	496.56
293.91	501.56
294.141	506.56
294.372	481.56
294.603	498.56
294.833	506.56
295.064	503.56
295.295	489.56
295.525	485.56
295.756	514.56
295.987	536.56
296.217	534.56
296.448	552.56
296.679	518.56
296.909	524.56
297.14	507.56
297.37	528.56
297.601	518.56
297.831	528.56
298.062	534.56
298.292	503.56
298.523	514.56
298.753	528.56
298.984	533.56
299.214	521.56
299.445	528.56
299.675	522.56
299.905	520.56
300.136	530.56
300.366	543.56
300.597	532.56
300.827	550.56
301.057	568.56
301.288	579.56
301.518	566.56
301.748	585.56
301.979	572.56
302.209	561.56
302.439	570.56
302.669	550.56
302.9	579.56
303.13	570.56
303.36	581.56
303.59	578.56
303.82	618.56
304.051	607.56
304.281	580.56
304.511	582.56
304.741	591.56
304.971	581.56
305.201	562.56
305.431	585.56
305.661	596.56
305.891	563.56
306.121	550.56
306.352	602.56
306.582	577.56
306.812	596.56
307.042	606.56
307.272	637.56
307.502	666.56
307.731	666.56
307.961	624.56
308.191	596.56
308.421	593.56
308.651	580.56
308.881	572.56
309.111	589.56
309.341	622.56
309.571	615.56
309.8	602.56
310.03	614.56
310.26	617.56
310.49	624.56
310.72	620.56
310.949	655.56
311.179	681.56
311.409	647.56
311.639	636.56
311.868	635.56
312.098	653.56
312.328	679.56
312.557	685.56
312.787	672.56
313.017	667.56
313.246	656.56
313.476	664.56
313.706	661.56
313.935	674.56
314.165	678.56
314.394	700.56
314.624	679.56
314.853	660.56
315.083	670.56
315.312	646.56
315.542	632.56
315.771	646.56
316.001	613.56
316.23	638.56
316.46	643.56
316.689	681.56
316.919	673.56
317.148	679.56
317.377	686.56
317.607	678.56
317.836	664.56
318.065	672.56
318.295	700.56
318.524	662.56
318.753	673.56
318.983	675.56
319.212	663.56
319.441	684.56
319.67	721.56
319.9	680.56
320.129	673.56
320.358	681.56
320.587	685.56
320.816	710.56
321.046	710.56
321.275	723.56
321.504	734.56
321.733	703.56
321.962	738.56
322.191	782.56
322.42	815.56
322.649	816.56
322.878	822.56
323.108	847.56
323.337	880.56
323.566	910.56
323.795	992.56
324.024	1073.56
324.253	1308.56
324.482	1772.56
324.71	2714.56
324.939	3795.56
325.168	3039.56
325.397	1717.56
325.626	1292.56
325.855	1120.56
326.084	1074.56
326.313	1066.56
326.542	1082.56
326.77	1158.56
326.999	1319.56
327.228	1798.56
327.457	2626.56
327.686	3118.56
327.914	2299.56
328.143	2028.56
328.372	2165.56
328.6	1920.56
328.829	1514.56
329.058	1447.56
329.287	1496.56
329.515	1565.56
329.744	1720.56
329.972	2166.56
330.201	2921.56
330.43	3488.56
330.658	2856.56
330.887	1943.56
331.115	1569.56
331.344	1345.56
331.572	1278.56
331.801	1242.56
332.03	1268.56
332.258	1239.56
332.486	1226.56
332.715	1245.56
332.943	1334.56
333.172	1378.56
333.4	1474.56
333.629	1644.56
333.857	1964.56
334.085	2417.56
334.314	3256.56
334.542	4334.56
334.771	4515.56
334.999	2855.56
335.227	1931.56
335.455	1560.56
335.684	1392.56
335.912	1286.56
336.14	1216.56
336.369	1156.56
336.597	1116.56
336.825	1102.56
337.053	1045.56
337.281	1007.56
337.51	976.56
337.738	991.56
337.966	949.56
338.194	952.56
338.422	920.56
338.65	922.56
338.878	919.56
339.106	902.56
339.334	870.56
339.562	876.56
339.79	860.56
340.018	832.56
340.246	835.56
340.474	871.56
340.702	836.56
340.93	840.56
341.158	828.56
341.386	844.56
341.614	835.56
341.842	824.56
342.07	823.56
342.298	782.56
342.526	798.56
342.754	774.56
342.981	790.56
343.209	771.56
343.437	818.56
343.665	834.56
343.893	857.56
344.12	880.56
344.348	859.56
344.576	862.56
344.804	824.56
345.031	799.56
345.259	821.56
345.487	823.56
345.714	796.56
345.942	777.56
346.17	783.56
346.397	786.56
346.625	755.56
346.853	776.56
347.08	743.56
347.308	777.56
347.535	772.56
347.763	792.56
347.99	793.56
348.218	778.56
348.445	803.56
348.673	797.56
348.9	751.56
349.128	755.56
349.355	750.56
349.583	764.56
349.81	762.56
350.037	750.56
350.265	734.56
350.492	741.56
350.72	735.56
350.947	769.56
351.174	782.56
351.402	788.56
351.629	786.56
351.856	764.56
352.083	783.56
352.311	792.56
352.538	812.56
352.765	773.56
352.992	777.56
353.22	772.56
353.447	757.56
353.674	781.56
353.901	758.56
354.128	761.56
354.355	757.56
354.583	724.56
354.81	728.56
355.037	725.56
355.264	739.56
355.491	740.56
355.718	728.56
355.945	736.56
356.172	759.56
356.399	752.56
356.626	764.56
356.853	729.56
357.08	708.56
357.307	737.56
357.534	745.56
357.761	722.56
357.988	748.56
358.215	725.56
358.441	741.56
358.668	735.56
358.895	736.56
359.122	740.56
359.349	760.56
359.576	794.56
359.802	819.56
360.029	838.56
360.256	854.56
360.483	826.56
360.709	774.56
360.936	797.56
361.163	777.56
361.39	791.56
361.616	804.56
361.843	778.56
362.07	799.56
362.296	780.56
362.523	790.56
362.749	761.56
362.976	772.56
363.203	759.56
363.429	777.56
363.656	750.56
363.882	774.56
364.109	735.56
364.335	757.56
364.562	764.56
364.788	777.56
365.015	778.56
365.241	743.56
365.468	778.56
365.694	766.56
365.92	780.56
366.147	779.56
366.373	785.56
366.599	764.56
366.826	737.56
367.052	750.56
367.278	741.56
367.505	774.56
367.731	752.56
367.957	770.56
368.184	764.56
368.41	779.56
368.636	772.56
368.862	784.56
369.089	771.56
369.315	792.56
369.541	747.56
369.767	764.56
369.993	779.56
370.219	797.56
370.445	777.56
370.672	772.56
370.898	777.56
371.124	794.56
371.35	787.56
371.576	782.56
371.802	796.56
372.028	804.56
372.254	780.56
372.48	807.56
372.706	778.56
372.932	810.56
373.158	788.56
373.384	792.56
373.61	801.56
373.835	787.56
374.061	826.56
374.287	801.56
374.513	816.56
374.739	838.56
374.965	821.56
375.191	855.56
375.416	844.56
375.642	855.56
375.868	828.56
376.094	792.56
376.319	804.56
376.545	795.56
376.771	797.56
376.997	797.56
377.222	777.56
377.448	790.56
377.674	779.56
377.899	788.56
378.125	788.56
378.35	793.56
378.576	788.56
378.802	752.56
379.027	799.56
379.253	789.56
379.478	766.56
379.704	778.56
379.929	781.56
380.155	808.56
380.38	802.56
380.606	800.56
380.831	785.56
381.057	807.56
381.282	814.56
381.507	796.56
381.733	802.56
381.958	803.56
382.184	805.56
382.409	828.56
382.634	832.56
382.86	844.56
383.085	832.56
383.31	858.56
383.535	863.56
383.761	829.56
383.986	880.56
384.211	901.56
384.436	886.56
384.662	884.56
384.887	904.56
385.112	906.56
385.337	910.56
385.562	916.56
385.787	913.56
386.013	954.56
386.238	940.56
386.463	944.56
386.688	914.56
386.913	896.56
387.138	910.56
387.363	922.56
387.588	935.56
387.813	903.56
388.038	903.56
388.263	914.56
388.488	921.56
388.713	918.56
388.938	912.56
389.163	937.56
389.387	950.56
389.612	890.56
389.837	893.56
390.062	937.56
390.287	934.56
390.512	920.56
390.736	897.56
390.961	913.56
391.186	931.56
391.411	932.56
391.636	959.56
391.86	1008.56
392.085	983.56
392.31	1003.56
392.534	993.56
392.759	982.56
392.984	953.56
393.208	967.56
393.433	987.56
393.658	933.56
393.882	961.56
394.107	976.56
394.331	1003.56
394.556	964.56
394.78	962.56
395.005	947.56
395.229	959.56
395.454	1024.56
395.678	1027.56
395.903	1031.56
396.127	1069.56
396.352	1054.56
396.576	996.56
396.801	1016.56
397.025	993.56
397.249	1036.56
397.474	1004.56
397.698	1059.56
397.922	1053.56
398.147	1063.56
398.371	1061.56
398.595	1097.56
398.82	1137.56
399.044	1184.56
399.268	1276.56
399.492	1425.56
399.717	1490.56
399.941	1559.56
400.165	1470.56
400.389	1396.56
400.613	1304.56
400.837	1205.56
401.062	1217.56
401.286	1170.56
401.51	1186.56
401.734	1171.56
401.958	1170.56
402.182	1215.56
402.406	1237.56
402.63	1270.56
402.854	1277.56
403.078	1250.56
403.302	1313.56
403.526	1273.56
403.75	1312.56
403.974	1335.56
404.198	1330.56
404.422	1380.56
404.645	1374.56
404.869	1397.56
405.093	1564.56
405.317	1594.56
405.541	1638.56
405.765	1556.56
405.988	1479.56
406.212	1445.56
406.436	1445.56
406.66	1457.56
406.883	1450.56
407.107	1458.56
407.331	1530.56
407.555	1607.56
407.778	1589.56
408.002	1479.56
408.226	1449.56
408.449	1418.56
408.673	1401.56
408.896	1449.56
409.12	1424.56
409.344	1377.56
409.567	1332.56
409.791	1330.56
410.014	1329.56
410.238	1327.56
410.461	1265.56
410.685	1302.56
410.908	1330.56
411.132	1329.56
411.355	1376.56
411.578	1329.56
411.802	1297.56
412.025	1340.56
412.249	1420.56
412.472	1536.56
412.695	1668.56
412.919	1626.56
413.142	1516.56
413.365	1438.56
413.589	1408.56
413.812	1302.56
414.035	1308.56
414.258	1291.56
414.482	1268.56
414.705	1301.56
414.928	1280.56
415.151	1243.56
415.374	1253.56
415.597	1271.56
415.821	1208.56
416.044	1261.56
416.267	1254.56
416.49	1206.56
416.713	1187.56
416.936	1241.56
417.159	1252.56
417.382	1261.56
417.605	1299.56
417.828	1321.56
418.051	1318.56
418.274	1263.56
418.497	1245.56
418.72	1246.56
418.943	1247.56
419.166	1324.56
419.389	1378.56
419.611	1407.56
419.834	1456.56
420.057	1468.56
420.28	1517.56
420.503	1559.56
420.726	1493.56
420.948	1424.56
421.171	1429.56
421.394	1400.56
421.617	1315.56
421.839	1296.56
422.062	1280.56
422.285	1281.56
422.507	1317.56
422.73	1433.56
422.953	1390.56
423.175	1317.56
423.398	1291.56
423.621	1316.56
423.843	1338.56
424.066	1330.56
424.288	1332.56
424.511	1351.56
424.733	1378.56
424.956	1476.56
425.178	1422.56
425.401	1410.56
425.623	1445.56
425.846	1334.56
426.068	1264.56
426.291	1248.56
426.513	1274.56
426.735	1249.56
426.958	1311.56
427.18	1379.56
427.402	1592.56
427.625	1754.56
427.847	1719.56
428.069	1666.56
428.292	1505.56
428.514	1334.56
428.736	1254.56
428.958	1241.56
429.181	1193.56
429.403	1158.56
429.625	1191.56
429.847	1230.56
430.069	1306.56
430.292	1281.56
430.514	1201.56
430.736	1157.56
430.958	1142.56
431.18	1142.56
431.402	1118.56
431.624	1105.56
431.846	1146.56
432.068	1106.56
432.29	1163.56
432.512	1142.56
432.734	1145.56
432.956	1144.56
433.178	1163.56
433.4	1144.56
433.622	1156.56
433.844	1172.56
434.066	1138.56
434.287	1100.56
434.509	1158.56
434.731	1174.56
434.953	1201.56
435.175	1237.56
435.397	1250.56
435.618	1222.56
435.84	1288.56
436.062	1397.56
436.284	1413.56
436.505	1293.56
436.727	1239.56
436.949	1200.56
437.17	1170.56
437.392	1171.56
437.614	1190.56
437.835	1244.56
438.057	1321.56
438.278	1437.56
438.5	1450.56
438.721	1519.56
438.943	1436.56
439.165	1290.56
439.386	1220.56
439.608	1209.56
439.829	1208.56
440.05	1288.56
440.272	1356.56
440.493	1247.56
440.715	1212.56
440.936	1224.56
441.158	1223.56
441.379	1211.56
441.6	1254.56
441.822	1300.56
442.043	1322.56
442.264	1430.56
442.486	1472.56
442.707	1318.56
442.928	1272.56
443.149	1319.56
443.371	1314.56
443.592	1415.56
443.813	1526.56
444.034	1570.56
444.255	1410.56
444.476	1364.56
444.698	1388.56
444.919	1400.56
445.14	1496.56
445.361	1376.56
445.582	1373.56
445.803	1438.56
446.024	1532.56
446.245	1496.56
446.466	1440.56
446.687	1270.56
446.908	1234.56
447.129	1219.56
447.35	1162.56
447.571	1152.56
447.792	1130.56
448.013	1157.56
448.234	1174.56
448.455	1206.56
448.675	1383.56
448.896	1522.56
449.117	1287.56
449.338	1285.56
449.559	1472.56
449.779	1544.56
450	1324.56
450.221	1174.56
450.442	1150.56
450.662	1137.56
450.883	1143.56
451.104	1173.56
451.324	1144.56
451.545	1144.56
451.766	1097.56
451.986	1060.56
452.207	1056.56
452.428	1047.56
452.648	1075.56
452.869	1071.56
453.089	1046.56
453.31	1093.56
453.53	1057.56
453.751	1015.56
453.971	1063.56
454.192	1096.56
454.412	1068.56
454.633	1038.56
454.853	1030.56
455.073	1009.56
455.294	1074.56
455.514	1124.56
455.734	1079.56
455.955	1040.56
456.175	988.56
456.395	982.56
456.616	982.56
456.836	960.56
457.056	995.56
457.276	962.56
457.497	988.56
457.717	1016.56
457.937	992.56
458.157	1040.56
458.377	1041.56
458.598	1054.56
458.818	1178.56
459.038	1304.56
459.258	1266.56
459.478	1187.56
459.698	1153.56
459.918	1177.56
460.138	1218.56
460.358	1200.56
460.578	1241.56
460.798	1238.56
461.018	1292.56
461.238	1222.56
461.458	1233.56
461.678	1231.56
461.898	1222.56
462.118	1245.56
462.338	1327.56
462.558	1314.56
462.777	1362.56
462.997	1432.56
463.217	1520.56
463.437	1534.56
463.657	1443.56
463.876	1368.56
464.096	1381.56
464.316	1384.56
464.536	1388.56
464.755	1377.56
464.975	1400.56
465.195	1418.56
465.414	1481.56
465.634	1344.56
465.854	1288.56
466.073	1222.56
466.293	1178.56
466.512	1172.56
466.732	1126.56
466.951	1152.56
467.171	1125.56
467.391	1180.56
467.61	1210.56
467.829	1338.56
468.049	1626.56
468.268	2334.56
468.488	1776.56
468.707	1404.56
468.927	1311.56
469.146	1265.56
469.365	1232.56
469.585	1212.56
469.804	1248.56
470.023	1205.56
470.243	1251.56
470.462	1272.56
470.681	1298.56
470.901	1285.56
471.12	1280.56
471.339	1260.56
471.558	1311.56
471.777	1357.56
471.997	1567.56
472.216	2370.56
472.435	4540.56
472.654	3521.56
472.873	2239.56
473.092	1816.56
473.311	1652.56
473.53	1510.56
473.749	1471.56
473.968	1430.56
474.187	1489.56
474.406	1468.56
474.625	1313.56
474.844	1255.56
475.063	1279.56
475.282	1266.56
475.501	1231.56
475.72	1248.56
475.939	1254.56
476.158	1258.56
476.377	1229.56
476.596	1233.56
476.814	1237.56
477.033	1233.56
477.252	1276.56
477.471	1288.56
477.69	1273.56
477.908	1314.56
478.127	1358.56
478.346	1352.56
478.564	1368.56
478.783	1396.56
479.002	1428.56
479.22	1436.56
479.439	1462.56
479.658	1536.56
479.876	1543.56
480.095	1601.56
480.313	1698.56
480.532	1784.56
480.751	2015.56
480.969	2743.56
481.188	6001.56
481.406	7624.56
481.624	4130.56
481.843	3014.56
482.061	2474.56
482.28	2215.56
482.498	2006.56
482.717	1877.56
482.935	1801.56
483.153	1784.56
483.372	1693.56
483.59	1636.56
483.808	1658.56
484.027	1581.56
484.245	1575.56
484.463	1546.56
484.681	1593.56
484.9	1564.56
485.118	1550.56
485.336	1504.56
485.554	1509.56
485.772	1508.56
485.99	1492.56
486.209	1562.56
486.427	1490.56
486.645	1566.56
486.863	1620.56
487.081	1552.56
487.299	1576.56
487.517	1521.56
487.735	1543.56
487.953	1527.56
488.171	1546.56
488.389	1537.56
488.607	1546.56
488.825	1508.56
489.043	1566.56
489.261	1575.56
489.479	1585.56
489.696	1572.56
489.914	1626.56
490.132	1653.56
490.35	1609.56
490.568	1675.56
490.786	1748.56
491.003	1817.56
491.221	1880.56
491.439	1940.56
491.657	1996.56
491.874	2034.56
492.092	2068.56
492.31	2111.56
492.527	2148.56
492.745	2159.56
492.963	2167.56
493.18	2161.56
493.398	2154.56
493.615	2126.56
493.833	2093.56
494.05	2034.56
494.268	1980.56
494.485	1986.56
494.703	1896.56
494.92	1903.56
495.138	1856.56
495.355	1837.56
495.573	1847.56
495.79	1803.56
496.008	1804.56
496.225	1767.56
496.442	1824.56
496.66	1766.56
496.877	1780.56
497.094	1765.56
497.312	1778.56
497.529	1774.56
497.746	1838.56
497.963	1825.56
498.181	1881.56
498.398	1934.56
498.615	1952.56
498.832	2057.56
499.049	2090.56
499.267	2232.56
499.484	2348.56
499.701	2483.56
499.918	2668.56
500.135	2911.56
500.352	3174.56
500.569	3308.56
500.786	3372.56
501.003	3235.56
501.22	2928.56
501.437	2690.56
501.654	2457.56
501.871	2304.56
502.088	2189.56
502.305	2053.56
502.522	1970.56
502.739	1908.56
502.956	1865.56
503.172	1777.56
503.389	1748.56
503.606	1733.56
503.823	1728.56
504.04	1679.56
504.256	1674.56
504.473	1667.56
504.69	1697.56
504.907	1655.56
505.123	1647.56
505.34	1600.56
505.557	1527.56
505.773	1495.56
505.99	1477.56
506.207	1438.56
506.423	1484.56
506.64	1412.56
506.856	1411.56
507.073	1413.56
507.289	1432.56
507.506	1409.56
507.722	1430.56
507.939	1432.56
508.155	1381.56
508.372	1383.56
508.588	1344.56
508.805	1358.56
509.021	1361.56
509.238	1358.56
509.454	1363.56
509.67	1353.56
509.887	1322.56
510.103	1353.56
510.319	1386.56
510.536	1646.56
510.752	3082.56
510.968	2220.56
511.184	1413.56
511.401	1389.56
511.617	1393.56
511.833	1517.56
512.049	1588.56
512.265	1500.56
512.481	1483.56
512.698	1401.56
512.914	1385.56
513.13	1356.56
513.346	1364.56
513.562	1330.56
513.778	1347.56
513.994	1370.56
514.21	1403.56
514.426	1454.56
514.642	1489.56
514.858	1536.56
515.074	1671.56
515.29	1987.56
515.506	2985.56
515.721	2304.56
515.937	1648.56
516.153	1536.56
516.369	1462.56
516.585	1449.56
516.801	1456.56
517.016	1491.56
517.232	1486.56
517.448	1494.56
517.664	1526.56
517.879	1511.56
518.095	1545.56
518.311	1493.56
518.527	1543.56
518.742	1496.56
518.958	1431.56
519.173	1412.56
519.389	1365.56
519.605	1354.56
519.82	1355.56
520.036	1371.56
520.251	1396.56
520.467	1435.56
520.682	1439.56
520.898	1430.56
521.113	1500.56
521.329	1540.56
521.544	1752.56
521.76	2228.56
521.975	3920.56
522.19	3500.56
522.406	1871.56
522.621	1488.56
522.836	1364.56
523.052	1305.56
523.267	1274.56
523.482	1249.56
523.698	1206.56
523.913	1200.56
524.128	1199.56
524.343	1176.56
524.559	1140.56
524.774	1133.56
524.989	1136.56
525.204	1163.56
525.419	1135.56
525.634	1130.56
525.849	1117.56
526.064	1077.56
526.28	1092.56
526.495	1067.56
526.71	1077.56
526.925	1105.56
527.14	1038.56
527.355	1094.56
527.57	1089.56
527.785	1056.56
527.999	1075.56
528.214	1076.56
528.429	1091.56
528.644	1040.56
528.859	1094.56
529.074	1086.56
529.289	1155.56
529.503	1308.56
529.718	1210.56
529.933	1135.56
530.148	1080.56
530.363	1085.56
530.577	1080.56
530.792	1061.56
531.007	1034.56
531.221	1071.56
531.436	1026.56
531.651	1081.56
531.865	1040.56
532.08	1032.56
532.295	1041.56
532.509	986.56
532.724	1022.56
532.938	1013.56
533.153	1031.56
533.367	1053.56
533.582	998.56
533.796	1013.56
534.011	1006.56
534.225	990.56
534.44	1005.56
534.654	1001.56
534.868	988.56
535.083	989.56
535.297	1033.56
535.511	1008.56
535.726	1023.56
535.94	1004.56
536.154	981.56
536.369	994.56
536.583	988.56
536.797	974.56
537.011	976.56
537.225	987.56
537.44	968.56
537.654	931.56
537.868	956.56
538.082	933.56
538.296	948.56
538.51	960.56
538.724	948.56
538.938	957.56
539.153	917.56
539.367	959.56
539.581	969.56
539.795	929.56
540.009	936.56
540.222	932.56
540.436	943.56
540.65	937.56
540.864	964.56
541.078	980.56
541.292	942.56
541.506	961.56
541.72	928.56
541.934	928.56
542.147	962.56
542.361	932.56
542.575	954.56
542.789	922.56
543.002	896.56
543.216	896.56
543.43	916.56
543.644	931.56
543.857	933.56
544.071	928.56
544.285	936.56
544.498	951.56
544.712	905.56
544.925	959.56
545.139	943.56
545.352	938.56
545.566	903.56
545.779	911.56
545.993	956.56
546.206	929.56
546.42	950.56
546.633	950.56
546.847	929.56
547.06	919.56
547.274	912.56
547.487	913.56
547.7	942.56
547.914	916.56
548.127	917.56
548.34	901.56
548.554	928.56
548.767	921.56
548.98	933.56
549.193	948.56
549.407	922.56
549.62	961.56
549.833	950.56
550.046	945.56
550.259	937.56
550.473	926.56
550.686	927.56
550.899	890.56
551.112	921.56
551.325	913.56
551.538	892.56
551.751	906.56
551.964	888.56
552.177	909.56
552.39	917.56
552.603	940.56
552.816	962.56
553.029	965.56
553.242	967.56
553.455	993.56
553.667	1002.56
553.88	1002.56
554.093	988.56
554.306	952.56
554.519	932.56
554.732	920.56
554.944	931.56
555.157	887.56
555.37	881.56
555.583	864.56
555.795	841.56
556.008	866.56
556.221	828.56
556.433	850.56
556.646	824.56
556.859	834.56
557.071	792.56
557.284	812.56
557.496	814.56
557.709	797.56
557.921	813.56
558.134	805.56
558.346	811.56
558.559	769.56
558.771	763.56
558.984	785.56
559.196	801.56
559.409	765.56
559.621	771.56
559.833	761.56
560.046	769.56
560.258	814.56
560.47	809.56
560.683	779.56
560.895	791.56
561.107	770.56
561.32	773.56
561.532	776.56
561.744	794.56
561.956	775.56
562.168	766.56
562.381	765.56
562.593	775.56
562.805	771.56
563.017	773.56
563.229	756.56
563.441	736.56
563.653	782.56
563.865	773.56
564.077	769.56
564.289	791.56
564.501	779.56
564.713	787.56
564.925	830.56
565.137	801.56
565.349	802.56
565.561	840.56
565.773	856.56
565.985	904.56
566.197	930.56
566.408	955.56
566.62	1004.56
566.832	1056.56
567.044	1084.56
567.255	1067.56
567.467	1069.56
567.679	1116.56
567.891	1198.56
568.102	1209.56
568.314	1125.56
568.526	1060.56
568.737	1009.56
568.949	931.56
569.161	849.56
569.372	820.56
569.584	784.56
569.795	798.56
570.007	777.56
570.218	848.56
570.43	821.56
570.641	778.56
570.853	739.56
571.064	746.56
571.276	739.56
571.487	713.56
571.698	696.56
571.91	672.56
572.121	704.56
572.333	672.56
572.544	659.56
572.755	627.56
572.966	653.56
573.178	624.56
573.389	622.56
573.6	621.56
573.811	634.56
574.023	604.56
574.234	620.56
574.445	590.56
574.656	632.56
574.867	615.56
575.078	607.56
575.289	588.56
575.501	596.56
575.712	606.56
575.923	587.56
576.134	600.56
576.345	579.56
576.556	587.56
576.767	572.56
576.978	599.56
577.188	582.56
577.399	581.56
577.61	564.56
577.821	594.56
578.032	578.56
578.243	662.56
578.454	1089.56
578.665	762.56
578.875	575.56
579.086	556.56
579.297	547.56
579.508	549.56
579.718	518.56
579.929	534.56
580.14	535.56
580.35	518.56
580.561	532.56
580.772	537.56
580.982	536.56
581.193	520.56
581.403	531.56
581.614	530.56
581.825	516.56
582.035	495.56
582.246	520.56
582.456	526.56
582.667	550.56
582.877	511.56
583.087	506.56
583.298	486.56
583.508	517.56
583.719	513.56
583.929	527.56
584.139	487.56
584.35	492.56
584.56	492.56
584.77	504.56
584.981	492.56
585.191	512.56
585.401	510.56
585.611	489.56
585.821	499.56
586.032	515.56
586.242	519.56
586.452	500.56
586.662	489.56
586.872	472.56
587.082	499.56
587.292	510.56
587.502	493.56
587.713	480.56
587.923	480.56
588.133	476.56
588.343	518.56
588.553	500.56
588.762	477.56
588.972	520.56
589.182	528.56
589.392	535.56
589.602	556.56
589.812	553.56
590.022	510.56
590.232	473.56
590.441	508.56
590.651	486.56
590.861	494.56
591.071	486.56
591.281	494.56
591.49	503.56
591.7	517.56
591.91	520.56
592.119	505.56
592.329	522.56
592.539	532.56
592.748	530.56
592.958	562.56
593.167	552.56
593.377	580.56
593.587	563.56
593.796	551.56
594.006	556.56
594.215	565.56
594.424	559.56
594.634	552.56
594.843	557.56
595.053	536.56
595.262	516.56
595.472	512.56
595.681	499.56
595.89	481.56
596.1	468.56
596.309	453.56
596.518	447.56
596.727	475.56
596.937	471.56
597.146	466.56
597.355	438.56
597.564	456.56
597.774	435.56
597.983	435.56
598.192	426.56
598.401	437.56
598.61	428.56
598.819	432.56
599.028	422.56
599.237	406.56
599.446	426.56
599.655	415.56
599.864	429.56
600.073	428.56
600.282	437.56
600.491	409.56
600.7	406.56
600.909	412.56
601.118	431.56
601.327	428.56
601.536	442.56
601.745	424.56
601.953	409.56
602.162	424.56
602.371	415.56
602.58	419.56
602.789	429.56
602.997	416.56
603.206	408.56
603.415	425.56
603.623	409.56
603.832	418.56
604.041	422.56
604.249	407.56
604.458	404.56
604.666	408.56
604.875	404.56
605.084	387.56
605.292	405.56
605.501	400.56
605.709	403.56
605.918	394.56
606.126	393.56
606.334	410.56
606.543	398.56
606.751	407.56
606.96	417.56
607.168	404.56
607.376	382.56
607.585	408.56
607.793	394.56
608.001	405.56
608.21	395.56
608.418	398.56
608.626	408.56
608.834	416.56
609.043	420.56
609.251	411.56
609.459	380.56
609.667	391.56
609.875	398.56
610.083	402.56
610.291	394.56
610.499	425.56
610.707	406.56
610.916	403.56
611.124	404.56
611.332	394.56
611.54	399.56
611.748	413.56
611.955	400.56
612.163	384.56
612.371	391.56
612.579	394.56
612.787	375.56
612.995	387.56
613.203	397.56
613.411	370.56
613.618	373.56
613.826	391.56
614.034	381.56
614.242	388.56
614.449	373.56
614.657	367.56
614.865	376.56
615.072	377.56
615.28	383.56
615.488	376.56
615.695	384.56
615.903	364.56
616.111	356.56
616.318	370.56
616.526	372.56
616.733	375.56
616.941	375.56
617.148	372.56
617.356	376.56
617.563	374.56
617.771	352.56
617.978	358.56
618.185	359.56
618.393	357.56
618.6	379.56
618.807	365.56
619.015	362.56
619.222	357.56
619.429	343.56
619.637	374.56
619.844	354.56
620.051	356.56
620.258	349.56
620.466	337.56
620.673	324.56
620.88	338.56
621.087	328.56
621.294	323.56
621.501	319.56
621.708	342.56
621.915	328.56
622.122	331.56
622.329	341.56
622.536	329.56
622.743	327.56
622.95	329.56
623.157	346.56
623.364	325.56
623.571	303.56
623.778	321.56
623.985	320.56
624.192	325.56
624.399	305.56
624.606	313.56
624.812	333.56
625.019	320.56
625.226	310.56
625.433	304.56
625.639	312.56
625.846	314.56
626.053	284.56
626.259	314.56
626.466	308.56
626.673	310.56
626.879	301.56
627.086	292.56
627.293	292.56
627.499	288.56
627.706	291.56
627.912	314.56
628.119	300.56
628.325	308.56
628.532	304.56
628.738	308.56
628.945	284.56
629.151	306.56
629.357	302.56
629.564	295.56
629.77	305.56
629.976	275.56
630.183	264.56
630.389	290.56
630.595	293.56
630.802	291.56
631.008	273.56
631.214	272.56
631.42	281.56
631.627	287.56
631.833	267.56
632.039	286.56
632.245	275.56
632.451	280.56
632.657	283.56
632.863	271.56
633.069	280.56
633.275	293.56
633.481	286.56
633.688	271.56
633.893	272.56
634.099	272.56
634.305	279.56
634.511	287.56
634.717	284.56
634.923	269.56
635.129	293.56
635.335	283.56
635.541	280.56
635.747	287.56
635.952	325.56
636.158	337.56
636.364	472.56
636.57	618.56
636.775	468.56
636.981	403.56
637.187	373.56
637.392	342.56
637.598	313.56
637.804	301.56
638.009	287.56
638.215	290.56
638.421	295.56
638.626	291.56
638.832	281.56
639.037	278.56
639.243	270.56
639.448	265.56
639.654	274.56
639.859	272.56
640.065	272.56
640.27	264.56
640.475	272.56
640.681	277.56
640.886	271.56
641.091	265.56
641.297	261.56
641.502	255.56
641.707	242.56
641.913	269.56
642.118	242.56
642.323	232.56
642.528	263.56
642.733	232.56
642.939	252.56
643.144	248.56
643.349	238.56
643.554	240.56
643.759	242.56
643.964	227.56
644.169	247.56
644.374	233.56
644.579	240.56
644.784	224.56
644.989	230.56
645.194	238.56
645.399	215.56
645.604	244.56
645.809	240.56
646.014	230.56
646.219	238.56
646.423	244.56
646.628	226.56
646.833	231.56
647.038	227.56
647.243	225.56
647.447	227.56
647.652	231.56
647.857	231.56
648.062	257.56
648.266	249.56
648.471	221.56
648.676	236.56
648.88	245.56
649.085	239.56
649.289	232.56
649.494	250.56
649.698	260.56
649.903	261.56
650.107	241.56
650.312	208.56
650.516	208.56
650.721	208.56
650.925	229.56
651.13	211.56
651.334	208.56
651.539	202.56
651.743	198.56
651.947	197.56
652.152	199.56
652.356	183.56
652.56	190.56
652.764	198.56
652.969	180.56
653.173	185.56
653.377	185.56
653.581	168.56
653.785	177.56
653.99	174.56
654.194	177.56
654.398	194.56
654.602	167.56
654.806	169.56
655.01	177.56
655.214	176.56
655.418	185.56
655.622	157.56
655.826	158.56
656.03	179.56
656.234	190.56
656.438	168.56
656.642	182.56
656.846	181.56
657.049	160.56
657.253	166.56
657.457	148.56
657.661	167.56
657.865	125.56
658.068	134.56
658.272	129.56
658.476	120.56
658.68	135.56
658.883	130.56
659.087	105.56
659.291	125.56
659.494	118.56
659.698	95.56
659.901	101.56
660.105	99.56
660.309	107.56
660.512	113.56
660.716	101.56
660.919	112.56
661.123	116.56
661.326	121.56
661.53	110.56
661.733	101.56
661.936	85.56
662.14	88.56
662.343	96.56
662.546	92.56
662.75	88.56
662.953	88.56
663.156	85.56
663.36	90.56
663.563	82.56
663.766	80.56
663.969	97.56
664.173	85.56
664.376	82.56
664.579	79.56
664.782	79.56
664.985	72.56
665.188	91.56
665.391	84.56
665.594	89.56
665.797	90.56
666	80.56
666.203	79.56
666.406	94.56
666.609	73.56
666.812	92.56
667.015	87.56
667.218	86.56
667.421	91.56
667.624	90.56
667.827	85.56
668.03	92.56
668.232	90.56
668.435	88.56
668.638	85.56
668.841	84.56
669.043	85.56
669.246	87.56
669.449	70.56
669.651	83.56
669.854	103.56
670.057	77.56
670.259	81.56
670.462	92.56
670.665	76.56
670.867	82.56
671.07	82.56
671.272	68.56
671.475	93.56
671.677	91.56
671.88	74.56
672.082	70.56
672.284	81.56
672.487	84.56
672.689	80.56
672.892	86.56
