223.165	-8.69
223.4	-8.69
223.635	-8.69
223.869	-12.69
224.104	-14.69
224.338	-13.69
224.573	-8.69
224.808	-19.69
225.042	-32.69
225.277	-15.69
225.511	-9.69
225.746	18.31
225.98	14.31
226.215	9.31
226.449	22.31
226.683	20.31
226.918	24.31
227.152	27.31
227.387	34.31
227.621	48.31
227.856	35.31
228.09	51.31
228.324	38.31
228.559	47.31
228.793	72.31
229.027	127.31
229.262	135.31
229.496	147.31
229.73	160.31
229.964	214.31
230.199	172.31
230.433	162.31
230.667	156.31
230.901	154.31
231.136	152.31
231.37	147.31
231.604	162.31
231.838	147.31
232.072	161.31
232.306	126.31
232.541	148.31
232.775	154.31
233.009	173.31
233.243	155.31
233.477	154.31
233.711	157.31
233.945	148.31
234.179	151.31
234.413	160.31
234.647	147.31
234.881	158.31
235.115	163.31
235.349	170.31
235.583	166.31
235.817	154.31
236.051	164.31
236.285	173.31
236.519	165.31
236.753	184.31
236.987	205.31
237.221	256.31
237.455	294.31
237.689	241.31
237.922	194.31
238.156	186.31
238.39	179.31
238.624	186.31
238.858	184.31
239.091	187.31
239.325	182.31
239.559	172.31
239.793	182.31
240.027	189.31
240.26	212.31
240.494	222.31
240.728	214.31
240.961	202.31
241.195	199.31
241.429	200.31
241.662	194.31
241.896	219.31
242.13	186.31
242.363	200.31
242.597	207.31
242.83	216.31
243.064	224.31
243.298	209.31
243.531	207.31
243.765	215.31
243.998	187.31
244.232	219.31
244.465	223.31
244.699	230.31
244.932	236.31
245.166	226.31
245.399	237.31
245.633	219.31
245.866	230.31
246.099	238.31
246.333	244.31
246.566	249.31
246.8	233.31
247.033	261.31
247.266	266.31
247.5	236.31
247.733	258.31
247.966	252.31
248.2	276.31
248.433	288.31
248.666	273.31
248.899	298.31
249.133	294.31
249.366	318.31
249.599	317.31
249.832	333.31
250.066	354.31
250.299	394.31
250.532	492.31
250.765	556.31
250.998	464.31
251.231	435.31
251.465	378.31
251.698	380.31
251.931	336.31
252.164	330.31
252.397	342.31
252.63	330.31
252.863	359.31
253.096	357.31
253.329	354.31
253.562	319.31
253.795	331.31
254.028	362.31
254.261	368.31
254.494	357.31
254.727	388.31
254.96	417.31
255.193	420.31
255.426	441.31
255.659	503.31
255.892	649.31
256.124	868.31
256.357	939.31
256.59	735.31
256.823	607.31
257.056	517.31
257.289	475.31
257.521	436.31
257.754	449.31
257.987	389.31
258.22	397.31
258.452	403.31
258.685	396.31
258.918	373.31
259.151	375.31
259.383	369.31
259.616	396.31
259.849	369.31
260.081	382.31
260.314	375.31
260.547	378.31
260.779	402.31
261.012	378.31
261.244	388.31
261.477	371.31
261.71	368.31
261.942	384.31
262.175	392.31
262.407	383.31
262.64	371.31
262.872	351.31
263.105	362.31
263.337	362.31
263.57	366.31
263.802	367.31
264.035	382.31
264.267	367.31
264.499	376.31
264.732	364.31
264.964	356.31
265.197	365.31
265.429	374.31
265.661	348.31
265.894	354.31
266.126	380.31
266.358	369.31
266.591	354.31
266.823	371.31
267.055	362.31
267.287	363.31
267.52	365.31
267.752	382.31
267.984	366.31
268.216	371.31
268.448	372.31
268.681	391.31
268.913	395.31
269.145	393.31
269.377	400.31
269.609	433.31
269.841	402.31
270.073	404.31
270.306	431.31
270.538	436.31
270.77	411.31
271.002	434.31
271.234	426.31
271.466	445.31
271.698	470.31
271.93	443.31
272.162	478.31
272.394	468.31
272.626	463.31
272.858	436.31
273.09	432.31
273.322	440.31
273.553	434.31
273.785	435.31
274.017	423.31
274.249	443.31
274.481	460.31
274.713	437.31
274.945	483.31
275.176	471.31
275.408	482.31
275.64	480.31
275.872	487.31
276.104	496.31
276.335	493.31
276.567	475.31
276.799	527.31
277.031	569.31
277.262	589.31
277.494	611.31
277.726	574.31
277.957	554.31
278.189	516.31
278.421	522.31
278.652	508.31
278.884	503.31
279.115	514.31
279.347	504.31
279.579	528.31
279.81	537.31
280.042	574.31
280.273	648.31
280.505	644.31
280.736	575.31
280.968	545.31
281.199	534.31
281.431	543.31
281.662	485.31
281.894	499.31
282.125	501.31
282.356	559.31
282.588	560.31
282.819	545.31
283.051	487.31
283.282	481.31
283.513	487.31
283.745	488.31
283.976	475.31
284.207	484.31
284.439	494.31
284.67	494.31
284.901	496.31
285.132	524.31
285.364	484.31
285.595	482.31
285.826	492.31
286.057	487.31
286.288	481.31
286.52	502.31
286.751	479.31
286.982	476.31
287.213	514.31
287.444	504.31
287.675	499.31
287.906	531.31
288.138	516.31
288.369	493.31
288.6	519.31
288.831	508.31
289.062	482.31
289.293	500.31
289.524	500.31
289.755	508.31
289.986	521.31
290.217	495.31
290.448	494.31
290.679	501.31
290.91	486.31
291.141	508.31
291.371	504.31
291.602	487.31
291.833	490.31
292.064	476.31
292.295	486.31
292.526	498.31
292.757	481.31
292.987	506.31
293.218	490.31
293.449	481.31
293.68	488.31
293.91	479.31
294.141	502.31
294.372	490.31
294.603	487.31
294.833	487.31
295.064	484.31
295.295	515.31
295.525	494.31
295.756	491.31
295.987	511.31
296.217	575.31
296.448	572.31
296.679	506.31
296.909	489.31
297.14	510.31
297.37	525.31
297.601	528.31
297.831	519.31
298.062	517.31
298.292	509.31
298.523	532.31
298.753	544.31
298.984	541.31
299.214	521.31
299.445	538.31
299.675	524.31
299.905	567.31
300.136	530.31
300.366	540.31
300.597	559.31
300.827	546.31
301.057	545.31
301.288	564.31
301.518	568.31
301.748	571.31
301.979	593.31
302.209	580.31
302.439	571.31
302.669	602.31
302.9	571.31
303.13	565.31
303.36	551.31
303.59	596.31
303.82	612.31
304.051	629.31
304.281	592.31
304.511	568.31
304.741	570.31
304.971	564.31
305.201	584.31
305.431	561.31
305.661	567.31
305.891	567.31
306.121	561.31
306.352	595.31
306.582	574.31
306.812	565.31
307.042	615.31
307.272	619.31
307.502	692.31
307.731	678.31
307.961	644.31
308.191	607.31
308.421	592.31
308.651	599.31
308.881	590.31
309.111	582.31
309.341	611.31
309.571	590.31
309.8	613.31
310.03	602.31
310.26	627.31
310.49	612.31
310.72	650.31
310.949	660.31
311.179	651.31
311.409	631.31
311.639	652.31
311.868	645.31
312.098	640.31
312.328	654.31
312.557	667.31
312.787	686.31
313.017	674.31
313.246	671.31
313.476	640.31
313.706	628.31
313.935	648.31
314.165	678.31
314.394	686.31
314.624	690.31
314.853	659.31
315.083	661.31
315.312	681.31
315.542	668.31
315.771	656.31
316.001	647.31
316.23	654.31
316.46	669.31
316.689	669.31
316.919	663.31
317.148	682.31
317.377	688.31
317.607	687.31
317.836	696.31
318.065	677.31
318.295	673.31
318.524	672.31
318.753	679.31
318.983	673.31
319.212	674.31
319.441	715.31
319.67	686.31
319.9	696.31
320.129	700.31
320.358	694.31
320.587	685.31
320.816	737.31
321.046	746.31
321.275	744.31
321.504	739.31
321.733	742.31
321.962	749.31
322.191	774.31
322.42	817.31
322.649	815.31
322.878	823.31
323.108	865.31
323.337	914.31
323.566	954.31
323.795	1030.31
324.024	1140.31
324.253	1353.31
324.482	1915.31
324.71	2936.31
324.939	4000.31
325.168	3233.31
325.397	1740.31
325.626	1308.31
325.855	1135.31
326.084	1095.31
326.313	1111.31
326.542	1113.31
326.77	1198.31
326.999	1432.31
327.228	1886.31
327.457	2821.31
327.686	3246.31
327.914	2428.31
328.143	2120.31
328.372	2272.31
328.6	2021.31
328.829	1595.31
329.058	1506.31
329.287	1519.31
329.515	1558.31
329.744	1823.31
329.972	2262.31
330.201	3068.31
330.43	3681.31
330.658	2993.31
330.887	2006.31
331.115	1639.31
331.344	1426.31
331.572	1330.31
331.801	1293.31
332.03	1280.31
332.258	1255.31
332.486	1263.31
332.715	1266.31
332.943	1339.31
333.172	1390.31
333.4	1526.31
333.629	1713.31
333.857	1949.31
334.085	2540.31
334.314	3478.31
334.542	4557.31
334.771	4831.31
334.999	2978.31
335.227	1967.31
335.455	1570.31
335.684	1402.31
335.912	1320.31
336.14	1224.31
336.369	1168.31
336.597	1144.31
336.825	1127.31
337.053	1047.31
337.281	1027.31
337.51	990.31
337.738	996.31
337.966	979.31
338.194	956.31
338.422	951.31
338.65	895.31
338.878	927.31
339.106	864.31
339.334	868.31
339.562	880.31
339.79	874.31
340.018	863.31
340.246	834.31
340.474	883.31
340.702	825.31
340.93	849.31
341.158	816.31
341.386	850.31
341.614	831.31
341.842	840.31
342.07	822.31
342.298	806.31
342.526	806.31
342.754	806.31
342.981	792.31
343.209	803.31
343.437	808.31
343.665	817.31
343.893	850.31
344.12	894.31
344.348	840.31
344.576	850.31
344.804	828.31
345.031	828.31
345.259	828.31
345.487	808.31
345.714	815.31
345.942	790.31
346.17	791.31
346.397	766.31
346.625	773.31
346.853	762.31
347.08	771.31
347.308	777.31
347.535	784.31
347.763	802.31
347.99	804.31
348.218	813.31
348.445	780.31
348.673	797.31
348.9	771.31
349.128	762.31
349.355	749.31
349.583	766.31
349.81	746.31
350.037	739.31
350.265	727.31
350.492	758.31
350.72	758.31
350.947	752.31
351.174	803.31
351.402	810.31
351.629	807.31
351.856	769.31
352.083	763.31
352.311	786.31
352.538	794.31
352.765	775.31
352.992	776.31
353.22	788.31
353.447	768.31
353.674	766.31
353.901	742.31
354.128	751.31
354.355	764.31
354.583	733.31
354.81	754.31
355.037	742.31
355.264	718.31
355.491	721.31
355.718	716.31
355.945	733.31
356.172	726.31
356.399	722.31
356.626	721.31
356.853	724.31
357.08	733.31
357.307	702.31
357.534	732.31
357.761	715.31
357.988	739.31
358.215	755.31
358.441	740.31
358.668	719.31
358.895	741.31
359.122	734.31
359.349	750.31
359.576	804.31
359.802	828.31
360.029	839.31
360.256	892.31
360.483	834.31
360.709	778.31
360.936	787.31
361.163	780.31
361.39	799.31
361.616	790.31
361.843	803.31
362.07	774.31
362.296	783.31
362.523	780.31
362.749	811.31
362.976	800.31
363.203	780.31
363.429	766.31
363.656	743.31
363.882	724.31
364.109	731.31
364.335	784.31
364.562	746.31
364.788	748.31
365.015	777.31
365.241	748.31
365.468	763.31
365.694	785.31
365.92	778.31
366.147	764.31
366.373	756.31
366.599	744.31
366.826	747.31
367.052	733.31
367.278	781.31
367.505	784.31
367.731	760.31
367.957	753.31
368.184	736.31
368.41	779.31
368.636	784.31
368.862	786.31
369.089	788.31
369.315	773.31
369.541	778.31
369.767	789.31
369.993	766.31
370.219	788.31
370.445	782.31
370.672	770.31
370.898	793.31
371.124	796.31
371.35	793.31
371.576	811.31
371.802	782.31
372.028	791.31
372.254	795.31
372.48	806.31
372.706	820.31
372.932	798.31
373.158	816.31
373.384	790.31
373.61	806.31
373.835	811.31
374.061	766.31
374.287	799.31
374.513	813.31
374.739	820.31
374.965	825.31
375.191	836.31
375.416	806.31
375.642	842.31
375.868	830.31
376.094	822.31
376.319	814.31
376.545	835.31
376.771	766.31
376.997	815.31
377.222	803.31
377.448	764.31
377.674	789.31
377.899	782.31
378.125	774.31
378.35	792.31
378.576	775.31
378.802	770.31
379.027	781.31
379.253	786.31
379.478	767.31
379.704	790.31
379.929	799.31
380.155	774.31
380.38	812.31
380.606	767.31
380.831	781.31
381.057	797.31
381.282	784.31
381.507	827.31
381.733	816.31
381.958	808.31
382.184	808.31
382.409	814.31
382.634	805.31
382.86	846.31
383.085	834.31
383.31	826.31
383.535	833.31
383.761	844.31
383.986	866.31
384.211	870.31
384.436	867.31
384.662	888.31
384.887	901.31
385.112	895.31
385.337	902.31
385.562	879.31
385.787	897.31
386.013	915.31
386.238	929.31
386.463	923.31
386.688	879.31
386.913	910.31
387.138	937.31
387.363	900.31
387.588	908.31
387.813	890.31
388.038	933.31
388.263	910.31
388.488	912.31
388.713	902.31
388.938	915.31
389.163	910.31
389.387	913.31
389.612	885.31
389.837	902.31
390.062	877.31
390.287	912.31
390.512	902.31
390.736	918.31
390.961	929.31
391.186	934.31
391.411	965.31
391.636	984.31
391.86	1005.31
392.085	1010.31
392.31	978.31
392.534	988.31
392.759	968.31
392.984	960.31
393.208	955.31
393.433	977.31
393.658	954.31
393.882	958.31
394.107	938.31
394.331	947.31
394.556	995.31
394.78	999.31
395.005	959.31
395.229	995.31
395.454	1005.31
395.678	1012.31
395.903	1002.31
396.127	1057.31
396.352	1011.31
396.576	973.31
396.801	963.31
397.025	1013.31
397.249	1007.31
397.474	1026.31
397.698	1026.31
397.922	1047.31
398.147	1068.31
398.371	1096.31
398.595	1113.31
398.82	1121.31
399.044	1184.31
399.268	1272.31
399.492	1368.31
399.717	1519.31
399.941	1530.31
400.165	1438.31
400.389	1372.31
400.613	1288.31
400.837	1211.31
401.062	1172.31
401.286	1160.31
401.51	1168.31
401.734	1167.31
401.958	1164.31
402.182	1206.31
402.406	1207.31
402.63	1228.31
402.854	1217.31
403.078	1214.31
403.302	1276.31
403.526	1294.31
403.75	1304.31
403.974	1346.31
404.198	1300.31
404.422	1364.31
404.645	1400.31
404.869	1430.31
405.093	1509.31
405.317	1609.31
405.541	1603.31
405.765	1493.31
405.988	1443.31
406.212	1457.31
406.436	1450.31
406.66	1502.31
406.883	1412.31
407.107	1438.31
407.331	1517.31
407.555	1631.31
407.778	1596.31
408.002	1489.31
408.226	1451.31
408.449	1440.31
408.673	1390.31
408.896	1383.31
409.12	1439.31
409.344	1408.31
409.567	1322.31
409.791	1333.31
410.014	1303.31
410.238	1312.31
410.461	1294.31
410.685	1296.31
410.908	1326.31
411.132	1356.31
411.355	1355.31
411.578	1325.31
411.802	1307.31
412.025	1361.31
412.249	1447.31
412.472	1530.31
412.695	1651.31
412.919	1578.31
413.142	1540.31
413.365	1445.31
413.589	1349.31
413.812	1333.31
414.035	1285.31
414.258	1304.31
414.482	1292.31
414.705	1295.31
414.928	1276.31
415.151	1253.31
415.374	1221.31
415.597	1244.31
415.821	1232.31
416.044	1237.31
416.267	1199.31
416.49	1190.31
416.713	1185.31
416.936	1234.31
417.159	1243.31
417.382	1237.31
417.605	1277.31
417.828	1350.31
418.051	1318.31
418.274	1272.31
418.497	1183.31
418.72	1221.31
418.943	1254.31
419.166	1327.31
419.389	1393.31
419.611	1390.31
419.834	1415.31
420.057	1437.31
420.28	1507.31
420.503	1525.31
420.726	1433.31
420.948	1414.31
421.171	1389.31
421.394	1387.31
421.617	1302.31
421.839	1282.31
422.062	1320.31
422.285	1268.31
422.507	1355.31
422.73	1387.31
422.953	1378.31
423.175	1334.31
423.398	1306.31
423.621	1294.31
423.843	1314.31
424.066	1302.31
424.288	1310.31
424.511	1316.31
424.733	1371.31
424.956	1482.31
425.178	1446.31
425.401	1418.31
425.623	1462.31
425.846	1279.31
426.068	1316.31
426.291	1284.31
426.513	1271.31
426.735	1251.31
426.958	1320.31
427.18	1424.31
427.402	1614.31
427.625	1772.31
427.847	1744.31
428.069	1690.31
428.292	1501.31
428.514	1347.31
428.736	1254.31
428.958	1244.31
429.181	1181.31
429.403	1190.31
429.625	1181.31
429.847	1227.31
430.069	1305.31
430.292	1238.31
430.514	1125.31
430.736	1143.31
430.958	1141.31
431.18	1096.31
431.402	1122.31
431.624	1112.31
431.846	1114.31
432.068	1137.31
432.29	1147.31
432.512	1076.31
432.734	1140.31
432.956	1133.31
433.178	1161.31
433.4	1148.31
433.622	1150.31
433.844	1111.31
434.066	1099.31
434.287	1120.31
434.509	1125.31
434.731	1156.31
434.953	1188.31
435.175	1211.31
435.397	1250.31
435.618	1230.31
435.84	1267.31
436.062	1364.31
436.284	1457.31
436.505	1308.31
436.727	1214.31
436.949	1164.31
437.17	1162.31
437.392	1168.31
437.614	1188.31
437.835	1178.31
438.057	1340.31
438.278	1434.31
438.5	1456.31
438.721	1523.31
438.943	1454.31
439.165	1258.31
439.386	1202.31
439.608	1201.31
439.829	1220.31
440.05	1288.31
440.272	1328.31
440.493	1294.31
440.715	1213.31
440.936	1180.31
441.158	1213.31
441.379	1211.31
441.6	1266.31
441.822	1289.31
442.043	1346.31
442.264	1414.31
442.486	1438.31
442.707	1328.31
442.928	1298.31
443.149	1312.31
443.371	1364.31
443.592	1406.31
443.813	1538.31
444.034	1589.31
444.255	1426.31
444.476	1366.31
444.698	1378.31
444.919	1377.31
445.14	1531.31
445.361	1415.31
445.582	1355.31
445.803	1440.31
446.024	1582.31
446.245	1553.31
446.466	1443.31
446.687	1310.31
446.908	1228.31
447.129	1194.31
447.35	1143.31
447.571	1136.31
447.792	1110.31
448.013	1132.31
448.234	1160.31
448.455	1234.31
448.675	1368.31
448.896	1499.31
449.117	1296.31
449.338	1266.31
449.559	1407.31
449.779	1589.31
450	1299.31
450.221	1171.31
450.442	1138.31
450.662	1130.31
450.883	1165.31
451.104	1194.31
451.324	1159.31
451.545	1119.31
451.766	1106.31
451.986	1061.31
452.207	1059.31
452.428	1064.31
452.648	1045.31
452.869	1006.31
453.089	1050.31
453.31	1062.31
453.53	1065.31
453.751	1039.31
453.971	1044.31
454.192	1094.31
454.412	1058.31
454.633	1028.31
454.853	1021.31
455.073	993.31
455.294	1055.31
455.514	1123.31
455.734	1092.31
455.955	992.31
456.175	976.31
456.395	982.31
456.616	976.31
456.836	992.31
457.056	980.31
457.276	945.31
457.497	999.31
457.717	1000.31
457.937	989.31
458.157	979.31
458.377	1023.31
458.598	1077.31
458.818	1202.31
459.038	1316.31
459.258	1309.31
459.478	1205.31
459.698	1169.31
459.918	1134.31
460.138	1171.31
460.358	1210.31
460.578	1224.31
460.798	1224.31
461.018	1245.31
461.238	1214.31
461.458	1206.31
461.678	1229.31
461.898	1214.31
462.118	1243.31
462.338	1300.31
462.558	1281.31
462.777	1345.31
462.997	1414.31
463.217	1492.31
463.437	1528.31
463.657	1436.31
463.876	1378.31
464.096	1369.31
464.316	1375.31
464.536	1387.31
464.755	1369.31
464.975	1375.31
465.195	1428.31
465.414	1511.31
465.634	1359.31
465.854	1231.31
466.073	1179.31
466.293	1178.31
466.512	1157.31
466.732	1121.31
466.951	1141.31
467.171	1114.31
467.391	1140.31
467.61	1201.31
467.829	1340.31
468.049	1699.31
468.268	2471.31
468.488	1868.31
468.707	1479.31
468.927	1351.31
469.146	1249.31
469.365	1262.31
469.585	1205.31
469.804	1200.31
470.023	1237.31
470.243	1220.31
470.462	1251.31
470.681	1254.31
470.901	1287.31
471.12	1276.31
471.339	1264.31
471.558	1317.31
471.777	1371.31
471.997	1600.31
472.216	2407.31
472.435	4866.31
472.654	3690.31
472.873	2347.31
473.092	1911.31
473.311	1652.31
473.53	1536.31
473.749	1465.31
473.968	1422.31
474.187	1552.31
474.406	1479.31
474.625	1354.31
474.844	1293.31
475.063	1235.31
475.282	1222.31
475.501	1255.31
475.72	1220.31
475.939	1242.31
476.158	1263.31
476.377	1223.31
476.596	1246.31
476.814	1251.31
477.033	1264.31
477.252	1286.31
477.471	1276.31
477.69	1296.31
477.908	1293.31
478.127	1379.31
478.346	1342.31
478.564	1361.31
478.783	1400.31
479.002	1424.31
479.22	1445.31
479.439	1456.31
479.658	1496.31
479.876	1547.31
480.095	1589.31
480.313	1735.31
480.532	1832.31
480.751	2055.31
480.969	2829.31
481.188	6352.31
481.406	8034.31
481.624	4371.31
481.843	3124.31
482.061	2513.31
482.28	2237.31
482.498	2026.31
482.717	1888.31
482.935	1808.31
483.153	1760.31
483.372	1711.31
483.59	1642.31
483.808	1596.31
484.027	1571.31
484.245	1555.31
484.463	1558.31
484.681	1567.31
484.9	1511.31
485.118	1509.31
485.336	1517.31
485.554	1524.31
485.772	1525.31
485.99	1522.31
486.209	1527.31
486.427	1568.31
486.645	1540.31
486.863	1578.31
487.081	1543.31
487.299	1508.31
487.517	1557.31
487.735	1515.31
487.953	1517.31
488.171	1529.31
488.389	1527.31
488.607	1542.31
488.825	1530.31
489.043	1514.31
489.261	1539.31
489.479	1571.31
489.696	1596.31
489.914	1641.31
490.132	1621.31
490.35	1627.31
490.568	1724.31
490.786	1739.31
491.003	1834.31
491.221	1876.31
491.439	1915.31
491.657	1986.31
491.874	2045.31
492.092	2070.31
492.31	2108.31
492.527	2160.31
492.745	2202.31
492.963	2210.31
493.18	2182.31
493.398	2172.31
493.615	2127.31
493.833	2048.31
494.05	2056.31
494.268	1996.31
494.485	1962.31
494.703	1871.31
494.92	1904.31
495.138	1863.31
495.355	1876.31
495.573	1845.31
495.79	1794.31
496.008	1798.31
496.225	1789.31
496.442	1747.31
496.66	1757.31
496.877	1751.31
497.094	1780.31
497.312	1782.31
497.529	1757.31
497.746	1794.31
497.963	1822.31
498.181	1872.31
498.398	1925.31
498.615	1979.31
498.832	2017.31
499.049	2084.31
499.267	2218.31
499.484	2354.31
499.701	2468.31
499.918	2641.31
500.135	2914.31
500.352	3164.31
500.569	3336.31
500.786	3366.31
501.003	3165.31
501.22	2988.31
501.437	2662.31
501.654	2477.31
501.871	2314.31
502.088	2213.31
502.305	2011.31
502.522	1972.31
502.739	1926.31
502.956	1831.31
503.172	1786.31
503.389	1735.31
503.606	1702.31
503.823	1721.31
504.04	1690.31
504.256	1675.31
504.473	1680.31
504.69	1714.31
504.907	1659.31
505.123	1559.31
505.34	1543.31
505.557	1501.31
505.773	1470.31
505.99	1498.31
506.207	1440.31
506.423	1432.31
506.64	1409.31
506.856	1436.31
507.073	1425.31
507.289	1392.31
507.506	1396.31
507.722	1452.31
507.939	1452.31
508.155	1380.31
508.372	1378.31
508.588	1390.31
508.805	1341.31
509.021	1339.31
509.238	1359.31
509.454	1334.31
509.67	1345.31
509.887	1307.31
510.103	1345.31
510.319	1394.31
510.536	1700.31
510.752	3279.31
510.968	2330.31
511.184	1475.31
511.401	1408.31
511.617	1422.31
511.833	1524.31
512.049	1588.31
512.265	1516.31
512.481	1422.31
512.698	1402.31
512.914	1389.31
513.13	1342.31
513.346	1351.31
513.562	1338.31
513.778	1338.31
513.994	1393.31
514.21	1401.31
514.426	1437.31
514.642	1518.31
514.858	1575.31
515.074	1697.31
515.29	2065.31
515.506	3149.31
515.721	2339.31
515.937	1631.31
516.153	1521.31
516.369	1463.31
516.585	1458.31
516.801	1457.31
517.016	1474.31
517.232	1477.31
517.448	1498.31
517.664	1575.31
517.879	1508.31
518.095	1536.31
518.311	1516.31
518.527	1502.31
518.742	1488.31
518.958	1420.31
519.173	1437.31
519.389	1426.31
519.605	1378.31
519.82	1372.31
520.036	1409.31
520.251	1439.31
520.467	1504.31
520.682	1470.31
520.898	1480.31
521.113	1534.31
521.329	1662.31
521.544	1828.31
521.76	2412.31
521.975	4236.31
522.19	3762.31
522.406	1965.31
522.621	1539.31
522.836	1364.31
523.052	1280.31
523.267	1292.31
523.482	1253.31
523.698	1218.31
523.913	1242.31
524.128	1194.31
524.343	1166.31
524.559	1158.31
524.774	1149.31
524.989	1150.31
525.204	1155.31
525.419	1139.31
525.634	1139.31
525.849	1116.31
526.064	1121.31
526.28	1123.31
526.495	1079.31
526.71	1049.31
526.925	1039.31
527.14	1077.31
527.355	1081.31
527.57	1069.31
527.785	1028.31
527.999	1070.31
528.214	1082.31
528.429	1048.31
528.644	1015.31
528.859	1094.31
529.074	1102.31
529.289	1126.31
529.503	1284.31
529.718	1209.31
529.933	1127.31
530.148	1077.31
530.363	1101.31
530.577	1059.31
530.792	1031.31
531.007	1036.31
531.221	1077.31
531.436	1045.31
531.651	1053.31
531.865	1070.31
532.08	1046.31
532.295	1036.31
532.509	1036.31
532.724	1005.31
532.938	1031.31
533.153	1026.31
533.367	1016.31
533.582	1037.31
533.796	1028.31
534.011	1009.31
534.225	1043.31
534.44	1011.31
534.654	990.31
534.868	1016.31
535.083	988.31
535.297	1016.31
535.511	991.31
535.726	1031.31
535.94	1028.31
536.154	1027.31
536.369	958.31
536.583	956.31
536.797	978.31
537.011	978.31
537.225	963.31
537.44	960.31
537.654	942.31
537.868	938.31
538.082	951.31
538.296	932.31
538.51	947.31
538.724	949.31
538.938	903.31
539.153	928.31
539.367	979.31
539.581	960.31
539.795	920.31
540.009	952.31
540.222	904.31
540.436	926.31
540.65	952.31
540.864	948.31
541.078	935.31
541.292	957.31
541.506	919.31
541.72	956.31
541.934	958.31
542.147	946.31
542.361	903.31
542.575	924.31
542.789	903.31
543.002	925.31
543.216	942.31
543.43	918.31
543.644	926.31
543.857	910.31
544.071	944.31
544.285	913.31
544.498	926.31
544.712	930.31
544.925	918.31
545.139	939.31
545.352	913.31
545.566	941.31
545.779	910.31
545.993	925.31
546.206	939.31
546.42	922.31
546.633	923.31
546.847	921.31
547.06	932.31
547.274	945.31
547.487	921.31
547.7	914.31
547.914	906.31
548.127	923.31
548.34	933.31
548.554	905.31
548.767	951.31
548.98	923.31
549.193	922.31
549.407	941.31
549.62	936.31
549.833	957.31
550.046	925.31
550.259	916.31
550.473	904.31
550.686	896.31
550.899	882.31
551.112	910.31
551.325	869.31
551.538	886.31
551.751	876.31
551.964	885.31
552.177	901.31
552.39	914.31
552.603	932.31
552.816	950.31
553.029	950.31
553.242	963.31
553.455	954.31
553.667	1021.31
553.88	999.31
554.093	971.31
554.306	937.31
554.519	975.31
554.732	898.31
554.944	894.31
555.157	891.31
555.37	882.31
555.583	880.31
555.795	866.31
556.008	856.31
556.221	837.31
556.433	831.31
556.646	839.31
556.859	807.31
557.071	811.31
557.284	830.31
557.496	784.31
557.709	774.31
557.921	796.31
558.134	751.31
558.346	783.31
558.559	785.31
558.771	773.31
558.984	759.31
559.196	772.31
559.409	769.31
559.621	764.31
559.833	773.31
560.046	740.31
560.258	740.31
560.47	751.31
560.683	788.31
560.895	764.31
561.107	774.31
561.32	753.31
561.532	750.31
561.744	751.31
561.956	765.31
562.168	762.31
562.381	739.31
562.593	764.31
562.805	779.31
563.017	776.31
563.229	766.31
563.441	751.31
563.653	753.31
563.865	735.31
564.077	746.31
564.289	748.31
564.501	766.31
564.713	774.31
564.925	780.31
565.137	808.31
565.349	851.31
565.561	821.31
565.773	860.31
565.985	877.31
566.197	894.31
566.408	955.31
566.62	1001.31
566.832	1056.31
567.044	1057.31
567.255	1043.31
567.467	1091.31
567.679	1086.31
567.891	1181.31
568.102	1169.31
568.314	1144.31
568.526	1042.31
568.737	953.31
568.949	918.31
569.161	870.31
569.372	821.31
569.584	805.31
569.795	765.31
570.007	796.31
570.218	839.31
570.43	810.31
570.641	754.31
570.853	733.31
571.064	716.31
571.276	703.31
571.487	688.31
571.698	674.31
571.91	684.31
572.121	660.31
572.333	653.31
572.544	643.31
572.755	622.31
572.966	644.31
573.178	618.31
573.389	644.31
573.6	614.31
573.811	615.31
574.023	598.31
574.234	615.31
574.445	620.31
574.656	622.31
574.867	589.31
575.078	598.31
575.289	593.31
575.501	580.31
575.712	613.31
575.923	594.31
576.134	601.31
576.345	581.31
576.556	589.31
576.767	606.31
576.978	567.31
577.188	598.31
577.399	585.31
577.61	568.31
577.821	560.31
578.032	569.31
578.243	662.31
578.454	1182.31
578.665	763.31
578.875	577.31
579.086	550.31
579.297	530.31
579.508	544.31
579.718	541.31
579.929	525.31
580.14	531.31
580.35	531.31
580.561	527.31
580.772	531.31
580.982	524.31
581.193	516.31
581.403	519.31
581.614	521.31
581.825	536.31
582.035	495.31
582.246	533.31
582.456	508.31
582.667	529.31
582.877	514.31
583.087	540.31
583.298	513.31
583.508	509.31
583.719	510.31
583.929	512.31
584.139	497.31
584.35	498.31
584.56	479.31
584.77	497.31
584.981	493.31
585.191	498.31
585.401	504.31
585.611	482.31
585.821	486.31
586.032	500.31
586.242	482.31
586.452	492.31
586.662	467.31
586.872	480.31
587.082	495.31
587.292	487.31
587.502	483.31
587.713	471.31
587.923	498.31
588.133	477.31
588.343	486.31
588.553	491.31
588.762	477.31
588.972	478.31
589.182	537.31
589.392	535.31
589.602	500.31
589.812	539.31
590.022	501.31
590.232	488.31
590.441	484.31
590.651	494.31
590.861	495.31
591.071	478.31
591.281	480.31
591.49	506.31
591.7	501.31
591.91	510.31
592.119	507.31
592.329	516.31
592.539	538.31
592.748	538.31
592.958	560.31
593.167	552.31
593.377	585.31
593.587	574.31
593.796	538.31
594.006	548.31
594.215	608.31
594.424	570.31
594.634	558.31
594.843	558.31
595.053	528.31
595.262	511.31
595.472	509.31
595.681	483.31
595.89	478.31
596.1	490.31
596.309	463.31
596.518	503.31
596.727	470.31
596.937	460.31
597.146	481.31
597.355	461.31
597.564	443.31
597.774	446.31
597.983	442.31
598.192	436.31
598.401	424.31
598.61	410.31
598.819	397.31
599.028	426.31
599.237	426.31
599.446	423.31
599.655	420.31
599.864	408.31
600.073	414.31
600.282	434.31
600.491	406.31
600.7	404.31
600.909	420.31
601.118	418.31
601.327	407.31
601.536	425.31
601.745	414.31
601.953	410.31
602.162	429.31
602.371	406.31
602.58	417.31
602.789	416.31
602.997	404.31
603.206	412.31
603.415	422.31
603.623	411.31
603.832	408.31
604.041	389.31
604.249	405.31
604.458	400.31
604.666	391.31
604.875	405.31
605.084	396.31
605.292	411.31
605.501	392.31
605.709	384.31
605.918	397.31
606.126	388.31
606.334	405.31
606.543	416.31
606.751	398.31
606.96	386.31
607.168	400.31
607.376	407.31
607.585	402.31
607.793	367.31
608.001	408.31
608.21	411.31
608.418	410.31
608.626	394.31
608.834	392.31
609.043	399.31
609.251	384.31
609.459	398.31
609.667	395.31
609.875	420.31
610.083	409.31
610.291	397.31
610.499	384.31
610.707	394.31
610.916	380.31
611.124	391.31
611.332	391.31
611.54	402.31
611.748	393.31
611.955	378.31
612.163	377.31
612.371	390.31
612.579	397.31
612.787	382.31
612.995	380.31
613.203	379.31
613.411	366.31
613.618	364.31
613.826	370.31
614.034	373.31
614.242	371.31
614.449	376.31
614.657	367.31
614.865	370.31
615.072	385.31
615.28	372.31
615.488	353.31
615.695	368.31
615.903	362.31
616.111	370.31
616.318	349.31
616.526	354.31
616.733	363.31
616.941	366.31
617.148	372.31
617.356	354.31
617.563	364.31
617.771	358.31
617.978	368.31
618.185	354.31
618.393	350.31
618.6	356.31
618.807	372.31
619.015	364.31
619.222	342.31
619.429	358.31
619.637	342.31
619.844	332.31
620.051	331.31
620.258	335.31
620.466	322.31
620.673	338.31
620.88	333.31
621.087	345.31
621.294	331.31
621.501	331.31
621.708	341.31
621.915	357.31
622.122	337.31
622.329	341.31
622.536	325.31
622.743	341.31
622.95	325.31
623.157	344.31
623.364	318.31
623.571	307.31
623.778	310.31
623.985	324.31
624.192	313.31
624.399	326.31
624.606	324.31
624.812	323.31
625.019	311.31
625.226	314.31
625.433	312.31
625.639	293.31
625.846	322.31
626.053	286.31
626.259	308.31
626.466	308.31
626.673	313.31
626.879	325.31
627.086	303.31
627.293	285.31
627.499	308.31
627.706	293.31
627.912	302.31
628.119	310.31
628.325	302.31
628.532	306.31
628.738	300.31
628.945	293.31
629.151	282.31
629.357	283.31
629.564	301.31
629.77	285.31
629.976	268.31
630.183	276.31
630.389	283.31
630.595	292.31
630.802	278.31
631.008	263.31
631.214	268.31
631.42	288.31
631.627	282.31
631.833	270.31
632.039	284.31
632.245	274.31
632.451	271.31
632.657	288.31
632.863	286.31
633.069	284.31
633.275	283.31
633.481	267.31
633.688	263.31
633.893	283.31
634.099	274.31
634.305	280.31
634.511	291.31
634.717	277.31
634.923	275.31
635.129	272.31
635.335	290.31
635.541	312.31
635.747	298.31
635.952	318.31
636.158	354.31
636.364	492.31
636.57	622.31
636.775	479.31
636.981	401.31
637.187	368.31
637.392	367.31
637.598	336.31
637.804	324.31
638.009	314.31
638.215	281.31
638.421	287.31
638.626	279.31
638.832	284.31
639.037	267.31
639.243	271.31
639.448	266.31
639.654	275.31
639.859	260.31
640.065	246.31
640.27	246.31
640.475	273.31
640.681	269.31
640.886	260.31
641.091	260.31
641.297	267.31
641.502	244.31
641.707	258.31
641.913	245.31
642.118	237.31
642.323	245.31
642.528	248.31
642.733	257.31
642.939	232.31
643.144	228.31
643.349	227.31
643.554	235.31
643.759	238.31
643.964	248.31
644.169	229.31
644.374	247.31
644.579	242.31
644.784	251.31
644.989	231.31
645.194	226.31
645.399	230.31
645.604	227.31
645.809	238.31
646.014	238.31
646.219	217.31
646.423	222.31
646.628	221.31
646.833	235.31
647.038	238.31
647.243	230.31
647.447	238.31
647.652	216.31
647.857	238.31
648.062	235.31
648.266	231.31
648.471	256.31
648.676	241.31
648.88	244.31
649.085	234.31
649.289	230.31
649.494	222.31
649.698	267.31
649.903	266.31
650.107	244.31
650.312	233.31
650.516	222.31
650.721	219.31
650.925	221.31
651.13	208.31
651.334	192.31
651.539	196.31
651.743	207.31
651.947	197.31
652.152	199.31
652.356	195.31
652.56	195.31
652.764	191.31
652.969	188.31
653.173	183.31
653.377	189.31
653.581	172.31
653.785	175.31
653.99	183.31
654.194	187.31
654.398	179.31
654.602	172.31
654.806	193.31
655.01	202.31
655.214	177.31
655.418	163.31
655.622	175.31
655.826	178.31
656.03	185.31
656.234	172.31
656.438	174.31
656.642	182.31
656.846	179.31
657.049	160.31
657.253	150.31
657.457	142.31
657.661	139.31
657.865	140.31
658.068	143.31
658.272	116.31
658.476	129.31
658.68	123.31
658.883	115.31
659.087	128.31
659.291	117.31
659.494	104.31
659.698	106.31
659.901	101.31
660.105	95.31
660.309	118.31
660.512	116.31
660.716	123.31
660.919	116.31
661.123	116.31
661.326	99.31
661.53	99.31
661.733	78.31
661.936	94.31
662.14	97.31
662.343	95.31
662.546	93.31
662.75	84.31
662.953	77.31
663.156	81.31
663.36	84.31
663.563	83.31
663.766	80.31
663.969	87.31
664.173	95.31
664.376	84.31
664.579	82.31
664.782	73.31
664.985	79.31
665.188	86.31
665.391	88.31
665.594	76.31
665.797	86.31
666	81.31
666.203	67.31
666.406	87.31
666.609	93.31
666.812	83.31
667.015	80.31
667.218	74.31
667.421	85.31
667.624	73.31
667.827	86.31
668.03	87.31
668.232	72.31
668.435	91.31
668.638	82.31
668.841	79.31
669.043	71.31
669.246	72.31
669.449	93.31
669.651	86.31
669.854	88.31
670.057	89.31
670.259	68.31
670.462	77.31
670.665	82.31
670.867	91.31
671.07	77.31
671.272	72.31
671.475	73.31
671.677	82.31
671.88	78.31
672.082	74.31
672.284	95.31
672.487	75.31
672.689	76.31
672.892	71.31
