223.165	-14.25
223.4	-14.25
223.635	-14.25
223.869	-21.25
224.104	-16.25
224.338	-21.25
224.573	-15.25
224.808	-17.25
225.042	-3.25
225.277	-2.25
225.511	-2.25
225.746	2.75
225.98	-10.25
226.215	9.75
226.449	19.75
226.683	26.75
226.918	32.75
227.152	31.75
227.387	36.75
227.621	42.75
227.856	40.75
228.09	53.75
228.324	58.75
228.559	65.75
228.793	77.75
229.027	110.75
229.262	142.75
229.496	151.75
229.73	175.75
229.964	182.75
230.199	172.75
230.433	171.75
230.667	160.75
230.901	137.75
231.136	144.75
231.37	140.75
231.604	146.75
231.838	150.75
232.072	160.75
232.306	161.75
232.541	169.75
232.775	150.75
233.009	151.75
233.243	167.75
233.477	149.75
233.711	145.75
233.945	155.75
234.179	133.75
234.413	166.75
234.647	160.75
234.881	169.75
235.115	151.75
235.349	176.75
235.583	186.75
235.817	164.75
236.051	172.75
236.285	177.75
236.519	173.75
236.753	192.75
236.987	206.75
237.221	235.75
237.455	300.75
237.689	221.75
237.922	186.75
238.156	193.75
238.39	179.75
238.624	211.75
238.858	184.75
239.091	208.75
239.325	191.75
239.559	191.75
239.793	182.75
240.027	207.75
240.26	198.75
240.494	222.75
240.728	218.75
240.961	207.75
241.195	209.75
241.429	218.75
241.662	206.75
241.896	203.75
242.13	206.75
242.363	211.75
242.597	196.75
242.83	211.75
243.064	219.75
243.298	219.75
243.531	226.75
243.765	230.75
243.998	236.75
244.232	214.75
244.465	244.75
244.699	250.75
244.932	235.75
245.166	234.75
245.399	223.75
245.633	222.75
245.866	227.75
246.099	221.75
246.333	235.75
246.566	244.75
246.8	229.75
247.033	246.75
247.266	258.75
247.5	263.75
247.733	246.75
247.966	270.75
248.2	268.75
248.433	262.75
248.666	276.75
248.899	291.75
249.133	287.75
249.366	335.75
249.599	332.75
249.832	311.75
250.066	356.75
250.299	413.75
250.532	524.75
250.765	552.75
250.998	488.75
251.231	411.75
251.465	392.75
251.698	371.75
251.931	357.75
252.164	346.75
252.397	336.75
252.63	336.75
252.863	343.75
253.096	352.75
253.329	368.75
253.562	378.75
253.795	358.75
254.028	344.75
254.261	371.75
254.494	362.75
254.727	395.75
254.96	410.75
255.193	433.75
255.426	428.75
255.659	477.75
255.892	638.75
256.124	846.75
256.357	950.75
256.59	732.75
256.823	557.75
257.056	512.75
257.289	460.75
257.521	455.75
257.754	442.75
257.987	426.75
258.22	415.75
258.452	388.75
258.685	388.75
258.918	378.75
259.151	393.75
259.383	391.75
259.616	373.75
259.849	363.75
260.081	400.75
260.314	395.75
260.547	381.75
260.779	386.75
261.012	397.75
261.244	406.75
261.477	371.75
261.71	385.75
261.942	387.75
262.175	395.75
262.407	379.75
262.64	373.75
262.872	371.75
263.105	356.75
263.337	370.75
263.57	363.75
263.802	362.75
264.035	370.75
264.267	358.75
264.499	362.75
264.732	351.75
264.964	381.75
265.197	363.75
265.429	354.75
265.661	367.75
265.894	355.75
266.126	370.75
266.358	373.75
266.591	374.75
266.823	383.75
267.055	378.75
267.287	385.75
267.52	383.75
267.752	359.75
267.984	397.75
268.216	394.75
268.448	406.75
268.681	403.75
268.913	384.75
269.145	416.75
269.377	418.75
269.609	397.75
269.841	411.75
270.073	419.75
270.306	424.75
270.538	465.75
270.77	451.75
271.002	435.75
271.234	432.75
271.466	438.75
271.698	460.75
271.93	458.75
272.162	456.75
272.394	468.75
272.626	449.75
272.858	452.75
273.09	440.75
273.322	451.75
273.553	448.75
273.785	435.75
274.017	425.75
274.249	471.75
274.481	437.75
274.713	482.75
274.945	457.75
275.176	473.75
275.408	477.75
275.64	504.75
275.872	503.75
276.104	494.75
276.335	483.75
276.567	521.75
276.799	538.75
277.031	559.75
277.262	606.75
277.494	595.75
277.726	547.75
277.957	547.75
278.189	520.75
278.421	530.75
278.652	484.75
278.884	492.75
279.115	504.75
279.347	519.75
279.579	513.75
279.81	538.75
280.042	564.75
280.273	631.75
280.505	613.75
280.736	562.75
280.968	541.75
281.199	536.75
281.431	519.75
281.662	484.75
281.894	496.75
282.125	510.75
282.356	519.75
282.588	568.75
282.819	560.75
283.051	564.75
283.282	509.75
283.513	502.75
283.745	478.75
283.976	512.75
284.207	506.75
284.439	488.75
284.67	484.75
284.901	487.75
285.132	482.75
285.364	497.75
285.595	480.75
285.826	503.75
286.057	510.75
286.288	480.75
286.52	486.75
286.751	478.75
286.982	489.75
287.213	485.75
287.444	515.75
287.675	489.75
287.906	522.75
288.138	521.75
288.369	513.75
288.6	527.75
288.831	530.75
289.062	509.75
289.293	510.75
289.524	523.75
289.755	513.75
289.986	511.75
290.217	513.75
290.448	517.75
290.679	507.75
290.91	502.75
291.141	506.75
291.371	518.75
291.602	499.75
291.833	482.75
292.064	471.75
292.295	495.75
292.526	497.75
292.757	507.75
292.987	468.75
293.218	498.75
293.449	518.75
293.68	502.75
293.91	490.75
294.141	503.75
294.372	514.75
294.603	491.75
294.833	492.75
295.064	481.75
295.295	494.75
295.525	479.75
295.756	508.75
295.987	531.75
296.217	592.75
296.448	574.75
296.679	518.75
296.909	546.75
297.14	511.75
297.37	533.75
297.601	517.75
297.831	505.75
298.062	531.75
298.292	523.75
298.523	513.75
298.753	534.75
298.984	528.75
299.214	540.75
299.445	536.75
299.675	539.75
299.905	547.75
300.136	545.75
300.366	536.75
300.597	539.75
300.827	564.75
301.057	560.75
301.288	583.75
301.518	587.75
301.748	563.75
301.979	579.75
302.209	582.75
302.439	564.75
302.669	587.75
302.9	570.75
303.13	562.75
303.36	566.75
303.59	608.75
303.82	612.75
304.051	614.75
304.281	585.75
304.511	574.75
304.741	563.75
304.971	580.75
305.201	574.75
305.431	575.75
305.661	586.75
305.891	562.75
306.121	562.75
306.352	593.75
306.582	587.75
306.812	590.75
307.042	594.75
307.272	636.75
307.502	664.75
307.731	661.75
307.961	650.75
308.191	603.75
308.421	615.75
308.651	607.75
308.881	558.75
309.111	589.75
309.341	611.75
309.571	636.75
309.8	614.75
310.03	631.75
310.26	616.75
310.49	638.75
310.72	649.75
310.949	643.75
311.179	688.75
311.409	646.75
311.639	647.75
311.868	644.75
312.098	652.75
312.328	670.75
312.557	687.75
312.787	672.75
313.017	692.75
313.246	690.75
313.476	641.75
313.706	679.75
313.935	676.75
314.165	668.75
314.394	702.75
314.624	698.75
314.853	676.75
315.083	665.75
315.312	657.75
315.542	665.75
315.771	653.75
316.001	674.75
316.23	676.75
316.46	669.75
316.689	673.75
316.919	681.75
317.148	694.75
317.377	680.75
317.607	660.75
317.836	682.75
318.065	683.75
318.295	688.75
318.524	679.75
318.753	669.75
318.983	699.75
319.212	691.75
319.441	693.75
319.67	719.75
319.9	692.75
320.129	708.75
320.358	707.75
320.587	698.75
320.816	699.75
321.046	728.75
321.275	742.75
321.504	740.75
321.733	729.75
321.962	752.75
322.191	776.75
322.42	782.75
322.649	800.75
322.878	815.75
323.108	846.75
323.337	903.75
323.566	959.75
323.795	988.75
324.024	1107.75
324.253	1333.75
324.482	1877.75
324.71	2799.75
324.939	3884.75
325.168	3154.75
325.397	1748.75
325.626	1291.75
325.855	1144.75
326.084	1083.75
326.313	1063.75
326.542	1104.75
326.77	1192.75
326.999	1378.75
327.228	1870.75
327.457	2704.75
327.686	3205.75
327.914	2321.75
328.143	2057.75
328.372	2217.75
328.6	1989.75
328.829	1575.75
329.058	1458.75
329.287	1476.75
329.515	1547.75
329.744	1744.75
329.972	2225.75
330.201	2934.75
330.43	3585.75
330.658	2897.75
330.887	1979.75
331.115	1606.75
331.344	1381.75
331.572	1291.75
331.801	1273.75
332.03	1267.75
332.258	1275.75
332.486	1258.75
332.715	1234.75
332.943	1310.75
333.172	1389.75
333.4	1540.75
333.629	1642.75
333.857	1909.75
334.085	2443.75
334.314	3337.75
334.542	4444.75
334.771	4606.75
334.999	2896.75
335.227	1947.75
335.455	1593.75
335.684	1411.75
335.912	1296.75
336.14	1212.75
336.369	1164.75
336.597	1157.75
336.825	1110.75
337.053	1046.75
337.281	1015.75
337.51	978.75
337.738	965.75
337.966	940.75
338.194	956.75
338.422	935.75
338.65	927.75
338.878	894.75
339.106	886.75
339.334	894.75
339.562	869.75
339.79	858.75
340.018	847.75
340.246	847.75
340.474	856.75
340.702	843.75
340.93	830.75
341.158	828.75
341.386	840.75
341.614	842.75
341.842	835.75
342.07	823.75
342.298	784.75
342.526	799.75
342.754	807.75
342.981	788.75
343.209	803.75
343.437	815.75
343.665	838.75
343.893	870.75
344.12	869.75
344.348	866.75
344.576	832.75
344.804	819.75
345.031	820.75
345.259	852.75
345.487	796.75
345.714	801.75
345.942	786.75
346.17	768.75
346.397	761.75
346.625	769.75
346.853	759.75
347.08	803.75
347.308	753.75
347.535	789.75
347.763	787.75
347.99	783.75
348.218	792.75
348.445	789.75
348.673	815.75
348.9	800.75
349.128	758.75
349.355	757.75
349.583	728.75
349.81	750.75
350.037	774.75
350.265	766.75
350.492	738.75
350.72	781.75
350.947	734.75
351.174	809.75
351.402	790.75
351.629	773.75
351.856	778.75
352.083	794.75
352.311	795.75
352.538	818.75
352.765	823.75
352.992	782.75
353.22	786.75
353.447	805.75
353.674	763.75
353.901	749.75
354.128	746.75
354.355	773.75
354.583	737.75
354.81	754.75
355.037	748.75
355.264	755.75
355.491	751.75
355.718	735.75
355.945	716.75
356.172	752.75
356.399	734.75
356.626	718.75
356.853	714.75
357.08	720.75
357.307	722.75
357.534	732.75
357.761	752.75
357.988	750.75
358.215	740.75
358.441	723.75
358.668	742.75
358.895	754.75
359.122	759.75
359.349	758.75
359.576	811.75
359.802	820.75
360.029	863.75
360.256	883.75
360.483	837.75
360.709	800.75
360.936	796.75
361.163	790.75
361.39	781.75
361.616	777.75
361.843	772.75
362.07	776.75
362.296	780.75
362.523	781.75
362.749	792.75
362.976	782.75
363.203	786.75
363.429	766.75
363.656	769.75
363.882	753.75
364.109	786.75
364.335	771.75
364.562	778.75
364.788	779.75
365.015	768.75
365.241	792.75
365.468	755.75
365.694	784.75
365.92	769.75
366.147	771.75
366.373	758.75
366.599	759.75
366.826	741.75
367.052	755.75
367.278	774.75
367.505	752.75
367.731	772.75
367.957	784.75
368.184	803.75
368.41	781.75
368.636	768.75
368.862	795.75
369.089	791.75
369.315	776.75
369.541	789.75
369.767	755.75
369.993	779.75
370.219	790.75
370.445	794.75
370.672	805.75
370.898	778.75
371.124	775.75
371.35	801.75
371.576	825.75
371.802	786.75
372.028	801.75
372.254	808.75
372.48	807.75
372.706	791.75
372.932	790.75
373.158	783.75
373.384	806.75
373.61	803.75
373.835	800.75
374.061	800.75
374.287	815.75
374.513	807.75
374.739	816.75
374.965	833.75
375.191	844.75
375.416	851.75
375.642	867.75
375.868	823.75
376.094	823.75
376.319	820.75
376.545	782.75
376.771	806.75
376.997	793.75
377.222	800.75
377.448	772.75
377.674	806.75
377.899	770.75
378.125	776.75
378.35	803.75
378.576	802.75
378.802	766.75
379.027	799.75
379.253	768.75
379.478	779.75
379.704	811.75
379.929	789.75
380.155	799.75
380.38	800.75
380.606	809.75
380.831	788.75
381.057	797.75
381.282	788.75
381.507	799.75
381.733	778.75
381.958	823.75
382.184	797.75
382.409	829.75
382.634	839.75
382.86	823.75
383.085	847.75
383.31	852.75
383.535	839.75
383.761	852.75
383.986	858.75
384.211	864.75
384.436	884.75
384.662	883.75
384.887	922.75
385.112	914.75
385.337	901.75
385.562	920.75
385.787	927.75
386.013	940.75
386.238	943.75
386.463	931.75
386.688	922.75
386.913	934.75
387.138	920.75
387.363	899.75
387.588	928.75
387.813	917.75
388.038	907.75
388.263	915.75
388.488	913.75
388.713	891.75
388.938	909.75
389.163	899.75
389.387	936.75
389.612	888.75
389.837	897.75
390.062	915.75
390.287	905.75
390.512	898.75
390.736	922.75
390.961	961.75
391.186	957.75
391.411	953.75
391.636	990.75
391.86	997.75
392.085	1051.75
392.31	1001.75
392.534	991.75
392.759	961.75
392.984	954.75
393.208	963.75
393.433	977.75
393.658	981.75
393.882	988.75
394.107	977.75
394.331	985.75
394.556	951.75
394.78	966.75
395.005	993.75
395.229	1009.75
395.454	993.75
395.678	1021.75
395.903	1032.75
396.127	1042.75
396.352	1033.75
396.576	1019.75
396.801	986.75
397.025	1009.75
397.249	1049.75
397.474	1022.75
397.698	1076.75
397.922	1056.75
398.147	1091.75
398.371	1106.75
398.595	1133.75
398.82	1129.75
399.044	1198.75
399.268	1238.75
399.492	1400.75
399.717	1524.75
399.941	1548.75
400.165	1479.75
400.389	1395.75
400.613	1274.75
400.837	1236.75
401.062	1193.75
401.286	1157.75
401.51	1187.75
401.734	1168.75
401.958	1195.75
402.182	1218.75
402.406	1253.75
402.63	1272.75
402.854	1243.75
403.078	1271.75
403.302	1282.75
403.526	1306.75
403.75	1297.75
403.974	1321.75
404.198	1325.75
404.422	1397.75
404.645	1420.75
404.869	1464.75
405.093	1505.75
405.317	1612.75
405.541	1653.75
405.765	1534.75
405.988	1468.75
406.212	1470.75
406.436	1442.75
406.66	1460.75
406.883	1446.75
407.107	1449.75
407.331	1516.75
407.555	1605.75
407.778	1646.75
408.002	1530.75
408.226	1433.75
408.449	1439.75
408.673	1395.75
408.896	1415.75
409.12	1414.75
409.344	1362.75
409.567	1355.75
409.791	1350.75
410.014	1314.75
410.238	1343.75
410.461	1344.75
410.685	1304.75
410.908	1353.75
411.132	1351.75
411.355	1369.75
411.578	1364.75
411.802	1328.75
412.025	1359.75
412.249	1457.75
412.472	1564.75
412.695	1658.75
412.919	1619.75
413.142	1539.75
413.365	1459.75
413.589	1408.75
413.812	1347.75
414.035	1303.75
414.258	1306.75
414.482	1300.75
414.705	1287.75
414.928	1241.75
415.151	1251.75
415.374	1220.75
415.597	1225.75
415.821	1231.75
416.044	1254.75
416.267	1243.75
416.49	1216.75
416.713	1183.75
416.936	1253.75
417.159	1201.75
417.382	1259.75
417.605	1291.75
417.828	1331.75
418.051	1321.75
418.274	1266.75
418.497	1226.75
418.72	1228.75
418.943	1270.75
419.166	1342.75
419.389	1406.75
419.611	1397.75
419.834	1402.75
420.057	1466.75
420.28	1503.75
420.503	1560.75
420.726	1483.75
420.948	1454.75
421.171	1450.75
421.394	1383.75
421.617	1321.75
421.839	1285.75
422.062	1290.75
422.285	1320.75
422.507	1352.75
422.73	1427.75
422.953	1398.75
423.175	1321.75
423.398	1288.75
423.621	1295.75
423.843	1332.75
424.066	1339.75
424.288	1347.75
424.511	1348.75
424.733	1387.75
424.956	1462.75
425.178	1428.75
425.401	1416.75
425.623	1440.75
425.846	1270.75
426.068	1272.75
426.291	1275.75
426.513	1256.75
426.735	1224.75
426.958	1320.75
427.18	1426.75
427.402	1614.75
427.625	1759.75
427.847	1692.75
428.069	1647.75
428.292	1504.75
428.514	1354.75
428.736	1290.75
428.958	1247.75
429.181	1195.75
429.403	1167.75
429.625	1182.75
429.847	1234.75
430.069	1289.75
430.292	1243.75
430.514	1161.75
430.736	1161.75
430.958	1134.75
431.18	1141.75
431.402	1160.75
431.624	1126.75
431.846	1143.75
432.068	1172.75
432.29	1127.75
432.512	1134.75
432.734	1125.75
432.956	1142.75
433.178	1163.75
433.4	1179.75
433.622	1162.75
433.844	1149.75
434.066	1119.75
434.287	1138.75
434.509	1158.75
434.731	1199.75
434.953	1243.75
435.175	1223.75
435.397	1242.75
435.618	1194.75
435.84	1288.75
436.062	1385.75
436.284	1464.75
436.505	1292.75
436.727	1221.75
436.949	1193.75
437.17	1168.75
437.392	1146.75
437.614	1168.75
437.835	1211.75
438.057	1362.75
438.278	1475.75
438.5	1451.75
438.721	1588.75
438.943	1458.75
439.165	1270.75
439.386	1227.75
439.608	1250.75
439.829	1257.75
440.05	1280.75
440.272	1361.75
440.493	1266.75
440.715	1223.75
440.936	1227.75
441.158	1223.75
441.379	1233.75
441.6	1258.75
441.822	1304.75
442.043	1367.75
442.264	1449.75
442.486	1434.75
442.707	1329.75
442.928	1298.75
443.149	1321.75
443.371	1345.75
443.592	1378.75
443.813	1552.75
444.034	1600.75
444.255	1406.75
444.476	1397.75
444.698	1374.75
444.919	1414.75
445.14	1490.75
445.361	1404.75
445.582	1400.75
445.803	1464.75
446.024	1534.75
446.245	1540.75
446.466	1430.75
446.687	1310.75
446.908	1207.75
447.129	1183.75
447.35	1168.75
447.571	1173.75
447.792	1151.75
448.013	1116.75
448.234	1138.75
448.455	1204.75
448.675	1415.75
448.896	1532.75
449.117	1326.75
449.338	1309.75
449.559	1456.75
449.779	1592.75
450	1329.75
450.221	1180.75
450.442	1142.75
450.662	1117.75
450.883	1169.75
451.104	1202.75
451.324	1139.75
451.545	1130.75
451.766	1066.75
451.986	1073.75
452.207	1056.75
452.428	1026.75
452.648	1058.75
452.869	1084.75
453.089	1067.75
453.31	1089.75
453.53	1066.75
453.751	1024.75
453.971	1035.75
454.192	1118.75
454.412	1066.75
454.633	1064.75
454.853	1007.75
455.073	1006.75
455.294	1062.75
455.514	1123.75
455.734	1100.75
455.955	1010.75
456.175	1013.75
456.395	978.75
456.616	982.75
456.836	981.75
457.056	1010.75
457.276	975.75
457.497	1026.75
457.717	980.75
457.937	999.75
458.157	1047.75
458.377	1013.75
458.598	1089.75
458.818	1211.75
459.038	1298.75
459.258	1306.75
459.478	1218.75
459.698	1146.75
459.918	1170.75
460.138	1202.75
460.358	1223.75
460.578	1226.75
460.798	1229.75
461.018	1253.75
461.238	1228.75
461.458	1222.75
461.678	1210.75
461.898	1218.75
462.118	1225.75
462.338	1310.75
462.558	1326.75
462.777	1330.75
462.997	1426.75
463.217	1495.75
463.437	1565.75
463.657	1411.75
463.876	1366.75
464.096	1400.75
464.316	1400.75
464.536	1407.75
464.755	1391.75
464.975	1387.75
465.195	1445.75
465.414	1558.75
465.634	1355.75
465.854	1240.75
466.073	1222.75
466.293	1202.75
466.512	1157.75
466.732	1147.75
466.951	1157.75
467.171	1175.75
467.391	1178.75
467.61	1235.75
467.829	1308.75
468.049	1718.75
468.268	2451.75
468.488	1864.75
468.707	1450.75
468.927	1359.75
469.146	1229.75
469.365	1234.75
469.585	1220.75
469.804	1220.75
470.023	1233.75
470.243	1237.75
470.462	1268.75
470.681	1297.75
470.901	1281.75
471.12	1270.75
471.339	1262.75
471.558	1321.75
471.777	1366.75
471.997	1538.75
472.216	2356.75
472.435	4693.75
472.654	3578.75
472.873	2260.75
473.092	1850.75
473.311	1598.75
473.53	1536.75
473.749	1469.75
473.968	1446.75
474.187	1513.75
474.406	1481.75
474.625	1354.75
474.844	1310.75
475.063	1246.75
475.282	1226.75
475.501	1258.75
475.72	1238.75
475.939	1226.75
476.158	1229.75
476.377	1223.75
476.596	1199.75
476.814	1267.75
477.033	1272.75
477.252	1275.75
477.471	1288.75
477.69	1286.75
477.908	1337.75
478.127	1349.75
478.346	1355.75
478.564	1378.75
478.783	1404.75
479.002	1441.75
479.22	1439.75
479.439	1480.75
479.658	1507.75
479.876	1544.75
480.095	1587.75
480.313	1695.75
480.532	1810.75
480.751	2024.75
480.969	2802.75
481.188	6184.75
481.406	7834.75
481.624	4182.75
481.843	3037.75
482.061	2490.75
482.28	2198.75
482.498	1990.75
482.717	1900.75
482.935	1828.75
483.153	1730.75
483.372	1696.75
483.59	1604.75
483.808	1625.75
484.027	1568.75
484.245	1620.75
484.463	1583.75
484.681	1598.75
484.9	1545.75
485.118	1569.75
485.336	1540.75
485.554	1521.75
485.772	1546.75
485.99	1523.75
486.209	1518.75
486.427	1544.75
486.645	1534.75
486.863	1571.75
487.081	1578.75
487.299	1555.75
487.517	1514.75
487.735	1563.75
487.953	1557.75
488.171	1533.75
488.389	1571.75
488.607	1539.75
488.825	1538.75
489.043	1543.75
489.261	1582.75
489.479	1572.75
489.696	1598.75
489.914	1626.75
490.132	1618.75
490.35	1666.75
490.568	1686.75
490.786	1779.75
491.003	1776.75
491.221	1874.75
491.439	1942.75
491.657	1988.75
491.874	2021.75
492.092	2070.75
492.31	2114.75
492.527	2122.75
492.745	2212.75
492.963	2187.75
493.18	2162.75
493.398	2134.75
493.615	2130.75
493.833	2097.75
494.05	2015.75
494.268	1963.75
494.485	2023.75
494.703	1935.75
494.92	1889.75
495.138	1866.75
495.355	1861.75
495.573	1811.75
495.79	1769.75
496.008	1782.75
496.225	1781.75
496.442	1765.75
496.66	1788.75
496.877	1730.75
497.094	1743.75
497.312	1769.75
497.529	1749.75
497.746	1827.75
497.963	1833.75
498.181	1902.75
498.398	1902.75
498.615	1995.75
498.832	2041.75
499.049	2123.75
499.267	2194.75
499.484	2346.75
499.701	2521.75
499.918	2643.75
500.135	2891.75
500.352	3169.75
500.569	3323.75
500.786	3348.75
501.003	3187.75
501.22	2950.75
501.437	2661.75
501.654	2454.75
501.871	2346.75
502.088	2206.75
502.305	2095.75
502.522	1969.75
502.739	1904.75
502.956	1850.75
503.172	1798.75
503.389	1734.75
503.606	1720.75
503.823	1711.75
504.04	1694.75
504.256	1666.75
504.473	1666.75
504.69	1704.75
504.907	1665.75
505.123	1619.75
505.34	1554.75
505.557	1518.75
505.773	1503.75
505.99	1490.75
506.207	1477.75
506.423	1434.75
506.64	1434.75
506.856	1440.75
507.073	1398.75
507.289	1402.75
507.506	1399.75
507.722	1423.75
507.939	1479.75
508.155	1395.75
508.372	1380.75
508.588	1356.75
508.805	1319.75
509.021	1344.75
509.238	1362.75
509.454	1345.75
509.67	1339.75
509.887	1342.75
510.103	1354.75
510.319	1415.75
510.536	1706.75
510.752	3191.75
510.968	2262.75
511.184	1488.75
511.401	1412.75
511.617	1403.75
511.833	1490.75
512.049	1572.75
512.265	1544.75
512.481	1457.75
512.698	1390.75
512.914	1400.75
513.13	1375.75
513.346	1336.75
513.562	1364.75
513.778	1364.75
513.994	1372.75
514.21	1375.75
514.426	1422.75
514.642	1518.75
514.858	1596.75
515.074	1722.75
515.29	2049.75
515.506	3087.75
515.721	2365.75
515.937	1629.75
516.153	1535.75
516.369	1504.75
516.585	1459.75
516.801	1485.75
517.016	1471.75
517.232	1502.75
517.448	1576.75
517.664	1537.75
517.879	1584.75
518.095	1526.75
518.311	1521.75
518.527	1536.75
518.742	1455.75
518.958	1468.75
519.173	1418.75
519.389	1406.75
519.605	1358.75
519.82	1379.75
520.036	1394.75
520.251	1430.75
520.467	1495.75
520.682	1465.75
520.898	1477.75
521.113	1503.75
521.329	1578.75
521.544	1805.75
521.76	2314.75
521.975	4231.75
522.19	3778.75
522.406	1987.75
522.621	1544.75
522.836	1347.75
523.052	1304.75
523.267	1309.75
523.482	1255.75
523.698	1237.75
523.913	1214.75
524.128	1200.75
524.343	1163.75
524.559	1178.75
524.774	1157.75
524.989	1139.75
525.204	1179.75
525.419	1150.75
525.634	1114.75
525.849	1106.75
526.064	1127.75
526.28	1090.75
526.495	1108.75
526.71	1086.75
526.925	1063.75
527.14	1089.75
527.355	1094.75
527.57	1098.75
527.785	1043.75
527.999	1079.75
528.214	1097.75
528.429	1087.75
528.644	1082.75
528.859	1076.75
529.074	1127.75
529.289	1129.75
529.503	1288.75
529.718	1252.75
529.933	1146.75
530.148	1097.75
530.363	1106.75
530.577	1049.75
530.792	1073.75
531.007	1034.75
531.221	1103.75
531.436	1032.75
531.651	1035.75
531.865	1063.75
532.08	1026.75
532.295	1040.75
532.509	1036.75
532.724	1025.75
532.938	994.75
533.153	1027.75
533.367	1010.75
533.582	1045.75
533.796	1029.75
534.011	1015.75
534.225	1039.75
534.44	1028.75
534.654	1001.75
534.868	1008.75
535.083	993.75
535.297	1023.75
535.511	998.75
535.726	1034.75
535.94	1004.75
536.154	1006.75
536.369	976.75
536.583	976.75
536.797	938.75
537.011	967.75
537.225	966.75
537.44	932.75
537.654	967.75
537.868	947.75
538.082	953.75
538.296	913.75
538.51	953.75
538.724	969.75
538.938	956.75
539.153	949.75
539.367	998.75
539.581	966.75
539.795	958.75
540.009	955.75
540.222	940.75
540.436	945.75
540.65	946.75
540.864	940.75
541.078	974.75
541.292	974.75
541.506	965.75
541.72	949.75
541.934	952.75
542.147	952.75
542.361	923.75
542.575	914.75
542.789	913.75
543.002	922.75
543.216	930.75
543.43	955.75
543.644	952.75
543.857	928.75
544.071	920.75
544.285	946.75
544.498	952.75
544.712	907.75
544.925	936.75
545.139	923.75
545.352	945.75
545.566	946.75
545.779	927.75
545.993	937.75
546.206	910.75
546.42	947.75
546.633	930.75
546.847	931.75
547.06	937.75
547.274	922.75
547.487	938.75
547.7	916.75
547.914	939.75
548.127	919.75
548.34	939.75
548.554	949.75
548.767	940.75
548.98	953.75
549.193	923.75
549.407	945.75
549.62	944.75
549.833	941.75
550.046	938.75
550.259	928.75
550.473	923.75
550.686	910.75
550.899	925.75
551.112	895.75
551.325	887.75
551.538	913.75
551.751	900.75
551.964	897.75
552.177	900.75
552.39	928.75
552.603	958.75
552.816	964.75
553.029	970.75
553.242	967.75
553.455	983.75
553.667	991.75
553.88	971.75
554.093	949.75
554.306	942.75
554.519	948.75
554.732	955.75
554.944	879.75
555.157	866.75
555.37	868.75
555.583	873.75
555.795	869.75
556.008	856.75
556.221	831.75
556.433	809.75
556.646	818.75
556.859	839.75
557.071	820.75
557.284	831.75
557.496	782.75
557.709	786.75
557.921	823.75
558.134	803.75
558.346	788.75
558.559	832.75
558.771	780.75
558.984	777.75
559.196	760.75
559.409	798.75
559.621	768.75
559.833	784.75
560.046	777.75
560.258	780.75
560.47	777.75
560.683	777.75
560.895	740.75
561.107	756.75
561.32	783.75
561.532	780.75
561.744	755.75
561.956	756.75
562.168	752.75
562.381	735.75
562.593	752.75
562.805	778.75
563.017	762.75
563.229	798.75
563.441	749.75
563.653	783.75
563.865	749.75
564.077	780.75
564.289	770.75
564.501	783.75
564.713	801.75
564.925	819.75
565.137	828.75
565.349	841.75
565.561	845.75
565.773	858.75
565.985	887.75
566.197	906.75
566.408	938.75
566.62	983.75
566.832	1057.75
567.044	1077.75
567.255	1092.75
567.467	1090.75
567.679	1131.75
567.891	1218.75
568.102	1202.75
568.314	1138.75
568.526	1064.75
568.737	982.75
568.949	928.75
569.161	879.75
569.372	842.75
569.584	802.75
569.795	777.75
570.007	807.75
570.218	874.75
570.43	816.75
570.641	750.75
570.853	738.75
571.064	748.75
571.276	741.75
571.487	703.75
571.698	679.75
571.91	681.75
572.121	681.75
572.333	677.75
572.544	637.75
572.755	646.75
572.966	631.75
573.178	644.75
573.389	637.75
573.6	616.75
573.811	638.75
574.023	611.75
574.234	594.75
574.445	598.75
574.656	618.75
574.867	585.75
575.078	604.75
575.289	607.75
575.501	602.75
575.712	623.75
575.923	592.75
576.134	578.75
576.345	578.75
576.556	583.75
576.767	591.75
576.978	593.75
577.188	569.75
577.399	586.75
577.61	592.75
577.821	593.75
578.032	570.75
578.243	650.75
578.454	1189.75
578.665	780.75
578.875	599.75
579.086	567.75
579.297	547.75
579.508	530.75
579.718	537.75
579.929	530.75
580.14	538.75
580.35	512.75
580.561	528.75
580.772	535.75
580.982	525.75
581.193	517.75
581.403	525.75
581.614	518.75
581.825	550.75
582.035	525.75
582.246	532.75
582.456	504.75
582.667	513.75
582.877	516.75
583.087	535.75
583.298	528.75
583.508	510.75
583.719	515.75
583.929	505.75
584.139	485.75
584.35	496.75
584.56	519.75
584.77	516.75
584.981	500.75
585.191	501.75
585.401	525.75
585.611	496.75
585.821	490.75
586.032	520.75
586.242	515.75
586.452	485.75
586.662	486.75
586.872	514.75
587.082	494.75
587.292	489.75
587.502	473.75
587.713	494.75
587.923	478.75
588.133	492.75
588.343	480.75
588.553	497.75
588.762	537.75
588.972	481.75
589.182	528.75
589.392	530.75
589.602	537.75
589.812	559.75
590.022	511.75
590.232	483.75
590.441	533.75
590.651	495.75
590.861	501.75
591.071	490.75
591.281	508.75
591.49	478.75
591.7	502.75
591.91	529.75
592.119	512.75
592.329	528.75
592.539	543.75
592.748	523.75
592.958	555.75
593.167	559.75
593.377	580.75
593.587	595.75
593.796	587.75
594.006	601.75
594.215	567.75
594.424	594.75
594.634	565.75
594.843	558.75
595.053	538.75
595.262	552.75
595.472	528.75
595.681	500.75
595.89	497.75
596.1	472.75
596.309	471.75
596.518	476.75
596.727	474.75
596.937	466.75
597.146	452.75
597.355	455.75
597.564	442.75
597.774	452.75
597.983	445.75
598.192	441.75
598.401	433.75
598.61	443.75
598.819	454.75
599.028	423.75
599.237	423.75
599.446	408.75
599.655	407.75
599.864	416.75
600.073	430.75
600.282	426.75
600.491	438.75
600.7	436.75
600.909	421.75
601.118	460.75
601.327	440.75
601.536	430.75
601.745	439.75
601.953	417.75
602.162	417.75
602.371	419.75
602.58	414.75
602.789	414.75
602.997	426.75
603.206	438.75
603.415	413.75
603.623	423.75
603.832	423.75
604.041	411.75
604.249	413.75
604.458	406.75
604.666	403.75
604.875	410.75
605.084	403.75
605.292	401.75
605.501	396.75
605.709	410.75
605.918	401.75
606.126	407.75
606.334	402.75
606.543	400.75
606.751	414.75
606.96	428.75
607.168	387.75
607.376	410.75
607.585	396.75
607.793	399.75
608.001	419.75
608.21	397.75
608.418	409.75
608.626	403.75
608.834	410.75
609.043	387.75
609.251	392.75
609.459	388.75
609.667	409.75
609.875	399.75
610.083	395.75
610.291	402.75
610.499	414.75
610.707	414.75
610.916	406.75
611.124	396.75
611.332	419.75
611.54	405.75
611.748	399.75
611.955	400.75
612.163	397.75
612.371	393.75
612.579	387.75
612.787	404.75
612.995	393.75
613.203	384.75
613.411	371.75
613.618	370.75
613.826	369.75
614.034	375.75
614.242	389.75
614.449	378.75
614.657	368.75
614.865	389.75
615.072	378.75
615.28	380.75
615.488	393.75
615.695	361.75
615.903	369.75
616.111	387.75
616.318	388.75
616.526	380.75
616.733	355.75
616.941	378.75
617.148	392.75
617.356	390.75
617.563	370.75
617.771	385.75
617.978	366.75
618.185	374.75
618.393	364.75
618.6	382.75
618.807	353.75
619.015	356.75
619.222	365.75
619.429	360.75
619.637	358.75
619.844	349.75
620.051	349.75
620.258	348.75
620.466	325.75
620.673	326.75
620.88	343.75
621.087	329.75
621.294	339.75
621.501	333.75
621.708	333.75
621.915	346.75
622.122	327.75
622.329	331.75
622.536	330.75
622.743	320.75
622.95	333.75
623.157	335.75
623.364	327.75
623.571	339.75
623.778	340.75
623.985	336.75
624.192	338.75
624.399	326.75
624.606	315.75
624.812	310.75
625.019	314.75
625.226	309.75
625.433	323.75
625.639	299.75
625.846	312.75
626.053	302.75
626.259	311.75
626.466	310.75
626.673	321.75
626.879	318.75
627.086	309.75
627.293	319.75
627.499	304.75
627.706	292.75
627.912	291.75
628.119	309.75
628.325	306.75
628.532	304.75
628.738	307.75
628.945	280.75
629.151	298.75
629.357	310.75
629.564	307.75
629.77	290.75
629.976	279.75
630.183	279.75
630.389	307.75
630.595	299.75
630.802	306.75
631.008	280.75
631.214	275.75
631.42	288.75
631.627	296.75
631.833	280.75
632.039	289.75
632.245	278.75
632.451	297.75
632.657	290.75
632.863	276.75
633.069	272.75
633.275	290.75
633.481	266.75
633.688	272.75
633.893	270.75
634.099	280.75
634.305	283.75
634.511	298.75
634.717	287.75
634.923	292.75
635.129	281.75
635.335	277.75
635.541	295.75
635.747	322.75
635.952	341.75
636.158	350.75
636.364	488.75
636.57	603.75
636.775	486.75
636.981	401.75
637.187	371.75
637.392	347.75
637.598	309.75
637.804	308.75
638.009	325.75
638.215	316.75
638.421	295.75
638.626	290.75
638.832	300.75
639.037	287.75
639.243	289.75
639.448	276.75
639.654	273.75
639.859	281.75
640.065	249.75
640.27	263.75
640.475	247.75
640.681	233.75
640.886	246.75
641.091	267.75
641.297	254.75
641.502	242.75
641.707	261.75
641.913	265.75
642.118	243.75
642.323	223.75
642.528	238.75
642.733	235.75
642.939	252.75
643.144	230.75
643.349	244.75
643.554	238.75
643.759	248.75
643.964	239.75
644.169	250.75
644.374	231.75
644.579	242.75
644.784	227.75
644.989	235.75
645.194	245.75
645.399	240.75
645.604	255.75
645.809	240.75
646.014	240.75
646.219	244.75
646.423	239.75
646.628	253.75
646.833	247.75
647.038	230.75
647.243	231.75
647.447	229.75
647.652	246.75
647.857	236.75
648.062	227.75
648.266	229.75
648.471	246.75
648.676	243.75
648.88	245.75
649.085	229.75
649.289	261.75
649.494	251.75
649.698	286.75
649.903	246.75
650.107	218.75
650.312	225.75
650.516	209.75
650.721	215.75
650.925	233.75
651.13	208.75
651.334	223.75
651.539	223.75
651.743	206.75
651.947	198.75
652.152	200.75
652.356	189.75
652.56	179.75
652.764	206.75
652.969	194.75
653.173	184.75
653.377	185.75
653.581	188.75
653.785	197.75
653.99	167.75
654.194	189.75
654.398	188.75
654.602	178.75
654.806	183.75
655.01	185.75
655.214	173.75
655.418	168.75
655.622	163.75
655.826	191.75
656.03	178.75
656.234	180.75
656.438	181.75
656.642	186.75
656.846	175.75
657.049	176.75
657.253	158.75
657.457	145.75
657.661	154.75
657.865	150.75
658.068	145.75
658.272	145.75
658.476	121.75
658.68	126.75
658.883	130.75
659.087	124.75
659.291	121.75
659.494	123.75
659.698	130.75
659.901	109.75
660.105	117.75
660.309	115.75
660.512	103.75
660.716	112.75
660.919	116.75
661.123	106.75
661.326	98.75
661.53	92.75
661.733	114.75
661.936	100.75
662.14	87.75
662.343	84.75
662.546	96.75
662.75	94.75
662.953	94.75
663.156	96.75
663.36	95.75
663.563	87.75
663.766	83.75
663.969	85.75
664.173	96.75
664.376	93.75
664.579	97.75
664.782	86.75
664.985	86.75
665.188	82.75
665.391	76.75
665.594	78.75
665.797	93.75
666	87.75
666.203	91.75
666.406	88.75
666.609	73.75
666.812	84.75
667.015	81.75
667.218	74.75
667.421	94.75
667.624	88.75
667.827	86.75
668.03	89.75
668.232	70.75
668.435	73.75
668.638	97.75
668.841	93.75
669.043	90.75
669.246	83.75
669.449	80.75
669.651	99.75
669.854	78.75
670.057	100.75
670.259	89.75
670.462	75.75
670.665	87.75
670.867	69.75
671.07	75.75
671.272	97.75
671.475	88.75
671.677	87.75
671.88	81.75
672.082	76.75
672.284	88.75
672.487	79.75
672.689	80.75
672.892	85.75
