223.165	-26.88
223.4	-26.88
223.635	-26.88
223.869	-21.88
224.104	-1.88
224.338	-9.88
224.573	-2.88
224.808	-21.88
225.042	-15.88
225.277	-9.88
225.511	-10.88
225.746	10.12
225.98	7.12
226.215	8.12
226.449	25.12
226.683	22.12
226.918	22.12
227.152	27.12
227.387	41.12
227.621	37.12
227.856	47.12
228.09	50.12
228.324	48.12
228.559	58.12
228.793	88.12
229.027	146.12
229.262	165.12
229.496	152.12
229.73	192.12
229.964	198.12
230.199	188.12
230.433	155.12
230.667	169.12
230.901	165.12
231.136	157.12
231.37	160.12
231.604	142.12
231.838	159.12
232.072	148.12
232.306	166.12
232.541	162.12
232.775	166.12
233.009	170.12
233.243	168.12
233.477	162.12
233.711	179.12
233.945	177.12
234.179	180.12
234.413	162.12
234.647	142.12
234.881	151.12
235.115	173.12
235.349	172.12
235.583	180.12
235.817	183.12
236.051	185.12
236.285	179.12
236.519	185.12
236.753	175.12
236.987	198.12
237.221	284.12
237.455	335.12
237.689	268.12
237.922	213.12
238.156	202.12
238.39	199.12
238.624	198.12
238.858	196.12
239.091	183.12
239.325	205.12
239.559	190.12
239.793	196.12
240.027	196.12
240.26	215.12
240.494	218.12
240.728	217.12
240.961	223.12
241.195	210.12
241.429	230.12
241.662	226.12
241.896	207.12
242.13	217.12
242.363	226.12
242.597	238.12
242.83	233.12
243.064	224.12
243.298	201.12
243.531	233.12
243.765	233.12
243.998	231.12
244.232	226.12
244.465	253.12
244.699	236.12
244.932	248.12
245.166	238.12
245.399	256.12
245.633	254.12
245.866	249.12
246.099	240.12
246.333	251.12
246.566	279.12
246.8	258.12
247.033	256.12
247.266	270.12
247.5	282.12
247.733	289.12
247.966	290.12
248.2	300.12
248.433	293.12
248.666	304.12
248.899	299.12
249.133	326.12
249.366	361.12
249.599	349.12
249.832	345.12
250.066	372.12
250.299	459.12
250.532	591.12
250.765	642.12
250.998	580.12
251.231	476.12
251.465	430.12
251.698	393.12
251.931	376.12
252.164	390.12
252.397	379.12
252.63	375.12
252.863	374.12
253.096	389.12
253.329	373.12
253.562	373.12
253.795	373.12
254.028	374.12
254.261	396.12
254.494	393.12
254.727	427.12
254.96	463.12
255.193	465.12
255.426	484.12
255.659	541.12
255.892	724.12
256.124	1016.12
256.357	1124.12
256.59	832.12
256.823	675.12
257.056	562.12
257.289	495.12
257.521	504.12
257.754	455.12
257.987	458.12
258.22	435.12
258.452	432.12
258.685	441.12
258.918	409.12
259.151	399.12
259.383	428.12
259.616	406.12
259.849	400.12
260.081	417.12
260.314	428.12
260.547	436.12
260.779	413.12
261.012	393.12
261.244	404.12
261.477	400.12
261.71	409.12
261.942	413.12
262.175	410.12
262.407	413.12
262.64	403.12
262.872	389.12
263.105	391.12
263.337	399.12
263.57	378.12
263.802	388.12
264.035	400.12
264.267	382.12
264.499	369.12
264.732	373.12
264.964	390.12
265.197	385.12
265.429	376.12
265.661	382.12
265.894	375.12
266.126	392.12
266.358	392.12
266.591	391.12
266.823	397.12
267.055	401.12
267.287	400.12
267.52	398.12
267.752	404.12
267.984	407.12
268.216	399.12
268.448	409.12
268.681	409.12
268.913	420.12
269.145	431.12
269.377	453.12
269.609	442.12
269.841	432.12
270.073	436.12
270.306	466.12
270.538	487.12
270.77	482.12
271.002	462.12
271.234	450.12
271.466	448.12
271.698	463.12
271.93	494.12
272.162	475.12
272.394	490.12
272.626	473.12
272.858	463.12
273.09	476.12
273.322	478.12
273.553	473.12
273.785	468.12
274.017	480.12
274.249	485.12
274.481	483.12
274.713	480.12
274.945	504.12
275.176	487.12
275.408	519.12
275.64	517.12
275.872	544.12
276.104	532.12
276.335	542.12
276.567	537.12
276.799	572.12
277.031	649.12
277.262	668.12
277.494	666.12
277.726	627.12
277.957	589.12
278.189	565.12
278.421	554.12
278.652	556.12
278.884	549.12
279.115	531.12
279.347	545.12
279.579	570.12
279.81	606.12
280.042	637.12
280.273	698.12
280.505	706.12
280.736	645.12
280.968	574.12
281.199	589.12
281.431	562.12
281.662	570.12
281.894	542.12
282.125	519.12
282.356	544.12
282.588	596.12
282.819	570.12
283.051	559.12
283.282	528.12
283.513	516.12
283.745	532.12
283.976	540.12
284.207	537.12
284.439	527.12
284.67	519.12
284.901	522.12
285.132	543.12
285.364	516.12
285.595	536.12
285.826	530.12
286.057	521.12
286.288	533.12
286.52	562.12
286.751	542.12
286.982	539.12
287.213	550.12
287.444	541.12
287.675	537.12
287.906	545.12
288.138	558.12
288.369	558.12
288.6	586.12
288.831	563.12
289.062	552.12
289.293	529.12
289.524	551.12
289.755	531.12
289.986	534.12
290.217	549.12
290.448	546.12
290.679	545.12
290.91	523.12
291.141	534.12
291.371	516.12
291.602	538.12
291.833	531.12
292.064	522.12
292.295	529.12
292.526	517.12
292.757	528.12
292.987	536.12
293.218	515.12
293.449	537.12
293.68	538.12
293.91	518.12
294.141	501.12
294.372	527.12
294.603	511.12
294.833	547.12
295.064	543.12
295.295	548.12
295.525	527.12
295.756	532.12
295.987	562.12
296.217	622.12
296.448	621.12
296.679	556.12
296.909	537.12
297.14	551.12
297.37	532.12
297.601	543.12
297.831	560.12
298.062	543.12
298.292	574.12
298.523	553.12
298.753	574.12
298.984	559.12
299.214	589.12
299.445	584.12
299.675	571.12
299.905	589.12
300.136	575.12
300.366	557.12
300.597	550.12
300.827	591.12
301.057	618.12
301.288	609.12
301.518	604.12
301.748	592.12
301.979	599.12
302.209	640.12
302.439	628.12
302.669	616.12
302.9	624.12
303.13	588.12
303.36	616.12
303.59	628.12
303.82	660.12
304.051	688.12
304.281	600.12
304.511	594.12
304.741	616.12
304.971	590.12
305.201	598.12
305.431	583.12
305.661	604.12
305.891	609.12
306.121	622.12
306.352	636.12
306.582	629.12
306.812	618.12
307.042	654.12
307.272	685.12
307.502	720.12
307.731	743.12
307.961	692.12
308.191	629.12
308.421	630.12
308.651	629.12
308.881	634.12
309.111	651.12
309.341	627.12
309.571	636.12
309.8	667.12
310.03	677.12
310.26	688.12
310.49	686.12
310.72	680.12
310.949	697.12
311.179	701.12
311.409	693.12
311.639	694.12
311.868	666.12
312.098	689.12
312.328	702.12
312.557	696.12
312.787	733.12
313.017	736.12
313.246	702.12
313.476	685.12
313.706	706.12
313.935	718.12
314.165	729.12
314.394	735.12
314.624	714.12
314.853	704.12
315.083	718.12
315.312	713.12
315.542	696.12
315.771	689.12
316.001	681.12
316.23	690.12
316.46	681.12
316.689	703.12
316.919	708.12
317.148	716.12
317.377	735.12
317.607	698.12
317.836	727.12
318.065	722.12
318.295	714.12
318.524	733.12
318.753	724.12
318.983	713.12
319.212	729.12
319.441	752.12
319.67	774.12
319.9	721.12
320.129	727.12
320.358	727.12
320.587	751.12
320.816	752.12
321.046	786.12
321.275	772.12
321.504	757.12
321.733	794.12
321.962	782.12
322.191	825.12
322.42	830.12
322.649	851.12
322.878	888.12
323.108	917.12
323.337	957.12
323.566	982.12
323.795	1063.12
324.024	1151.12
324.253	1369.12
324.482	1911.12
324.71	2959.12
324.939	4224.12
325.168	3432.12
325.397	1840.12
325.626	1369.12
325.855	1217.12
326.084	1165.12
326.313	1145.12
326.542	1156.12
326.77	1279.12
326.999	1446.12
327.228	1992.12
327.457	2907.12
327.686	3500.12
327.914	2570.12
328.143	2318.12
328.372	2556.12
328.6	2291.12
328.829	1708.12
329.058	1612.12
329.287	1677.12
329.515	1756.12
329.744	2008.12
329.972	2521.12
330.201	3525.12
330.43	4286.12
330.658	3465.12
330.887	2269.12
331.115	1846.12
331.344	1556.12
331.572	1458.12
331.801	1426.12
332.03	1418.12
332.258	1399.12
332.486	1397.12
332.715	1399.12
332.943	1490.12
333.172	1569.12
333.4	1691.12
333.629	1869.12
333.857	2216.12
334.085	2833.12
334.314	3923.12
334.542	5326.12
334.771	5562.12
334.999	3471.12
335.227	2307.12
335.455	1832.12
335.684	1570.12
335.912	1466.12
336.14	1348.12
336.369	1287.12
336.597	1243.12
336.825	1200.12
337.053	1137.12
337.281	1135.12
337.51	1060.12
337.738	1060.12
337.966	1011.12
338.194	1039.12
338.422	1001.12
338.65	967.12
338.878	978.12
339.106	946.12
339.334	927.12
339.562	919.12
339.79	915.12
340.018	879.12
340.246	898.12
340.474	894.12
340.702	885.12
340.93	889.12
341.158	886.12
341.386	885.12
341.614	888.12
341.842	898.12
342.07	853.12
342.298	835.12
342.526	839.12
342.754	852.12
342.981	830.12
343.209	849.12
343.437	881.12
343.665	908.12
343.893	923.12
344.12	944.12
344.348	893.12
344.576	900.12
344.804	902.12
345.031	885.12
345.259	886.12
345.487	886.12
345.714	855.12
345.942	836.12
346.17	799.12
346.397	833.12
346.625	832.12
346.853	815.12
347.08	820.12
347.308	835.12
347.535	825.12
347.763	870.12
347.99	830.12
348.218	834.12
348.445	844.12
348.673	832.12
348.9	804.12
349.128	802.12
349.355	783.12
349.583	824.12
349.81	788.12
350.037	787.12
350.265	810.12
350.492	794.12
350.72	792.12
350.947	805.12
351.174	821.12
351.402	834.12
351.629	820.12
351.856	822.12
352.083	838.12
352.311	837.12
352.538	849.12
352.765	816.12
352.992	830.12
353.22	820.12
353.447	818.12
353.674	790.12
353.901	786.12
354.128	786.12
354.355	771.12
354.583	784.12
354.81	809.12
355.037	790.12
355.264	782.12
355.491	757.12
355.718	805.12
355.945	766.12
356.172	780.12
356.399	772.12
356.626	766.12
356.853	800.12
357.08	773.12
357.307	786.12
357.534	798.12
357.761	783.12
357.988	812.12
358.215	782.12
358.441	753.12
358.668	760.12
358.895	825.12
359.122	801.12
359.349	816.12
359.576	820.12
359.802	855.12
360.029	870.12
360.256	899.12
360.483	849.12
360.709	833.12
360.936	844.12
361.163	823.12
361.39	821.12
361.616	810.12
361.843	826.12
362.07	842.12
362.296	820.12
362.523	819.12
362.749	803.12
362.976	804.12
363.203	806.12
363.429	788.12
363.656	803.12
363.882	800.12
364.109	828.12
364.335	794.12
364.562	800.12
364.788	794.12
365.015	790.12
365.241	798.12
365.468	799.12
365.694	833.12
365.92	822.12
366.147	820.12
366.373	799.12
366.599	807.12
366.826	774.12
367.052	791.12
367.278	778.12
367.505	850.12
367.731	797.12
367.957	794.12
368.184	793.12
368.41	847.12
368.636	853.12
368.862	832.12
369.089	833.12
369.315	847.12
369.541	816.12
369.767	838.12
369.993	854.12
370.219	856.12
370.445	848.12
370.672	798.12
370.898	818.12
371.124	842.12
371.35	850.12
371.576	842.12
371.802	833.12
372.028	831.12
372.254	829.12
372.48	853.12
372.706	851.12
372.932	842.12
373.158	845.12
373.384	859.12
373.61	846.12
373.835	828.12
374.061	830.12
374.287	883.12
374.513	828.12
374.739	855.12
374.965	897.12
375.191	884.12
375.416	881.12
375.642	873.12
375.868	846.12
376.094	866.12
376.319	823.12
376.545	838.12
376.771	816.12
376.997	869.12
377.222	844.12
377.448	813.12
377.674	820.12
377.899	830.12
378.125	840.12
378.35	816.12
378.576	817.12
378.802	827.12
379.027	832.12
379.253	832.12
379.478	818.12
379.704	820.12
379.929	828.12
380.155	839.12
380.38	827.12
380.606	833.12
380.831	847.12
381.057	820.12
381.282	832.12
381.507	834.12
381.733	837.12
381.958	834.12
382.184	867.12
382.409	872.12
382.634	850.12
382.86	866.12
383.085	868.12
383.31	890.12
383.535	897.12
383.761	894.12
383.986	899.12
384.211	930.12
384.436	911.12
384.662	935.12
384.887	924.12
385.112	950.12
385.337	948.12
385.562	948.12
385.787	968.12
386.013	999.12
386.238	987.12
386.463	984.12
386.688	981.12
386.913	938.12
387.138	962.12
387.363	951.12
387.588	956.12
387.813	960.12
388.038	938.12
388.263	948.12
388.488	969.12
388.713	954.12
388.938	934.12
389.163	969.12
389.387	959.12
389.612	968.12
389.837	932.12
390.062	920.12
390.287	957.12
390.512	964.12
390.736	951.12
390.961	991.12
391.186	963.12
391.411	1015.12
391.636	991.12
391.86	1033.12
392.085	1062.12
392.31	1061.12
392.534	1022.12
392.759	1045.12
392.984	1036.12
393.208	1022.12
393.433	1008.12
393.658	993.12
393.882	991.12
394.107	999.12
394.331	1026.12
394.556	1024.12
394.78	1035.12
395.005	1023.12
395.229	1041.12
395.454	1061.12
395.678	1086.12
395.903	1065.12
396.127	1092.12
396.352	1087.12
396.576	1075.12
396.801	1063.12
397.025	1034.12
397.249	1063.12
397.474	1076.12
397.698	1130.12
397.922	1104.12
398.147	1136.12
398.371	1144.12
398.595	1148.12
398.82	1182.12
399.044	1229.12
399.268	1331.12
399.492	1487.12
399.717	1570.12
399.941	1618.12
400.165	1553.12
400.389	1487.12
400.613	1330.12
400.837	1302.12
401.062	1232.12
401.286	1198.12
401.51	1221.12
401.734	1234.12
401.958	1221.12
402.182	1254.12
402.406	1257.12
402.63	1339.12
402.854	1304.12
403.078	1325.12
403.302	1337.12
403.526	1361.12
403.75	1384.12
403.974	1391.12
404.198	1391.12
404.422	1456.12
404.645	1490.12
404.869	1571.12
405.093	1640.12
405.317	1747.12
405.541	1765.12
405.765	1633.12
405.988	1555.12
406.212	1537.12
406.436	1536.12
406.66	1525.12
406.883	1521.12
407.107	1548.12
407.331	1621.12
407.555	1729.12
407.778	1687.12
408.002	1551.12
408.226	1540.12
408.449	1484.12
408.673	1459.12
408.896	1462.12
409.12	1497.12
409.344	1481.12
409.567	1394.12
409.791	1408.12
410.014	1420.12
410.238	1368.12
410.461	1412.12
410.685	1396.12
410.908	1380.12
411.132	1406.12
411.355	1466.12
411.578	1428.12
411.802	1413.12
412.025	1456.12
412.249	1540.12
412.472	1672.12
412.695	1809.12
412.919	1774.12
413.142	1653.12
413.365	1569.12
413.589	1516.12
413.812	1424.12
414.035	1381.12
414.258	1392.12
414.482	1379.12
414.705	1372.12
414.928	1331.12
415.151	1292.12
415.374	1291.12
415.597	1265.12
415.821	1310.12
416.044	1282.12
416.267	1342.12
416.49	1264.12
416.713	1297.12
416.936	1266.12
417.159	1322.12
417.382	1352.12
417.605	1384.12
417.828	1431.12
418.051	1398.12
418.274	1330.12
418.497	1341.12
418.72	1352.12
418.943	1335.12
419.166	1379.12
419.389	1480.12
419.611	1476.12
419.834	1500.12
420.057	1568.12
420.28	1650.12
420.503	1704.12
420.726	1582.12
420.948	1486.12
421.171	1557.12
421.394	1487.12
421.617	1389.12
421.839	1388.12
422.062	1384.12
422.285	1345.12
422.507	1441.12
422.73	1522.12
422.953	1446.12
423.175	1414.12
423.398	1374.12
423.621	1353.12
423.843	1401.12
424.066	1377.12
424.288	1414.12
424.511	1381.12
424.733	1446.12
424.956	1566.12
425.178	1518.12
425.401	1518.12
425.623	1541.12
425.846	1366.12
426.068	1345.12
426.291	1338.12
426.513	1319.12
426.735	1324.12
426.958	1395.12
427.18	1537.12
427.402	1686.12
427.625	1882.12
427.847	1869.12
428.069	1773.12
428.292	1668.12
428.514	1440.12
428.736	1375.12
428.958	1309.12
429.181	1240.12
429.403	1260.12
429.625	1252.12
429.847	1270.12
430.069	1372.12
430.292	1367.12
430.514	1191.12
430.736	1203.12
430.958	1225.12
431.18	1212.12
431.402	1209.12
431.624	1209.12
431.846	1184.12
432.068	1193.12
432.29	1201.12
432.512	1182.12
432.734	1210.12
432.956	1184.12
433.178	1201.12
433.4	1200.12
433.622	1201.12
433.844	1198.12
434.066	1191.12
434.287	1180.12
434.509	1202.12
434.731	1236.12
434.953	1304.12
435.175	1298.12
435.397	1332.12
435.618	1298.12
435.84	1340.12
436.062	1502.12
436.284	1553.12
436.505	1354.12
436.727	1292.12
436.949	1286.12
437.17	1234.12
437.392	1221.12
437.614	1230.12
437.835	1269.12
438.057	1438.12
438.278	1559.12
438.5	1562.12
438.721	1700.12
438.943	1569.12
439.165	1319.12
439.386	1314.12
439.608	1279.12
439.829	1320.12
440.05	1410.12
440.272	1472.12
440.493	1360.12
440.715	1251.12
440.936	1274.12
441.158	1256.12
441.379	1262.12
441.6	1318.12
441.822	1365.12
442.043	1429.12
442.264	1509.12
442.486	1534.12
442.707	1384.12
442.928	1360.12
443.149	1373.12
443.371	1400.12
443.592	1462.12
443.813	1622.12
444.034	1681.12
444.255	1492.12
444.476	1468.12
444.698	1476.12
444.919	1461.12
445.14	1532.12
445.361	1489.12
445.582	1468.12
445.803	1569.12
446.024	1695.12
446.245	1682.12
446.466	1524.12
446.687	1378.12
446.908	1302.12
447.129	1244.12
447.35	1232.12
447.571	1225.12
447.792	1218.12
448.013	1194.12
448.234	1222.12
448.455	1302.12
448.675	1478.12
448.896	1700.12
449.117	1414.12
449.338	1415.12
449.559	1597.12
449.779	1718.12
450	1408.12
450.221	1249.12
450.442	1182.12
450.662	1204.12
450.883	1228.12
451.104	1236.12
451.324	1191.12
451.545	1177.12
451.766	1174.12
451.986	1115.12
452.207	1122.12
452.428	1123.12
452.648	1119.12
452.869	1121.12
453.089	1111.12
453.31	1146.12
453.53	1111.12
453.751	1088.12
453.971	1136.12
454.192	1146.12
454.412	1101.12
454.633	1084.12
454.853	1075.12
455.073	1060.12
455.294	1108.12
455.514	1214.12
455.734	1144.12
455.955	1048.12
456.175	1051.12
456.395	1034.12
456.616	1047.12
456.836	1070.12
457.056	1066.12
457.276	1042.12
457.497	1049.12
457.717	1063.12
457.937	1078.12
458.157	1107.12
458.377	1086.12
458.598	1119.12
458.818	1254.12
459.038	1424.12
459.258	1400.12
459.478	1272.12
459.698	1236.12
459.918	1226.12
460.138	1281.12
460.358	1296.12
460.578	1313.12
460.798	1301.12
461.018	1335.12
461.238	1289.12
461.458	1329.12
461.678	1282.12
461.898	1280.12
462.118	1314.12
462.338	1351.12
462.558	1408.12
462.777	1447.12
462.997	1523.12
463.217	1615.12
463.437	1613.12
463.657	1501.12
463.876	1472.12
464.096	1461.12
464.316	1470.12
464.536	1490.12
464.755	1441.12
464.975	1441.12
465.195	1494.12
465.414	1611.12
465.634	1414.12
465.854	1312.12
466.073	1254.12
466.293	1242.12
466.512	1224.12
466.732	1203.12
466.951	1212.12
467.171	1247.12
467.391	1278.12
467.61	1300.12
467.829	1397.12
468.049	1866.12
468.268	2723.12
468.488	2046.12
468.707	1596.12
468.927	1495.12
469.146	1348.12
469.365	1381.12
469.585	1299.12
469.804	1296.12
470.023	1340.12
470.243	1312.12
470.462	1348.12
470.681	1390.12
470.901	1403.12
471.12	1349.12
471.339	1376.12
471.558	1382.12
471.777	1467.12
471.997	1699.12
472.216	2597.12
472.435	5425.12
472.654	4226.12
472.873	2627.12
473.092	2089.12
473.311	1842.12
473.53	1689.12
473.749	1600.12
473.968	1556.12
474.187	1647.12
474.406	1626.12
474.625	1490.12
474.844	1380.12
475.063	1404.12
475.282	1349.12
475.501	1342.12
475.72	1318.12
475.939	1332.12
476.158	1306.12
476.377	1326.12
476.596	1327.12
476.814	1342.12
477.033	1369.12
477.252	1384.12
477.471	1422.12
477.69	1410.12
477.908	1449.12
478.127	1455.12
478.346	1428.12
478.564	1501.12
478.783	1520.12
479.002	1526.12
479.22	1561.12
479.439	1585.12
479.658	1618.12
479.876	1706.12
480.095	1728.12
480.313	1797.12
480.532	1960.12
480.751	2244.12
480.969	3107.12
481.188	7100.12
481.406	9316.12
481.624	4977.12
481.843	3516.12
482.061	2864.12
482.28	2533.12
482.498	2254.12
482.717	2052.12
482.935	1998.12
483.153	1900.12
483.372	1837.12
483.59	1780.12
483.808	1730.12
484.027	1719.12
484.245	1676.12
484.463	1698.12
484.681	1689.12
484.9	1644.12
485.118	1657.12
485.336	1635.12
485.554	1632.12
485.772	1663.12
485.99	1652.12
486.209	1628.12
486.427	1633.12
486.645	1657.12
486.863	1691.12
487.081	1676.12
487.299	1641.12
487.517	1658.12
487.735	1634.12
487.953	1668.12
488.171	1694.12
488.389	1646.12
488.607	1657.12
488.825	1635.12
489.043	1700.12
489.261	1675.12
489.479	1698.12
489.696	1732.12
489.914	1730.12
490.132	1790.12
490.35	1845.12
490.568	1846.12
490.786	1914.12
491.003	1989.12
491.221	2088.12
491.439	2188.12
491.657	2262.12
491.874	2297.12
492.092	2353.12
492.31	2369.12
492.527	2412.12
492.745	2488.12
492.963	2490.12
493.18	2493.12
493.398	2418.12
493.615	2395.12
493.833	2300.12
494.05	2279.12
494.268	2193.12
494.485	2148.12
494.703	2123.12
494.92	2056.12
495.138	2032.12
495.355	2012.12
495.573	2035.12
495.79	1970.12
496.008	1980.12
496.225	1951.12
496.442	1922.12
496.66	1942.12
496.877	1929.12
497.094	1938.12
497.312	1900.12
497.529	1972.12
497.746	1953.12
497.963	1998.12
498.181	2050.12
498.398	2067.12
498.615	2100.12
498.832	2179.12
499.049	2240.12
499.267	2374.12
499.484	2464.12
499.701	2664.12
499.918	2819.12
500.135	3132.12
500.352	3376.12
500.569	3521.12
500.786	3628.12
501.003	3375.12
501.22	3135.12
501.437	2830.12
501.654	2583.12
501.871	2463.12
502.088	2310.12
502.305	2174.12
502.522	2113.12
502.739	2040.12
502.956	1945.12
503.172	1896.12
503.389	1836.12
503.606	1849.12
503.823	1832.12
504.04	1766.12
504.256	1789.12
504.473	1804.12
504.69	1836.12
504.907	1764.12
505.123	1716.12
505.34	1667.12
505.557	1609.12
505.773	1621.12
505.99	1591.12
506.207	1562.12
506.423	1554.12
506.64	1553.12
506.856	1563.12
507.073	1507.12
507.289	1507.12
507.506	1494.12
507.722	1509.12
507.939	1531.12
508.155	1486.12
508.372	1470.12
508.588	1437.12
508.805	1444.12
509.021	1430.12
509.238	1466.12
509.454	1432.12
509.67	1446.12
509.887	1439.12
510.103	1447.12
510.319	1535.12
510.536	1765.12
510.752	3189.12
510.968	2336.12
511.184	1566.12
511.401	1529.12
511.617	1562.12
511.833	1677.12
512.049	1784.12
512.265	1710.12
512.481	1602.12
512.698	1524.12
512.914	1521.12
513.13	1480.12
513.346	1459.12
513.562	1474.12
513.778	1482.12
513.994	1442.12
514.21	1472.12
514.426	1536.12
514.642	1600.12
514.858	1662.12
515.074	1765.12
515.29	2096.12
515.506	3145.12
515.721	2356.12
515.937	1742.12
516.153	1634.12
516.369	1570.12
516.585	1607.12
516.801	1600.12
517.016	1563.12
517.232	1623.12
517.448	1611.12
517.664	1639.12
517.879	1622.12
518.095	1639.12
518.311	1655.12
518.527	1609.12
518.742	1545.12
518.958	1515.12
519.173	1512.12
519.389	1483.12
519.605	1448.12
519.82	1469.12
520.036	1491.12
520.251	1505.12
520.467	1560.12
520.682	1509.12
520.898	1560.12
521.113	1607.12
521.329	1712.12
521.544	1894.12
521.76	2403.12
521.975	4080.12
522.19	3727.12
522.406	1990.12
522.621	1601.12
522.836	1465.12
523.052	1352.12
523.267	1358.12
523.482	1318.12
523.698	1304.12
523.913	1297.12
524.128	1286.12
524.343	1278.12
524.559	1260.12
524.774	1235.12
524.989	1217.12
525.204	1222.12
525.419	1221.12
525.634	1214.12
525.849	1212.12
526.064	1220.12
526.28	1183.12
526.495	1174.12
526.71	1150.12
526.925	1136.12
527.14	1145.12
527.355	1145.12
527.57	1142.12
527.785	1145.12
527.999	1145.12
528.214	1172.12
528.429	1196.12
528.644	1147.12
528.859	1158.12
529.074	1155.12
529.289	1210.12
529.503	1384.12
529.718	1279.12
529.933	1256.12
530.148	1171.12
530.363	1190.12
530.577	1129.12
530.792	1143.12
531.007	1128.12
531.221	1131.12
531.436	1146.12
531.651	1125.12
531.865	1148.12
532.08	1114.12
532.295	1138.12
532.509	1110.12
532.724	1099.12
532.938	1129.12
533.153	1113.12
533.367	1114.12
533.582	1119.12
533.796	1112.12
534.011	1082.12
534.225	1123.12
534.44	1076.12
534.654	1093.12
534.868	1085.12
535.083	1086.12
535.297	1073.12
535.511	1095.12
535.726	1104.12
535.94	1106.12
536.154	1126.12
536.369	1064.12
536.583	1048.12
536.797	1029.12
537.011	1052.12
537.225	1058.12
537.44	1018.12
537.654	1076.12
537.868	1036.12
538.082	1044.12
538.296	1039.12
538.51	1009.12
538.724	1029.12
538.938	1023.12
539.153	1038.12
539.367	1066.12
539.581	1078.12
539.795	1024.12
540.009	994.12
540.222	1014.12
540.436	1036.12
540.65	1014.12
540.864	1041.12
541.078	1022.12
541.292	1047.12
541.506	1042.12
541.72	1016.12
541.934	1026.12
542.147	1031.12
542.361	1020.12
542.575	1038.12
542.789	976.12
543.002	1014.12
543.216	1020.12
543.43	1008.12
543.644	1009.12
543.857	996.12
544.071	1009.12
544.285	1042.12
544.498	1013.12
544.712	996.12
544.925	1038.12
545.139	1010.12
545.352	1015.12
545.566	1023.12
545.779	1015.12
545.993	1039.12
546.206	1029.12
546.42	1019.12
546.633	1041.12
546.847	1031.12
547.06	992.12
547.274	1015.12
547.487	1018.12
547.7	1010.12
547.914	1026.12
548.127	1016.12
548.34	1034.12
548.554	1001.12
548.767	980.12
548.98	1014.12
549.193	996.12
549.407	1014.12
549.62	1004.12
549.833	1048.12
550.046	1006.12
550.259	1018.12
550.473	990.12
550.686	981.12
550.899	993.12
551.112	963.12
551.325	971.12
551.538	996.12
551.751	983.12
551.964	956.12
552.177	976.12
552.39	968.12
552.603	1018.12
552.816	1021.12
553.029	1055.12
553.242	1051.12
553.455	1079.12
553.667	1097.12
553.88	1088.12
554.093	1060.12
554.306	1046.12
554.519	1026.12
554.732	989.12
554.944	1006.12
555.157	1001.12
555.37	982.12
555.583	964.12
555.795	954.12
556.008	927.12
556.221	910.12
556.433	899.12
556.646	924.12
556.859	889.12
557.071	904.12
557.284	903.12
557.496	877.12
557.709	894.12
557.921	872.12
558.134	885.12
558.346	869.12
558.559	874.12
558.771	862.12
558.984	864.12
559.196	840.12
559.409	835.12
559.621	848.12
559.833	841.12
560.046	848.12
560.258	841.12
560.47	876.12
560.683	864.12
560.895	862.12
561.107	859.12
561.32	824.12
561.532	836.12
561.744	835.12
561.956	834.12
562.168	853.12
562.381	828.12
562.593	831.12
562.805	841.12
563.017	839.12
563.229	855.12
563.441	837.12
563.653	844.12
563.865	827.12
564.077	859.12
564.289	837.12
564.501	870.12
564.713	881.12
564.925	896.12
565.137	911.12
565.349	914.12
565.561	927.12
565.773	915.12
565.985	968.12
566.197	996.12
566.408	1032.12
566.62	1092.12
566.832	1141.12
567.044	1161.12
567.255	1155.12
567.467	1181.12
567.679	1214.12
567.891	1273.12
568.102	1285.12
568.314	1244.12
568.526	1141.12
568.737	1056.12
568.949	1001.12
569.161	974.12
569.372	906.12
569.584	872.12
569.795	832.12
570.007	835.12
570.218	910.12
570.43	904.12
570.641	813.12
570.853	825.12
571.064	814.12
571.276	830.12
571.487	807.12
571.698	760.12
571.91	757.12
572.121	754.12
572.333	735.12
572.544	720.12
572.755	706.12
572.966	716.12
573.178	722.12
573.389	712.12
573.6	695.12
573.811	705.12
574.023	701.12
574.234	686.12
574.445	679.12
574.656	692.12
574.867	690.12
575.078	659.12
575.289	672.12
575.501	659.12
575.712	656.12
575.923	646.12
576.134	641.12
576.345	645.12
576.556	644.12
576.767	644.12
576.978	670.12
577.188	658.12
577.399	686.12
577.61	634.12
577.821	654.12
578.032	654.12
578.243	717.12
578.454	1169.12
578.665	839.12
578.875	649.12
579.086	622.12
579.297	599.12
579.508	608.12
579.718	605.12
579.929	615.12
580.14	629.12
580.35	642.12
580.561	609.12
580.772	613.12
580.982	596.12
581.193	595.12
581.403	612.12
581.614	622.12
581.825	619.12
582.035	618.12
582.246	614.12
582.456	575.12
582.667	560.12
582.877	588.12
583.087	583.12
583.298	584.12
583.508	586.12
583.719	586.12
583.929	593.12
584.139	577.12
584.35	583.12
584.56	563.12
584.77	568.12
584.981	584.12
585.191	573.12
585.401	577.12
585.611	576.12
585.821	591.12
586.032	582.12
586.242	584.12
586.452	566.12
586.662	582.12
586.872	551.12
587.082	569.12
587.292	551.12
587.502	558.12
587.713	553.12
587.923	544.12
588.133	543.12
588.343	540.12
588.553	548.12
588.762	569.12
588.972	556.12
589.182	601.12
589.392	571.12
589.602	616.12
589.812	628.12
590.022	582.12
590.232	560.12
590.441	558.12
590.651	572.12
590.861	549.12
591.071	578.12
591.281	554.12
591.49	586.12
591.7	590.12
591.91	577.12
592.119	578.12
592.329	588.12
592.539	590.12
592.748	627.12
592.958	616.12
593.167	640.12
593.377	622.12
593.587	615.12
593.796	656.12
594.006	636.12
594.215	638.12
594.424	634.12
594.634	653.12
594.843	627.12
595.053	616.12
595.262	580.12
595.472	594.12
595.681	522.12
595.89	581.12
596.1	551.12
596.309	545.12
596.518	559.12
596.727	548.12
596.937	516.12
597.146	518.12
597.355	531.12
597.564	536.12
597.774	500.12
597.983	526.12
598.192	518.12
598.401	480.12
598.61	517.12
598.819	510.12
599.028	477.12
599.237	483.12
599.446	466.12
599.655	475.12
599.864	514.12
600.073	492.12
600.282	495.12
600.491	494.12
600.7	493.12
600.909	480.12
601.118	484.12
601.327	517.12
601.536	493.12
601.745	502.12
601.953	500.12
602.162	480.12
602.371	497.12
602.58	496.12
602.789	484.12
602.997	479.12
603.206	507.12
603.415	476.12
603.623	481.12
603.832	468.12
604.041	494.12
604.249	446.12
604.458	454.12
604.666	472.12
604.875	451.12
605.084	486.12
605.292	461.12
605.501	466.12
605.709	460.12
605.918	458.12
606.126	483.12
606.334	465.12
606.543	451.12
606.751	452.12
606.96	467.12
607.168	463.12
607.376	448.12
607.585	459.12
607.793	454.12
608.001	462.12
608.21	454.12
608.418	453.12
608.626	463.12
608.834	474.12
609.043	444.12
609.251	468.12
609.459	448.12
609.667	467.12
609.875	462.12
610.083	457.12
610.291	444.12
610.499	448.12
610.707	451.12
610.916	449.12
611.124	472.12
611.332	463.12
611.54	473.12
611.748	469.12
611.955	464.12
612.163	448.12
612.371	447.12
612.579	439.12
612.787	466.12
612.995	448.12
613.203	448.12
613.411	439.12
613.618	443.12
613.826	443.12
614.034	426.12
614.242	428.12
614.449	438.12
614.657	418.12
614.865	412.12
615.072	420.12
615.28	430.12
615.488	415.12
615.695	419.12
615.903	443.12
616.111	438.12
616.318	449.12
616.526	414.12
616.733	433.12
616.941	432.12
617.148	428.12
617.356	400.12
617.563	431.12
617.771	432.12
617.978	403.12
618.185	419.12
618.393	415.12
618.6	409.12
618.807	404.12
619.015	412.12
619.222	398.12
619.429	398.12
619.637	396.12
619.844	402.12
620.051	382.12
620.258	379.12
620.466	393.12
620.673	408.12
620.88	402.12
621.087	389.12
621.294	370.12
621.501	388.12
621.708	372.12
621.915	382.12
622.122	370.12
622.329	390.12
622.536	385.12
622.743	378.12
622.95	377.12
623.157	369.12
623.364	384.12
623.571	366.12
623.778	360.12
623.985	380.12
624.192	358.12
624.399	369.12
624.606	357.12
624.812	351.12
625.019	359.12
625.226	359.12
625.433	369.12
625.639	357.12
625.846	357.12
626.053	356.12
626.259	344.12
626.466	359.12
626.673	352.12
626.879	337.12
627.086	348.12
627.293	346.12
627.499	358.12
627.706	335.12
627.912	348.12
628.119	347.12
628.325	348.12
628.532	344.12
628.738	314.12
628.945	333.12
629.151	339.12
629.357	340.12
629.564	340.12
629.77	320.12
629.976	333.12
630.183	322.12
630.389	328.12
630.595	334.12
630.802	328.12
631.008	312.12
631.214	302.12
631.42	313.12
631.627	316.12
631.833	332.12
632.039	324.12
632.245	316.12
632.451	307.12
632.657	326.12
632.863	308.12
633.069	310.12
633.275	332.12
633.481	317.12
633.688	310.12
633.893	302.12
634.099	330.12
634.305	315.12
634.511	322.12
634.717	328.12
634.923	303.12
635.129	317.12
635.335	344.12
635.541	339.12
635.747	344.12
635.952	350.12
636.158	400.12
636.364	554.12
636.57	699.12
636.775	534.12
636.981	462.12
637.187	440.12
637.392	392.12
637.598	363.12
637.804	344.12
638.009	358.12
638.215	335.12
638.421	337.12
638.626	313.12
638.832	337.12
639.037	327.12
639.243	310.12
639.448	304.12
639.654	300.12
639.859	308.12
640.065	281.12
640.27	287.12
640.475	285.12
640.681	281.12
640.886	285.12
641.091	286.12
641.297	290.12
641.502	274.12
641.707	283.12
641.913	288.12
642.118	295.12
642.323	285.12
642.528	269.12
642.733	281.12
642.939	280.12
643.144	254.12
643.349	268.12
643.554	270.12
643.759	262.12
643.964	262.12
644.169	283.12
644.374	254.12
644.579	248.12
644.784	250.12
644.989	262.12
645.194	259.12
645.399	237.12
645.604	258.12
645.809	279.12
646.014	274.12
646.219	250.12
646.423	258.12
646.628	252.12
646.833	253.12
647.038	248.12
647.243	255.12
647.447	262.12
647.652	263.12
647.857	258.12
648.062	271.12
648.266	260.12
648.471	258.12
648.676	261.12
648.88	276.12
649.085	267.12
649.289	279.12
649.494	266.12
649.698	290.12
649.903	261.12
650.107	236.12
650.312	252.12
650.516	242.12
650.721	241.12
650.925	223.12
651.13	228.12
651.334	205.12
651.539	239.12
651.743	202.12
651.947	214.12
652.152	229.12
652.356	210.12
652.56	212.12
652.764	207.12
652.969	203.12
653.173	191.12
653.377	200.12
653.581	192.12
653.785	200.12
653.99	194.12
654.194	188.12
654.398	190.12
654.602	198.12
654.806	186.12
655.01	202.12
655.214	204.12
655.418	204.12
655.622	198.12
655.826	196.12
656.03	195.12
656.234	193.12
656.438	202.12
656.642	199.12
656.846	194.12
657.049	187.12
657.253	184.12
657.457	175.12
657.661	143.12
657.865	134.12
658.068	153.12
658.272	139.12
658.476	135.12
658.68	150.12
658.883	136.12
659.087	128.12
659.291	119.12
659.494	120.12
659.698	120.12
659.901	117.12
660.105	120.12
660.309	109.12
660.512	101.12
660.716	119.12
660.919	108.12
661.123	98.12
661.326	110.12
661.53	104.12
661.733	100.12
661.936	93.12
662.14	104.12
662.343	106.12
662.546	91.12
662.75	96.12
662.953	92.12
663.156	85.12
663.36	77.12
663.563	84.12
663.766	95.12
663.969	92.12
664.173	82.12
664.376	66.12
664.579	79.12
664.782	79.12
664.985	92.12
665.188	89.12
665.391	84.12
665.594	81.12
665.797	86.12
666	86.12
666.203	71.12
666.406	78.12
666.609	83.12
666.812	84.12
667.015	100.12
667.218	88.12
667.421	79.12
667.624	79.12
667.827	79.12
668.03	74.12
668.232	85.12
668.435	87.12
668.638	77.12
668.841	82.12
669.043	92.12
669.246	81.12
669.449	81.12
669.651	83.12
669.854	72.12
670.057	74.12
670.259	67.12
670.462	99.12
670.665	87.12
670.867	90.12
671.07	68.12
671.272	85.12
671.475	92.12
671.677	84.12
671.88	86.12
672.082	87.12
672.284	87.12
672.487	85.12
672.689	99.12
672.892	95.12
