223.165	-20.75
223.4	-20.75
223.635	-20.75
223.869	-16.75
224.104	-9.75
224.338	-19.75
224.573	-12.75
224.808	-19.75
225.042	2.25
225.277	-13.75
225.511	-7.75
225.746	4.25
225.98	11.25
226.215	10.25
226.449	17.25
226.683	23.25
226.918	19.25
227.152	33.25
227.387	46.25
227.621	33.25
227.856	35.25
228.09	46.25
228.324	56.25
228.559	64.25
228.793	94.25
229.027	122.25
229.262	142.25
229.496	178.25
229.73	177.25
229.964	211.25
230.199	163.25
230.433	158.25
230.667	154.25
230.901	156.25
231.136	166.25
231.37	148.25
231.604	157.25
231.838	162.25
232.072	145.25
232.306	165.25
232.541	133.25
232.775	153.25
233.009	180.25
233.243	171.25
233.477	160.25
233.711	158.25
233.945	154.25
234.179	154.25
234.413	158.25
234.647	150.25
234.881	167.25
235.115	159.25
235.349	158.25
235.583	152.25
235.817	153.25
236.051	172.25
236.285	161.25
236.519	177.25
236.753	171.25
236.987	199.25
237.221	259.25
237.455	294.25
237.689	254.25
237.922	199.25
238.156	194.25
238.39	174.25
238.624	187.25
238.858	198.25
239.091	178.25
239.325	180.25
239.559	186.25
239.793	199.25
240.027	186.25
240.26	200.25
240.494	216.25
240.728	215.25
240.961	218.25
241.195	207.25
241.429	186.25
241.662	206.25
241.896	195.25
242.13	192.25
242.363	204.25
242.597	214.25
242.83	201.25
243.064	207.25
243.298	214.25
243.531	225.25
243.765	232.25
243.998	224.25
244.232	233.25
244.465	227.25
244.699	229.25
244.932	227.25
245.166	224.25
245.399	234.25
245.633	222.25
245.866	239.25
246.099	224.25
246.333	238.25
246.566	237.25
246.8	236.25
247.033	243.25
247.266	229.25
247.5	253.25
247.733	260.25
247.966	272.25
248.2	274.25
248.433	262.25
248.666	267.25
248.899	286.25
249.133	290.25
249.366	308.25
249.599	335.25
249.832	309.25
250.066	342.25
250.299	368.25
250.532	463.25
250.765	523.25
250.998	482.25
251.231	410.25
251.465	362.25
251.698	338.25
251.931	356.25
252.164	316.25
252.397	320.25
252.63	341.25
252.863	346.25
253.096	321.25
253.329	337.25
253.562	354.25
253.795	350.25
254.028	334.25
254.261	347.25
254.494	358.25
254.727	375.25
254.96	406.25
255.193	414.25
255.426	412.25
255.659	450.25
255.892	596.25
256.124	772.25
256.357	843.25
256.59	670.25
256.823	576.25
257.056	481.25
257.289	449.25
257.521	442.25
257.754	415.25
257.987	379.25
258.22	392.25
258.452	368.25
258.685	380.25
258.918	375.25
259.151	387.25
259.383	372.25
259.616	376.25
259.849	401.25
260.081	386.25
260.314	377.25
260.547	384.25
260.779	384.25
261.012	368.25
261.244	378.25
261.477	366.25
261.71	364.25
261.942	366.25
262.175	390.25
262.407	396.25
262.64	364.25
262.872	342.25
263.105	354.25
263.337	359.25
263.57	359.25
263.802	351.25
264.035	339.25
264.267	339.25
264.499	341.25
264.732	354.25
264.964	358.25
265.197	339.25
265.429	360.25
265.661	361.25
265.894	352.25
266.126	358.25
266.358	375.25
266.591	354.25
266.823	373.25
267.055	359.25
267.287	376.25
267.52	406.25
267.752	377.25
267.984	366.25
268.216	368.25
268.448	373.25
268.681	382.25
268.913	384.25
269.145	419.25
269.377	402.25
269.609	376.25
269.841	400.25
270.073	404.25
270.306	436.25
270.538	443.25
270.77	425.25
271.002	419.25
271.234	442.25
271.466	424.25
271.698	456.25
271.93	468.25
272.162	443.25
272.394	445.25
272.626	440.25
272.858	458.25
273.09	430.25
273.322	430.25
273.553	404.25
273.785	428.25
274.017	423.25
274.249	440.25
274.481	427.25
274.713	446.25
274.945	447.25
275.176	444.25
275.408	460.25
275.64	454.25
275.872	484.25
276.104	488.25
276.335	483.25
276.567	483.25
276.799	531.25
277.031	549.25
277.262	570.25
277.494	570.25
277.726	553.25
277.957	510.25
278.189	492.25
278.421	476.25
278.652	490.25
278.884	482.25
279.115	492.25
279.347	502.25
279.579	502.25
279.81	535.25
280.042	555.25
280.273	615.25
280.505	620.25
280.736	541.25
280.968	515.25
281.199	515.25
281.431	496.25
281.662	491.25
281.894	478.25
282.125	502.25
282.356	512.25
282.588	529.25
282.819	560.25
283.051	490.25
283.282	479.25
283.513	476.25
283.745	478.25
283.976	477.25
284.207	488.25
284.439	474.25
284.67	473.25
284.901	491.25
285.132	486.25
285.364	469.25
285.595	470.25
285.826	490.25
286.057	488.25
286.288	496.25
286.52	495.25
286.751	485.25
286.982	463.25
287.213	483.25
287.444	496.25
287.675	506.25
287.906	492.25
288.138	504.25
288.369	530.25
288.6	524.25
288.831	490.25
289.062	488.25
289.293	498.25
289.524	475.25
289.755	502.25
289.986	488.25
290.217	475.25
290.448	481.25
290.679	476.25
290.91	482.25
291.141	515.25
291.371	480.25
291.602	482.25
291.833	503.25
292.064	483.25
292.295	468.25
292.526	487.25
292.757	478.25
292.987	470.25
293.218	477.25
293.449	481.25
293.68	474.25
293.91	469.25
294.141	505.25
294.372	495.25
294.603	491.25
294.833	491.25
295.064	484.25
295.295	499.25
295.525	502.25
295.756	514.25
295.987	517.25
296.217	567.25
296.448	568.25
296.679	533.25
296.909	495.25
297.14	516.25
297.37	532.25
297.601	523.25
297.831	499.25
298.062	529.25
298.292	534.25
298.523	514.25
298.753	518.25
298.984	514.25
299.214	514.25
299.445	527.25
299.675	528.25
299.905	546.25
300.136	538.25
300.366	527.25
300.597	530.25
300.827	537.25
301.057	587.25
301.288	582.25
301.518	570.25
301.748	537.25
301.979	566.25
302.209	577.25
302.439	551.25
302.669	552.25
302.9	560.25
303.13	556.25
303.36	549.25
303.59	586.25
303.82	616.25
304.051	610.25
304.281	586.25
304.511	559.25
304.741	541.25
304.971	561.25
305.201	580.25
305.431	531.25
305.661	554.25
305.891	569.25
306.121	576.25
306.352	598.25
306.582	578.25
306.812	568.25
307.042	569.25
307.272	626.25
307.502	656.25
307.731	667.25
307.961	640.25
308.191	601.25
308.421	582.25
308.651	568.25
308.881	592.25
309.111	578.25
309.341	591.25
309.571	583.25
309.8	620.25
310.03	641.25
310.26	644.25
310.49	622.25
310.72	638.25
310.949	671.25
311.179	656.25
311.409	622.25
311.639	632.25
311.868	655.25
312.098	637.25
312.328	648.25
312.557	691.25
312.787	668.25
313.017	648.25
313.246	663.25
313.476	650.25
313.706	633.25
313.935	663.25
314.165	673.25
314.394	694.25
314.624	665.25
314.853	638.25
315.083	670.25
315.312	662.25
315.542	665.25
315.771	629.25
316.001	628.25
316.23	630.25
316.46	664.25
316.689	666.25
316.919	669.25
317.148	667.25
317.377	688.25
317.607	653.25
317.836	656.25
318.065	666.25
318.295	664.25
318.524	644.25
318.753	651.25
318.983	683.25
319.212	665.25
319.441	692.25
319.67	676.25
319.9	702.25
320.129	681.25
320.358	684.25
320.587	709.25
320.816	712.25
321.046	714.25
321.275	734.25
321.504	714.25
321.733	709.25
321.962	727.25
322.191	760.25
322.42	784.25
322.649	794.25
322.878	818.25
323.108	867.25
323.337	888.25
323.566	926.25
323.795	978.25
324.024	1076.25
324.253	1323.25
324.482	1828.25
324.71	2799.25
324.939	3922.25
325.168	3174.25
325.397	1728.25
325.626	1280.25
325.855	1163.25
326.084	1084.25
326.313	1026.25
326.542	1077.25
326.77	1172.25
326.999	1358.25
327.228	1811.25
327.457	2728.25
327.686	3196.25
327.914	2320.25
328.143	1976.25
328.372	2109.25
328.6	1922.25
328.829	1436.25
329.058	1410.25
329.287	1422.25
329.515	1488.25
329.744	1622.25
329.972	2064.25
330.201	2760.25
330.43	3398.25
330.658	2718.25
330.887	1879.25
331.115	1552.25
331.344	1349.25
331.572	1246.25
331.801	1225.25
332.03	1240.25
332.258	1223.25
332.486	1214.25
332.715	1212.25
332.943	1254.25
333.172	1324.25
333.4	1423.25
333.629	1570.25
333.857	1834.25
334.085	2274.25
334.314	3111.25
334.542	4114.25
334.771	4304.25
334.999	2714.25
335.227	1810.25
335.455	1508.25
335.684	1366.25
335.912	1258.25
336.14	1144.25
336.369	1122.25
336.597	1104.25
336.825	1054.25
337.053	1014.25
337.281	1001.25
337.51	983.25
337.738	946.25
337.966	963.25
338.194	921.25
338.422	919.25
338.65	876.25
338.878	863.25
339.106	888.25
339.334	853.25
339.562	870.25
339.79	834.25
340.018	818.25
340.246	852.25
340.474	859.25
340.702	839.25
340.93	826.25
341.158	820.25
341.386	811.25
341.614	806.25
341.842	814.25
342.07	792.25
342.298	802.25
342.526	802.25
342.754	802.25
342.981	783.25
343.209	799.25
343.437	834.25
343.665	824.25
343.893	870.25
344.12	894.25
344.348	875.25
344.576	857.25
344.804	840.25
345.031	838.25
345.259	829.25
345.487	793.25
345.714	802.25
345.942	770.25
346.17	797.25
346.397	779.25
346.625	770.25
346.853	769.25
347.08	771.25
347.308	799.25
347.535	791.25
347.763	797.25
347.99	776.25
348.218	789.25
348.445	790.25
348.673	782.25
348.9	766.25
349.128	775.25
349.355	744.25
349.583	737.25
349.81	770.25
350.037	734.25
350.265	755.25
350.492	753.25
350.72	746.25
350.947	748.25
351.174	761.25
351.402	798.25
351.629	762.25
351.856	780.25
352.083	771.25
352.311	798.25
352.538	776.25
352.765	779.25
352.992	768.25
353.22	778.25
353.447	798.25
353.674	735.25
353.901	748.25
354.128	721.25
354.355	737.25
354.583	713.25
354.81	723.25
355.037	733.25
355.264	716.25
355.491	724.25
355.718	718.25
355.945	738.25
356.172	730.25
356.399	744.25
356.626	699.25
356.853	738.25
357.08	714.25
357.307	741.25
357.534	731.25
357.761	706.25
357.988	716.25
358.215	722.25
358.441	732.25
358.668	718.25
358.895	712.25
359.122	760.25
359.349	739.25
359.576	790.25
359.802	798.25
360.029	859.25
360.256	828.25
360.483	842.25
360.709	799.25
360.936	779.25
361.163	771.25
361.39	764.25
361.616	771.25
361.843	777.25
362.07	768.25
362.296	804.25
362.523	779.25
362.749	764.25
362.976	790.25
363.203	769.25
363.429	747.25
363.656	763.25
363.882	738.25
364.109	774.25
364.335	755.25
364.562	756.25
364.788	751.25
365.015	773.25
365.241	778.25
365.468	786.25
365.694	760.25
365.92	766.25
366.147	761.25
366.373	759.25
366.599	775.25
366.826	735.25
367.052	763.25
367.278	761.25
367.505	728.25
367.731	759.25
367.957	781.25
368.184	754.25
368.41	762.25
368.636	763.25
368.862	803.25
369.089	741.25
369.315	776.25
369.541	780.25
369.767	783.25
369.993	776.25
370.219	771.25
370.445	754.25
370.672	770.25
370.898	809.25
371.124	783.25
371.35	778.25
371.576	777.25
371.802	813.25
372.028	777.25
372.254	777.25
372.48	804.25
372.706	803.25
372.932	826.25
373.158	796.25
373.384	792.25
373.61	814.25
373.835	791.25
374.061	812.25
374.287	822.25
374.513	821.25
374.739	826.25
374.965	835.25
375.191	846.25
375.416	841.25
375.642	834.25
375.868	856.25
376.094	833.25
376.319	804.25
376.545	793.25
376.771	791.25
376.997	790.25
377.222	801.25
377.448	794.25
377.674	785.25
377.899	781.25
378.125	787.25
378.35	790.25
378.576	804.25
378.802	768.25
379.027	787.25
379.253	788.25
379.478	752.25
379.704	796.25
379.929	789.25
380.155	828.25
380.38	793.25
380.606	789.25
380.831	797.25
381.057	800.25
381.282	789.25
381.507	794.25
381.733	808.25
381.958	828.25
382.184	824.25
382.409	832.25
382.634	789.25
382.86	816.25
383.085	830.25
383.31	819.25
383.535	846.25
383.761	839.25
383.986	867.25
384.211	906.25
384.436	912.25
384.662	883.25
384.887	897.25
385.112	882.25
385.337	905.25
385.562	933.25
385.787	917.25
386.013	923.25
386.238	937.25
386.463	946.25
386.688	959.25
386.913	931.25
387.138	914.25
387.363	932.25
387.588	924.25
387.813	943.25
388.038	914.25
388.263	927.25
388.488	890.25
388.713	891.25
388.938	926.25
389.163	902.25
389.387	935.25
389.612	922.25
389.837	920.25
390.062	908.25
390.287	946.25
390.512	922.25
390.736	908.25
390.961	953.25
391.186	936.25
391.411	964.25
391.636	981.25
391.86	1013.25
392.085	1029.25
392.31	1035.25
392.534	963.25
392.759	980.25
392.984	986.25
393.208	964.25
393.433	982.25
393.658	963.25
393.882	980.25
394.107	978.25
394.331	977.25
394.556	980.25
394.78	972.25
395.005	984.25
395.229	1019.25
395.454	1035.25
395.678	1027.25
395.903	1044.25
396.127	1070.25
396.352	1026.25
396.576	1035.25
396.801	1017.25
397.025	996.25
397.249	1038.25
397.474	1033.25
397.698	1054.25
397.922	1056.25
398.147	1100.25
398.371	1115.25
398.595	1102.25
398.82	1166.25
399.044	1226.25
399.268	1300.25
399.492	1419.25
399.717	1586.25
399.941	1584.25
400.165	1491.25
400.389	1431.25
400.613	1292.25
400.837	1239.25
401.062	1202.25
401.286	1198.25
401.51	1161.25
401.734	1174.25
401.958	1180.25
402.182	1201.25
402.406	1234.25
402.63	1271.25
402.854	1228.25
403.078	1262.25
403.302	1280.25
403.526	1304.25
403.75	1318.25
403.974	1359.25
404.198	1363.25
404.422	1410.25
404.645	1406.25
404.869	1427.25
405.093	1537.25
405.317	1612.25
405.541	1639.25
405.765	1542.25
405.988	1474.25
406.212	1442.25
406.436	1506.25
406.66	1506.25
406.883	1435.25
407.107	1499.25
407.331	1567.25
407.555	1633.25
407.778	1617.25
408.002	1500.25
408.226	1483.25
408.449	1414.25
408.673	1350.25
408.896	1401.25
409.12	1464.25
409.344	1404.25
409.567	1358.25
409.791	1346.25
410.014	1357.25
410.238	1310.25
410.461	1330.25
410.685	1294.25
410.908	1321.25
411.132	1342.25
411.355	1375.25
411.578	1315.25
411.802	1308.25
412.025	1368.25
412.249	1418.25
412.472	1534.25
412.695	1602.25
412.919	1607.25
413.142	1496.25
413.365	1466.25
413.589	1420.25
413.812	1299.25
414.035	1287.25
414.258	1280.25
414.482	1286.25
414.705	1232.25
414.928	1235.25
415.151	1243.25
415.374	1234.25
415.597	1200.25
415.821	1226.25
416.044	1228.25
416.267	1272.25
416.49	1249.25
416.713	1221.25
416.936	1229.25
417.159	1214.25
417.382	1241.25
417.605	1302.25
417.828	1306.25
418.051	1322.25
418.274	1244.25
418.497	1233.25
418.72	1237.25
418.943	1218.25
419.166	1355.25
419.389	1422.25
419.611	1392.25
419.834	1380.25
420.057	1435.25
420.28	1505.25
420.503	1508.25
420.726	1457.25
420.948	1419.25
421.171	1404.25
421.394	1417.25
421.617	1322.25
421.839	1292.25
422.062	1323.25
422.285	1309.25
422.507	1373.25
422.73	1445.25
422.953	1421.25
423.175	1289.25
423.398	1328.25
423.621	1318.25
423.843	1320.25
424.066	1356.25
424.288	1324.25
424.511	1360.25
424.733	1431.25
424.956	1505.25
425.178	1462.25
425.401	1427.25
425.623	1466.25
425.846	1341.25
426.068	1262.25
426.291	1252.25
426.513	1268.25
426.735	1265.25
426.958	1333.25
427.18	1401.25
427.402	1636.25
427.625	1833.25
427.847	1721.25
428.069	1658.25
428.292	1499.25
428.514	1333.25
428.736	1284.25
428.958	1269.25
429.181	1168.25
429.403	1190.25
429.625	1175.25
429.847	1207.25
430.069	1281.25
430.292	1292.25
430.514	1194.25
430.736	1166.25
430.958	1146.25
431.18	1144.25
431.402	1135.25
431.624	1143.25
431.846	1136.25
432.068	1132.25
432.29	1171.25
432.512	1154.25
432.734	1152.25
432.956	1139.25
433.178	1140.25
433.4	1177.25
433.622	1160.25
433.844	1160.25
434.066	1174.25
434.287	1132.25
434.509	1179.25
434.731	1207.25
434.953	1223.25
435.175	1238.25
435.397	1287.25
435.618	1239.25
435.84	1282.25
436.062	1408.25
436.284	1486.25
436.505	1292.25
436.727	1197.25
436.949	1159.25
437.17	1181.25
437.392	1165.25
437.614	1188.25
437.835	1196.25
438.057	1362.25
438.278	1454.25
438.5	1458.25
438.721	1568.25
438.943	1495.25
439.165	1268.25
439.386	1203.25
439.608	1224.25
439.829	1269.25
440.05	1262.25
440.272	1362.25
440.493	1330.25
440.715	1234.25
440.936	1210.25
441.158	1199.25
441.379	1236.25
441.6	1304.25
441.822	1301.25
442.043	1371.25
442.264	1463.25
442.486	1481.25
442.707	1372.25
442.928	1323.25
443.149	1321.25
443.371	1332.25
443.592	1412.25
443.813	1492.25
444.034	1619.25
444.255	1410.25
444.476	1368.25
444.698	1406.25
444.919	1433.25
445.14	1527.25
445.361	1414.25
445.582	1384.25
445.803	1456.25
446.024	1578.25
446.245	1566.25
446.466	1444.25
446.687	1301.25
446.908	1235.25
447.129	1236.25
447.35	1179.25
447.571	1137.25
447.792	1120.25
448.013	1157.25
448.234	1217.25
448.455	1232.25
448.675	1368.25
448.896	1499.25
449.117	1308.25
449.338	1300.25
449.559	1456.25
449.779	1588.25
450	1334.25
450.221	1188.25
450.442	1166.25
450.662	1099.25
450.883	1144.25
451.104	1166.25
451.324	1163.25
451.545	1138.25
451.766	1106.25
451.986	1096.25
452.207	1067.25
452.428	1080.25
452.648	1091.25
452.869	1068.25
453.089	1060.25
453.31	1117.25
453.53	1079.25
453.751	1046.25
453.971	1047.25
454.192	1111.25
454.412	1059.25
454.633	1040.25
454.853	1027.25
455.073	1010.25
455.294	1033.25
455.514	1146.25
455.734	1124.25
455.955	1006.25
456.175	1006.25
456.395	985.25
456.616	954.25
456.836	990.25
457.056	975.25
457.276	978.25
457.497	1024.25
457.717	1001.25
457.937	1016.25
458.157	1023.25
458.377	1042.25
458.598	1123.25
458.818	1164.25
459.038	1322.25
459.258	1332.25
459.478	1200.25
459.698	1155.25
459.918	1195.25
460.138	1212.25
460.358	1252.25
460.578	1266.25
460.798	1257.25
461.018	1267.25
461.238	1220.25
461.458	1262.25
461.678	1241.25
461.898	1232.25
462.118	1239.25
462.338	1308.25
462.558	1324.25
462.777	1364.25
462.997	1468.25
463.217	1562.25
463.437	1562.25
463.657	1452.25
463.876	1414.25
464.096	1458.25
464.316	1403.25
464.536	1443.25
464.755	1411.25
464.975	1401.25
465.195	1454.25
465.414	1547.25
465.634	1362.25
465.854	1297.25
466.073	1212.25
466.293	1188.25
466.512	1156.25
466.732	1132.25
466.951	1144.25
467.171	1148.25
467.391	1185.25
467.61	1190.25
467.829	1311.25
468.049	1659.25
468.268	2291.25
468.488	1775.25
468.707	1403.25
468.927	1318.25
469.146	1232.25
469.365	1211.25
469.585	1164.25
469.804	1234.25
470.023	1254.25
470.243	1278.25
470.462	1256.25
470.681	1267.25
470.901	1270.25
471.12	1242.25
471.339	1267.25
471.558	1276.25
471.777	1371.25
471.997	1493.25
472.216	2305.25
472.435	4551.25
472.654	3408.25
472.873	2190.25
473.092	1785.25
473.311	1576.25
473.53	1482.25
473.749	1422.25
473.968	1425.25
474.187	1478.25
474.406	1472.25
474.625	1319.25
474.844	1273.25
475.063	1239.25
475.282	1248.25
475.501	1230.25
475.72	1252.25
475.939	1218.25
476.158	1219.25
476.377	1226.25
476.596	1201.25
476.814	1238.25
477.033	1258.25
477.252	1265.25
477.471	1266.25
477.69	1294.25
477.908	1319.25
478.127	1360.25
478.346	1312.25
478.564	1343.25
478.783	1389.25
479.002	1441.25
479.22	1446.25
479.439	1465.25
479.658	1488.25
479.876	1554.25
480.095	1553.25
480.313	1682.25
480.532	1783.25
480.751	1982.25
480.969	2700.25
481.188	5928.25
481.406	7460.25
481.624	3960.25
481.843	2822.25
482.061	2358.25
482.28	2075.25
482.498	1947.25
482.717	1800.25
482.935	1711.25
483.153	1685.25
483.372	1617.25
483.59	1596.25
483.808	1542.25
484.027	1542.25
484.245	1536.25
484.463	1513.25
484.681	1562.25
484.9	1533.25
485.118	1517.25
485.336	1477.25
485.554	1507.25
485.772	1508.25
485.99	1547.25
486.209	1550.25
486.427	1508.25
486.645	1482.25
486.863	1557.25
487.081	1510.25
487.299	1518.25
487.517	1502.25
487.735	1533.25
487.953	1502.25
488.171	1512.25
488.389	1541.25
488.607	1522.25
488.825	1521.25
489.043	1499.25
489.261	1507.25
489.479	1569.25
489.696	1576.25
489.914	1581.25
490.132	1593.25
490.35	1637.25
490.568	1664.25
490.786	1706.25
491.003	1758.25
491.221	1839.25
491.439	1869.25
491.657	1955.25
491.874	1947.25
492.092	1981.25
492.31	2018.25
492.527	2032.25
492.745	2052.25
492.963	2078.25
493.18	2058.25
493.398	2024.25
493.615	2042.25
493.833	1959.25
494.05	1966.25
494.268	1925.25
494.485	1871.25
494.703	1851.25
494.92	1833.25
495.138	1799.25
495.355	1774.25
495.573	1818.25
495.79	1779.25
496.008	1775.25
496.225	1779.25
496.442	1757.25
496.66	1740.25
496.877	1719.25
497.094	1749.25
497.312	1769.25
497.529	1773.25
497.746	1782.25
497.963	1761.25
498.181	1873.25
498.398	1882.25
498.615	1959.25
498.832	2017.25
499.049	2128.25
499.267	2200.25
499.484	2329.25
499.701	2449.25
499.918	2707.25
500.135	2971.25
500.352	3301.25
500.569	3435.25
500.786	3431.25
501.003	3237.25
501.22	3012.25
501.437	2766.25
501.654	2472.25
501.871	2346.25
502.088	2174.25
502.305	2070.25
502.522	2020.25
502.739	1947.25
502.956	1893.25
503.172	1801.25
503.389	1767.25
503.606	1724.25
503.823	1717.25
504.04	1667.25
504.256	1698.25
504.473	1671.25
504.69	1718.25
504.907	1655.25
505.123	1598.25
505.34	1563.25
505.557	1520.25
505.773	1525.25
505.99	1496.25
506.207	1422.25
506.423	1442.25
506.64	1465.25
506.856	1424.25
507.073	1401.25
507.289	1399.25
507.506	1379.25
507.722	1428.25
507.939	1442.25
508.155	1408.25
508.372	1381.25
508.588	1369.25
508.805	1321.25
509.021	1344.25
509.238	1365.25
509.454	1338.25
509.67	1345.25
509.887	1335.25
510.103	1362.25
510.319	1422.25
510.536	1710.25
510.752	3348.25
510.968	2321.25
511.184	1474.25
511.401	1400.25
511.617	1417.25
511.833	1490.25
512.049	1532.25
512.265	1503.25
512.481	1449.25
512.698	1392.25
512.914	1376.25
513.13	1339.25
513.346	1364.25
513.562	1360.25
513.778	1350.25
513.994	1372.25
514.21	1342.25
514.426	1451.25
514.642	1546.25
514.858	1582.25
515.074	1687.25
515.29	2036.25
515.506	3275.25
515.721	2416.25
515.937	1635.25
516.153	1512.25
516.369	1477.25
516.585	1445.25
516.801	1487.25
517.016	1498.25
517.232	1512.25
517.448	1538.25
517.664	1603.25
517.879	1562.25
518.095	1594.25
518.311	1571.25
518.527	1524.25
518.742	1468.25
518.958	1428.25
519.173	1422.25
519.389	1394.25
519.605	1397.25
519.82	1364.25
520.036	1400.25
520.251	1400.25
520.467	1449.25
520.682	1462.25
520.898	1430.25
521.113	1516.25
521.329	1622.25
521.544	1839.25
521.76	2421.25
521.975	4435.25
522.19	3860.25
522.406	2011.25
522.621	1533.25
522.836	1400.25
523.052	1319.25
523.267	1255.25
523.482	1220.25
523.698	1234.25
523.913	1212.25
524.128	1219.25
524.343	1194.25
524.559	1176.25
524.774	1156.25
524.989	1171.25
525.204	1179.25
525.419	1160.25
525.634	1118.25
525.849	1091.25
526.064	1130.25
526.28	1106.25
526.495	1092.25
526.71	1074.25
526.925	1088.25
527.14	1032.25
527.355	1090.25
527.57	1094.25
527.785	1082.25
527.999	1068.25
528.214	1080.25
528.429	1074.25
528.644	1087.25
528.859	1097.25
529.074	1095.25
529.289	1131.25
529.503	1306.25
529.718	1212.25
529.933	1146.25
530.148	1104.25
530.363	1104.25
530.577	1099.25
530.792	1069.25
531.007	1054.25
531.221	1050.25
531.436	1023.25
531.651	1012.25
531.865	1046.25
532.08	1028.25
532.295	1054.25
532.509	1026.25
532.724	1030.25
532.938	1067.25
533.153	1027.25
533.367	1022.25
533.582	1040.25
533.796	1020.25
534.011	992.25
534.225	1032.25
534.44	997.25
534.654	998.25
534.868	980.25
535.083	1011.25
535.297	1006.25
535.511	1013.25
535.726	1008.25
535.94	1013.25
536.154	998.25
536.369	962.25
536.583	968.25
536.797	934.25
537.011	934.25
537.225	970.25
537.44	957.25
537.654	967.25
537.868	988.25
538.082	992.25
538.296	955.25
538.51	956.25
538.724	969.25
538.938	964.25
539.153	959.25
539.367	983.25
539.581	984.25
539.795	961.25
540.009	926.25
540.222	948.25
540.436	956.25
540.65	949.25
540.864	952.25
541.078	923.25
541.292	958.25
541.506	959.25
541.72	963.25
541.934	943.25
542.147	948.25
542.361	978.25
542.575	947.25
542.789	950.25
543.002	929.25
543.216	921.25
543.43	967.25
543.644	930.25
543.857	925.25
544.071	947.25
544.285	927.25
544.498	939.25
544.712	923.25
544.925	924.25
545.139	957.25
545.352	947.25
545.566	953.25
545.779	942.25
545.993	921.25
546.206	955.25
546.42	918.25
546.633	942.25
546.847	947.25
547.06	936.25
547.274	968.25
547.487	949.25
547.7	926.25
547.914	955.25
548.127	951.25
548.34	964.25
548.554	938.25
548.767	908.25
548.98	939.25
549.193	936.25
549.407	956.25
549.62	954.25
549.833	934.25
550.046	939.25
550.259	922.25
550.473	910.25
550.686	911.25
550.899	918.25
551.112	929.25
551.325	923.25
551.538	877.25
551.751	883.25
551.964	896.25
552.177	916.25
552.39	921.25
552.603	934.25
552.816	960.25
553.029	926.25
553.242	966.25
553.455	986.25
553.667	1006.25
553.88	991.25
554.093	951.25
554.306	942.25
554.519	943.25
554.732	916.25
554.944	911.25
555.157	901.25
555.37	854.25
555.583	872.25
555.795	855.25
556.008	838.25
556.221	818.25
556.433	831.25
556.646	823.25
556.859	819.25
557.071	828.25
557.284	804.25
557.496	802.25
557.709	809.25
557.921	807.25
558.134	824.25
558.346	814.25
558.559	827.25
558.771	794.25
558.984	788.25
559.196	795.25
559.409	784.25
559.621	766.25
559.833	784.25
560.046	767.25
560.258	788.25
560.47	784.25
560.683	819.25
560.895	771.25
561.107	790.25
561.32	763.25
561.532	745.25
561.744	775.25
561.956	779.25
562.168	742.25
562.381	752.25
562.593	760.25
562.805	796.25
563.017	777.25
563.229	775.25
563.441	758.25
563.653	766.25
563.865	771.25
564.077	758.25
564.289	766.25
564.501	791.25
564.713	816.25
564.925	802.25
565.137	819.25
565.349	816.25
565.561	824.25
565.773	842.25
565.985	902.25
566.197	912.25
566.408	979.25
566.62	1032.25
566.832	1045.25
567.044	1081.25
567.255	1096.25
567.467	1088.25
567.679	1171.25
567.891	1200.25
568.102	1227.25
568.314	1212.25
568.526	1082.25
568.737	1010.25
568.949	922.25
569.161	888.25
569.372	830.25
569.584	811.25
569.795	799.25
570.007	828.25
570.218	874.25
570.43	843.25
570.641	741.25
570.853	726.25
571.064	740.25
571.276	750.25
571.487	720.25
571.698	704.25
571.91	675.25
572.121	661.25
572.333	686.25
572.544	631.25
572.755	641.25
572.966	632.25
573.178	634.25
573.389	635.25
573.6	636.25
573.811	634.25
574.023	606.25
574.234	626.25
574.445	602.25
574.656	622.25
574.867	612.25
575.078	609.25
575.289	619.25
575.501	602.25
575.712	599.25
575.923	592.25
576.134	595.25
576.345	584.25
576.556	587.25
576.767	571.25
576.978	591.25
577.188	601.25
577.399	576.25
577.61	564.25
577.821	569.25
578.032	590.25
578.243	674.25
578.454	1207.25
578.665	800.25
578.875	593.25
579.086	558.25
579.297	560.25
579.508	540.25
579.718	548.25
579.929	530.25
580.14	535.25
580.35	536.25
580.561	550.25
580.772	537.25
580.982	524.25
581.193	544.25
581.403	552.25
581.614	525.25
581.825	513.25
582.035	512.25
582.246	487.25
582.456	503.25
582.667	531.25
582.877	536.25
583.087	528.25
583.298	520.25
583.508	505.25
583.719	508.25
583.929	510.25
584.139	503.25
584.35	515.25
584.56	483.25
584.77	520.25
584.981	506.25
585.191	489.25
585.401	505.25
585.611	508.25
585.821	515.25
586.032	505.25
586.242	506.25
586.452	471.25
586.662	514.25
586.872	498.25
587.082	506.25
587.292	524.25
587.502	489.25
587.713	512.25
587.923	491.25
588.133	485.25
588.343	484.25
588.553	507.25
588.762	503.25
588.972	502.25
589.182	545.25
589.392	553.25
589.602	545.25
589.812	580.25
590.022	529.25
590.232	490.25
590.441	530.25
590.651	496.25
590.861	502.25
591.071	503.25
591.281	492.25
591.49	499.25
591.7	510.25
591.91	503.25
592.119	507.25
592.329	546.25
592.539	561.25
592.748	546.25
592.958	564.25
593.167	570.25
593.377	598.25
593.587	581.25
593.796	565.25
594.006	581.25
594.215	578.25
594.424	578.25
594.634	563.25
594.843	559.25
595.053	540.25
595.262	527.25
595.472	532.25
595.681	512.25
595.89	496.25
596.1	464.25
596.309	462.25
596.518	458.25
596.727	474.25
596.937	469.25
597.146	468.25
597.355	451.25
597.564	465.25
597.774	436.25
597.983	453.25
598.192	440.25
598.401	455.25
598.61	464.25
598.819	430.25
599.028	420.25
599.237	455.25
599.446	422.25
599.655	421.25
599.864	421.25
600.073	433.25
600.282	407.25
600.491	426.25
600.7	430.25
600.909	434.25
601.118	424.25
601.327	417.25
601.536	436.25
601.745	452.25
601.953	439.25
602.162	450.25
602.371	438.25
602.58	426.25
602.789	396.25
602.997	427.25
603.206	426.25
603.415	436.25
603.623	417.25
603.832	414.25
604.041	428.25
604.249	418.25
604.458	395.25
604.666	386.25
604.875	399.25
605.084	405.25
605.292	386.25
605.501	408.25
605.709	403.25
605.918	412.25
606.126	415.25
606.334	404.25
606.543	387.25
606.751	411.25
606.96	427.25
607.168	397.25
607.376	403.25
607.585	407.25
607.793	390.25
608.001	396.25
608.21	404.25
608.418	390.25
608.626	389.25
608.834	409.25
609.043	403.25
609.251	396.25
609.459	389.25
609.667	394.25
609.875	390.25
610.083	404.25
610.291	394.25
610.499	402.25
610.707	407.25
610.916	414.25
611.124	404.25
611.332	404.25
611.54	401.25
611.748	406.25
611.955	411.25
612.163	387.25
612.371	400.25
612.579	388.25
612.787	397.25
612.995	374.25
613.203	378.25
613.411	383.25
613.618	380.25
613.826	383.25
614.034	370.25
614.242	378.25
614.449	371.25
614.657	355.25
614.865	368.25
615.072	374.25
615.28	366.25
615.488	388.25
615.695	387.25
615.903	391.25
616.111	371.25
616.318	382.25
616.526	382.25
616.733	385.25
616.941	360.25
617.148	376.25
617.356	370.25
617.563	379.25
617.771	374.25
617.978	374.25
618.185	366.25
618.393	364.25
618.6	394.25
618.807	374.25
619.015	372.25
619.222	376.25
619.429	386.25
619.637	358.25
619.844	360.25
620.051	345.25
620.258	342.25
620.466	328.25
620.673	333.25
620.88	348.25
621.087	340.25
621.294	329.25
621.501	324.25
621.708	345.25
621.915	349.25
622.122	336.25
622.329	334.25
622.536	344.25
622.743	343.25
622.95	329.25
623.157	343.25
623.364	333.25
623.571	320.25
623.778	329.25
623.985	321.25
624.192	314.25
624.399	309.25
624.606	318.25
624.812	328.25
625.019	325.25
625.226	316.25
625.433	310.25
625.639	318.25
625.846	308.25
626.053	312.25
626.259	326.25
626.466	297.25
626.673	295.25
626.879	326.25
627.086	304.25
627.293	312.25
627.499	298.25
627.706	292.25
627.912	317.25
628.119	300.25
628.325	308.25
628.532	320.25
628.738	286.25
628.945	295.25
629.151	299.25
629.357	294.25
629.564	268.25
629.77	274.25
629.976	307.25
630.183	298.25
630.389	290.25
630.595	299.25
630.802	282.25
631.008	287.25
631.214	290.25
631.42	288.25
631.627	281.25
631.833	267.25
632.039	286.25
632.245	300.25
632.451	274.25
632.657	266.25
632.863	279.25
633.069	283.25
633.275	289.25
633.481	293.25
633.688	283.25
633.893	289.25
634.099	280.25
634.305	262.25
634.511	278.25
634.717	283.25
634.923	277.25
635.129	292.25
635.335	288.25
635.541	295.25
635.747	303.25
635.952	310.25
636.158	369.25
636.364	485.25
636.57	596.25
636.775	466.25
636.981	390.25
637.187	360.25
637.392	334.25
637.598	304.25
637.804	319.25
638.009	314.25
638.215	310.25
638.421	276.25
638.626	291.25
638.832	289.25
639.037	288.25
639.243	274.25
639.448	261.25
639.654	259.25
639.859	272.25
640.065	266.25
640.27	264.25
640.475	243.25
640.681	269.25
640.886	258.25
641.091	258.25
641.297	255.25
641.502	259.25
641.707	265.25
641.913	234.25
642.118	253.25
642.323	243.25
642.528	252.25
642.733	240.25
642.939	241.25
643.144	230.25
643.349	224.25
643.554	235.25
643.759	242.25
643.964	246.25
644.169	227.25
644.374	262.25
644.579	230.25
644.784	230.25
644.989	240.25
645.194	235.25
645.399	230.25
645.604	256.25
645.809	229.25
646.014	229.25
646.219	232.25
646.423	225.25
646.628	251.25
646.833	238.25
647.038	225.25
647.243	231.25
647.447	247.25
647.652	240.25
647.857	228.25
648.062	243.25
648.266	233.25
648.471	240.25
648.676	242.25
648.88	237.25
649.085	247.25
649.289	212.25
649.494	254.25
649.698	260.25
649.903	261.25
650.107	224.25
650.312	214.25
650.516	204.25
650.721	232.25
650.925	225.25
651.13	217.25
651.334	185.25
651.539	204.25
651.743	214.25
651.947	207.25
652.152	195.25
652.356	185.25
652.56	187.25
652.764	189.25
652.969	171.25
653.173	182.25
653.377	178.25
653.581	180.25
653.785	180.25
653.99	187.25
654.194	177.25
654.398	181.25
654.602	190.25
654.806	182.25
655.01	184.25
655.214	197.25
655.418	179.25
655.622	176.25
655.826	167.25
656.03	188.25
656.234	196.25
656.438	191.25
656.642	187.25
656.846	170.25
657.049	172.25
657.253	160.25
657.457	162.25
657.661	149.25
657.865	145.25
658.068	136.25
658.272	139.25
658.476	132.25
658.68	119.25
658.883	138.25
659.087	130.25
659.291	119.25
659.494	123.25
659.698	113.25
659.901	118.25
660.105	117.25
660.309	108.25
660.512	105.25
660.716	98.25
660.919	114.25
661.123	104.25
661.326	88.25
661.53	98.25
661.733	120.25
661.936	83.25
662.14	100.25
662.343	90.25
662.546	104.25
662.75	86.25
662.953	85.25
663.156	102.25
663.36	95.25
663.563	86.25
663.766	97.25
663.969	73.25
664.173	79.25
664.376	95.25
664.579	86.25
664.782	95.25
664.985	91.25
665.188	92.25
665.391	87.25
665.594	83.25
665.797	93.25
666	80.25
666.203	88.25
666.406	96.25
666.609	88.25
666.812	65.25
667.015	85.25
667.218	83.25
667.421	84.25
667.624	91.25
667.827	81.25
668.03	71.25
668.232	91.25
668.435	91.25
668.638	84.25
668.841	91.25
669.043	76.25
669.246	85.25
669.449	78.25
669.651	81.25
669.854	89.25
670.057	94.25
670.259	89.25
670.462	92.25
670.665	88.25
670.867	85.25
671.07	83.25
671.272	89.25
671.475	81.25
671.677	75.25
671.88	90.25
672.082	85.25
672.284	75.25
672.487	91.25
672.689	74.25
672.892	86.25
