223.165	2.81
223.4	2.81
223.635	2.81
223.869	-26.19
224.104	-32.19
224.338	-10.19
224.573	-23.19
224.808	-8.19
225.042	-1.19
225.277	-9.19
225.511	9.81
225.746	10.81
225.98	4.81
226.215	-2.19
226.449	13.81
226.683	23.81
226.918	24.81
227.152	21.81
227.387	35.81
227.621	37.81
227.856	43.81
228.09	38.81
228.324	48.81
228.559	55.81
228.793	72.81
229.027	125.81
229.262	152.81
229.496	172.81
229.73	164.81
229.964	201.81
230.199	156.81
230.433	159.81
230.667	167.81
230.901	159.81
231.136	152.81
231.37	159.81
231.604	142.81
231.838	158.81
232.072	153.81
232.306	148.81
232.541	163.81
232.775	153.81
233.009	154.81
233.243	160.81
233.477	159.81
233.711	159.81
233.945	163.81
234.179	173.81
234.413	157.81
234.647	157.81
234.881	146.81
235.115	161.81
235.349	160.81
235.583	169.81
235.817	158.81
236.051	184.81
236.285	172.81
236.519	185.81
236.753	197.81
236.987	213.81
237.221	265.81
237.455	312.81
237.689	241.81
237.922	176.81
238.156	196.81
238.39	185.81
238.624	183.81
238.858	193.81
239.091	191.81
239.325	185.81
239.559	200.81
239.793	180.81
240.027	194.81
240.26	205.81
240.494	220.81
240.728	208.81
240.961	196.81
241.195	208.81
241.429	185.81
241.662	192.81
241.896	192.81
242.13	208.81
242.363	208.81
242.597	209.81
242.83	215.81
243.064	213.81
243.298	206.81
243.531	233.81
243.765	212.81
243.998	221.81
244.232	224.81
244.465	229.81
244.699	226.81
244.932	230.81
245.166	218.81
245.399	216.81
245.633	227.81
245.866	243.81
246.099	236.81
246.333	242.81
246.566	233.81
246.8	244.81
247.033	226.81
247.266	229.81
247.5	255.81
247.733	273.81
247.966	276.81
248.2	266.81
248.433	280.81
248.666	305.81
248.899	288.81
249.133	292.81
249.366	324.81
249.599	337.81
249.832	315.81
250.066	342.81
250.299	422.81
250.532	528.81
250.765	564.81
250.998	509.81
251.231	438.81
251.465	396.81
251.698	364.81
251.931	354.81
252.164	347.81
252.397	344.81
252.63	339.81
252.863	347.81
253.096	375.81
253.329	356.81
253.562	332.81
253.795	351.81
254.028	357.81
254.261	365.81
254.494	360.81
254.727	388.81
254.96	416.81
255.193	425.81
255.426	433.81
255.659	492.81
255.892	640.81
256.124	882.81
256.357	923.81
256.59	753.81
256.823	587.81
257.056	514.81
257.289	483.81
257.521	456.81
257.754	441.81
257.987	433.81
258.22	432.81
258.452	384.81
258.685	383.81
258.918	389.81
259.151	386.81
259.383	389.81
259.616	376.81
259.849	392.81
260.081	394.81
260.314	410.81
260.547	391.81
260.779	410.81
261.012	388.81
261.244	392.81
261.477	392.81
261.71	369.81
261.942	380.81
262.175	399.81
262.407	399.81
262.64	384.81
262.872	342.81
263.105	366.81
263.337	374.81
263.57	361.81
263.802	372.81
264.035	346.81
264.267	374.81
264.499	356.81
264.732	356.81
264.964	367.81
265.197	370.81
265.429	363.81
265.661	376.81
265.894	373.81
266.126	369.81
266.358	386.81
266.591	372.81
266.823	389.81
267.055	380.81
267.287	380.81
267.52	376.81
267.752	392.81
267.984	399.81
268.216	368.81
268.448	394.81
268.681	389.81
268.913	393.81
269.145	402.81
269.377	424.81
269.609	423.81
269.841	424.81
270.073	433.81
270.306	416.81
270.538	458.81
270.77	458.81
271.002	425.81
271.234	437.81
271.466	453.81
271.698	460.81
271.93	464.81
272.162	453.81
272.394	485.81
272.626	458.81
272.858	458.81
273.09	452.81
273.322	447.81
273.553	435.81
273.785	440.81
274.017	450.81
274.249	454.81
274.481	457.81
274.713	472.81
274.945	462.81
275.176	456.81
275.408	469.81
275.64	473.81
275.872	501.81
276.104	522.81
276.335	510.81
276.567	504.81
276.799	510.81
277.031	574.81
277.262	616.81
277.494	611.81
277.726	567.81
277.957	552.81
278.189	529.81
278.421	522.81
278.652	497.81
278.884	534.81
279.115	506.81
279.347	512.81
279.579	502.81
279.81	540.81
280.042	578.81
280.273	644.81
280.505	615.81
280.736	586.81
280.968	525.81
281.199	525.81
281.431	512.81
281.662	520.81
281.894	508.81
282.125	497.81
282.356	518.81
282.588	542.81
282.819	533.81
283.051	501.81
283.282	471.81
283.513	496.81
283.745	483.81
283.976	504.81
284.207	481.81
284.439	497.81
284.67	517.81
284.901	519.81
285.132	484.81
285.364	496.81
285.595	502.81
285.826	509.81
286.057	501.81
286.288	494.81
286.52	492.81
286.751	528.81
286.982	525.81
287.213	503.81
287.444	501.81
287.675	507.81
287.906	498.81
288.138	518.81
288.369	514.81
288.6	528.81
288.831	528.81
289.062	537.81
289.293	519.81
289.524	519.81
289.755	510.81
289.986	516.81
290.217	486.81
290.448	499.81
290.679	501.81
290.91	497.81
291.141	522.81
291.371	501.81
291.602	509.81
291.833	516.81
292.064	510.81
292.295	495.81
292.526	500.81
292.757	483.81
292.987	478.81
293.218	492.81
293.449	511.81
293.68	489.81
293.91	507.81
294.141	523.81
294.372	503.81
294.603	483.81
294.833	497.81
295.064	489.81
295.295	513.81
295.525	526.81
295.756	511.81
295.987	538.81
296.217	579.81
296.448	574.81
296.679	516.81
296.909	521.81
297.14	519.81
297.37	526.81
297.601	522.81
297.831	501.81
298.062	513.81
298.292	510.81
298.523	555.81
298.753	537.81
298.984	538.81
299.214	542.81
299.445	542.81
299.675	546.81
299.905	542.81
300.136	535.81
300.366	570.81
300.597	553.81
300.827	568.81
301.057	579.81
301.288	592.81
301.518	577.81
301.748	581.81
301.979	575.81
302.209	570.81
302.439	574.81
302.669	576.81
302.9	586.81
303.13	561.81
303.36	580.81
303.59	601.81
303.82	646.81
304.051	634.81
304.281	611.81
304.511	573.81
304.741	588.81
304.971	580.81
305.201	583.81
305.431	589.81
305.661	584.81
305.891	584.81
306.121	573.81
306.352	578.81
306.582	593.81
306.812	587.81
307.042	622.81
307.272	648.81
307.502	668.81
307.731	685.81
307.961	651.81
308.191	612.81
308.421	606.81
308.651	600.81
308.881	582.81
309.111	593.81
309.341	598.81
309.571	621.81
309.8	617.81
310.03	649.81
310.26	660.81
310.49	642.81
310.72	670.81
310.949	678.81
311.179	682.81
311.409	662.81
311.639	653.81
311.868	647.81
312.098	649.81
312.328	661.81
312.557	681.81
312.787	708.81
313.017	681.81
313.246	677.81
313.476	675.81
313.706	664.81
313.935	691.81
314.165	686.81
314.394	708.81
314.624	700.81
314.853	681.81
315.083	662.81
315.312	676.81
315.542	665.81
315.771	655.81
316.001	662.81
316.23	666.81
316.46	656.81
316.689	686.81
316.919	673.81
317.148	706.81
317.377	688.81
317.607	673.81
317.836	670.81
318.065	655.81
318.295	689.81
318.524	703.81
318.753	685.81
318.983	686.81
319.212	696.81
319.441	711.81
319.67	707.81
319.9	720.81
320.129	718.81
320.358	732.81
320.587	703.81
320.816	719.81
321.046	737.81
321.275	745.81
321.504	752.81
321.733	751.81
321.962	783.81
322.191	765.81
322.42	812.81
322.649	840.81
322.878	836.81
323.108	846.81
323.337	922.81
323.566	940.81
323.795	1020.81
324.024	1132.81
324.253	1333.81
324.482	1818.81
324.71	2816.81
324.939	3827.81
325.168	3170.81
325.397	1740.81
325.626	1308.81
325.855	1155.81
326.084	1090.81
326.313	1097.81
326.542	1103.81
326.77	1224.81
326.999	1404.81
327.228	1864.81
327.457	2700.81
327.686	3220.81
327.914	2354.81
328.143	2141.81
328.372	2222.81
328.6	1993.81
328.829	1582.81
329.058	1519.81
329.287	1541.81
329.515	1595.81
329.744	1791.81
329.972	2254.81
330.201	2994.81
330.43	3681.81
330.658	2973.81
330.887	2032.81
331.115	1649.81
331.344	1470.81
331.572	1334.81
331.801	1302.81
332.03	1283.81
332.258	1257.81
332.486	1288.81
332.715	1292.81
332.943	1351.81
333.172	1439.81
333.4	1587.81
333.629	1700.81
333.857	1990.81
334.085	2490.81
334.314	3423.81
334.542	4633.81
334.771	4768.81
334.999	2970.81
335.227	2000.81
335.455	1620.81
335.684	1437.81
335.912	1338.81
336.14	1254.81
336.369	1201.81
336.597	1145.81
336.825	1116.81
337.053	1058.81
337.281	1048.81
337.51	1016.81
337.738	964.81
337.966	962.81
338.194	960.81
338.422	958.81
338.65	931.81
338.878	900.81
339.106	884.81
339.334	910.81
339.562	867.81
339.79	858.81
340.018	887.81
340.246	870.81
340.474	876.81
340.702	852.81
340.93	876.81
341.158	867.81
341.386	846.81
341.614	848.81
341.842	847.81
342.07	801.81
342.298	836.81
342.526	816.81
342.754	796.81
342.981	785.81
343.209	800.81
343.437	831.81
343.665	884.81
343.893	890.81
344.12	893.81
344.348	887.81
344.576	868.81
344.804	845.81
345.031	856.81
345.259	837.81
345.487	832.81
345.714	808.81
345.942	779.81
346.17	802.81
346.397	810.81
346.625	773.81
346.853	784.81
347.08	767.81
347.308	798.81
347.535	813.81
347.763	788.81
347.99	799.81
348.218	795.81
348.445	798.81
348.673	801.81
348.9	797.81
349.128	750.81
349.355	748.81
349.583	756.81
349.81	753.81
350.037	745.81
350.265	760.81
350.492	765.81
350.72	774.81
350.947	780.81
351.174	799.81
351.402	781.81
351.629	789.81
351.856	791.81
352.083	818.81
352.311	826.81
352.538	807.81
352.765	833.81
352.992	842.81
353.22	802.81
353.447	791.81
353.674	776.81
353.901	756.81
354.128	763.81
354.355	761.81
354.583	736.81
354.81	782.81
355.037	753.81
355.264	733.81
355.491	736.81
355.718	733.81
355.945	756.81
356.172	744.81
356.399	723.81
356.626	736.81
356.853	743.81
357.08	744.81
357.307	726.81
357.534	734.81
357.761	727.81
357.988	753.81
358.215	732.81
358.441	758.81
358.668	743.81
358.895	774.81
359.122	735.81
359.349	770.81
359.576	782.81
359.802	828.81
360.029	854.81
360.256	870.81
360.483	851.81
360.709	788.81
360.936	790.81
361.163	776.81
361.39	801.81
361.616	796.81
361.843	814.81
362.07	798.81
362.296	800.81
362.523	772.81
362.749	773.81
362.976	783.81
363.203	789.81
363.429	755.81
363.656	766.81
363.882	780.81
364.109	774.81
364.335	765.81
364.562	773.81
364.788	779.81
365.015	782.81
365.241	768.81
365.468	777.81
365.694	789.81
365.92	798.81
366.147	792.81
366.373	766.81
366.599	770.81
366.826	772.81
367.052	748.81
367.278	739.81
367.505	766.81
367.731	787.81
367.957	776.81
368.184	796.81
368.41	786.81
368.636	791.81
368.862	805.81
369.089	798.81
369.315	783.81
369.541	764.81
369.767	777.81
369.993	793.81
370.219	793.81
370.445	810.81
370.672	782.81
370.898	801.81
371.124	789.81
371.35	789.81
371.576	796.81
371.802	788.81
372.028	822.81
372.254	803.81
372.48	798.81
372.706	809.81
372.932	809.81
373.158	826.81
373.384	831.81
373.61	798.81
373.835	825.81
374.061	798.81
374.287	807.81
374.513	806.81
374.739	832.81
374.965	862.81
375.191	854.81
375.416	849.81
375.642	831.81
375.868	822.81
376.094	822.81
376.319	806.81
376.545	830.81
376.771	822.81
376.997	816.81
377.222	808.81
377.448	812.81
377.674	822.81
377.899	755.81
378.125	786.81
378.35	794.81
378.576	810.81
378.802	805.81
379.027	772.81
379.253	804.81
379.478	789.81
379.704	802.81
379.929	783.81
380.155	828.81
380.38	801.81
380.606	825.81
380.831	822.81
381.057	808.81
381.282	794.81
381.507	826.81
381.733	840.81
381.958	805.81
382.184	841.81
382.409	853.81
382.634	808.81
382.86	847.81
383.085	842.81
383.31	850.81
383.535	841.81
383.761	857.81
383.986	876.81
384.211	886.81
384.436	901.81
384.662	893.81
384.887	954.81
385.112	930.81
385.337	909.81
385.562	927.81
385.787	919.81
386.013	954.81
386.238	952.81
386.463	968.81
386.688	937.81
386.913	915.81
387.138	952.81
387.363	923.81
387.588	912.81
387.813	914.81
388.038	940.81
388.263	910.81
388.488	957.81
388.713	922.81
388.938	954.81
389.163	924.81
389.387	926.81
389.612	910.81
389.837	919.81
390.062	917.81
390.287	921.81
390.512	916.81
390.736	920.81
390.961	909.81
391.186	940.81
391.411	965.81
391.636	1006.81
391.86	1014.81
392.085	999.81
392.31	1002.81
392.534	989.81
392.759	993.81
392.984	991.81
393.208	964.81
393.433	963.81
393.658	966.81
393.882	976.81
394.107	989.81
394.331	995.81
394.556	988.81
394.78	976.81
395.005	979.81
395.229	1018.81
395.454	1022.81
395.678	1041.81
395.903	1038.81
396.127	1048.81
396.352	1064.81
396.576	1015.81
396.801	1017.81
397.025	978.81
397.249	1012.81
397.474	1026.81
397.698	1064.81
397.922	1070.81
398.147	1107.81
398.371	1124.81
398.595	1135.81
398.82	1140.81
399.044	1174.81
399.268	1282.81
399.492	1461.81
399.717	1571.81
399.941	1591.81
400.165	1485.81
400.389	1418.81
400.613	1303.81
400.837	1237.81
401.062	1223.81
401.286	1209.81
401.51	1216.81
401.734	1148.81
401.958	1190.81
402.182	1207.81
402.406	1278.81
402.63	1249.81
402.854	1274.81
403.078	1250.81
403.302	1287.81
403.526	1302.81
403.75	1304.81
403.974	1362.81
404.198	1332.81
404.422	1396.81
404.645	1394.81
404.869	1474.81
405.093	1551.81
405.317	1630.81
405.541	1676.81
405.765	1569.81
405.988	1488.81
406.212	1474.81
406.436	1494.81
406.66	1472.81
406.883	1384.81
407.107	1468.81
407.331	1570.81
407.555	1633.81
407.778	1592.81
408.002	1510.81
408.226	1456.81
408.449	1438.81
408.673	1400.81
408.896	1402.81
409.12	1427.81
409.344	1386.81
409.567	1336.81
409.791	1320.81
410.014	1321.81
410.238	1336.81
410.461	1323.81
410.685	1341.81
410.908	1359.81
411.132	1362.81
411.355	1368.81
411.578	1381.81
411.802	1340.81
412.025	1372.81
412.249	1463.81
412.472	1547.81
412.695	1701.81
412.919	1626.81
413.142	1596.81
413.365	1475.81
413.589	1424.81
413.812	1347.81
414.035	1346.81
414.258	1311.81
414.482	1323.81
414.705	1304.81
414.928	1260.81
415.151	1280.81
415.374	1256.81
415.597	1229.81
415.821	1265.81
416.044	1229.81
416.267	1257.81
416.49	1233.81
416.713	1257.81
416.936	1226.81
417.159	1221.81
417.382	1230.81
417.605	1322.81
417.828	1329.81
418.051	1351.81
418.274	1276.81
418.497	1236.81
418.72	1260.81
418.943	1271.81
419.166	1330.81
419.389	1453.81
419.611	1442.81
419.834	1465.81
420.057	1454.81
420.28	1536.81
420.503	1554.81
420.726	1507.81
420.948	1464.81
421.171	1417.81
421.394	1413.81
421.617	1345.81
421.839	1284.81
422.062	1340.81
422.285	1298.81
422.507	1368.81
422.73	1444.81
422.953	1408.81
423.175	1327.81
423.398	1321.81
423.621	1294.81
423.843	1326.81
424.066	1342.81
424.288	1341.81
424.511	1360.81
424.733	1413.81
424.956	1520.81
425.178	1460.81
425.401	1444.81
425.623	1439.81
425.846	1348.81
426.068	1289.81
426.291	1292.81
426.513	1265.81
426.735	1270.81
426.958	1351.81
427.18	1426.81
427.402	1592.81
427.625	1807.81
427.847	1721.81
428.069	1676.81
428.292	1538.81
428.514	1386.81
428.736	1294.81
428.958	1264.81
429.181	1239.81
429.403	1198.81
429.625	1201.81
429.847	1240.81
430.069	1312.81
430.292	1272.81
430.514	1136.81
430.736	1146.81
430.958	1168.81
431.18	1140.81
431.402	1127.81
431.624	1110.81
431.846	1150.81
432.068	1122.81
432.29	1171.81
432.512	1121.81
432.734	1137.81
432.956	1151.81
433.178	1168.81
433.4	1156.81
433.622	1169.81
433.844	1182.81
434.066	1144.81
434.287	1144.81
434.509	1189.81
434.731	1194.81
434.953	1223.81
435.175	1248.81
435.397	1275.81
435.618	1248.81
435.84	1328.81
436.062	1427.81
436.284	1488.81
436.505	1291.81
436.727	1250.81
436.949	1202.81
437.17	1176.81
437.392	1140.81
437.614	1191.81
437.835	1214.81
438.057	1347.81
438.278	1472.81
438.5	1480.81
438.721	1532.81
438.943	1485.81
439.165	1302.81
439.386	1217.81
439.608	1250.81
439.829	1253.81
440.05	1327.81
440.272	1353.81
440.493	1296.81
440.715	1217.81
440.936	1235.81
441.158	1212.81
441.379	1233.81
441.6	1294.81
441.822	1313.81
442.043	1361.81
442.264	1453.81
442.486	1444.81
442.707	1367.81
442.928	1304.81
443.149	1343.81
443.371	1361.81
443.592	1410.81
443.813	1538.81
444.034	1594.81
444.255	1421.81
444.476	1421.81
444.698	1401.81
444.919	1422.81
445.14	1519.81
445.361	1448.81
445.582	1418.81
445.803	1438.81
446.024	1553.81
446.245	1529.81
446.466	1415.81
446.687	1322.81
446.908	1250.81
447.129	1193.81
447.35	1180.81
447.571	1137.81
447.792	1152.81
448.013	1182.81
448.234	1170.81
448.455	1246.81
448.675	1385.81
448.896	1543.81
449.117	1358.81
449.338	1304.81
449.559	1473.81
449.779	1578.81
450	1308.81
450.221	1149.81
450.442	1157.81
450.662	1164.81
450.883	1148.81
451.104	1196.81
451.324	1137.81
451.545	1140.81
451.766	1118.81
451.986	1090.81
452.207	1067.81
452.428	1068.81
452.648	1087.81
452.869	1054.81
453.089	1083.81
453.31	1110.81
453.53	1084.81
453.751	1028.81
453.971	1056.81
454.192	1094.81
454.412	1053.81
454.633	1047.81
454.853	1048.81
455.073	1024.81
455.294	1054.81
455.514	1145.81
455.734	1087.81
455.955	998.81
456.175	1001.81
456.395	978.81
456.616	1010.81
456.836	1016.81
457.056	980.81
457.276	1004.81
457.497	1002.81
457.717	1017.81
457.937	1008.81
458.157	1008.81
458.377	1084.81
458.598	1063.81
458.818	1214.81
459.038	1373.81
459.258	1344.81
459.478	1234.81
459.698	1166.81
459.918	1166.81
460.138	1214.81
460.358	1250.81
460.578	1222.81
460.798	1240.81
461.018	1304.81
461.238	1220.81
461.458	1237.81
461.678	1231.81
461.898	1250.81
462.118	1231.81
462.338	1296.81
462.558	1313.81
462.777	1383.81
462.997	1472.81
463.217	1566.81
463.437	1566.81
463.657	1430.81
463.876	1394.81
464.096	1410.81
464.316	1396.81
464.536	1454.81
464.755	1402.81
464.975	1349.81
465.195	1424.81
465.414	1540.81
465.634	1356.81
465.854	1305.81
466.073	1229.81
466.293	1177.81
466.512	1175.81
466.732	1188.81
466.951	1158.81
467.171	1154.81
467.391	1198.81
467.61	1249.81
467.829	1346.81
468.049	1702.81
468.268	2450.81
468.488	1886.81
468.707	1503.81
468.927	1336.81
469.146	1264.81
469.365	1240.81
469.585	1254.81
469.804	1247.81
470.023	1273.81
470.243	1290.81
470.462	1282.81
470.681	1313.81
470.901	1298.81
471.12	1296.81
471.339	1284.81
471.558	1334.81
471.777	1394.81
471.997	1560.81
472.216	2416.81
472.435	4769.81
472.654	3628.81
472.873	2351.81
473.092	1918.81
473.311	1675.81
473.53	1545.81
473.749	1478.81
473.968	1449.81
474.187	1561.81
474.406	1504.81
474.625	1368.81
474.844	1300.81
475.063	1299.81
475.282	1269.81
475.501	1276.81
475.72	1274.81
475.939	1274.81
476.158	1278.81
476.377	1271.81
476.596	1252.81
476.814	1254.81
477.033	1274.81
477.252	1285.81
477.471	1294.81
477.69	1340.81
477.908	1341.81
478.127	1354.81
478.346	1372.81
478.564	1384.81
478.783	1422.81
479.002	1447.81
479.22	1430.81
479.439	1494.81
479.658	1554.81
479.876	1591.81
480.095	1637.81
480.313	1730.81
480.532	1812.81
480.751	2058.81
480.969	2812.81
481.188	6348.81
481.406	7996.81
481.624	4276.81
481.843	3101.81
482.061	2576.81
482.28	2257.81
482.498	2083.81
482.717	1909.81
482.935	1871.81
483.153	1777.81
483.372	1726.81
483.59	1679.81
483.808	1632.81
484.027	1647.81
484.245	1581.81
484.463	1594.81
484.681	1596.81
484.9	1588.81
485.118	1564.81
485.336	1560.81
485.554	1487.81
485.772	1571.81
485.99	1537.81
486.209	1574.81
486.427	1542.81
486.645	1584.81
486.863	1587.81
487.081	1582.81
487.299	1584.81
487.517	1556.81
487.735	1573.81
487.953	1543.81
488.171	1544.81
488.389	1560.81
488.607	1582.81
488.825	1561.81
489.043	1578.81
489.261	1634.81
489.479	1618.81
489.696	1636.81
489.914	1623.81
490.132	1684.81
490.35	1692.81
490.568	1712.81
490.786	1778.81
491.003	1843.81
491.221	1908.81
491.439	1960.81
491.657	1980.81
491.874	2087.81
492.092	2104.81
492.31	2154.81
492.527	2180.81
492.745	2178.81
492.963	2211.81
493.18	2226.81
493.398	2192.81
493.615	2177.81
493.833	2094.81
494.05	2068.81
494.268	2035.81
494.485	2038.81
494.703	1959.81
494.92	1959.81
495.138	1921.81
495.355	1909.81
495.573	1865.81
495.79	1879.81
496.008	1836.81
496.225	1801.81
496.442	1838.81
496.66	1774.81
496.877	1782.81
497.094	1805.81
497.312	1787.81
497.529	1827.81
497.746	1814.81
497.963	1859.81
498.181	1936.81
498.398	1911.81
498.615	1976.81
498.832	2047.81
499.049	2166.81
499.267	2262.81
499.484	2385.81
499.701	2538.81
499.918	2682.81
500.135	2937.81
500.352	3219.81
500.569	3362.81
500.786	3460.81
501.003	3232.81
501.22	3038.81
501.437	2712.81
501.654	2471.81
501.871	2365.81
502.088	2201.81
502.305	2068.81
502.522	2023.81
502.739	1984.81
502.956	1874.81
503.172	1816.81
503.389	1756.81
503.606	1766.81
503.823	1772.81
504.04	1712.81
504.256	1696.81
504.473	1744.81
504.69	1736.81
504.907	1672.81
505.123	1613.81
505.34	1552.81
505.557	1528.81
505.773	1520.81
505.99	1536.81
506.207	1499.81
506.423	1455.81
506.64	1450.81
506.856	1462.81
507.073	1456.81
507.289	1435.81
507.506	1397.81
507.722	1478.81
507.939	1446.81
508.155	1468.81
508.372	1399.81
508.588	1373.81
508.805	1398.81
509.021	1354.81
509.238	1382.81
509.454	1345.81
509.67	1373.81
509.887	1341.81
510.103	1350.81
510.319	1396.81
510.536	1678.81
510.752	3168.81
510.968	2245.81
511.184	1465.81
511.401	1417.81
511.617	1417.81
511.833	1532.81
512.049	1602.81
512.265	1534.81
512.481	1509.81
512.698	1415.81
512.914	1415.81
513.13	1383.81
513.346	1357.81
513.562	1368.81
513.778	1345.81
513.994	1392.81
514.21	1406.81
514.426	1432.81
514.642	1541.81
514.858	1577.81
515.074	1696.81
515.29	2030.81
515.506	3053.81
515.721	2324.81
515.937	1658.81
516.153	1541.81
516.369	1484.81
516.585	1481.81
516.801	1481.81
517.016	1482.81
517.232	1560.81
517.448	1562.81
517.664	1590.81
517.879	1599.81
518.095	1561.81
518.311	1554.81
518.527	1490.81
518.742	1508.81
518.958	1444.81
519.173	1437.81
519.389	1410.81
519.605	1393.81
519.82	1373.81
520.036	1398.81
520.251	1476.81
520.467	1462.81
520.682	1438.81
520.898	1474.81
521.113	1524.81
521.329	1576.81
521.544	1806.81
521.76	2315.81
521.975	4104.81
522.19	3672.81
522.406	1951.81
522.621	1516.81
522.836	1370.81
523.052	1321.81
523.267	1276.81
523.482	1264.81
523.698	1240.81
523.913	1218.81
524.128	1241.81
524.343	1169.81
524.559	1175.81
524.774	1139.81
524.989	1126.81
525.204	1186.81
525.419	1200.81
525.634	1095.81
525.849	1105.81
526.064	1118.81
526.28	1081.81
526.495	1089.81
526.71	1095.81
526.925	1082.81
527.14	1095.81
527.355	1117.81
527.57	1082.81
527.785	1104.81
527.999	1097.81
528.214	1081.81
528.429	1101.81
528.644	1086.81
528.859	1109.81
529.074	1137.81
529.289	1159.81
529.503	1291.81
529.718	1262.81
529.933	1146.81
530.148	1124.81
530.363	1068.81
530.577	1042.81
530.792	1095.81
531.007	1069.81
531.221	1095.81
531.436	1043.81
531.651	1068.81
531.865	1069.81
532.08	1013.81
532.295	1037.81
532.509	1055.81
532.724	1041.81
532.938	1047.81
533.153	1030.81
533.367	1027.81
533.582	1039.81
533.796	1027.81
534.011	991.81
534.225	1025.81
534.44	1018.81
534.654	1006.81
534.868	1040.81
535.083	990.81
535.297	986.81
535.511	1026.81
535.726	1050.81
535.94	1038.81
536.154	1037.81
536.369	1030.81
536.583	987.81
536.797	992.81
537.011	984.81
537.225	977.81
537.44	978.81
537.654	976.81
537.868	968.81
538.082	955.81
538.296	983.81
538.51	951.81
538.724	972.81
538.938	944.81
539.153	962.81
539.367	969.81
539.581	990.81
539.795	960.81
540.009	973.81
540.222	976.81
540.436	944.81
540.65	929.81
540.864	947.81
541.078	967.81
541.292	962.81
541.506	938.81
541.72	947.81
541.934	974.81
542.147	970.81
542.361	963.81
542.575	928.81
542.789	934.81
543.002	953.81
543.216	931.81
543.43	956.81
543.644	960.81
543.857	929.81
544.071	965.81
544.285	967.81
544.498	949.81
544.712	936.81
544.925	958.81
545.139	927.81
545.352	950.81
545.566	946.81
545.779	926.81
545.993	942.81
546.206	950.81
546.42	982.81
546.633	965.81
546.847	932.81
547.06	944.81
547.274	931.81
547.487	956.81
547.7	947.81
547.914	943.81
548.127	934.81
548.34	970.81
548.554	936.81
548.767	940.81
548.98	933.81
549.193	907.81
549.407	937.81
549.62	950.81
549.833	907.81
550.046	943.81
550.259	924.81
550.473	933.81
550.686	936.81
550.899	916.81
551.112	904.81
551.325	876.81
551.538	910.81
551.751	894.81
551.964	899.81
552.177	912.81
552.39	933.81
552.603	948.81
552.816	952.81
553.029	969.81
553.242	972.81
553.455	976.81
553.667	1010.81
553.88	1047.81
554.093	1008.81
554.306	942.81
554.519	915.81
554.732	942.81
554.944	881.81
555.157	898.81
555.37	868.81
555.583	867.81
555.795	883.81
556.008	826.81
556.221	840.81
556.433	824.81
556.646	837.81
556.859	832.81
557.071	790.81
557.284	817.81
557.496	838.81
557.709	821.81
557.921	835.81
558.134	801.81
558.346	777.81
558.559	791.81
558.771	805.81
558.984	785.81
559.196	798.81
559.409	783.81
559.621	784.81
559.833	787.81
560.046	768.81
560.258	778.81
560.47	798.81
560.683	794.81
560.895	760.81
561.107	797.81
561.32	772.81
561.532	782.81
561.744	788.81
561.956	794.81
562.168	781.81
562.381	783.81
562.593	742.81
562.805	763.81
563.017	800.81
563.229	789.81
563.441	761.81
563.653	763.81
563.865	780.81
564.077	792.81
564.289	797.81
564.501	770.81
564.713	792.81
564.925	801.81
565.137	865.81
565.349	850.81
565.561	847.81
565.773	837.81
565.985	890.81
566.197	903.81
566.408	954.81
566.62	1009.81
566.832	1068.81
567.044	1101.81
567.255	1125.81
567.467	1089.81
567.679	1136.81
567.891	1190.81
568.102	1224.81
568.314	1141.81
568.526	1064.81
568.737	1021.81
568.949	929.81
569.161	887.81
569.372	837.81
569.584	798.81
569.795	793.81
570.007	764.81
570.218	851.81
570.43	843.81
570.641	753.81
570.853	726.81
571.064	744.81
571.276	744.81
571.487	724.81
571.698	679.81
571.91	710.81
572.121	678.81
572.333	673.81
572.544	652.81
572.755	658.81
572.966	645.81
573.178	642.81
573.389	610.81
573.6	624.81
573.811	631.81
574.023	629.81
574.234	632.81
574.445	621.81
574.656	620.81
574.867	628.81
575.078	617.81
575.289	633.81
575.501	610.81
575.712	599.81
575.923	584.81
576.134	584.81
576.345	600.81
576.556	605.81
576.767	596.81
576.978	602.81
577.188	591.81
577.399	578.81
577.61	567.81
577.821	557.81
578.032	581.81
578.243	659.81
578.454	1120.81
578.665	751.81
578.875	577.81
579.086	568.81
579.297	561.81
579.508	541.81
579.718	546.81
579.929	551.81
580.14	532.81
580.35	530.81
580.561	526.81
580.772	516.81
580.982	515.81
581.193	511.81
581.403	534.81
581.614	531.81
581.825	544.81
582.035	534.81
582.246	487.81
582.456	517.81
582.667	511.81
582.877	511.81
583.087	528.81
583.298	510.81
583.508	500.81
583.719	521.81
583.929	501.81
584.139	513.81
584.35	505.81
584.56	510.81
584.77	507.81
584.981	507.81
585.191	529.81
585.401	526.81
585.611	505.81
585.821	496.81
586.032	506.81
586.242	496.81
586.452	480.81
586.662	488.81
586.872	499.81
587.082	493.81
587.292	478.81
587.502	489.81
587.713	494.81
587.923	478.81
588.133	499.81
588.343	481.81
588.553	512.81
588.762	496.81
588.972	510.81
589.182	534.81
589.392	527.81
589.602	560.81
589.812	565.81
590.022	519.81
590.232	516.81
590.441	504.81
590.651	494.81
590.861	498.81
591.071	494.81
591.281	489.81
591.49	497.81
591.7	499.81
591.91	517.81
592.119	508.81
592.329	538.81
592.539	532.81
592.748	546.81
592.958	564.81
593.167	576.81
593.377	559.81
593.587	591.81
593.796	569.81
594.006	569.81
594.215	572.81
594.424	597.81
594.634	568.81
594.843	549.81
595.053	556.81
595.262	537.81
595.472	496.81
595.681	519.81
595.89	493.81
596.1	477.81
596.309	485.81
596.518	458.81
596.727	493.81
596.937	471.81
597.146	462.81
597.355	452.81
597.564	453.81
597.774	459.81
597.983	430.81
598.192	439.81
598.401	441.81
598.61	440.81
598.819	449.81
599.028	447.81
599.237	424.81
599.446	434.81
599.655	444.81
599.864	434.81
600.073	413.81
600.282	432.81
600.491	419.81
600.7	418.81
600.909	425.81
601.118	433.81
601.327	434.81
601.536	449.81
601.745	457.81
601.953	437.81
602.162	453.81
602.371	436.81
602.58	423.81
602.789	427.81
602.997	445.81
603.206	403.81
603.415	432.81
603.623	425.81
603.832	402.81
604.041	413.81
604.249	404.81
604.458	404.81
604.666	415.81
604.875	422.81
605.084	408.81
605.292	402.81
605.501	423.81
605.709	408.81
605.918	397.81
606.126	424.81
606.334	396.81
606.543	410.81
606.751	407.81
606.96	392.81
607.168	414.81
607.376	420.81
607.585	385.81
607.793	406.81
608.001	409.81
608.21	390.81
608.418	403.81
608.626	388.81
608.834	412.81
609.043	401.81
609.251	407.81
609.459	385.81
609.667	410.81
609.875	387.81
610.083	421.81
610.291	406.81
610.499	398.81
610.707	397.81
610.916	409.81
611.124	403.81
611.332	424.81
611.54	416.81
611.748	376.81
611.955	396.81
612.163	401.81
612.371	397.81
612.579	392.81
612.787	396.81
612.995	370.81
613.203	404.81
613.411	378.81
613.618	372.81
613.826	391.81
614.034	388.81
614.242	384.81
614.449	379.81
614.657	374.81
614.865	359.81
615.072	404.81
615.28	379.81
615.488	380.81
615.695	377.81
615.903	366.81
616.111	370.81
616.318	371.81
616.526	382.81
616.733	390.81
616.941	363.81
617.148	369.81
617.356	356.81
617.563	376.81
617.771	376.81
617.978	365.81
618.185	354.81
618.393	374.81
618.6	380.81
618.807	369.81
619.015	356.81
619.222	365.81
619.429	361.81
619.637	372.81
619.844	340.81
620.051	348.81
620.258	330.81
620.466	346.81
620.673	324.81
620.88	328.81
621.087	330.81
621.294	338.81
621.501	353.81
621.708	324.81
621.915	354.81
622.122	348.81
622.329	339.81
622.536	347.81
622.743	335.81
622.95	329.81
623.157	340.81
623.364	308.81
623.571	318.81
623.778	326.81
623.985	341.81
624.192	330.81
624.399	327.81
624.606	321.81
624.812	318.81
625.019	310.81
625.226	310.81
625.433	320.81
625.639	304.81
625.846	306.81
626.053	322.81
626.259	311.81
626.466	309.81
626.673	284.81
626.879	292.81
627.086	312.81
627.293	306.81
627.499	309.81
627.706	305.81
627.912	292.81
628.119	322.81
628.325	277.81
628.532	312.81
628.738	319.81
628.945	313.81
629.151	291.81
629.357	293.81
629.564	286.81
629.77	312.81
629.976	301.81
630.183	306.81
630.389	292.81
630.595	304.81
630.802	282.81
631.008	275.81
631.214	286.81
631.42	285.81
631.627	304.81
631.833	301.81
632.039	277.81
632.245	286.81
632.451	297.81
632.657	300.81
632.863	283.81
633.069	286.81
633.275	280.81
633.481	285.81
633.688	284.81
633.893	281.81
634.099	276.81
634.305	275.81
634.511	286.81
634.717	258.81
634.923	281.81
635.129	281.81
635.335	293.81
635.541	305.81
635.747	303.81
635.952	317.81
636.158	353.81
636.364	488.81
636.57	624.81
636.775	497.81
636.981	405.81
637.187	368.81
637.392	348.81
637.598	335.81
637.804	313.81
638.009	317.81
638.215	301.81
638.421	274.81
638.626	288.81
638.832	281.81
639.037	286.81
639.243	280.81
639.448	266.81
639.654	263.81
639.859	278.81
640.065	278.81
640.27	282.81
640.475	265.81
640.681	256.81
640.886	253.81
641.091	263.81
641.297	262.81
641.502	249.81
641.707	264.81
641.913	256.81
642.118	230.81
642.323	232.81
642.528	243.81
642.733	260.81
642.939	258.81
643.144	242.81
643.349	261.81
643.554	233.81
643.759	247.81
643.964	248.81
644.169	252.81
644.374	249.81
644.579	223.81
644.784	233.81
644.989	247.81
645.194	238.81
645.399	226.81
645.604	214.81
645.809	240.81
646.014	233.81
646.219	245.81
646.423	251.81
646.628	240.81
646.833	260.81
647.038	229.81
647.243	220.81
647.447	239.81
647.652	234.81
647.857	230.81
648.062	251.81
648.266	242.81
648.471	229.81
648.676	260.81
648.88	250.81
649.085	247.81
649.289	227.81
649.494	238.81
649.698	255.81
649.903	252.81
650.107	233.81
650.312	219.81
650.516	218.81
650.721	227.81
650.925	207.81
651.13	209.81
651.334	191.81
651.539	212.81
651.743	205.81
651.947	196.81
652.152	222.81
652.356	204.81
652.56	176.81
652.764	185.81
652.969	192.81
653.173	188.81
653.377	173.81
653.581	178.81
653.785	196.81
653.99	167.81
654.194	194.81
654.398	186.81
654.602	182.81
654.806	180.81
655.01	185.81
655.214	188.81
655.418	156.81
655.622	172.81
655.826	167.81
656.03	186.81
656.234	182.81
656.438	193.81
656.642	174.81
656.846	177.81
657.049	164.81
657.253	160.81
657.457	152.81
657.661	151.81
657.865	140.81
658.068	138.81
658.272	128.81
658.476	134.81
658.68	122.81
658.883	121.81
659.087	112.81
659.291	120.81
659.494	119.81
659.698	106.81
659.901	119.81
660.105	118.81
660.309	112.81
660.512	102.81
660.716	96.81
660.919	97.81
661.123	109.81
661.326	96.81
661.53	105.81
661.733	94.81
661.936	100.81
662.14	97.81
662.343	97.81
662.546	100.81
662.75	92.81
662.953	90.81
663.156	83.81
663.36	72.81
663.563	86.81
663.766	80.81
663.969	80.81
664.173	81.81
664.376	93.81
664.579	87.81
664.782	82.81
664.985	70.81
665.188	80.81
665.391	83.81
665.594	84.81
665.797	103.81
666	90.81
666.203	101.81
666.406	80.81
666.609	77.81
666.812	91.81
667.015	75.81
667.218	80.81
667.421	91.81
667.624	89.81
667.827	82.81
668.03	72.81
668.232	75.81
668.435	83.81
668.638	79.81
668.841	77.81
669.043	81.81
669.246	90.81
669.449	86.81
669.651	77.81
669.854	86.81
670.057	74.81
670.259	84.81
670.462	78.81
670.665	80.81
670.867	83.81
671.07	89.81
671.272	91.81
671.475	93.81
671.677	85.81
671.88	84.81
672.082	81.81
672.284	86.81
672.487	93.81
672.689	79.81
672.892	90.81
