223.165	-8.5
223.4	-8.5
223.635	-8.5
223.869	-14.5
224.104	-22.5
224.338	-12.5
224.573	-24.5
224.808	-1.5
225.042	-24.5
225.277	-9.5
225.511	-3.5
225.746	6.5
225.98	12.5
226.215	12.5
226.449	16.5
226.683	20.5
226.918	27.5
227.152	25.5
227.387	19.5
227.621	39.5
227.856	39.5
228.09	47.5
228.324	42.5
228.559	61.5
228.793	77.5
229.027	124.5
229.262	147.5
229.496	154.5
229.73	186.5
229.964	195.5
230.199	186.5
230.433	156.5
230.667	158.5
230.901	156.5
231.136	156.5
231.37	160.5
231.604	161.5
231.838	154.5
232.072	148.5
232.306	165.5
232.541	164.5
232.775	161.5
233.009	154.5
233.243	154.5
233.477	146.5
233.711	163.5
233.945	160.5
234.179	158.5
234.413	172.5
234.647	178.5
234.881	158.5
235.115	163.5
235.349	155.5
235.583	161.5
235.817	163.5
236.051	174.5
236.285	195.5
236.519	179.5
236.753	191.5
236.987	196.5
237.221	237.5
237.455	305.5
237.689	243.5
237.922	205.5
238.156	197.5
238.39	193.5
238.624	185.5
238.858	184.5
239.091	182.5
239.325	204.5
239.559	198.5
239.793	195.5
240.027	205.5
240.26	206.5
240.494	226.5
240.728	251.5
240.961	231.5
241.195	201.5
241.429	207.5
241.662	194.5
241.896	206.5
242.13	214.5
242.363	222.5
242.597	218.5
242.83	215.5
243.064	218.5
243.298	226.5
243.531	226.5
243.765	224.5
243.998	227.5
244.232	226.5
244.465	247.5
244.699	238.5
244.932	240.5
245.166	251.5
245.399	230.5
245.633	243.5
245.866	247.5
246.099	235.5
246.333	250.5
246.566	235.5
246.8	253.5
247.033	261.5
247.266	260.5
247.5	262.5
247.733	263.5
247.966	295.5
248.2	286.5
248.433	283.5
248.666	292.5
248.899	310.5
249.133	320.5
249.366	331.5
249.599	339.5
249.832	348.5
250.066	360.5
250.299	430.5
250.532	562.5
250.765	599.5
250.998	534.5
251.231	463.5
251.465	409.5
251.698	388.5
251.931	362.5
252.164	371.5
252.397	357.5
252.63	368.5
252.863	370.5
253.096	373.5
253.329	346.5
253.562	359.5
253.795	373.5
254.028	374.5
254.261	385.5
254.494	401.5
254.727	408.5
254.96	446.5
255.193	446.5
255.426	469.5
255.659	520.5
255.892	658.5
256.124	959.5
256.357	1006.5
256.59	791.5
256.823	644.5
257.056	536.5
257.289	502.5
257.521	467.5
257.754	468.5
257.987	448.5
258.22	429.5
258.452	424.5
258.685	403.5
258.918	409.5
259.151	390.5
259.383	395.5
259.616	390.5
259.849	406.5
260.081	416.5
260.314	427.5
260.547	420.5
260.779	404.5
261.012	407.5
261.244	398.5
261.477	391.5
261.71	384.5
261.942	384.5
262.175	419.5
262.407	410.5
262.64	384.5
262.872	379.5
263.105	378.5
263.337	383.5
263.57	393.5
263.802	373.5
264.035	384.5
264.267	389.5
264.499	380.5
264.732	390.5
264.964	382.5
265.197	399.5
265.429	379.5
265.661	380.5
265.894	374.5
266.126	382.5
266.358	368.5
266.591	394.5
266.823	390.5
267.055	387.5
267.287	396.5
267.52	402.5
267.752	396.5
267.984	412.5
268.216	382.5
268.448	418.5
268.681	419.5
268.913	402.5
269.145	435.5
269.377	434.5
269.609	419.5
269.841	413.5
270.073	450.5
270.306	446.5
270.538	456.5
270.77	460.5
271.002	473.5
271.234	450.5
271.466	470.5
271.698	476.5
271.93	490.5
272.162	463.5
272.394	479.5
272.626	490.5
272.858	462.5
273.09	466.5
273.322	443.5
273.553	466.5
273.785	454.5
274.017	460.5
274.249	468.5
274.481	459.5
274.713	470.5
274.945	502.5
275.176	467.5
275.408	506.5
275.64	496.5
275.872	521.5
276.104	523.5
276.335	514.5
276.567	550.5
276.799	562.5
277.031	606.5
277.262	664.5
277.494	645.5
277.726	608.5
277.957	549.5
278.189	538.5
278.421	519.5
278.652	525.5
278.884	512.5
279.115	522.5
279.347	533.5
279.579	555.5
279.81	556.5
280.042	615.5
280.273	673.5
280.505	662.5
280.736	607.5
280.968	556.5
281.199	532.5
281.431	574.5
281.662	528.5
281.894	533.5
282.125	524.5
282.356	552.5
282.588	571.5
282.819	589.5
283.051	530.5
283.282	498.5
283.513	516.5
283.745	508.5
283.976	541.5
284.207	512.5
284.439	520.5
284.67	525.5
284.901	514.5
285.132	516.5
285.364	513.5
285.595	522.5
285.826	522.5
286.057	515.5
286.288	519.5
286.52	511.5
286.751	525.5
286.982	518.5
287.213	511.5
287.444	532.5
287.675	528.5
287.906	537.5
288.138	549.5
288.369	528.5
288.6	558.5
288.831	559.5
289.062	540.5
289.293	556.5
289.524	539.5
289.755	532.5
289.986	530.5
290.217	516.5
290.448	517.5
290.679	534.5
290.91	534.5
291.141	507.5
291.371	510.5
291.602	543.5
291.833	512.5
292.064	528.5
292.295	502.5
292.526	530.5
292.757	528.5
292.987	497.5
293.218	539.5
293.449	532.5
293.68	519.5
293.91	498.5
294.141	503.5
294.372	499.5
294.603	494.5
294.833	528.5
295.064	532.5
295.295	519.5
295.525	543.5
295.756	520.5
295.987	578.5
296.217	593.5
296.448	603.5
296.679	548.5
296.909	531.5
297.14	530.5
297.37	539.5
297.601	556.5
297.831	535.5
298.062	549.5
298.292	527.5
298.523	559.5
298.753	560.5
298.984	556.5
299.214	544.5
299.445	554.5
299.675	562.5
299.905	568.5
300.136	567.5
300.366	515.5
300.597	571.5
300.827	568.5
301.057	602.5
301.288	614.5
301.518	592.5
301.748	593.5
301.979	614.5
302.209	636.5
302.439	587.5
302.669	594.5
302.9	586.5
303.13	603.5
303.36	603.5
303.59	651.5
303.82	670.5
304.051	643.5
304.281	624.5
304.511	622.5
304.741	597.5
304.971	586.5
305.201	584.5
305.431	600.5
305.661	594.5
305.891	606.5
306.121	610.5
306.352	618.5
306.582	630.5
306.812	610.5
307.042	618.5
307.272	666.5
307.502	709.5
307.731	713.5
307.961	678.5
308.191	627.5
308.421	623.5
308.651	622.5
308.881	603.5
309.111	600.5
309.341	622.5
309.571	652.5
309.8	640.5
310.03	663.5
310.26	658.5
310.49	663.5
310.72	686.5
310.949	682.5
311.179	707.5
311.409	679.5
311.639	688.5
311.868	678.5
312.098	676.5
312.328	671.5
312.557	709.5
312.787	746.5
313.017	729.5
313.246	718.5
313.476	682.5
313.706	706.5
313.935	712.5
314.165	708.5
314.394	701.5
314.624	731.5
314.853	707.5
315.083	685.5
315.312	694.5
315.542	689.5
315.771	691.5
316.001	676.5
316.23	672.5
316.46	677.5
316.689	671.5
316.919	719.5
317.148	689.5
317.377	719.5
317.607	684.5
317.836	725.5
318.065	727.5
318.295	700.5
318.524	699.5
318.753	714.5
318.983	702.5
319.212	732.5
319.441	732.5
319.67	728.5
319.9	718.5
320.129	728.5
320.358	726.5
320.587	747.5
320.816	761.5
321.046	768.5
321.275	755.5
321.504	786.5
321.733	779.5
321.962	810.5
322.191	835.5
322.42	858.5
322.649	842.5
322.878	871.5
323.108	886.5
323.337	968.5
323.566	1016.5
323.795	1040.5
324.024	1178.5
324.253	1426.5
324.482	1975.5
324.71	3008.5
324.939	4212.5
325.168	3382.5
325.397	1839.5
325.626	1370.5
325.855	1230.5
326.084	1152.5
326.313	1179.5
326.542	1170.5
326.77	1261.5
326.999	1470.5
327.228	1976.5
327.457	2938.5
327.686	3512.5
327.914	2545.5
328.143	2288.5
328.372	2458.5
328.6	2190.5
328.829	1692.5
329.058	1630.5
329.287	1632.5
329.515	1723.5
329.744	1967.5
329.972	2481.5
330.201	3365.5
330.43	4092.5
330.658	3288.5
330.887	2210.5
331.115	1790.5
331.344	1527.5
331.572	1396.5
331.801	1356.5
332.03	1346.5
332.258	1330.5
332.486	1357.5
332.715	1362.5
332.943	1403.5
333.172	1516.5
333.4	1634.5
333.629	1808.5
333.857	2147.5
334.085	2730.5
334.314	3724.5
334.542	4997.5
334.771	5203.5
334.999	3325.5
335.227	2170.5
335.455	1792.5
335.684	1509.5
335.912	1398.5
336.14	1295.5
336.369	1258.5
336.597	1230.5
336.825	1171.5
337.053	1140.5
337.281	1078.5
337.51	1029.5
337.738	1041.5
337.966	1004.5
338.194	1005.5
338.422	983.5
338.65	982.5
338.878	956.5
339.106	924.5
339.334	920.5
339.562	888.5
339.79	897.5
340.018	910.5
340.246	881.5
340.474	884.5
340.702	894.5
340.93	895.5
341.158	862.5
341.386	880.5
341.614	875.5
341.842	870.5
342.07	844.5
342.298	832.5
342.526	831.5
342.754	802.5
342.981	826.5
343.209	812.5
343.437	862.5
343.665	861.5
343.893	899.5
344.12	918.5
344.348	864.5
344.576	876.5
344.804	876.5
345.031	882.5
345.259	869.5
345.487	837.5
345.714	836.5
345.942	835.5
346.17	821.5
346.397	802.5
346.625	804.5
346.853	796.5
347.08	778.5
347.308	792.5
347.535	801.5
347.763	835.5
347.99	855.5
348.218	797.5
348.445	831.5
348.673	818.5
348.9	824.5
349.128	799.5
349.355	775.5
349.583	789.5
349.81	764.5
350.037	812.5
350.265	789.5
350.492	783.5
350.72	774.5
350.947	795.5
351.174	818.5
351.402	820.5
351.629	803.5
351.856	822.5
352.083	828.5
352.311	839.5
352.538	840.5
352.765	839.5
352.992	831.5
353.22	823.5
353.447	805.5
353.674	792.5
353.901	789.5
354.128	764.5
354.355	766.5
354.583	752.5
354.81	752.5
355.037	755.5
355.264	772.5
355.491	766.5
355.718	747.5
355.945	774.5
356.172	780.5
356.399	749.5
356.626	769.5
356.853	758.5
357.08	771.5
357.307	753.5
357.534	763.5
357.761	764.5
357.988	757.5
358.215	773.5
358.441	760.5
358.668	762.5
358.895	777.5
359.122	767.5
359.349	773.5
359.576	813.5
359.802	880.5
360.029	893.5
360.256	909.5
360.483	886.5
360.709	813.5
360.936	821.5
361.163	828.5
361.39	814.5
361.616	796.5
361.843	784.5
362.07	782.5
362.296	815.5
362.523	814.5
362.749	805.5
362.976	803.5
363.203	783.5
363.429	768.5
363.656	806.5
363.882	797.5
364.109	774.5
364.335	774.5
364.562	768.5
364.788	766.5
365.015	766.5
365.241	780.5
365.468	782.5
365.694	813.5
365.92	788.5
366.147	776.5
366.373	780.5
366.599	766.5
366.826	783.5
367.052	789.5
367.278	790.5
367.505	769.5
367.731	766.5
367.957	789.5
368.184	795.5
368.41	816.5
368.636	816.5
368.862	783.5
369.089	816.5
369.315	810.5
369.541	825.5
369.767	806.5
369.993	807.5
370.219	805.5
370.445	802.5
370.672	807.5
370.898	813.5
371.124	802.5
371.35	805.5
371.576	798.5
371.802	823.5
372.028	821.5
372.254	782.5
372.48	815.5
372.706	838.5
372.932	840.5
373.158	844.5
373.384	804.5
373.61	836.5
373.835	847.5
374.061	801.5
374.287	820.5
374.513	835.5
374.739	858.5
374.965	870.5
375.191	858.5
375.416	898.5
375.642	856.5
375.868	854.5
376.094	849.5
376.319	832.5
376.545	838.5
376.771	805.5
376.997	818.5
377.222	806.5
377.448	840.5
377.674	815.5
377.899	812.5
378.125	801.5
378.35	811.5
378.576	805.5
378.802	796.5
379.027	815.5
379.253	805.5
379.478	814.5
379.704	815.5
379.929	814.5
380.155	808.5
380.38	788.5
380.606	826.5
380.831	828.5
381.057	837.5
381.282	815.5
381.507	832.5
381.733	854.5
381.958	818.5
382.184	835.5
382.409	868.5
382.634	865.5
382.86	852.5
383.085	866.5
383.31	871.5
383.535	865.5
383.761	895.5
383.986	900.5
384.211	902.5
384.436	918.5
384.662	927.5
384.887	914.5
385.112	933.5
385.337	957.5
385.562	915.5
385.787	940.5
386.013	964.5
386.238	980.5
386.463	961.5
386.688	948.5
386.913	957.5
387.138	924.5
387.363	897.5
387.588	931.5
387.813	938.5
388.038	934.5
388.263	935.5
388.488	938.5
388.713	926.5
388.938	962.5
389.163	933.5
389.387	937.5
389.612	925.5
389.837	925.5
390.062	925.5
390.287	947.5
390.512	926.5
390.736	909.5
390.961	950.5
391.186	989.5
391.411	1000.5
391.636	1024.5
391.86	997.5
392.085	1043.5
392.31	1031.5
392.534	1013.5
392.759	1020.5
392.984	971.5
393.208	991.5
393.433	990.5
393.658	994.5
393.882	968.5
394.107	980.5
394.331	992.5
394.556	1000.5
394.78	978.5
395.005	989.5
395.229	1010.5
395.454	1010.5
395.678	1040.5
395.903	1083.5
396.127	1066.5
396.352	1060.5
396.576	1028.5
396.801	1007.5
397.025	1049.5
397.249	1046.5
397.474	1052.5
397.698	1095.5
397.922	1068.5
398.147	1068.5
398.371	1102.5
398.595	1176.5
398.82	1153.5
399.044	1228.5
399.268	1315.5
399.492	1418.5
399.717	1558.5
399.941	1580.5
400.165	1518.5
400.389	1435.5
400.613	1294.5
400.837	1256.5
401.062	1218.5
401.286	1216.5
401.51	1178.5
401.734	1188.5
401.958	1208.5
402.182	1235.5
402.406	1267.5
402.63	1267.5
402.854	1293.5
403.078	1288.5
403.302	1310.5
403.526	1354.5
403.75	1332.5
403.974	1373.5
404.198	1358.5
404.422	1383.5
404.645	1448.5
404.869	1473.5
405.093	1588.5
405.317	1664.5
405.541	1700.5
405.765	1587.5
405.988	1479.5
406.212	1491.5
406.436	1510.5
406.66	1494.5
406.883	1434.5
407.107	1493.5
407.331	1516.5
407.555	1697.5
407.778	1645.5
408.002	1562.5
408.226	1454.5
408.449	1413.5
408.673	1407.5
408.896	1400.5
409.12	1439.5
409.344	1400.5
409.567	1391.5
409.791	1361.5
410.014	1333.5
410.238	1309.5
410.461	1323.5
410.685	1347.5
410.908	1357.5
411.132	1383.5
411.355	1407.5
411.578	1385.5
411.802	1359.5
412.025	1404.5
412.249	1485.5
412.472	1586.5
412.695	1748.5
412.919	1683.5
413.142	1572.5
413.365	1516.5
413.589	1441.5
413.812	1347.5
414.035	1335.5
414.258	1333.5
414.482	1345.5
414.705	1339.5
414.928	1264.5
415.151	1278.5
415.374	1298.5
415.597	1255.5
415.821	1268.5
416.044	1277.5
416.267	1289.5
416.49	1229.5
416.713	1236.5
416.936	1279.5
417.159	1248.5
417.382	1294.5
417.605	1342.5
417.828	1382.5
418.051	1391.5
418.274	1335.5
418.497	1262.5
418.72	1294.5
418.943	1288.5
419.166	1343.5
419.389	1406.5
419.611	1416.5
419.834	1463.5
420.057	1474.5
420.28	1590.5
420.503	1606.5
420.726	1540.5
420.948	1489.5
421.171	1462.5
421.394	1444.5
421.617	1371.5
421.839	1341.5
422.062	1316.5
422.285	1330.5
422.507	1407.5
422.73	1495.5
422.953	1421.5
423.175	1336.5
423.398	1350.5
423.621	1287.5
423.843	1383.5
424.066	1374.5
424.288	1332.5
424.511	1402.5
424.733	1418.5
424.956	1550.5
425.178	1484.5
425.401	1459.5
425.623	1501.5
425.846	1338.5
426.068	1306.5
426.291	1278.5
426.513	1280.5
426.735	1326.5
426.958	1360.5
427.18	1476.5
427.402	1680.5
427.625	1850.5
427.847	1772.5
428.069	1728.5
428.292	1586.5
428.514	1391.5
428.736	1322.5
428.958	1304.5
429.181	1250.5
429.403	1247.5
429.625	1239.5
429.847	1266.5
430.069	1341.5
430.292	1306.5
430.514	1207.5
430.736	1194.5
430.958	1192.5
431.18	1149.5
431.402	1133.5
431.624	1135.5
431.846	1152.5
432.068	1138.5
432.29	1146.5
432.512	1170.5
432.734	1163.5
432.956	1189.5
433.178	1194.5
433.4	1206.5
433.622	1176.5
433.844	1194.5
434.066	1172.5
434.287	1175.5
434.509	1181.5
434.731	1221.5
434.953	1254.5
435.175	1239.5
435.397	1302.5
435.618	1266.5
435.84	1295.5
436.062	1394.5
436.284	1519.5
436.505	1315.5
436.727	1246.5
436.949	1194.5
437.17	1188.5
437.392	1206.5
437.614	1148.5
437.835	1242.5
438.057	1391.5
438.278	1482.5
438.5	1514.5
438.721	1627.5
438.943	1508.5
439.165	1306.5
439.386	1255.5
439.608	1247.5
439.829	1291.5
440.05	1307.5
440.272	1412.5
440.493	1346.5
440.715	1271.5
440.936	1219.5
441.158	1233.5
441.379	1227.5
441.6	1292.5
441.822	1351.5
442.043	1382.5
442.264	1495.5
442.486	1517.5
442.707	1368.5
442.928	1343.5
443.149	1344.5
443.371	1353.5
443.592	1432.5
443.813	1541.5
444.034	1632.5
444.255	1478.5
444.476	1375.5
444.698	1434.5
444.919	1422.5
445.14	1535.5
445.361	1446.5
445.582	1458.5
445.803	1459.5
446.024	1624.5
446.245	1582.5
446.466	1483.5
446.687	1342.5
446.908	1294.5
447.129	1231.5
447.35	1162.5
447.571	1174.5
447.792	1162.5
448.013	1177.5
448.234	1190.5
448.455	1242.5
448.675	1398.5
448.896	1562.5
449.117	1387.5
449.338	1350.5
449.559	1516.5
449.779	1648.5
450	1371.5
450.221	1235.5
450.442	1168.5
450.662	1138.5
450.883	1176.5
451.104	1214.5
451.324	1192.5
451.545	1149.5
451.766	1126.5
451.986	1077.5
452.207	1098.5
452.428	1086.5
452.648	1108.5
452.869	1078.5
453.089	1075.5
453.31	1138.5
453.53	1105.5
453.751	1058.5
453.971	1096.5
454.192	1125.5
454.412	1060.5
454.633	1066.5
454.853	1082.5
455.073	1056.5
455.294	1089.5
455.514	1161.5
455.734	1146.5
455.955	1031.5
456.175	1033.5
456.395	1044.5
456.616	1034.5
456.836	1019.5
457.056	1017.5
457.276	1008.5
457.497	1026.5
457.717	1022.5
457.937	1061.5
458.157	1024.5
458.377	1053.5
458.598	1112.5
458.818	1252.5
459.038	1356.5
459.258	1358.5
459.478	1216.5
459.698	1221.5
459.918	1212.5
460.138	1223.5
460.358	1247.5
460.578	1308.5
460.798	1271.5
461.018	1303.5
461.238	1251.5
461.458	1276.5
461.678	1274.5
461.898	1276.5
462.118	1294.5
462.338	1360.5
462.558	1382.5
462.777	1387.5
462.997	1511.5
463.217	1562.5
463.437	1567.5
463.657	1486.5
463.876	1418.5
464.096	1431.5
464.316	1398.5
464.536	1434.5
464.755	1417.5
464.975	1442.5
465.195	1480.5
465.414	1589.5
465.634	1422.5
465.854	1326.5
466.073	1274.5
466.293	1215.5
466.512	1210.5
466.732	1157.5
466.951	1190.5
467.171	1204.5
467.391	1210.5
467.61	1252.5
467.829	1363.5
468.049	1852.5
468.268	2683.5
468.488	2047.5
468.707	1600.5
468.927	1427.5
469.146	1348.5
469.365	1298.5
469.585	1271.5
469.804	1295.5
470.023	1341.5
470.243	1291.5
470.462	1299.5
470.681	1376.5
470.901	1341.5
471.12	1343.5
471.339	1362.5
471.558	1352.5
471.777	1436.5
471.997	1648.5
472.216	2597.5
472.435	5301.5
472.654	4042.5
472.873	2528.5
473.092	2056.5
473.311	1800.5
473.53	1635.5
473.749	1532.5
473.968	1507.5
474.187	1637.5
474.406	1576.5
474.625	1446.5
474.844	1322.5
475.063	1326.5
475.282	1298.5
475.501	1326.5
475.72	1307.5
475.939	1284.5
476.158	1338.5
476.377	1320.5
476.596	1289.5
476.814	1298.5
477.033	1316.5
477.252	1347.5
477.471	1347.5
477.69	1341.5
477.908	1380.5
478.127	1396.5
478.346	1434.5
478.564	1459.5
478.783	1429.5
479.002	1479.5
479.22	1486.5
479.439	1592.5
479.658	1636.5
479.876	1649.5
480.095	1654.5
480.313	1811.5
480.532	1927.5
480.751	2142.5
480.969	2990.5
481.188	6931.5
481.406	8876.5
481.624	4804.5
481.843	3426.5
482.061	2751.5
482.28	2448.5
482.498	2197.5
482.717	2076.5
482.935	1968.5
483.153	1849.5
483.372	1773.5
483.59	1755.5
483.808	1728.5
484.027	1688.5
484.245	1670.5
484.463	1630.5
484.681	1694.5
484.9	1653.5
485.118	1633.5
485.336	1602.5
485.554	1628.5
485.772	1605.5
485.99	1607.5
486.209	1619.5
486.427	1631.5
486.645	1600.5
486.863	1609.5
487.081	1645.5
487.299	1586.5
487.517	1575.5
487.735	1611.5
487.953	1599.5
488.171	1623.5
488.389	1626.5
488.607	1592.5
488.825	1590.5
489.043	1634.5
489.261	1650.5
489.479	1633.5
489.696	1679.5
489.914	1718.5
490.132	1688.5
490.35	1768.5
490.568	1787.5
490.786	1864.5
491.003	1892.5
491.221	1982.5
491.439	2078.5
491.657	2139.5
491.874	2207.5
492.092	2217.5
492.31	2239.5
492.527	2273.5
492.745	2332.5
492.963	2366.5
493.18	2306.5
493.398	2286.5
493.615	2263.5
493.833	2171.5
494.05	2144.5
494.268	2105.5
494.485	2029.5
494.703	1991.5
494.92	1972.5
495.138	1963.5
495.355	1925.5
495.573	1919.5
495.79	1893.5
496.008	1866.5
496.225	1876.5
496.442	1860.5
496.66	1873.5
496.877	1844.5
497.094	1891.5
497.312	1860.5
497.529	1898.5
497.746	1882.5
497.963	1848.5
498.181	1907.5
498.398	2014.5
498.615	2023.5
498.832	2114.5
499.049	2178.5
499.267	2287.5
499.484	2399.5
499.701	2567.5
499.918	2728.5
500.135	2956.5
500.352	3224.5
500.569	3435.5
500.786	3426.5
501.003	3273.5
501.22	3016.5
501.437	2741.5
501.654	2519.5
501.871	2373.5
502.088	2284.5
502.305	2172.5
502.522	2053.5
502.739	1967.5
502.956	1875.5
503.172	1849.5
503.389	1796.5
503.606	1803.5
503.823	1763.5
504.04	1759.5
504.256	1732.5
504.473	1767.5
504.69	1743.5
504.907	1696.5
505.123	1629.5
505.34	1590.5
505.557	1544.5
505.773	1599.5
505.99	1548.5
506.207	1515.5
506.423	1510.5
506.64	1499.5
506.856	1451.5
507.073	1429.5
507.289	1473.5
507.506	1498.5
507.722	1444.5
507.939	1506.5
508.155	1454.5
508.372	1425.5
508.588	1411.5
508.805	1381.5
509.021	1388.5
509.238	1406.5
509.454	1355.5
509.67	1388.5
509.887	1402.5
510.103	1399.5
510.319	1480.5
510.536	1795.5
510.752	3386.5
510.968	2365.5
511.184	1528.5
511.401	1459.5
511.617	1459.5
511.833	1588.5
512.049	1723.5
512.265	1607.5
512.481	1502.5
512.698	1457.5
512.914	1461.5
513.13	1420.5
513.346	1428.5
513.562	1400.5
513.778	1409.5
513.994	1422.5
514.21	1466.5
514.426	1483.5
514.642	1570.5
514.858	1658.5
515.074	1766.5
515.29	2139.5
515.506	3216.5
515.721	2482.5
515.937	1716.5
516.153	1611.5
516.369	1530.5
516.585	1508.5
516.801	1542.5
517.016	1524.5
517.232	1599.5
517.448	1582.5
517.664	1613.5
517.879	1593.5
518.095	1624.5
518.311	1619.5
518.527	1564.5
518.742	1541.5
518.958	1493.5
519.173	1472.5
519.389	1466.5
519.605	1436.5
519.82	1424.5
520.036	1440.5
520.251	1472.5
520.467	1504.5
520.682	1505.5
520.898	1533.5
521.113	1622.5
521.329	1688.5
521.544	1925.5
521.76	2420.5
521.975	4394.5
522.19	3890.5
522.406	2060.5
522.621	1586.5
522.836	1432.5
523.052	1375.5
523.267	1301.5
523.482	1284.5
523.698	1292.5
523.913	1271.5
524.128	1270.5
524.343	1260.5
524.559	1213.5
524.774	1182.5
524.989	1221.5
525.204	1200.5
525.419	1200.5
525.634	1173.5
525.849	1178.5
526.064	1162.5
526.28	1166.5
526.495	1150.5
526.71	1151.5
526.925	1120.5
527.14	1114.5
527.355	1115.5
527.57	1135.5
527.785	1143.5
527.999	1122.5
528.214	1120.5
528.429	1126.5
528.644	1141.5
528.859	1140.5
529.074	1174.5
529.289	1162.5
529.503	1338.5
529.718	1298.5
529.933	1194.5
530.148	1136.5
530.363	1141.5
530.577	1128.5
530.792	1138.5
531.007	1085.5
531.221	1076.5
531.436	1079.5
531.651	1083.5
531.865	1089.5
532.08	1078.5
532.295	1085.5
532.509	1050.5
532.724	1039.5
532.938	1059.5
533.153	1071.5
533.367	1072.5
533.582	1080.5
533.796	1058.5
534.011	1057.5
534.225	1020.5
534.44	1043.5
534.654	1052.5
534.868	1059.5
535.083	1057.5
535.297	1030.5
535.511	1044.5
535.726	1058.5
535.94	1055.5
536.154	1046.5
536.369	1011.5
536.583	1018.5
536.797	1012.5
537.011	1019.5
537.225	1000.5
537.44	1006.5
537.654	1001.5
537.868	979.5
538.082	986.5
538.296	989.5
538.51	994.5
538.724	981.5
538.938	989.5
539.153	984.5
539.367	1027.5
539.581	1024.5
539.795	974.5
540.009	993.5
540.222	956.5
540.436	965.5
540.65	1022.5
540.864	985.5
541.078	1006.5
541.292	965.5
541.506	988.5
541.72	978.5
541.934	979.5
542.147	983.5
542.361	970.5
542.575	949.5
542.789	971.5
543.002	952.5
543.216	951.5
543.43	970.5
543.644	965.5
543.857	922.5
544.071	967.5
544.285	978.5
544.498	949.5
544.712	956.5
544.925	965.5
545.139	958.5
545.352	970.5
545.566	965.5
545.779	972.5
545.993	988.5
546.206	977.5
546.42	979.5
546.633	947.5
546.847	956.5
547.06	981.5
547.274	960.5
547.487	983.5
547.7	968.5
547.914	950.5
548.127	968.5
548.34	986.5
548.554	978.5
548.767	974.5
548.98	962.5
549.193	957.5
549.407	974.5
549.62	970.5
549.833	975.5
550.046	1002.5
550.259	956.5
550.473	960.5
550.686	968.5
550.899	957.5
551.112	926.5
551.325	914.5
551.538	927.5
551.751	911.5
551.964	909.5
552.177	966.5
552.39	972.5
552.603	944.5
552.816	989.5
553.029	980.5
553.242	999.5
553.455	994.5
553.667	1040.5
553.88	1049.5
554.093	1020.5
554.306	1021.5
554.519	982.5
554.732	955.5
554.944	948.5
555.157	927.5
555.37	905.5
555.583	913.5
555.795	909.5
556.008	905.5
556.221	862.5
556.433	840.5
556.646	869.5
556.859	852.5
557.071	836.5
557.284	826.5
557.496	837.5
557.709	803.5
557.921	871.5
558.134	821.5
558.346	821.5
558.559	814.5
558.771	839.5
558.984	818.5
559.196	804.5
559.409	791.5
559.621	826.5
559.833	792.5
560.046	760.5
560.258	801.5
560.47	826.5
560.683	819.5
560.895	819.5
561.107	803.5
561.32	780.5
561.532	801.5
561.744	789.5
561.956	796.5
562.168	798.5
562.381	806.5
562.593	804.5
562.805	818.5
563.017	810.5
563.229	812.5
563.441	797.5
563.653	785.5
563.865	816.5
564.077	812.5
564.289	784.5
564.501	802.5
564.713	815.5
564.925	847.5
565.137	865.5
565.349	890.5
565.561	842.5
565.773	887.5
565.985	919.5
566.197	940.5
566.408	981.5
566.62	1043.5
566.832	1066.5
567.044	1064.5
567.255	1104.5
567.467	1129.5
567.679	1141.5
567.891	1244.5
568.102	1230.5
568.314	1141.5
568.526	1070.5
568.737	995.5
568.949	930.5
569.161	898.5
569.372	840.5
569.584	840.5
569.795	818.5
570.007	801.5
570.218	900.5
570.43	860.5
570.641	799.5
570.853	751.5
571.064	792.5
571.276	793.5
571.487	751.5
571.698	733.5
571.91	717.5
572.121	705.5
572.333	685.5
572.544	674.5
572.755	665.5
572.966	667.5
573.178	659.5
573.389	648.5
573.6	652.5
573.811	654.5
574.023	649.5
574.234	629.5
574.445	625.5
574.656	631.5
574.867	634.5
575.078	631.5
575.289	654.5
575.501	610.5
575.712	608.5
575.923	623.5
576.134	625.5
576.345	621.5
576.556	624.5
576.767	599.5
576.978	567.5
577.188	587.5
577.399	585.5
577.61	616.5
577.821	592.5
578.032	609.5
578.243	684.5
578.454	1217.5
578.665	795.5
578.875	615.5
579.086	587.5
579.297	583.5
579.508	560.5
579.718	577.5
579.929	586.5
580.14	562.5
580.35	575.5
580.561	550.5
580.772	576.5
580.982	538.5
581.193	558.5
581.403	556.5
581.614	567.5
581.825	542.5
582.035	551.5
582.246	531.5
582.456	551.5
582.667	525.5
582.877	542.5
583.087	540.5
583.298	537.5
583.508	549.5
583.719	543.5
583.929	526.5
584.139	503.5
584.35	521.5
584.56	524.5
584.77	526.5
584.981	536.5
585.191	520.5
585.401	546.5
585.611	523.5
585.821	528.5
586.032	548.5
586.242	523.5
586.452	536.5
586.662	509.5
586.872	524.5
587.082	492.5
587.292	520.5
587.502	516.5
587.713	526.5
587.923	508.5
588.133	511.5
588.343	523.5
588.553	517.5
588.762	493.5
588.972	514.5
589.182	546.5
589.392	547.5
589.602	563.5
589.812	568.5
590.022	533.5
590.232	532.5
590.441	534.5
590.651	505.5
590.861	537.5
591.071	512.5
591.281	518.5
591.49	531.5
591.7	530.5
591.91	539.5
592.119	514.5
592.329	538.5
592.539	564.5
592.748	563.5
592.958	579.5
593.167	563.5
593.377	576.5
593.587	585.5
593.796	574.5
594.006	607.5
594.215	601.5
594.424	591.5
594.634	586.5
594.843	595.5
595.053	552.5
595.262	556.5
595.472	529.5
595.681	512.5
595.89	516.5
596.1	513.5
596.309	503.5
596.518	483.5
596.727	490.5
596.937	479.5
597.146	467.5
597.355	473.5
597.564	490.5
597.774	460.5
597.983	469.5
598.192	460.5
598.401	482.5
598.61	447.5
598.819	455.5
599.028	448.5
599.237	444.5
599.446	440.5
599.655	450.5
599.864	456.5
600.073	439.5
600.282	445.5
600.491	461.5
600.7	427.5
600.909	454.5
601.118	456.5
601.327	444.5
601.536	438.5
601.745	448.5
601.953	436.5
602.162	453.5
602.371	447.5
602.58	441.5
602.789	418.5
602.997	436.5
603.206	454.5
603.415	438.5
603.623	440.5
603.832	431.5
604.041	432.5
604.249	429.5
604.458	412.5
604.666	425.5
604.875	435.5
605.084	414.5
605.292	432.5
605.501	411.5
605.709	426.5
605.918	445.5
606.126	438.5
606.334	416.5
606.543	404.5
606.751	396.5
606.96	430.5
607.168	434.5
607.376	417.5
607.585	426.5
607.793	400.5
608.001	417.5
608.21	416.5
608.418	432.5
608.626	396.5
608.834	435.5
609.043	413.5
609.251	427.5
609.459	410.5
609.667	422.5
609.875	422.5
610.083	412.5
610.291	417.5
610.499	427.5
610.707	424.5
610.916	428.5
611.124	444.5
611.332	420.5
611.54	406.5
611.748	419.5
611.955	406.5
612.163	405.5
612.371	395.5
612.579	409.5
612.787	406.5
612.995	415.5
613.203	408.5
613.411	416.5
613.618	400.5
613.826	401.5
614.034	413.5
614.242	386.5
614.449	386.5
614.657	395.5
614.865	384.5
615.072	387.5
615.28	373.5
615.488	371.5
615.695	387.5
615.903	381.5
616.111	388.5
616.318	402.5
616.526	383.5
616.733	404.5
616.941	390.5
617.148	375.5
617.356	384.5
617.563	383.5
617.771	392.5
617.978	390.5
618.185	370.5
618.393	382.5
618.6	393.5
618.807	387.5
619.015	394.5
619.222	365.5
619.429	384.5
619.637	351.5
619.844	386.5
620.051	364.5
620.258	356.5
620.466	370.5
620.673	347.5
620.88	355.5
621.087	362.5
621.294	337.5
621.501	349.5
621.708	335.5
621.915	338.5
622.122	355.5
622.329	353.5
622.536	354.5
622.743	343.5
622.95	320.5
623.157	327.5
623.364	342.5
623.571	351.5
623.778	364.5
623.985	330.5
624.192	343.5
624.399	336.5
624.606	322.5
624.812	321.5
625.019	340.5
625.226	339.5
625.433	332.5
625.639	322.5
625.846	320.5
626.053	309.5
626.259	315.5
626.466	323.5
626.673	315.5
626.879	302.5
627.086	310.5
627.293	318.5
627.499	320.5
627.706	328.5
627.912	317.5
628.119	323.5
628.325	334.5
628.532	292.5
628.738	322.5
628.945	311.5
629.151	295.5
629.357	314.5
629.564	312.5
629.77	303.5
629.976	310.5
630.183	304.5
630.389	288.5
630.595	299.5
630.802	294.5
631.008	299.5
631.214	299.5
631.42	306.5
631.627	286.5
631.833	290.5
632.039	295.5
632.245	279.5
632.451	294.5
632.657	300.5
632.863	300.5
633.069	291.5
633.275	322.5
633.481	290.5
633.688	289.5
633.893	302.5
634.099	305.5
634.305	300.5
634.511	285.5
634.717	290.5
634.923	283.5
635.129	296.5
635.335	293.5
635.541	320.5
635.747	322.5
635.952	335.5
636.158	372.5
636.364	540.5
636.57	682.5
636.775	491.5
636.981	423.5
637.187	386.5
637.392	367.5
637.598	350.5
637.804	321.5
638.009	336.5
638.215	321.5
638.421	320.5
638.626	304.5
638.832	310.5
639.037	287.5
639.243	273.5
639.448	275.5
639.654	278.5
639.859	287.5
640.065	277.5
640.27	273.5
640.475	265.5
640.681	266.5
640.886	289.5
641.091	271.5
641.297	264.5
641.502	248.5
641.707	267.5
641.913	261.5
642.118	252.5
642.323	268.5
642.528	242.5
642.733	261.5
642.939	260.5
643.144	258.5
643.349	261.5
643.554	235.5
643.759	249.5
643.964	239.5
644.169	232.5
644.374	236.5
644.579	236.5
644.784	266.5
644.989	240.5
645.194	227.5
645.399	255.5
645.604	250.5
645.809	230.5
646.014	247.5
646.219	232.5
646.423	248.5
646.628	242.5
646.833	240.5
647.038	223.5
647.243	238.5
647.447	246.5
647.652	235.5
647.857	245.5
648.062	261.5
648.266	250.5
648.471	228.5
648.676	264.5
648.88	250.5
649.085	231.5
649.289	256.5
649.494	246.5
649.698	275.5
649.903	273.5
650.107	222.5
650.312	211.5
650.516	230.5
650.721	220.5
650.925	212.5
651.13	213.5
651.334	211.5
651.539	235.5
651.743	210.5
651.947	208.5
652.152	212.5
652.356	200.5
652.56	209.5
652.764	178.5
652.969	206.5
653.173	184.5
653.377	203.5
653.581	191.5
653.785	184.5
653.99	179.5
654.194	183.5
654.398	180.5
654.602	181.5
654.806	191.5
655.01	188.5
655.214	187.5
655.418	175.5
655.622	182.5
655.826	165.5
656.03	170.5
656.234	185.5
656.438	196.5
656.642	190.5
656.846	179.5
657.049	154.5
657.253	169.5
657.457	140.5
657.661	137.5
657.865	121.5
658.068	115.5
658.272	136.5
658.476	137.5
658.68	118.5
658.883	107.5
659.087	110.5
659.291	114.5
659.494	110.5
659.698	112.5
659.901	112.5
660.105	97.5
660.309	112.5
660.512	106.5
660.716	101.5
660.919	95.5
661.123	102.5
661.326	94.5
661.53	108.5
661.733	95.5
661.936	101.5
662.14	93.5
662.343	89.5
662.546	91.5
662.75	88.5
662.953	88.5
663.156	82.5
663.36	83.5
663.563	84.5
663.766	76.5
663.969	87.5
664.173	78.5
664.376	81.5
664.579	82.5
664.782	72.5
664.985	87.5
665.188	79.5
665.391	98.5
665.594	85.5
665.797	70.5
666	83.5
666.203	87.5
666.406	88.5
666.609	72.5
666.812	76.5
667.015	78.5
667.218	80.5
667.421	71.5
667.624	76.5
667.827	83.5
668.03	73.5
668.232	82.5
668.435	91.5
668.638	71.5
668.841	87.5
669.043	83.5
669.246	80.5
669.449	91.5
669.651	62.5
669.854	69.5
670.057	68.5
670.259	78.5
670.462	76.5
670.665	69.5
670.867	87.5
671.07	84.5
671.272	82.5
671.475	85.5
671.677	85.5
671.88	72.5
672.082	76.5
672.284	78.5
672.487	75.5
672.689	77.5
672.892	89.5
