223.165	-12.12
223.4	-12.12
223.635	-12.12
223.869	-25.12
224.104	-6.12
224.338	-22.12
224.573	-3.12
224.808	-6.12
225.042	-18.12
225.277	-16.12
225.511	5.88
225.746	-8.12
225.98	20.88
226.215	9.88
226.449	9.88
226.683	13.88
226.918	19.88
227.152	36.88
227.387	23.88
227.621	38.88
227.856	46.88
228.09	29.88
228.324	44.88
228.559	57.88
228.793	77.88
229.027	120.88
229.262	131.88
229.496	139.88
229.73	181.88
229.964	189.88
230.199	153.88
230.433	140.88
230.667	136.88
230.901	154.88
231.136	135.88
231.37	154.88
231.604	145.88
231.838	141.88
232.072	149.88
232.306	159.88
232.541	157.88
232.775	144.88
233.009	150.88
233.243	157.88
233.477	162.88
233.711	170.88
233.945	155.88
234.179	141.88
234.413	148.88
234.647	152.88
234.881	143.88
235.115	133.88
235.349	164.88
235.583	169.88
235.817	171.88
236.051	159.88
236.285	164.88
236.519	173.88
236.753	193.88
236.987	191.88
237.221	229.88
237.455	303.88
237.689	209.88
237.922	207.88
238.156	169.88
238.39	172.88
238.624	170.88
238.858	184.88
239.091	189.88
239.325	162.88
239.559	187.88
239.793	190.88
240.027	191.88
240.26	205.88
240.494	210.88
240.728	218.88
240.961	217.88
241.195	206.88
241.429	208.88
241.662	185.88
241.896	216.88
242.13	196.88
242.363	203.88
242.597	206.88
242.83	211.88
243.064	214.88
243.298	228.88
243.531	214.88
243.765	222.88
243.998	224.88
244.232	208.88
244.465	212.88
244.699	229.88
244.932	224.88
245.166	237.88
245.399	228.88
245.633	225.88
245.866	225.88
246.099	247.88
246.333	235.88
246.566	242.88
246.8	257.88
247.033	246.88
247.266	253.88
247.5	245.88
247.733	244.88
247.966	271.88
248.2	270.88
248.433	271.88
248.666	255.88
248.899	281.88
249.133	290.88
249.366	310.88
249.599	297.88
249.832	291.88
250.066	327.88
250.299	358.88
250.532	473.88
250.765	519.88
250.998	467.88
251.231	420.88
251.465	367.88
251.698	350.88
251.931	323.88
252.164	316.88
252.397	332.88
252.63	321.88
252.863	334.88
253.096	337.88
253.329	343.88
253.562	334.88
253.795	356.88
254.028	328.88
254.261	324.88
254.494	353.88
254.727	393.88
254.96	395.88
255.193	389.88
255.426	407.88
255.659	467.88
255.892	593.88
256.124	766.88
256.357	854.88
256.59	667.88
256.823	529.88
257.056	459.88
257.289	435.88
257.521	426.88
257.754	412.88
257.987	387.88
258.22	397.88
258.452	357.88
258.685	387.88
258.918	352.88
259.151	366.88
259.383	355.88
259.616	358.88
259.849	372.88
260.081	383.88
260.314	376.88
260.547	385.88
260.779	369.88
261.012	388.88
261.244	354.88
261.477	371.88
261.71	369.88
261.942	372.88
262.175	403.88
262.407	377.88
262.64	350.88
262.872	354.88
263.105	340.88
263.337	353.88
263.57	340.88
263.802	352.88
264.035	332.88
264.267	348.88
264.499	328.88
264.732	355.88
264.964	351.88
265.197	354.88
265.429	355.88
265.661	347.88
265.894	366.88
266.126	350.88
266.358	349.88
266.591	358.88
266.823	369.88
267.055	351.88
267.287	364.88
267.52	358.88
267.752	355.88
267.984	371.88
268.216	374.88
268.448	386.88
268.681	369.88
268.913	397.88
269.145	405.88
269.377	422.88
269.609	402.88
269.841	406.88
270.073	414.88
270.306	411.88
270.538	435.88
270.77	419.88
271.002	437.88
271.234	429.88
271.466	426.88
271.698	459.88
271.93	458.88
272.162	467.88
272.394	462.88
272.626	449.88
272.858	435.88
273.09	420.88
273.322	413.88
273.553	425.88
273.785	442.88
274.017	415.88
274.249	441.88
274.481	446.88
274.713	443.88
274.945	428.88
275.176	448.88
275.408	454.88
275.64	469.88
275.872	474.88
276.104	476.88
276.335	471.88
276.567	461.88
276.799	510.88
277.031	550.88
277.262	601.88
277.494	582.88
277.726	537.88
277.957	513.88
278.189	498.88
278.421	496.88
278.652	478.88
278.884	474.88
279.115	476.88
279.347	505.88
279.579	489.88
279.81	526.88
280.042	558.88
280.273	611.88
280.505	611.88
280.736	537.88
280.968	529.88
281.199	493.88
281.431	502.88
281.662	516.88
281.894	496.88
282.125	478.88
282.356	523.88
282.588	535.88
282.819	541.88
283.051	491.88
283.282	481.88
283.513	483.88
283.745	464.88
283.976	486.88
284.207	472.88
284.439	484.88
284.67	481.88
284.901	483.88
285.132	469.88
285.364	467.88
285.595	501.88
285.826	476.88
286.057	469.88
286.288	474.88
286.52	502.88
286.751	479.88
286.982	478.88
287.213	493.88
287.444	491.88
287.675	505.88
287.906	508.88
288.138	492.88
288.369	495.88
288.6	514.88
288.831	525.88
289.062	493.88
289.293	509.88
289.524	509.88
289.755	489.88
289.986	504.88
290.217	505.88
290.448	479.88
290.679	470.88
290.91	491.88
291.141	473.88
291.371	481.88
291.602	498.88
291.833	489.88
292.064	472.88
292.295	474.88
292.526	490.88
292.757	483.88
292.987	465.88
293.218	474.88
293.449	489.88
293.68	486.88
293.91	479.88
294.141	489.88
294.372	489.88
294.603	493.88
294.833	507.88
295.064	480.88
295.295	480.88
295.525	478.88
295.756	502.88
295.987	515.88
296.217	546.88
296.448	559.88
296.679	529.88
296.909	503.88
297.14	493.88
297.37	516.88
297.601	500.88
297.831	509.88
298.062	508.88
298.292	536.88
298.523	517.88
298.753	538.88
298.984	517.88
299.214	499.88
299.445	535.88
299.675	526.88
299.905	509.88
300.136	534.88
300.366	500.88
300.597	547.88
300.827	541.88
301.057	555.88
301.288	574.88
301.518	542.88
301.748	566.88
301.979	561.88
302.209	587.88
302.439	577.88
302.669	573.88
302.9	539.88
303.13	551.88
303.36	570.88
303.59	574.88
303.82	607.88
304.051	615.88
304.281	581.88
304.511	587.88
304.741	565.88
304.971	560.88
305.201	576.88
305.431	567.88
305.661	544.88
305.891	549.88
306.121	567.88
306.352	571.88
306.582	592.88
306.812	575.88
307.042	565.88
307.272	598.88
307.502	646.88
307.731	647.88
307.961	614.88
308.191	599.88
308.421	577.88
308.651	573.88
308.881	587.88
309.111	565.88
309.341	580.88
309.571	602.88
309.8	621.88
310.03	629.88
310.26	625.88
310.49	641.88
310.72	639.88
310.949	667.88
311.179	671.88
311.409	636.88
311.639	628.88
311.868	631.88
312.098	644.88
312.328	661.88
312.557	681.88
312.787	681.88
313.017	669.88
313.246	652.88
313.476	635.88
313.706	635.88
313.935	645.88
314.165	681.88
314.394	694.88
314.624	708.88
314.853	677.88
315.083	651.88
315.312	653.88
315.542	639.88
315.771	658.88
316.001	611.88
316.23	630.88
316.46	633.88
316.689	638.88
316.919	673.88
317.148	633.88
317.377	668.88
317.607	674.88
317.836	661.88
318.065	669.88
318.295	661.88
318.524	659.88
318.753	676.88
318.983	676.88
319.212	641.88
319.441	681.88
319.67	699.88
319.9	676.88
320.129	681.88
320.358	665.88
320.587	675.88
320.816	700.88
321.046	746.88
321.275	705.88
321.504	711.88
321.733	731.88
321.962	748.88
322.191	737.88
322.42	781.88
322.649	797.88
322.878	804.88
323.108	830.88
323.337	884.88
323.566	914.88
323.795	993.88
324.024	1088.88
324.253	1321.88
324.482	1889.88
324.71	2957.88
324.939	4125.88
325.168	3359.88
325.397	1794.88
325.626	1295.88
325.855	1137.88
326.084	1063.88
326.313	1049.88
326.542	1040.88
326.77	1161.88
326.999	1368.88
327.228	1854.88
327.457	2770.88
327.686	3307.88
327.914	2343.88
328.143	2041.88
328.372	2101.88
328.6	1894.88
328.829	1492.88
329.058	1397.88
329.287	1418.88
329.515	1491.88
329.744	1660.88
329.972	2101.88
330.201	2742.88
330.43	3428.88
330.658	2780.88
330.887	1858.88
331.115	1561.88
331.344	1305.88
331.572	1242.88
331.801	1211.88
332.03	1184.88
332.258	1190.88
332.486	1173.88
332.715	1212.88
332.943	1262.88
333.172	1332.88
333.4	1435.88
333.629	1564.88
333.857	1833.88
334.085	2307.88
334.314	3091.88
334.542	4198.88
334.771	4427.88
334.999	2717.88
335.227	1853.88
335.455	1523.88
335.684	1341.88
335.912	1229.88
336.14	1156.88
336.369	1107.88
336.597	1091.88
336.825	1012.88
337.053	997.88
337.281	1007.88
337.51	980.88
337.738	984.88
337.966	909.88
338.194	909.88
338.422	915.88
338.65	881.88
338.878	858.88
339.106	848.88
339.334	836.88
339.562	849.88
339.79	827.88
340.018	834.88
340.246	820.88
340.474	829.88
340.702	833.88
340.93	817.88
341.158	841.88
341.386	817.88
341.614	810.88
341.842	815.88
342.07	795.88
342.298	779.88
342.526	782.88
342.754	773.88
342.981	766.88
343.209	772.88
343.437	795.88
343.665	821.88
343.893	873.88
344.12	877.88
344.348	846.88
344.576	821.88
344.804	821.88
345.031	800.88
345.259	823.88
345.487	807.88
345.714	813.88
345.942	776.88
346.17	761.88
346.397	763.88
346.625	738.88
346.853	747.88
347.08	765.88
347.308	763.88
347.535	784.88
347.763	789.88
347.99	769.88
348.218	797.88
348.445	761.88
348.673	787.88
348.9	792.88
349.128	731.88
349.355	751.88
349.583	729.88
349.81	748.88
350.037	747.88
350.265	721.88
350.492	721.88
350.72	738.88
350.947	741.88
351.174	772.88
351.402	771.88
351.629	774.88
351.856	763.88
352.083	742.88
352.311	781.88
352.538	785.88
352.765	790.88
352.992	773.88
353.22	767.88
353.447	761.88
353.674	730.88
353.901	726.88
354.128	729.88
354.355	718.88
354.583	703.88
354.81	710.88
355.037	731.88
355.264	721.88
355.491	723.88
355.718	727.88
355.945	702.88
356.172	725.88
356.399	735.88
356.626	731.88
356.853	721.88
357.08	718.88
357.307	719.88
357.534	743.88
357.761	711.88
357.988	718.88
358.215	735.88
358.441	720.88
358.668	733.88
358.895	732.88
359.122	757.88
359.349	745.88
359.576	768.88
359.802	823.88
360.029	873.88
360.256	881.88
360.483	832.88
360.709	790.88
360.936	769.88
361.163	797.88
361.39	770.88
361.616	787.88
361.843	797.88
362.07	772.88
362.296	790.88
362.523	796.88
362.749	747.88
362.976	785.88
363.203	767.88
363.429	750.88
363.656	768.88
363.882	761.88
364.109	735.88
364.335	765.88
364.562	753.88
364.788	732.88
365.015	754.88
365.241	736.88
365.468	761.88
365.694	766.88
365.92	741.88
366.147	749.88
366.373	754.88
366.599	746.88
366.826	770.88
367.052	745.88
367.278	771.88
367.505	730.88
367.731	723.88
367.957	744.88
368.184	772.88
368.41	775.88
368.636	785.88
368.862	801.88
369.089	776.88
369.315	767.88
369.541	782.88
369.767	766.88
369.993	747.88
370.219	766.88
370.445	774.88
370.672	759.88
370.898	791.88
371.124	773.88
371.35	790.88
371.576	777.88
371.802	783.88
372.028	772.88
372.254	780.88
372.48	767.88
372.706	784.88
372.932	817.88
373.158	799.88
373.384	798.88
373.61	806.88
373.835	787.88
374.061	767.88
374.287	809.88
374.513	788.88
374.739	812.88
374.965	840.88
375.191	850.88
375.416	835.88
375.642	826.88
375.868	825.88
376.094	817.88
376.319	802.88
376.545	818.88
376.771	781.88
376.997	789.88
377.222	799.88
377.448	798.88
377.674	777.88
377.899	768.88
378.125	772.88
378.35	773.88
378.576	799.88
378.802	765.88
379.027	791.88
379.253	791.88
379.478	798.88
379.704	790.88
379.929	794.88
380.155	775.88
380.38	798.88
380.606	790.88
380.831	783.88
381.057	811.88
381.282	779.88
381.507	804.88
381.733	781.88
381.958	790.88
382.184	835.88
382.409	800.88
382.634	815.88
382.86	822.88
383.085	863.88
383.31	847.88
383.535	845.88
383.761	823.88
383.986	866.88
384.211	882.88
384.436	877.88
384.662	899.88
384.887	899.88
385.112	891.88
385.337	919.88
385.562	905.88
385.787	927.88
386.013	927.88
386.238	951.88
386.463	973.88
386.688	973.88
386.913	911.88
387.138	939.88
387.363	925.88
387.588	888.88
387.813	909.88
388.038	922.88
388.263	916.88
388.488	917.88
388.713	949.88
388.938	901.88
389.163	922.88
389.387	905.88
389.612	904.88
389.837	895.88
390.062	881.88
390.287	893.88
390.512	922.88
390.736	912.88
390.961	943.88
391.186	924.88
391.411	925.88
391.636	999.88
391.86	1014.88
392.085	1019.88
392.31	1018.88
392.534	990.88
392.759	979.88
392.984	1017.88
393.208	995.88
393.433	985.88
393.658	982.88
393.882	937.88
394.107	979.88
394.331	1003.88
394.556	963.88
394.78	974.88
395.005	981.88
395.229	974.88
395.454	1025.88
395.678	1037.88
395.903	1012.88
396.127	1079.88
396.352	1045.88
396.576	1007.88
396.801	994.88
397.025	987.88
397.249	1047.88
397.474	1042.88
397.698	1043.88
397.922	1057.88
398.147	1077.88
398.371	1092.88
398.595	1101.88
398.82	1121.88
399.044	1206.88
399.268	1247.88
399.492	1465.88
399.717	1586.88
399.941	1599.88
400.165	1507.88
400.389	1447.88
400.613	1296.88
400.837	1213.88
401.062	1217.88
401.286	1197.88
401.51	1185.88
401.734	1152.88
401.958	1174.88
402.182	1187.88
402.406	1229.88
402.63	1244.88
402.854	1275.88
403.078	1260.88
403.302	1284.88
403.526	1310.88
403.75	1323.88
403.974	1392.88
404.198	1349.88
404.422	1365.88
404.645	1440.88
404.869	1431.88
405.093	1552.88
405.317	1641.88
405.541	1653.88
405.765	1534.88
405.988	1421.88
406.212	1436.88
406.436	1455.88
406.66	1485.88
406.883	1396.88
407.107	1512.88
407.331	1535.88
407.555	1653.88
407.778	1629.88
408.002	1529.88
408.226	1454.88
408.449	1394.88
408.673	1442.88
408.896	1421.88
409.12	1467.88
409.344	1394.88
409.567	1335.88
409.791	1348.88
410.014	1331.88
410.238	1299.88
410.461	1309.88
410.685	1305.88
410.908	1296.88
411.132	1358.88
411.355	1397.88
411.578	1337.88
411.802	1292.88
412.025	1355.88
412.249	1429.88
412.472	1554.88
412.695	1671.88
412.919	1605.88
413.142	1485.88
413.365	1424.88
413.589	1396.88
413.812	1339.88
414.035	1293.88
414.258	1287.88
414.482	1285.88
414.705	1318.88
414.928	1295.88
415.151	1231.88
415.374	1232.88
415.597	1213.88
415.821	1234.88
416.044	1211.88
416.267	1238.88
416.49	1225.88
416.713	1210.88
416.936	1223.88
417.159	1246.88
417.382	1261.88
417.605	1311.88
417.828	1347.88
418.051	1283.88
418.274	1288.88
418.497	1249.88
418.72	1287.88
418.943	1239.88
419.166	1331.88
419.389	1402.88
419.611	1437.88
419.834	1433.88
420.057	1402.88
420.28	1471.88
420.503	1507.88
420.726	1439.88
420.948	1437.88
421.171	1432.88
421.394	1413.88
421.617	1285.88
421.839	1284.88
422.062	1285.88
422.285	1301.88
422.507	1364.88
422.73	1433.88
422.953	1401.88
423.175	1288.88
423.398	1334.88
423.621	1306.88
423.843	1347.88
424.066	1359.88
424.288	1337.88
424.511	1386.88
424.733	1419.88
424.956	1506.88
425.178	1449.88
425.401	1426.88
425.623	1458.88
425.846	1322.88
426.068	1246.88
426.291	1259.88
426.513	1247.88
426.735	1261.88
426.958	1337.88
427.18	1407.88
427.402	1625.88
427.625	1782.88
427.847	1751.88
428.069	1677.88
428.292	1519.88
428.514	1366.88
428.736	1267.88
428.958	1209.88
429.181	1204.88
429.403	1197.88
429.625	1219.88
429.847	1238.88
430.069	1301.88
430.292	1270.88
430.514	1163.88
430.736	1141.88
430.958	1143.88
431.18	1133.88
431.402	1118.88
431.624	1136.88
431.846	1131.88
432.068	1123.88
432.29	1145.88
432.512	1135.88
432.734	1147.88
432.956	1133.88
433.178	1189.88
433.4	1160.88
433.622	1157.88
433.844	1152.88
434.066	1137.88
434.287	1135.88
434.509	1152.88
434.731	1214.88
434.953	1252.88
435.175	1262.88
435.397	1263.88
435.618	1261.88
435.84	1291.88
436.062	1390.88
436.284	1477.88
436.505	1286.88
436.727	1237.88
436.949	1219.88
437.17	1181.88
437.392	1149.88
437.614	1178.88
437.835	1213.88
438.057	1361.88
438.278	1467.88
438.5	1484.88
438.721	1552.88
438.943	1479.88
439.165	1285.88
439.386	1222.88
439.608	1241.88
439.829	1230.88
440.05	1296.88
440.272	1347.88
440.493	1326.88
440.715	1200.88
440.936	1232.88
441.158	1201.88
441.379	1238.88
441.6	1318.88
441.822	1335.88
442.043	1370.88
442.264	1485.88
442.486	1462.88
442.707	1311.88
442.928	1302.88
443.149	1319.88
443.371	1350.88
443.592	1410.88
443.813	1513.88
444.034	1623.88
444.255	1428.88
444.476	1409.88
444.698	1366.88
444.919	1430.88
445.14	1505.88
445.361	1405.88
445.582	1397.88
445.803	1455.88
446.024	1620.88
446.245	1550.88
446.466	1450.88
446.687	1311.88
446.908	1244.88
447.129	1187.88
447.35	1157.88
447.571	1138.88
447.792	1139.88
448.013	1135.88
448.234	1195.88
448.455	1257.88
448.675	1384.88
448.896	1555.88
449.117	1350.88
449.338	1313.88
449.559	1489.88
449.779	1598.88
450	1332.88
450.221	1188.88
450.442	1126.88
450.662	1141.88
450.883	1141.88
451.104	1182.88
451.324	1141.88
451.545	1124.88
451.766	1110.88
451.986	1082.88
452.207	1053.88
452.428	1057.88
452.648	1047.88
452.869	1044.88
453.089	1093.88
453.31	1102.88
453.53	1069.88
453.751	1059.88
453.971	1049.88
454.192	1097.88
454.412	1053.88
454.633	1049.88
454.853	1035.88
455.073	1023.88
455.294	1061.88
455.514	1141.88
455.734	1117.88
455.955	1010.88
456.175	985.88
456.395	985.88
456.616	1019.88
456.836	957.88
457.056	979.88
457.276	996.88
457.497	979.88
457.717	988.88
457.937	1007.88
458.157	1013.88
458.377	1036.88
458.598	1084.88
458.818	1193.88
459.038	1363.88
459.258	1342.88
459.478	1211.88
459.698	1180.88
459.918	1163.88
460.138	1206.88
460.358	1204.88
460.578	1277.88
460.798	1258.88
461.018	1238.88
461.238	1235.88
461.458	1237.88
461.678	1229.88
461.898	1260.88
462.118	1269.88
462.338	1305.88
462.558	1344.88
462.777	1358.88
462.997	1473.88
463.217	1595.88
463.437	1574.88
463.657	1456.88
463.876	1410.88
464.096	1391.88
464.316	1412.88
464.536	1427.88
464.755	1409.88
464.975	1399.88
465.195	1499.88
465.414	1594.88
465.634	1382.88
465.854	1277.88
466.073	1227.88
466.293	1151.88
466.512	1121.88
466.732	1149.88
466.951	1129.88
467.171	1129.88
467.391	1172.88
467.61	1182.88
467.829	1313.88
468.049	1625.88
468.268	2386.88
468.488	1790.88
468.707	1440.88
468.927	1265.88
469.146	1230.88
469.365	1219.88
469.585	1167.88
469.804	1197.88
470.023	1257.88
470.243	1241.88
470.462	1269.88
470.681	1314.88
470.901	1286.88
471.12	1287.88
471.339	1276.88
471.558	1229.88
471.777	1343.88
471.997	1519.88
472.216	2241.88
472.435	4563.88
472.654	3443.88
472.873	2189.88
473.092	1773.88
473.311	1556.88
473.53	1485.88
473.749	1417.88
473.968	1396.88
474.187	1483.88
474.406	1438.88
474.625	1323.88
474.844	1261.88
475.063	1224.88
475.282	1208.88
475.501	1209.88
475.72	1217.88
475.939	1187.88
476.158	1228.88
476.377	1207.88
476.596	1236.88
476.814	1246.88
477.033	1223.88
477.252	1237.88
477.471	1280.88
477.69	1297.88
477.908	1325.88
478.127	1353.88
478.346	1375.88
478.564	1379.88
478.783	1388.88
479.002	1408.88
479.22	1443.88
479.439	1483.88
479.658	1524.88
479.876	1565.88
480.095	1580.88
480.313	1693.88
480.532	1760.88
480.751	1981.88
480.969	2693.88
481.188	5986.88
481.406	7619.88
481.624	4051.88
481.843	2911.88
482.061	2467.88
482.28	2121.88
482.498	1941.88
482.717	1769.88
482.935	1717.88
483.153	1697.88
483.372	1641.88
483.59	1577.88
483.808	1574.88
484.027	1537.88
484.245	1553.88
484.463	1537.88
484.681	1516.88
484.9	1489.88
485.118	1495.88
485.336	1466.88
485.554	1493.88
485.772	1494.88
485.99	1483.88
486.209	1494.88
486.427	1460.88
486.645	1484.88
486.863	1551.88
487.081	1542.88
487.299	1539.88
487.517	1517.88
487.735	1515.88
487.953	1499.88
488.171	1511.88
488.389	1454.88
488.607	1483.88
488.825	1487.88
489.043	1506.88
489.261	1527.88
489.479	1528.88
489.696	1553.88
489.914	1546.88
490.132	1577.88
490.35	1592.88
490.568	1645.88
490.786	1683.88
491.003	1734.88
491.221	1746.88
491.439	1822.88
491.657	1849.88
491.874	1909.88
492.092	1913.88
492.31	1933.88
492.527	1995.88
492.745	2052.88
492.963	2065.88
493.18	2010.88
493.398	1951.88
493.615	2014.88
493.833	1914.88
494.05	1917.88
494.268	1865.88
494.485	1853.88
494.703	1876.88
494.92	1799.88
495.138	1793.88
495.355	1751.88
495.573	1781.88
495.79	1714.88
496.008	1717.88
496.225	1739.88
496.442	1690.88
496.66	1718.88
496.877	1745.88
497.094	1763.88
497.312	1780.88
497.529	1758.88
497.746	1757.88
497.963	1794.88
498.181	1863.88
498.398	1886.88
498.615	1955.88
498.832	2050.88
499.049	2123.88
499.267	2234.88
499.484	2402.88
499.701	2534.88
499.918	2709.88
500.135	2971.88
500.352	3301.88
500.569	3441.88
500.786	3471.88
501.003	3222.88
501.22	3031.88
501.437	2705.88
501.654	2475.88
501.871	2333.88
502.088	2225.88
502.305	2062.88
502.522	1981.88
502.739	1933.88
502.956	1809.88
503.172	1742.88
503.389	1727.88
503.606	1733.88
503.823	1735.88
504.04	1679.88
504.256	1669.88
504.473	1739.88
504.69	1673.88
504.907	1650.88
505.123	1608.88
505.34	1550.88
505.557	1498.88
505.773	1475.88
505.99	1465.88
506.207	1476.88
506.423	1470.88
506.64	1426.88
506.856	1436.88
507.073	1444.88
507.289	1398.88
507.506	1393.88
507.722	1446.88
507.939	1419.88
508.155	1398.88
508.372	1366.88
508.588	1371.88
508.805	1310.88
509.021	1359.88
509.238	1363.88
509.454	1360.88
509.67	1293.88
509.887	1327.88
510.103	1316.88
510.319	1383.88
510.536	1693.88
510.752	3424.88
510.968	2382.88
511.184	1451.88
511.401	1372.88
511.617	1385.88
511.833	1445.88
512.049	1537.88
512.265	1489.88
512.481	1421.88
512.698	1414.88
512.914	1315.88
513.13	1343.88
513.346	1318.88
513.562	1327.88
513.778	1351.88
513.994	1375.88
514.21	1369.88
514.426	1446.88
514.642	1554.88
514.858	1602.88
515.074	1670.88
515.29	2114.88
515.506	3381.88
515.721	2461.88
515.937	1659.88
516.153	1521.88
516.369	1444.88
516.585	1456.88
516.801	1450.88
517.016	1504.88
517.232	1534.88
517.448	1522.88
517.664	1577.88
517.879	1571.88
518.095	1555.88
518.311	1536.88
518.527	1481.88
518.742	1492.88
518.958	1434.88
519.173	1393.88
519.389	1395.88
519.605	1372.88
519.82	1351.88
520.036	1411.88
520.251	1443.88
520.467	1476.88
520.682	1426.88
520.898	1492.88
521.113	1483.88
521.329	1608.88
521.544	1826.88
521.76	2457.88
521.975	4557.88
522.19	4058.88
522.406	2027.88
522.621	1513.88
522.836	1394.88
523.052	1350.88
523.267	1268.88
523.482	1235.88
523.698	1223.88
523.913	1248.88
524.128	1234.88
524.343	1178.88
524.559	1157.88
524.774	1173.88
524.989	1151.88
525.204	1140.88
525.419	1163.88
525.634	1126.88
525.849	1090.88
526.064	1084.88
526.28	1102.88
526.495	1070.88
526.71	1078.88
526.925	1103.88
527.14	1069.88
527.355	1072.88
527.57	1067.88
527.785	1083.88
527.999	1076.88
528.214	1041.88
528.429	1070.88
528.644	1050.88
528.859	1056.88
529.074	1081.88
529.289	1116.88
529.503	1317.88
529.718	1220.88
529.933	1149.88
530.148	1110.88
530.363	1078.88
530.577	1058.88
530.792	1063.88
531.007	1038.88
531.221	1068.88
531.436	1041.88
531.651	1015.88
531.865	1029.88
532.08	1032.88
532.295	1059.88
532.509	1038.88
532.724	1026.88
532.938	1027.88
533.153	1036.88
533.367	1048.88
533.582	1014.88
533.796	1021.88
534.011	1011.88
534.225	1002.88
534.44	988.88
534.654	1009.88
534.868	991.88
535.083	1028.88
535.297	1014.88
535.511	984.88
535.726	1025.88
535.94	1011.88
536.154	1014.88
536.369	970.88
536.583	996.88
536.797	957.88
537.011	969.88
537.225	951.88
537.44	973.88
537.654	963.88
537.868	946.88
538.082	949.88
538.296	963.88
538.51	946.88
538.724	939.88
538.938	920.88
539.153	965.88
539.367	972.88
539.581	974.88
539.795	970.88
540.009	945.88
540.222	921.88
540.436	950.88
540.65	891.88
540.864	951.88
541.078	970.88
541.292	962.88
541.506	969.88
541.72	976.88
541.934	938.88
542.147	924.88
542.361	926.88
542.575	911.88
542.789	901.88
543.002	930.88
543.216	925.88
543.43	932.88
543.644	907.88
543.857	934.88
544.071	933.88
544.285	941.88
544.498	917.88
544.712	935.88
544.925	921.88
545.139	927.88
545.352	915.88
545.566	928.88
545.779	946.88
545.993	930.88
546.206	931.88
546.42	910.88
546.633	957.88
546.847	911.88
547.06	927.88
547.274	907.88
547.487	920.88
547.7	932.88
547.914	945.88
548.127	927.88
548.34	900.88
548.554	929.88
548.767	903.88
548.98	916.88
549.193	907.88
549.407	917.88
549.62	935.88
549.833	946.88
550.046	936.88
550.259	902.88
550.473	902.88
550.686	899.88
550.899	885.88
551.112	902.88
551.325	905.88
551.538	891.88
551.751	895.88
551.964	878.88
552.177	926.88
552.39	911.88
552.603	934.88
552.816	963.88
553.029	957.88
553.242	995.88
553.455	987.88
553.667	1031.88
553.88	1029.88
554.093	968.88
554.306	968.88
554.519	953.88
554.732	919.88
554.944	893.88
555.157	911.88
555.37	887.88
555.583	887.88
555.795	867.88
556.008	815.88
556.221	829.88
556.433	798.88
556.646	819.88
556.859	798.88
557.071	805.88
557.284	825.88
557.496	800.88
557.709	824.88
557.921	788.88
558.134	785.88
558.346	747.88
558.559	778.88
558.771	763.88
558.984	755.88
559.196	772.88
559.409	765.88
559.621	741.88
559.833	729.88
560.046	762.88
560.258	785.88
560.47	772.88
560.683	786.88
560.895	769.88
561.107	747.88
561.32	761.88
561.532	749.88
561.744	781.88
561.956	771.88
562.168	787.88
562.381	789.88
562.593	738.88
562.805	743.88
563.017	758.88
563.229	757.88
563.441	735.88
563.653	764.88
563.865	758.88
564.077	749.88
564.289	772.88
564.501	790.88
564.713	779.88
564.925	787.88
565.137	837.88
565.349	822.88
565.561	823.88
565.773	859.88
565.985	879.88
566.197	930.88
566.408	986.88
566.62	1034.88
566.832	1106.88
567.044	1087.88
567.255	1058.88
567.467	1090.88
567.679	1171.88
567.891	1239.88
568.102	1226.88
568.314	1184.88
568.526	1071.88
568.737	1033.88
568.949	922.88
569.161	887.88
569.372	842.88
569.584	813.88
569.795	787.88
570.007	799.88
570.218	893.88
570.43	836.88
570.641	766.88
570.853	758.88
571.064	750.88
571.276	775.88
571.487	736.88
571.698	697.88
571.91	683.88
572.121	665.88
572.333	655.88
572.544	666.88
572.755	641.88
572.966	642.88
573.178	623.88
573.389	637.88
573.6	621.88
573.811	608.88
574.023	629.88
574.234	643.88
574.445	630.88
574.656	606.88
574.867	613.88
575.078	601.88
575.289	599.88
575.501	590.88
575.712	597.88
575.923	579.88
576.134	577.88
576.345	577.88
576.556	588.88
576.767	574.88
576.978	588.88
577.188	594.88
577.399	573.88
577.61	583.88
577.821	613.88
578.032	599.88
578.243	663.88
578.454	1245.88
578.665	814.88
578.875	590.88
579.086	550.88
579.297	566.88
579.508	538.88
579.718	525.88
579.929	533.88
580.14	531.88
580.35	517.88
580.561	523.88
580.772	513.88
580.982	545.88
581.193	523.88
581.403	530.88
581.614	520.88
581.825	535.88
582.035	523.88
582.246	519.88
582.456	532.88
582.667	495.88
582.877	520.88
583.087	491.88
583.298	511.88
583.508	523.88
583.719	525.88
583.929	507.88
584.139	487.88
584.35	503.88
584.56	502.88
584.77	480.88
584.981	506.88
585.191	506.88
585.401	521.88
585.611	503.88
585.821	494.88
586.032	514.88
586.242	505.88
586.452	477.88
586.662	482.88
586.872	505.88
587.082	492.88
587.292	485.88
587.502	478.88
587.713	477.88
587.923	477.88
588.133	462.88
588.343	478.88
588.553	503.88
588.762	477.88
588.972	511.88
589.182	604.88
589.392	576.88
589.602	531.88
589.812	569.88
590.022	541.88
590.232	481.88
590.441	493.88
590.651	510.88
590.861	507.88
591.071	508.88
591.281	501.88
591.49	501.88
591.7	480.88
591.91	512.88
592.119	494.88
592.329	529.88
592.539	521.88
592.748	555.88
592.958	586.88
593.167	586.88
593.377	589.88
593.587	569.88
593.796	568.88
594.006	589.88
594.215	603.88
594.424	582.88
594.634	578.88
594.843	545.88
595.053	535.88
595.262	537.88
595.472	511.88
595.681	498.88
595.89	469.88
596.1	491.88
596.309	460.88
596.518	480.88
596.727	478.88
596.937	467.88
597.146	463.88
597.355	436.88
597.564	443.88
597.774	425.88
597.983	427.88
598.192	412.88
598.401	445.88
598.61	429.88
598.819	410.88
599.028	414.88
599.237	406.88
599.446	432.88
599.655	427.88
599.864	419.88
600.073	421.88
600.282	433.88
600.491	423.88
600.7	416.88
600.909	399.88
601.118	421.88
601.327	430.88
601.536	429.88
601.745	397.88
601.953	439.88
602.162	433.88
602.371	449.88
602.58	422.88
602.789	423.88
602.997	423.88
603.206	398.88
603.415	402.88
603.623	404.88
603.832	406.88
604.041	414.88
604.249	385.88
604.458	387.88
604.666	398.88
604.875	398.88
605.084	399.88
605.292	400.88
605.501	411.88
605.709	422.88
605.918	396.88
606.126	405.88
606.334	398.88
606.543	410.88
606.751	417.88
606.96	404.88
607.168	405.88
607.376	387.88
607.585	395.88
607.793	389.88
608.001	411.88
608.21	376.88
608.418	389.88
608.626	386.88
608.834	395.88
609.043	393.88
609.251	407.88
609.459	402.88
609.667	382.88
609.875	395.88
610.083	402.88
610.291	387.88
610.499	417.88
610.707	386.88
610.916	382.88
611.124	401.88
611.332	401.88
611.54	397.88
611.748	384.88
611.955	373.88
612.163	378.88
612.371	370.88
612.579	400.88
612.787	387.88
612.995	387.88
613.203	373.88
613.411	366.88
613.618	367.88
613.826	374.88
614.034	386.88
614.242	372.88
614.449	352.88
614.657	369.88
614.865	375.88
615.072	370.88
615.28	364.88
615.488	376.88
615.695	368.88
615.903	372.88
616.111	386.88
616.318	388.88
616.526	379.88
616.733	377.88
616.941	372.88
617.148	359.88
617.356	347.88
617.563	371.88
617.771	362.88
617.978	369.88
618.185	380.88
618.393	358.88
618.6	356.88
618.807	345.88
619.015	353.88
619.222	364.88
619.429	341.88
619.637	348.88
619.844	343.88
620.051	352.88
620.258	331.88
620.466	349.88
620.673	333.88
620.88	322.88
621.087	339.88
621.294	342.88
621.501	357.88
621.708	337.88
621.915	335.88
622.122	341.88
622.329	345.88
622.536	327.88
622.743	332.88
622.95	336.88
623.157	307.88
623.364	340.88
623.571	325.88
623.778	325.88
623.985	323.88
624.192	337.88
624.399	317.88
624.606	308.88
624.812	325.88
625.019	334.88
625.226	321.88
625.433	321.88
625.639	317.88
625.846	312.88
626.053	298.88
626.259	307.88
626.466	302.88
626.673	294.88
626.879	301.88
627.086	285.88
627.293	307.88
627.499	314.88
627.706	301.88
627.912	294.88
628.119	295.88
628.325	297.88
628.532	295.88
628.738	293.88
628.945	288.88
629.151	298.88
629.357	294.88
629.564	289.88
629.77	295.88
629.976	286.88
630.183	292.88
630.389	287.88
630.595	313.88
630.802	282.88
631.008	279.88
631.214	281.88
631.42	283.88
631.627	271.88
631.833	273.88
632.039	276.88
632.245	282.88
632.451	271.88
632.657	289.88
632.863	277.88
633.069	278.88
633.275	285.88
633.481	299.88
633.688	275.88
633.893	274.88
634.099	277.88
634.305	263.88
634.511	286.88
634.717	294.88
634.923	293.88
635.129	280.88
635.335	289.88
635.541	292.88
635.747	318.88
635.952	315.88
636.158	348.88
636.364	468.88
636.57	618.88
636.775	476.88
636.981	397.88
637.187	386.88
637.392	333.88
637.598	315.88
637.804	321.88
638.009	308.88
638.215	307.88
638.421	298.88
638.626	297.88
638.832	283.88
639.037	273.88
639.243	272.88
639.448	266.88
639.654	275.88
639.859	264.88
640.065	255.88
640.27	264.88
640.475	263.88
640.681	269.88
640.886	267.88
641.091	262.88
641.297	270.88
641.502	237.88
641.707	258.88
641.913	248.88
642.118	241.88
642.323	228.88
642.528	248.88
642.733	241.88
642.939	255.88
643.144	237.88
643.349	231.88
643.554	250.88
643.759	226.88
643.964	221.88
644.169	239.88
644.374	233.88
644.579	226.88
644.784	220.88
644.989	247.88
645.194	228.88
645.399	242.88
645.604	212.88
645.809	226.88
646.014	243.88
646.219	238.88
646.423	234.88
646.628	231.88
646.833	236.88
647.038	227.88
647.243	230.88
647.447	228.88
647.652	242.88
647.857	239.88
648.062	235.88
648.266	239.88
648.471	251.88
648.676	257.88
648.88	244.88
649.085	252.88
649.289	246.88
649.494	250.88
649.698	247.88
649.903	242.88
650.107	258.88
650.312	238.88
650.516	238.88
650.721	229.88
650.925	208.88
651.13	210.88
651.334	201.88
651.539	196.88
651.743	202.88
651.947	189.88
652.152	200.88
652.356	186.88
652.56	201.88
652.764	187.88
652.969	200.88
653.173	194.88
653.377	171.88
653.581	191.88
653.785	189.88
653.99	182.88
654.194	178.88
654.398	178.88
654.602	163.88
654.806	177.88
655.01	199.88
655.214	205.88
655.418	185.88
655.622	178.88
655.826	181.88
656.03	182.88
656.234	185.88
656.438	191.88
656.642	195.88
656.846	190.88
657.049	162.88
657.253	167.88
657.457	136.88
657.661	155.88
657.865	146.88
658.068	148.88
658.272	130.88
658.476	143.88
658.68	109.88
658.883	114.88
659.087	111.88
659.291	126.88
659.494	118.88
659.698	117.88
659.901	117.88
660.105	118.88
660.309	112.88
660.512	103.88
660.716	84.88
660.919	114.88
661.123	109.88
661.326	104.88
661.53	90.88
661.733	82.88
661.936	97.88
662.14	102.88
662.343	83.88
662.546	89.88
662.75	82.88
662.953	89.88
663.156	78.88
663.36	89.88
663.563	97.88
663.766	76.88
663.969	92.88
664.173	81.88
664.376	77.88
664.579	80.88
664.782	89.88
664.985	89.88
665.188	67.88
665.391	93.88
665.594	84.88
665.797	83.88
666	74.88
666.203	74.88
666.406	74.88
666.609	89.88
666.812	90.88
667.015	68.88
667.218	76.88
667.421	80.88
667.624	74.88
667.827	76.88
668.03	70.88
668.232	84.88
668.435	80.88
668.638	66.88
668.841	85.88
669.043	77.88
669.246	81.88
669.449	67.88
669.651	80.88
669.854	85.88
670.057	92.88
670.259	76.88
670.462	91.88
670.665	87.88
670.867	70.88
671.07	74.88
671.272	79.88
671.475	72.88
671.677	79.88
671.88	79.88
672.082	82.88
672.284	89.88
672.487	92.88
672.689	82.88
672.892	90.88
