223.165	-21
223.4	-21
223.635	-21
223.869	-10
224.104	-15
224.338	-10
224.573	-14
224.808	-14
225.042	-17
225.277	1
225.511	5
225.746	3
225.98	10
226.215	10
226.449	8
226.683	17
226.918	18
227.152	29
227.387	38
227.621	37
227.856	47
228.09	34
228.324	50
228.559	59
228.793	76
229.027	134
229.262	133
229.496	143
229.73	182
229.964	210
230.199	180
230.433	152
230.667	158
230.901	160
231.136	164
231.37	155
231.604	175
231.838	172
232.072	160
232.306	161
232.541	152
232.775	169
233.009	161
233.243	160
233.477	164
233.711	150
233.945	170
234.179	175
234.413	158
234.647	160
234.881	166
235.115	158
235.349	172
235.583	175
235.817	161
236.051	181
236.285	189
236.519	189
236.753	195
236.987	217
237.221	257
237.455	320
237.689	259
237.922	188
238.156	200
238.39	181
238.624	208
238.858	202
239.091	201
239.325	180
239.559	193
239.793	194
240.027	201
240.26	236
240.494	238
240.728	230
240.961	216
241.195	221
241.429	222
241.662	218
241.896	211
242.13	215
242.363	223
242.597	211
242.83	236
243.064	228
243.298	247
243.531	232
243.765	242
243.998	233
244.232	251
244.465	242
244.699	247
244.932	246
245.166	255
245.399	249
245.633	255
245.866	255
246.099	252
246.333	238
246.566	245
246.8	232
247.033	272
247.266	267
247.5	266
247.733	280
247.966	279
248.2	268
248.433	272
248.666	304
248.899	320
249.133	334
249.366	346
249.599	357
249.832	350
250.066	381
250.299	458
250.532	616
250.765	671
250.998	546
251.231	476
251.465	419
251.698	402
251.931	369
252.164	381
252.397	361
252.63	355
252.863	375
253.096	374
253.329	390
253.562	394
253.795	394
254.028	373
254.261	372
254.494	405
254.727	425
254.96	453
255.193	454
255.426	472
255.659	564
255.892	757
256.124	1026
256.357	1095
256.59	835
256.823	661
257.056	560
257.289	530
257.521	480
257.754	457
257.987	446
258.22	449
258.452	432
258.685	429
258.918	410
259.151	412
259.383	421
259.616	392
259.849	423
260.081	421
260.314	448
260.547	438
260.779	432
261.012	429
261.244	422
261.477	408
261.71	400
261.942	397
262.175	430
262.407	434
262.64	398
262.872	398
263.105	387
263.337	380
263.57	376
263.802	380
264.035	380
264.267	375
264.499	401
264.732	399
264.964	379
265.197	381
265.429	377
265.661	385
265.894	386
266.126	401
266.358	393
266.591	389
266.823	400
267.055	400
267.287	419
267.52	382
267.752	419
267.984	399
268.216	408
268.448	430
268.681	436
268.913	420
269.145	435
269.377	437
269.609	468
269.841	443
270.073	461
270.306	445
270.538	493
270.77	485
271.002	481
271.234	445
271.466	481
271.698	494
271.93	491
272.162	503
272.394	495
272.626	480
272.858	468
273.09	466
273.322	492
273.553	476
273.785	492
274.017	475
274.249	484
274.481	489
274.713	468
274.945	492
275.176	495
275.408	497
275.64	519
275.872	554
276.104	578
276.335	564
276.567	564
276.799	593
277.031	647
277.262	692
277.494	679
277.726	612
277.957	596
278.189	581
278.421	582
278.652	566
278.884	547
279.115	549
279.347	572
279.579	574
279.81	599
280.042	644
280.273	719
280.505	697
280.736	649
280.968	598
281.199	570
281.431	570
281.662	578
281.894	559
282.125	527
282.356	581
282.588	590
282.819	576
283.051	550
283.282	528
283.513	551
283.745	561
283.976	523
284.207	540
284.439	528
284.67	548
284.901	541
285.132	532
285.364	512
285.595	541
285.826	528
286.057	536
286.288	523
286.52	524
286.751	520
286.982	551
287.213	533
287.444	557
287.675	545
287.906	567
288.138	566
288.369	571
288.6	569
288.831	531
289.062	545
289.293	558
289.524	552
289.755	536
289.986	544
290.217	529
290.448	543
290.679	536
290.91	539
291.141	519
291.371	550
291.602	536
291.833	517
292.064	526
292.295	541
292.526	540
292.757	535
292.987	508
293.218	527
293.449	540
293.68	520
293.91	542
294.141	537
294.372	498
294.603	530
294.833	513
295.064	540
295.295	546
295.525	543
295.756	534
295.987	547
296.217	580
296.448	607
296.679	562
296.909	532
297.14	542
297.37	543
297.601	537
297.831	549
298.062	553
298.292	561
298.523	568
298.753	565
298.984	566
299.214	559
299.445	556
299.675	557
299.905	566
300.136	560
300.366	567
300.597	585
300.827	585
301.057	628
301.288	630
301.518	594
301.748	596
301.979	602
302.209	617
302.439	629
302.669	603
302.9	615
303.13	609
303.36	629
303.59	670
303.82	693
304.051	666
304.281	630
304.511	601
304.741	616
304.971	608
305.201	601
305.431	609
305.661	638
305.891	610
306.121	627
306.352	628
306.582	621
306.812	628
307.042	625
307.272	680
307.502	725
307.731	754
307.961	706
308.191	651
308.421	632
308.651	617
308.881	604
309.111	629
309.341	621
309.571	647
309.8	667
310.03	660
310.26	678
310.49	658
310.72	676
310.949	713
311.179	696
311.409	681
311.639	690
311.868	680
312.098	709
312.328	685
312.557	726
312.787	730
313.017	740
313.246	699
313.476	697
313.706	696
313.935	704
314.165	692
314.394	736
314.624	735
314.853	727
315.083	718
315.312	696
315.542	696
315.771	686
316.001	680
316.23	697
316.46	698
316.689	692
316.919	724
317.148	735
317.377	726
317.607	722
317.836	722
318.065	721
318.295	730
318.524	725
318.753	739
318.983	709
319.212	749
319.441	757
319.67	768
319.9	760
320.129	726
320.358	756
320.587	755
320.816	761
321.046	776
321.275	789
321.504	803
321.733	773
321.962	824
322.191	828
322.42	863
322.649	887
322.878	906
323.108	913
323.337	974
323.566	1025
323.795	1096
324.024	1191
324.253	1416
324.482	2006
324.71	3128
324.939	4372
325.168	3559
325.397	1934
325.626	1388
325.855	1212
326.084	1181
326.313	1162
326.542	1193
326.77	1301
326.999	1494
327.228	2056
327.457	3033
327.686	3615
327.914	2654
328.143	2394
328.372	2670
328.6	2356
328.829	1816
329.058	1696
329.287	1726
329.515	1836
329.744	2082
329.972	2691
330.201	3663
330.43	4560
330.658	3604
330.887	2356
331.115	1886
331.344	1621
331.572	1472
331.801	1472
332.03	1413
332.258	1423
332.486	1379
332.715	1413
332.943	1483
333.172	1600
333.4	1738
333.629	1928
333.857	2289
334.085	2893
334.314	4094
334.542	5632
334.771	5908
334.999	3658
335.227	2349
335.455	1867
335.684	1583
335.912	1455
336.14	1365
336.369	1273
336.597	1250
336.825	1198
337.053	1180
337.281	1150
337.51	1088
337.738	1090
337.966	1030
338.194	1039
338.422	1004
338.65	973
338.878	980
339.106	953
339.334	917
339.562	911
339.79	912
340.018	898
340.246	893
340.474	913
340.702	870
340.93	922
341.158	888
341.386	881
341.614	869
341.842	865
342.07	873
342.298	839
342.526	862
342.754	844
342.981	816
343.209	830
343.437	860
343.665	910
343.893	918
344.12	935
344.348	902
344.576	887
344.804	884
345.031	887
345.259	869
345.487	853
345.714	853
345.942	832
346.17	834
346.397	824
346.625	803
346.853	833
347.08	834
347.308	829
347.535	827
347.763	844
347.99	832
348.218	843
348.445	864
348.673	853
348.9	825
349.128	800
349.355	798
349.583	782
349.81	789
350.037	804
350.265	820
350.492	813
350.72	793
350.947	801
351.174	835
351.402	839
351.629	849
351.856	818
352.083	830
352.311	844
352.538	854
352.765	847
352.992	829
353.22	806
353.447	787
353.674	807
353.901	802
354.128	779
354.355	790
354.583	819
354.81	770
355.037	778
355.264	790
355.491	793
355.718	750
355.945	764
356.172	750
356.399	755
356.626	761
356.853	754
357.08	753
357.307	776
357.534	765
357.761	782
357.988	775
358.215	765
358.441	755
358.668	762
358.895	808
359.122	768
359.349	823
359.576	835
359.802	842
360.029	890
360.256	908
360.483	885
360.709	845
360.936	822
361.163	817
361.39	808
361.616	858
361.843	842
362.07	849
362.296	812
362.523	837
362.749	828
362.976	823
363.203	776
363.429	789
363.656	792
363.882	789
364.109	806
364.335	810
364.562	779
364.788	804
365.015	802
365.241	784
365.468	771
365.694	780
365.92	790
366.147	829
366.373	810
366.599	808
366.826	789
367.052	782
367.278	803
367.505	783
367.731	823
367.957	830
368.184	815
368.41	777
368.636	835
368.862	820
369.089	819
369.315	809
369.541	792
369.767	826
369.993	837
370.219	831
370.445	802
370.672	812
370.898	828
371.124	833
371.35	834
371.576	821
371.802	831
372.028	808
372.254	822
372.48	814
372.706	832
372.932	840
373.158	829
373.384	814
373.61	828
373.835	846
374.061	866
374.287	860
374.513	841
374.739	878
374.965	906
375.191	873
375.416	868
375.642	885
375.868	840
376.094	827
376.319	849
376.545	830
376.771	829
376.997	821
377.222	815
377.448	829
377.674	821
377.899	816
378.125	802
378.35	830
378.576	842
378.802	816
379.027	830
379.253	854
379.478	814
379.704	832
379.929	861
380.155	813
380.38	804
380.606	814
380.831	832
381.057	840
381.282	849
381.507	864
381.733	843
381.958	840
382.184	843
382.409	856
382.634	848
382.86	852
383.085	844
383.31	880
383.535	886
383.761	902
383.986	880
384.211	934
384.436	897
384.662	901
384.887	953
385.112	935
385.337	980
385.562	949
385.787	945
386.013	969
386.238	992
386.463	967
386.688	955
386.913	970
387.138	932
387.363	953
387.588	944
387.813	956
388.038	935
388.263	944
388.488	963
388.713	926
388.938	951
389.163	952
389.387	947
389.612	925
389.837	941
390.062	927
390.287	948
390.512	953
390.736	931
390.961	975
391.186	1012
391.411	993
391.636	979
391.86	1037
392.085	1045
392.31	1055
392.534	1050
392.759	1018
392.984	1014
393.208	1037
393.433	1029
393.658	1025
393.882	996
394.107	994
394.331	1013
394.556	1024
394.78	985
395.005	1005
395.229	988
395.454	1053
395.678	1090
395.903	1058
396.127	1117
396.352	1059
396.576	1012
396.801	1048
397.025	1042
397.249	1061
397.474	1084
397.698	1057
397.922	1112
398.147	1124
398.371	1128
398.595	1149
398.82	1200
399.044	1256
399.268	1319
399.492	1458
399.717	1575
399.941	1604
400.165	1560
400.389	1461
400.613	1348
400.837	1247
401.062	1244
401.286	1204
401.51	1218
401.734	1198
401.958	1244
402.182	1248
402.406	1314
402.63	1317
402.854	1282
403.078	1290
403.302	1330
403.526	1398
403.75	1390
403.974	1367
404.198	1381
404.422	1439
404.645	1477
404.869	1558
405.093	1676
405.317	1760
405.541	1786
405.765	1674
405.988	1557
406.212	1496
406.436	1510
406.66	1522
406.883	1474
407.107	1536
407.331	1592
407.555	1708
407.778	1665
408.002	1558
408.226	1498
408.449	1481
408.673	1442
408.896	1448
409.12	1500
409.344	1482
409.567	1385
409.791	1357
410.014	1383
410.238	1346
410.461	1365
410.685	1372
410.908	1395
411.132	1363
411.355	1460
411.578	1432
411.802	1395
412.025	1475
412.249	1546
412.472	1694
412.695	1840
412.919	1745
413.142	1672
413.365	1568
413.589	1458
413.812	1427
414.035	1380
414.258	1379
414.482	1357
414.705	1300
414.928	1331
415.151	1313
415.374	1276
415.597	1319
415.821	1267
416.044	1281
416.267	1282
416.49	1254
416.713	1272
416.936	1270
417.159	1303
417.382	1333
417.605	1404
417.828	1424
418.051	1348
418.274	1317
418.497	1295
418.72	1313
418.943	1316
419.166	1381
419.389	1462
419.611	1453
419.834	1495
420.057	1526
420.28	1652
420.503	1709
420.726	1623
420.948	1538
421.171	1504
421.394	1445
421.617	1364
421.839	1348
422.062	1354
422.285	1343
422.507	1460
422.73	1502
422.953	1451
423.175	1395
423.398	1351
423.621	1355
423.843	1395
424.066	1373
424.288	1354
424.511	1398
424.733	1449
424.956	1543
425.178	1464
425.401	1483
425.623	1500
425.846	1378
426.068	1369
426.291	1310
426.513	1346
426.735	1324
426.958	1380
427.18	1481
427.402	1739
427.625	1927
427.847	1894
428.069	1820
428.292	1664
428.514	1472
428.736	1377
428.958	1310
429.181	1289
429.403	1257
429.625	1237
429.847	1280
430.069	1346
430.292	1349
430.514	1251
430.736	1217
430.958	1223
431.18	1161
431.402	1180
431.624	1175
431.846	1198
432.068	1180
432.29	1221
432.512	1163
432.734	1180
432.956	1185
433.178	1191
433.4	1232
433.622	1217
433.844	1202
434.066	1200
434.287	1194
434.509	1242
434.731	1270
434.953	1247
435.175	1296
435.397	1302
435.618	1297
435.84	1354
436.062	1487
436.284	1570
436.505	1352
436.727	1281
436.949	1253
437.17	1207
437.392	1250
437.614	1198
437.835	1255
438.057	1417
438.278	1538
438.5	1546
438.721	1648
438.943	1563
439.165	1340
439.386	1248
439.608	1257
439.829	1305
440.05	1352
440.272	1450
440.493	1371
440.715	1325
440.936	1282
441.158	1262
441.379	1292
441.6	1320
441.822	1346
442.043	1380
442.264	1509
442.486	1559
442.707	1403
442.928	1340
443.149	1370
443.371	1411
443.592	1440
443.813	1633
444.034	1681
444.255	1443
444.476	1392
444.698	1456
444.919	1475
445.14	1585
445.361	1490
445.582	1458
445.803	1569
446.024	1673
446.245	1628
446.466	1503
446.687	1399
446.908	1292
447.129	1262
447.35	1214
447.571	1220
447.792	1194
448.013	1180
448.234	1202
448.455	1306
448.675	1482
448.896	1610
449.117	1395
449.338	1348
449.559	1572
449.779	1729
450	1390
450.221	1223
450.442	1175
450.662	1171
450.883	1213
451.104	1241
451.324	1212
451.545	1177
451.766	1151
451.986	1109
452.207	1100
452.428	1110
452.648	1111
452.869	1135
453.089	1103
453.31	1109
453.53	1109
453.751	1106
453.971	1122
454.192	1141
454.412	1088
454.633	1090
454.853	1097
455.073	1067
455.294	1124
455.514	1203
455.734	1181
455.955	1081
456.175	1032
456.395	1025
456.616	1039
456.836	1049
457.056	1020
457.276	1017
457.497	1062
457.717	1059
457.937	1088
458.157	1106
458.377	1102
458.598	1136
458.818	1243
459.038	1394
459.258	1422
459.478	1255
459.698	1209
459.918	1215
460.138	1245
460.358	1295
460.578	1300
460.798	1276
461.018	1320
461.238	1285
461.458	1282
461.678	1289
461.898	1324
462.118	1328
462.338	1376
462.558	1361
462.777	1400
462.997	1479
463.217	1598
463.437	1570
463.657	1480
463.876	1422
464.096	1441
464.316	1473
464.536	1492
464.755	1427
464.975	1426
465.195	1534
465.414	1625
465.634	1438
465.854	1322
466.073	1272
466.293	1251
466.512	1217
466.732	1190
466.951	1209
467.171	1223
467.391	1244
467.61	1276
467.829	1417
468.049	1894
468.268	2872
468.488	2124
468.707	1649
468.927	1448
469.146	1352
469.365	1366
469.585	1311
469.804	1325
470.023	1366
470.243	1336
470.462	1340
470.681	1384
470.901	1383
471.12	1351
471.339	1380
471.558	1402
471.777	1470
471.997	1789
472.216	2722
472.435	5690
472.654	4375
472.873	2759
473.092	2190
473.311	1826
473.53	1712
473.749	1631
473.968	1603
474.187	1649
474.406	1630
474.625	1474
474.844	1389
475.063	1345
475.282	1342
475.501	1349
475.72	1320
475.939	1321
476.158	1342
476.377	1337
476.596	1330
476.814	1367
477.033	1365
477.252	1358
477.471	1369
477.69	1386
477.908	1410
478.127	1439
478.346	1455
478.564	1458
478.783	1463
479.002	1513
479.22	1532
479.439	1614
479.658	1654
479.876	1666
480.095	1668
480.313	1872
480.532	1981
480.751	2262
480.969	3180
481.188	7397
481.406	9921
481.624	5246
481.843	3652
482.061	2966
482.28	2533
482.498	2295
482.717	2098
482.935	2031
483.153	1923
483.372	1886
483.59	1804
483.808	1812
484.027	1703
484.245	1687
484.463	1685
484.681	1728
484.9	1682
485.118	1653
485.336	1646
485.554	1637
485.772	1641
485.99	1622
486.209	1662
486.427	1621
486.645	1633
486.863	1721
487.081	1685
487.299	1670
487.517	1651
487.735	1658
487.953	1650
488.171	1645
488.389	1657
488.607	1708
488.825	1640
489.043	1670
489.261	1677
489.479	1696
489.696	1704
489.914	1737
490.132	1751
490.35	1833
490.568	1861
490.786	1910
491.003	1957
491.221	2058
491.439	2147
491.657	2224
491.874	2307
492.092	2343
492.31	2340
492.527	2420
492.745	2466
492.963	2551
493.18	2476
493.398	2396
493.615	2358
493.833	2242
494.05	2209
494.268	2208
494.485	2156
494.703	2080
494.92	2073
495.138	2029
495.355	1985
495.573	1977
495.79	1912
496.008	1978
496.225	1879
496.442	1916
496.66	1914
496.877	1879
497.094	1861
497.312	1894
497.529	1907
497.746	1905
497.963	1944
498.181	1998
498.398	2032
498.615	2125
498.832	2201
499.049	2215
499.267	2354
499.484	2479
499.701	2632
499.918	2748
500.135	3078
500.352	3344
500.569	3558
500.786	3589
501.003	3412
501.22	3103
501.437	2806
501.654	2616
501.871	2453
502.088	2257
502.305	2204
502.522	2168
502.739	2035
502.956	1982
503.172	1869
503.389	1832
503.606	1820
503.823	1790
504.04	1784
504.256	1756
504.473	1810
504.69	1816
504.907	1793
505.123	1679
505.34	1648
505.557	1627
505.773	1593
505.99	1569
506.207	1574
506.423	1531
506.64	1533
506.856	1498
507.073	1522
507.289	1527
507.506	1496
507.722	1521
507.939	1545
508.155	1506
508.372	1488
508.588	1425
508.805	1409
509.021	1476
509.238	1418
509.454	1430
509.67	1429
509.887	1402
510.103	1426
510.319	1504
510.536	1782
510.752	3224
510.968	2377
511.184	1611
511.401	1529
511.617	1516
511.833	1659
512.049	1796
512.265	1694
512.481	1589
512.698	1554
512.914	1488
513.13	1411
513.346	1437
513.562	1432
513.778	1471
513.994	1460
514.21	1464
514.426	1513
514.642	1601
514.858	1687
515.074	1790
515.29	2097
515.506	3132
515.721	2443
515.937	1719
516.153	1604
516.369	1534
516.585	1521
516.801	1533
517.016	1535
517.232	1609
517.448	1609
517.664	1646
517.879	1608
518.095	1620
518.311	1634
518.527	1605
518.742	1535
518.958	1502
519.173	1460
519.389	1462
519.605	1437
519.82	1464
520.036	1521
520.251	1500
520.467	1575
520.682	1532
520.898	1544
521.113	1594
521.329	1695
521.544	1878
521.76	2403
521.975	4134
522.19	3762
522.406	2022
522.621	1596
522.836	1460
523.052	1367
523.267	1356
523.482	1344
523.698	1321
523.913	1326
524.128	1302
524.343	1271
524.559	1251
524.774	1235
524.989	1256
525.204	1244
525.419	1273
525.634	1212
525.849	1168
526.064	1204
526.28	1174
526.495	1158
526.71	1183
526.925	1144
527.14	1153
527.355	1140
527.57	1144
527.785	1138
527.999	1128
528.214	1163
528.429	1161
528.644	1149
528.859	1166
529.074	1177
529.289	1198
529.503	1363
529.718	1312
529.933	1202
530.148	1170
530.363	1160
530.577	1132
530.792	1128
531.007	1134
531.221	1110
531.436	1162
531.651	1105
531.865	1125
532.08	1116
532.295	1125
532.509	1134
532.724	1102
532.938	1126
533.153	1085
533.367	1102
533.582	1115
533.796	1094
534.011	1114
534.225	1070
534.44	1077
534.654	1075
534.868	1083
535.083	1088
535.297	1102
535.511	1068
535.726	1090
535.94	1104
536.154	1072
536.369	1039
536.583	1046
536.797	1052
537.011	1045
537.225	1040
537.44	1016
537.654	1057
537.868	1032
538.082	1044
538.296	1001
538.51	1010
538.724	1042
538.938	998
539.153	983
539.367	1001
539.581	1022
539.795	1034
540.009	1029
540.222	1009
540.436	1028
540.65	992
540.864	992
541.078	1018
541.292	1018
541.506	1030
541.72	1020
541.934	1019
542.147	1016
542.361	991
542.575	1016
542.789	990
543.002	995
543.216	998
543.43	1007
543.644	1019
543.857	980
544.071	984
544.285	1001
544.498	979
544.712	1001
544.925	987
545.139	1017
545.352	1016
545.566	1005
545.779	997
545.993	1018
546.206	1032
546.42	1013
546.633	971
546.847	1005
547.06	993
547.274	1010
547.487	991
547.7	1020
547.914	1002
548.127	1028
548.34	1014
548.554	991
548.767	1007
548.98	1023
549.193	992
549.407	1004
549.62	996
549.833	992
550.046	1037
550.259	990
550.473	991
550.686	991
550.899	1009
551.112	976
551.325	995
551.538	976
551.751	971
551.964	964
552.177	1006
552.39	983
552.603	1004
552.816	1036
553.029	1024
553.242	1068
553.455	1062
553.667	1057
553.88	1036
554.093	1053
554.306	1036
554.519	1024
554.732	976
554.944	979
555.157	954
555.37	960
555.583	941
555.795	946
556.008	928
556.221	883
556.433	884
556.646	886
556.859	917
557.071	845
557.284	877
557.496	873
557.709	892
557.921	866
558.134	857
558.346	863
558.559	870
558.771	864
558.984	839
559.196	856
559.409	878
559.621	862
559.833	858
560.046	864
560.258	849
560.47	865
560.683	846
560.895	867
561.107	852
561.32	832
561.532	830
561.744	827
561.956	812
562.168	829
562.381	834
562.593	846
562.805	833
563.017	843
563.229	853
563.441	827
563.653	839
563.865	821
564.077	852
564.289	831
564.501	845
564.713	848
564.925	869
565.137	897
565.349	860
565.561	890
565.773	908
565.985	949
566.197	958
566.408	1008
566.62	1069
566.832	1117
567.044	1122
567.255	1161
567.467	1158
567.679	1218
567.891	1229
568.102	1240
568.314	1231
568.526	1128
568.737	1064
568.949	992
569.161	902
569.372	910
569.584	874
569.795	852
570.007	839
570.218	928
570.43	873
570.641	824
570.853	821
571.064	839
571.276	830
571.487	812
571.698	772
571.91	750
572.121	741
572.333	739
572.544	727
572.755	697
572.966	721
573.178	717
573.389	696
573.6	713
573.811	688
574.023	685
574.234	675
574.445	684
574.656	677
574.867	685
575.078	671
575.289	666
575.501	660
575.712	652
575.923	643
576.134	656
576.345	644
576.556	642
576.767	656
576.978	657
577.188	642
577.399	641
577.61	627
577.821	633
578.032	649
578.243	718
578.454	1190
578.665	837
578.875	671
579.086	625
579.297	623
579.508	595
579.718	608
579.929	608
580.14	592
580.35	594
580.561	583
580.772	592
580.982	586
581.193	591
581.403	628
581.614	596
581.825	587
582.035	578
582.246	609
582.456	591
582.667	603
582.877	584
583.087	581
583.298	585
583.508	580
583.719	576
583.929	579
584.139	590
584.35	574
584.56	576
584.77	558
584.981	593
585.191	575
585.401	569
585.611	580
585.821	580
586.032	557
586.242	545
586.452	549
586.662	545
586.872	556
587.082	560
587.292	575
587.502	557
587.713	564
587.923	558
588.133	562
588.343	555
588.553	564
588.762	529
588.972	570
589.182	594
589.392	584
589.602	623
589.812	609
590.022	568
590.232	558
590.441	535
590.651	562
590.861	553
591.071	572
591.281	573
591.49	549
591.7	547
591.91	577
592.119	596
592.329	590
592.539	605
592.748	604
592.958	600
593.167	619
593.377	632
593.587	658
593.796	625
594.006	631
594.215	623
594.424	627
594.634	618
594.843	595
595.053	576
595.262	569
595.472	584
595.681	560
595.89	534
596.1	514
596.309	536
596.518	544
596.727	521
596.937	523
597.146	518
597.355	506
597.564	542
597.774	498
597.983	512
598.192	490
598.401	484
598.61	488
598.819	493
599.028	500
599.237	487
599.446	492
599.655	486
599.864	491
600.073	476
600.282	496
600.491	504
600.7	488
600.909	482
601.118	456
601.327	466
601.536	487
601.745	471
601.953	496
602.162	493
602.371	497
602.58	482
602.789	488
602.997	481
603.206	475
603.415	482
603.623	469
603.832	464
604.041	466
604.249	480
604.458	458
604.666	434
604.875	447
605.084	454
605.292	456
605.501	450
605.709	459
605.918	463
606.126	459
606.334	480
606.543	456
606.751	481
606.96	471
607.168	453
607.376	449
607.585	457
607.793	479
608.001	469
608.21	442
608.418	452
608.626	478
608.834	423
609.043	455
609.251	440
609.459	440
609.667	472
609.875	452
610.083	440
610.291	450
610.499	467
610.707	461
610.916	450
611.124	458
611.332	456
611.54	457
611.748	461
611.955	448
612.163	450
612.371	419
612.579	430
612.787	444
612.995	437
613.203	443
613.411	446
613.618	432
613.826	428
614.034	433
614.242	435
614.449	426
614.657	420
614.865	434
615.072	407
615.28	412
615.488	419
615.695	405
615.903	442
616.111	435
616.318	418
616.526	430
616.733	435
616.941	434
617.148	415
617.356	412
617.563	412
617.771	430
617.978	407
618.185	412
618.393	391
618.6	434
618.807	404
619.015	410
619.222	389
619.429	399
619.637	425
619.844	385
620.051	400
620.258	394
620.466	384
620.673	368
620.88	379
621.087	386
621.294	368
621.501	365
621.708	375
621.915	395
622.122	382
622.329	382
622.536	378
622.743	377
622.95	374
623.157	376
623.364	379
623.571	366
623.778	370
623.985	394
624.192	365
624.399	352
624.606	360
624.812	352
625.019	358
625.226	372
625.433	337
625.639	355
625.846	335
626.053	341
626.259	327
626.466	345
626.673	338
626.879	326
627.086	345
627.293	333
627.499	349
627.706	354
627.912	323
628.119	345
628.325	344
628.532	341
628.738	356
628.945	332
629.151	324
629.357	319
629.564	312
629.77	323
629.976	321
630.183	328
630.389	306
630.595	331
630.802	328
631.008	311
631.214	328
631.42	313
631.627	322
631.833	316
632.039	321
632.245	311
632.451	300
632.657	292
632.863	306
633.069	312
633.275	306
633.481	314
633.688	324
633.893	328
634.099	318
634.305	350
634.511	323
634.717	325
634.923	317
635.129	324
635.335	327
635.541	353
635.747	349
635.952	353
636.158	422
636.364	569
636.57	717
636.775	557
636.981	465
637.187	441
637.392	417
637.598	386
637.804	377
638.009	353
638.215	343
638.421	321
638.626	333
638.832	320
639.037	311
639.243	307
639.448	296
639.654	303
639.859	304
640.065	274
640.27	280
640.475	298
640.681	275
640.886	290
641.091	282
641.297	297
641.502	282
641.707	277
641.913	287
642.118	272
642.323	279
642.528	291
642.733	274
642.939	284
643.144	262
643.349	271
643.554	265
643.759	272
643.964	272
644.169	266
644.374	269
644.579	266
644.784	240
644.989	265
645.194	245
645.399	267
645.604	260
645.809	256
646.014	259
646.219	257
646.423	258
646.628	271
646.833	253
647.038	277
647.243	253
647.447	248
647.652	266
647.857	256
648.062	257
648.266	270
648.471	248
648.676	290
648.88	258
649.085	260
649.289	244
649.494	255
649.698	293
649.903	290
650.107	270
650.312	249
650.516	244
650.721	244
650.925	229
651.13	233
651.334	242
651.539	228
651.743	219
651.947	224
652.152	211
652.356	197
652.56	211
652.764	204
652.969	191
653.173	209
653.377	215
653.581	201
653.785	201
653.99	179
654.194	184
654.398	189
654.602	183
654.806	186
655.01	207
655.214	193
655.418	183
655.622	188
655.826	199
656.03	206
656.234	190
656.438	199
656.642	194
656.846	178
657.049	180
657.253	179
657.457	157
657.661	162
657.865	161
658.068	140
658.272	141
658.476	141
658.68	127
658.883	120
659.087	123
659.291	128
659.494	121
659.698	118
659.901	112
660.105	125
660.309	110
660.512	101
660.716	105
660.919	108
661.123	100
661.326	102
661.53	100
661.733	98
661.936	104
662.14	98
662.343	106
662.546	82
662.75	94
662.953	100
663.156	85
663.36	85
663.563	97
663.766	84
663.969	78
664.173	75
664.376	76
664.579	98
664.782	96
664.985	84
665.188	85
665.391	83
665.594	93
665.797	88
666	79
666.203	81
666.406	78
666.609	78
666.812	83
667.015	84
667.218	81
667.421	85
667.624	71
667.827	95
668.03	90
668.232	80
668.435	94
668.638	85
668.841	81
669.043	73
669.246	84
669.449	96
669.651	75
669.854	80
670.057	77
670.259	97
670.462	81
670.665	103
670.867	85
671.07	73
671.272	76
671.475	69
671.677	88
671.88	82
672.082	94
672.284	93
672.487	69
672.689	86
672.892	89
