223.165	-2.56
223.4	-2.56
223.635	-2.56
223.869	-17.56
224.104	-14.56
224.338	-18.56
224.573	-9.56
224.808	-5.56
225.042	-19.56
225.277	-10.56
225.511	-1.56
225.746	-13.56
225.98	13.44
226.215	11.44
226.449	30.44
226.683	11.44
226.918	13.44
227.152	33.44
227.387	38.44
227.621	27.44
227.856	56.44
228.09	47.44
228.324	40.44
228.559	57.44
228.793	60.44
229.027	141.44
229.262	148.44
229.496	156.44
229.73	184.44
229.964	217.44
230.199	177.44
230.433	171.44
230.667	175.44
230.901	161.44
231.136	149.44
231.37	145.44
231.604	144.44
231.838	164.44
232.072	153.44
232.306	171.44
232.541	166.44
232.775	151.44
233.009	168.44
233.243	173.44
233.477	168.44
233.711	160.44
233.945	173.44
234.179	161.44
234.413	164.44
234.647	156.44
234.881	176.44
235.115	165.44
235.349	191.44
235.583	169.44
235.817	179.44
236.051	197.44
236.285	179.44
236.519	185.44
236.753	201.44
236.987	208.44
237.221	265.44
237.455	314.44
237.689	267.44
237.922	208.44
238.156	199.44
238.39	203.44
238.624	212.44
238.858	196.44
239.091	202.44
239.325	189.44
239.559	208.44
239.793	210.44
240.027	211.44
240.26	225.44
240.494	238.44
240.728	236.44
240.961	243.44
241.195	222.44
241.429	219.44
241.662	215.44
241.896	223.44
242.13	227.44
242.363	227.44
242.597	244.44
242.83	243.44
243.064	248.44
243.298	248.44
243.531	246.44
243.765	238.44
243.998	233.44
244.232	235.44
244.465	248.44
244.699	266.44
244.932	255.44
245.166	254.44
245.399	259.44
245.633	245.44
245.866	253.44
246.099	245.44
246.333	253.44
246.566	265.44
246.8	284.44
247.033	273.44
247.266	264.44
247.5	268.44
247.733	293.44
247.966	298.44
248.2	318.44
248.433	295.44
248.666	319.44
248.899	323.44
249.133	335.44
249.366	332.44
249.599	379.44
249.832	355.44
250.066	383.44
250.299	468.44
250.532	600.44
250.765	671.44
250.998	574.44
251.231	482.44
251.465	419.44
251.698	385.44
251.931	372.44
252.164	390.44
252.397	386.44
252.63	384.44
252.863	396.44
253.096	384.44
253.329	395.44
253.562	385.44
253.795	383.44
254.028	394.44
254.261	404.44
254.494	403.44
254.727	464.44
254.96	460.44
255.193	484.44
255.426	497.44
255.659	551.44
255.892	768.44
256.124	1043.44
256.357	1092.44
256.59	834.44
256.823	669.44
257.056	567.44
257.289	555.44
257.521	507.44
257.754	486.44
257.987	459.44
258.22	434.44
258.452	427.44
258.685	435.44
258.918	434.44
259.151	419.44
259.383	415.44
259.616	409.44
259.849	419.44
260.081	455.44
260.314	439.44
260.547	440.44
260.779	431.44
261.012	425.44
261.244	447.44
261.477	434.44
261.71	424.44
261.942	440.44
262.175	419.44
262.407	449.44
262.64	404.44
262.872	411.44
263.105	403.44
263.337	405.44
263.57	387.44
263.802	381.44
264.035	397.44
264.267	393.44
264.499	389.44
264.732	390.44
264.964	402.44
265.197	399.44
265.429	402.44
265.661	395.44
265.894	403.44
266.126	395.44
266.358	405.44
266.591	415.44
266.823	410.44
267.055	421.44
267.287	407.44
267.52	410.44
267.752	420.44
267.984	425.44
268.216	412.44
268.448	417.44
268.681	429.44
268.913	442.44
269.145	460.44
269.377	449.44
269.609	449.44
269.841	445.44
270.073	451.44
270.306	479.44
270.538	503.44
270.77	485.44
271.002	471.44
271.234	458.44
271.466	514.44
271.698	503.44
271.93	482.44
272.162	500.44
272.394	510.44
272.626	480.44
272.858	480.44
273.09	475.44
273.322	491.44
273.553	479.44
273.785	479.44
274.017	482.44
274.249	497.44
274.481	489.44
274.713	491.44
274.945	505.44
275.176	502.44
275.408	523.44
275.64	507.44
275.872	561.44
276.104	551.44
276.335	555.44
276.567	559.44
276.799	588.44
277.031	646.44
277.262	681.44
277.494	680.44
277.726	655.44
277.957	588.44
278.189	603.44
278.421	559.44
278.652	573.44
278.884	567.44
279.115	538.44
279.347	567.44
279.579	571.44
279.81	600.44
280.042	655.44
280.273	732.44
280.505	726.44
280.736	644.44
280.968	625.44
281.199	618.44
281.431	569.44
281.662	566.44
281.894	556.44
282.125	540.44
282.356	577.44
282.588	601.44
282.819	601.44
283.051	561.44
283.282	529.44
283.513	549.44
283.745	542.44
283.976	539.44
284.207	548.44
284.439	541.44
284.67	528.44
284.901	543.44
285.132	543.44
285.364	532.44
285.595	526.44
285.826	552.44
286.057	564.44
286.288	553.44
286.52	562.44
286.751	547.44
286.982	536.44
287.213	557.44
287.444	550.44
287.675	550.44
287.906	553.44
288.138	568.44
288.369	592.44
288.6	552.44
288.831	552.44
289.062	562.44
289.293	547.44
289.524	570.44
289.755	565.44
289.986	564.44
290.217	559.44
290.448	537.44
290.679	533.44
290.91	539.44
291.141	537.44
291.371	555.44
291.602	539.44
291.833	551.44
292.064	554.44
292.295	530.44
292.526	541.44
292.757	543.44
292.987	536.44
293.218	531.44
293.449	527.44
293.68	535.44
293.91	552.44
294.141	549.44
294.372	539.44
294.603	524.44
294.833	561.44
295.064	540.44
295.295	537.44
295.525	574.44
295.756	571.44
295.987	560.44
296.217	608.44
296.448	620.44
296.679	567.44
296.909	538.44
297.14	549.44
297.37	565.44
297.601	567.44
297.831	565.44
298.062	564.44
298.292	563.44
298.523	574.44
298.753	559.44
298.984	561.44
299.214	588.44
299.445	572.44
299.675	579.44
299.905	589.44
300.136	597.44
300.366	574.44
300.597	591.44
300.827	596.44
301.057	601.44
301.288	620.44
301.518	621.44
301.748	630.44
301.979	625.44
302.209	629.44
302.439	635.44
302.669	634.44
302.9	606.44
303.13	611.44
303.36	630.44
303.59	644.44
303.82	706.44
304.051	680.44
304.281	624.44
304.511	635.44
304.741	639.44
304.971	625.44
305.201	615.44
305.431	610.44
305.661	620.44
305.891	595.44
306.121	620.44
306.352	625.44
306.582	616.44
306.812	643.44
307.042	657.44
307.272	692.44
307.502	721.44
307.731	760.44
307.961	707.44
308.191	690.44
308.421	650.44
308.651	652.44
308.881	648.44
309.111	651.44
309.341	639.44
309.571	662.44
309.8	663.44
310.03	681.44
310.26	687.44
310.49	671.44
310.72	696.44
310.949	710.44
311.179	720.44
311.409	697.44
311.639	714.44
311.868	667.44
312.098	724.44
312.328	713.44
312.557	747.44
312.787	742.44
313.017	771.44
313.246	731.44
313.476	725.44
313.706	718.44
313.935	715.44
314.165	742.44
314.394	722.44
314.624	742.44
314.853	735.44
315.083	709.44
315.312	708.44
315.542	706.44
315.771	707.44
316.001	696.44
316.23	709.44
316.46	707.44
316.689	712.44
316.919	734.44
317.148	729.44
317.377	715.44
317.607	735.44
317.836	740.44
318.065	735.44
318.295	736.44
318.524	752.44
318.753	742.44
318.983	739.44
319.212	745.44
319.441	771.44
319.67	778.44
319.9	759.44
320.129	739.44
320.358	769.44
320.587	753.44
320.816	760.44
321.046	803.44
321.275	810.44
321.504	795.44
321.733	799.44
321.962	846.44
322.191	862.44
322.42	882.44
322.649	892.44
322.878	921.44
323.108	949.44
323.337	1013.44
323.566	1034.44
323.795	1107.44
324.024	1192.44
324.253	1457.44
324.482	2103.44
324.71	3212.44
324.939	4561.44
325.168	3593.44
325.397	1945.44
325.626	1411.44
325.855	1231.44
326.084	1177.44
326.313	1210.44
326.542	1205.44
326.77	1323.44
326.999	1506.44
327.228	2087.44
327.457	3168.44
327.686	3717.44
327.914	2739.44
328.143	2496.44
328.372	2633.44
328.6	2373.44
328.829	1813.44
329.058	1701.44
329.287	1755.44
329.515	1834.44
329.744	2032.44
329.972	2707.44
330.201	3716.44
330.43	4562.44
330.658	3686.44
330.887	2395.44
331.115	1916.44
331.344	1652.44
331.572	1477.44
331.801	1458.44
332.03	1482.44
332.258	1429.44
332.486	1421.44
332.715	1439.44
332.943	1500.44
333.172	1609.44
333.4	1721.44
333.629	1939.44
333.857	2281.44
334.085	2952.44
334.314	4137.44
334.542	5595.44
334.771	5953.44
334.999	3705.44
335.227	2359.44
335.455	1845.44
335.684	1637.44
335.912	1491.44
336.14	1349.44
336.369	1322.44
336.597	1280.44
336.825	1251.44
337.053	1161.44
337.281	1130.44
337.51	1116.44
337.738	1090.44
337.966	1037.44
338.194	1052.44
338.422	1013.44
338.65	999.44
338.878	990.44
339.106	973.44
339.334	967.44
339.562	960.44
339.79	930.44
340.018	919.44
340.246	909.44
340.474	947.44
340.702	917.44
340.93	908.44
341.158	907.44
341.386	888.44
341.614	889.44
341.842	906.44
342.07	875.44
342.298	873.44
342.526	843.44
342.754	856.44
342.981	864.44
343.209	869.44
343.437	887.44
343.665	911.44
343.893	905.44
344.12	951.44
344.348	916.44
344.576	917.44
344.804	905.44
345.031	898.44
345.259	901.44
345.487	872.44
345.714	872.44
345.942	858.44
346.17	858.44
346.397	825.44
346.625	818.44
346.853	817.44
347.08	826.44
347.308	857.44
347.535	855.44
347.763	884.44
347.99	847.44
348.218	833.44
348.445	852.44
348.673	857.44
348.9	818.44
349.128	813.44
349.355	806.44
349.583	829.44
349.81	821.44
350.037	810.44
350.265	811.44
350.492	817.44
350.72	815.44
350.947	828.44
351.174	849.44
351.402	868.44
351.629	845.44
351.856	832.44
352.083	852.44
352.311	858.44
352.538	876.44
352.765	841.44
352.992	838.44
353.22	835.44
353.447	851.44
353.674	838.44
353.901	806.44
354.128	799.44
354.355	774.44
354.583	803.44
354.81	768.44
355.037	779.44
355.264	780.44
355.491	778.44
355.718	799.44
355.945	771.44
356.172	793.44
356.399	761.44
356.626	773.44
356.853	767.44
357.08	789.44
357.307	772.44
357.534	787.44
357.761	784.44
357.988	801.44
358.215	771.44
358.441	763.44
358.668	779.44
358.895	816.44
359.122	792.44
359.349	815.44
359.576	848.44
359.802	844.44
360.029	891.44
360.256	927.44
360.483	873.44
360.709	826.44
360.936	847.44
361.163	831.44
361.39	851.44
361.616	854.44
361.843	851.44
362.07	839.44
362.296	848.44
362.523	844.44
362.749	836.44
362.976	821.44
363.203	833.44
363.429	823.44
363.656	821.44
363.882	819.44
364.109	823.44
364.335	817.44
364.562	819.44
364.788	806.44
365.015	823.44
365.241	803.44
365.468	829.44
365.694	845.44
365.92	845.44
366.147	828.44
366.373	819.44
366.599	795.44
366.826	795.44
367.052	816.44
367.278	828.44
367.505	815.44
367.731	819.44
367.957	808.44
368.184	806.44
368.41	814.44
368.636	840.44
368.862	851.44
369.089	847.44
369.315	839.44
369.541	804.44
369.767	819.44
369.993	827.44
370.219	837.44
370.445	831.44
370.672	831.44
370.898	825.44
371.124	819.44
371.35	849.44
371.576	847.44
371.802	847.44
372.028	843.44
372.254	853.44
372.48	837.44
372.706	849.44
372.932	853.44
373.158	858.44
373.384	873.44
373.61	859.44
373.835	856.44
374.061	857.44
374.287	828.44
374.513	840.44
374.739	884.44
374.965	907.44
375.191	923.44
375.416	922.44
375.642	853.44
375.868	888.44
376.094	873.44
376.319	857.44
376.545	870.44
376.771	837.44
376.997	868.44
377.222	858.44
377.448	845.44
377.674	846.44
377.899	847.44
378.125	858.44
378.35	837.44
378.576	832.44
378.802	837.44
379.027	824.44
379.253	828.44
379.478	828.44
379.704	845.44
379.929	840.44
380.155	841.44
380.38	836.44
380.606	867.44
380.831	864.44
381.057	848.44
381.282	865.44
381.507	845.44
381.733	859.44
381.958	877.44
382.184	860.44
382.409	908.44
382.634	856.44
382.86	877.44
383.085	899.44
383.31	888.44
383.535	893.44
383.761	909.44
383.986	915.44
384.211	925.44
384.436	943.44
384.662	930.44
384.887	947.44
385.112	956.44
385.337	992.44
385.562	971.44
385.787	966.44
386.013	987.44
386.238	1002.44
386.463	992.44
386.688	988.44
386.913	967.44
387.138	973.44
387.363	1005.44
387.588	999.44
387.813	960.44
388.038	975.44
388.263	1002.44
388.488	1001.44
388.713	981.44
388.938	963.44
389.163	994.44
389.387	977.44
389.612	943.44
389.837	984.44
390.062	971.44
390.287	951.44
390.512	977.44
390.736	957.44
390.961	983.44
391.186	969.44
391.411	1011.44
391.636	1042.44
391.86	1060.44
392.085	1030.44
392.31	1067.44
392.534	1073.44
392.759	1037.44
392.984	1036.44
393.208	1023.44
393.433	1024.44
393.658	1014.44
393.882	1019.44
394.107	1002.44
394.331	1029.44
394.556	1007.44
394.78	1018.44
395.005	1025.44
395.229	1048.44
395.454	1087.44
395.678	1107.44
395.903	1093.44
396.127	1086.44
396.352	1078.44
396.576	1058.44
396.801	1057.44
397.025	1089.44
397.249	1101.44
397.474	1087.44
397.698	1114.44
397.922	1119.44
398.147	1088.44
398.371	1153.44
398.595	1193.44
398.82	1202.44
399.044	1256.44
399.268	1351.44
399.492	1493.44
399.717	1627.44
399.941	1656.44
400.165	1588.44
400.389	1467.44
400.613	1377.44
400.837	1285.44
401.062	1305.44
401.286	1241.44
401.51	1226.44
401.734	1238.44
401.958	1265.44
402.182	1299.44
402.406	1327.44
402.63	1332.44
402.854	1331.44
403.078	1346.44
403.302	1345.44
403.526	1393.44
403.75	1411.44
403.974	1417.44
404.198	1431.44
404.422	1477.44
404.645	1536.44
404.869	1548.44
405.093	1658.44
405.317	1776.44
405.541	1831.44
405.765	1662.44
405.988	1563.44
406.212	1541.44
406.436	1561.44
406.66	1578.44
406.883	1537.44
407.107	1543.44
407.331	1627.44
407.555	1732.44
407.778	1727.44
408.002	1578.44
408.226	1555.44
408.449	1487.44
408.673	1444.44
408.896	1491.44
409.12	1539.44
409.344	1461.44
409.567	1428.44
409.791	1425.44
410.014	1380.44
410.238	1351.44
410.461	1381.44
410.685	1395.44
410.908	1417.44
411.132	1429.44
411.355	1495.44
411.578	1414.44
411.802	1392.44
412.025	1460.44
412.249	1577.44
412.472	1708.44
412.695	1845.44
412.919	1745.44
413.142	1698.44
413.365	1618.44
413.589	1525.44
413.812	1430.44
414.035	1428.44
414.258	1372.44
414.482	1419.44
414.705	1367.44
414.928	1367.44
415.151	1348.44
415.374	1355.44
415.597	1327.44
415.821	1291.44
416.044	1298.44
416.267	1299.44
416.49	1255.44
416.713	1291.44
416.936	1291.44
417.159	1312.44
417.382	1374.44
417.605	1417.44
417.828	1440.44
418.051	1427.44
418.274	1357.44
418.497	1307.44
418.72	1351.44
418.943	1358.44
419.166	1443.44
419.389	1490.44
419.611	1489.44
419.834	1504.44
420.057	1584.44
420.28	1697.44
420.503	1703.44
420.726	1634.44
420.948	1565.44
421.171	1568.44
421.394	1534.44
421.617	1407.44
421.839	1362.44
422.062	1353.44
422.285	1369.44
422.507	1430.44
422.73	1527.44
422.953	1485.44
423.175	1400.44
423.398	1394.44
423.621	1379.44
423.843	1405.44
424.066	1398.44
424.288	1387.44
424.511	1429.44
424.733	1512.44
424.956	1586.44
425.178	1549.44
425.401	1524.44
425.623	1547.44
425.846	1382.44
426.068	1371.44
426.291	1338.44
426.513	1341.44
426.735	1342.44
426.958	1397.44
427.18	1547.44
427.402	1733.44
427.625	1966.44
427.847	1881.44
428.069	1807.44
428.292	1669.44
428.514	1467.44
428.736	1368.44
428.958	1337.44
429.181	1284.44
429.403	1284.44
429.625	1272.44
429.847	1313.44
430.069	1405.44
430.292	1379.44
430.514	1256.44
430.736	1237.44
430.958	1237.44
431.18	1201.44
431.402	1200.44
431.624	1216.44
431.846	1178.44
432.068	1214.44
432.29	1198.44
432.512	1207.44
432.734	1195.44
432.956	1204.44
433.178	1177.44
433.4	1231.44
433.622	1227.44
433.844	1172.44
434.066	1249.44
434.287	1168.44
434.509	1241.44
434.731	1266.44
434.953	1301.44
435.175	1313.44
435.397	1373.44
435.618	1343.44
435.84	1364.44
436.062	1508.44
436.284	1579.44
436.505	1363.44
436.727	1320.44
436.949	1261.44
437.17	1234.44
437.392	1245.44
437.614	1224.44
437.835	1285.44
438.057	1464.44
438.278	1589.44
438.5	1555.44
438.721	1741.44
438.943	1636.44
439.165	1338.44
439.386	1249.44
439.608	1319.44
439.829	1301.44
440.05	1374.44
440.272	1440.44
440.493	1369.44
440.715	1314.44
440.936	1320.44
441.158	1274.44
441.379	1311.44
441.6	1361.44
441.822	1405.44
442.043	1425.44
442.264	1558.44
442.486	1555.44
442.707	1426.44
442.928	1353.44
443.149	1401.44
443.371	1419.44
443.592	1471.44
443.813	1655.44
444.034	1770.44
444.255	1498.44
444.476	1478.44
444.698	1455.44
444.919	1480.44
445.14	1586.44
445.361	1499.44
445.582	1484.44
445.803	1573.44
446.024	1701.44
446.245	1703.44
446.466	1594.44
446.687	1377.44
446.908	1322.44
447.129	1241.44
447.35	1227.44
447.571	1223.44
447.792	1201.44
448.013	1226.44
448.234	1267.44
448.455	1347.44
448.675	1492.44
448.896	1693.44
449.117	1433.44
449.338	1412.44
449.559	1638.44
449.779	1762.44
450	1393.44
450.221	1285.44
450.442	1238.44
450.662	1219.44
450.883	1235.44
451.104	1262.44
451.324	1269.44
451.545	1170.44
451.766	1163.44
451.986	1133.44
452.207	1116.44
452.428	1115.44
452.648	1125.44
452.869	1143.44
453.089	1137.44
453.31	1180.44
453.53	1139.44
453.751	1111.44
453.971	1102.44
454.192	1185.44
454.412	1123.44
454.633	1117.44
454.853	1117.44
455.073	1081.44
455.294	1123.44
455.514	1223.44
455.734	1210.44
455.955	1091.44
456.175	1066.44
456.395	1048.44
456.616	1056.44
456.836	1077.44
457.056	1063.44
457.276	1048.44
457.497	1068.44
457.717	1075.44
457.937	1101.44
458.157	1092.44
458.377	1115.44
458.598	1166.44
458.818	1289.44
459.038	1450.44
459.258	1425.44
459.478	1294.44
459.698	1251.44
459.918	1241.44
460.138	1263.44
460.358	1333.44
460.578	1323.44
460.798	1332.44
461.018	1345.44
461.238	1332.44
461.458	1345.44
461.678	1338.44
461.898	1327.44
462.118	1348.44
462.338	1369.44
462.558	1388.44
462.777	1460.44
462.997	1539.44
463.217	1614.44
463.437	1619.44
463.657	1552.44
463.876	1487.44
464.096	1508.44
464.316	1518.44
464.536	1507.44
464.755	1494.44
464.975	1468.44
465.195	1544.44
465.414	1653.44
465.634	1427.44
465.854	1376.44
466.073	1306.44
466.293	1288.44
466.512	1258.44
466.732	1252.44
466.951	1202.44
467.171	1233.44
467.391	1287.44
467.61	1297.44
467.829	1465.44
468.049	1910.44
468.268	2950.44
468.488	2136.44
468.707	1691.44
468.927	1493.44
469.146	1394.44
469.365	1381.44
469.585	1327.44
469.804	1364.44
470.023	1359.44
470.243	1348.44
470.462	1385.44
470.681	1403.44
470.901	1453.44
471.12	1393.44
471.339	1385.44
471.558	1439.44
471.777	1516.44
471.997	1772.44
472.216	2769.44
472.435	5845.44
472.654	4534.44
472.873	2786.44
473.092	2186.44
473.311	1907.44
473.53	1731.44
473.749	1609.44
473.968	1603.44
474.187	1739.44
474.406	1660.44
474.625	1489.44
474.844	1393.44
475.063	1347.44
475.282	1347.44
475.501	1365.44
475.72	1343.44
475.939	1376.44
476.158	1378.44
476.377	1375.44
476.596	1314.44
476.814	1379.44
477.033	1344.44
477.252	1386.44
477.471	1399.44
477.69	1415.44
477.908	1425.44
478.127	1444.44
478.346	1495.44
478.564	1503.44
478.783	1491.44
479.002	1587.44
479.22	1619.44
479.439	1655.44
479.658	1691.44
479.876	1721.44
480.095	1762.44
480.313	1911.44
480.532	2021.44
480.751	2268.44
480.969	3227.44
481.188	7573.44
481.406	9916.44
481.624	5278.44
481.843	3693.44
482.061	2979.44
482.28	2579.44
482.498	2312.44
482.717	2158.44
482.935	2023.44
483.153	1953.44
483.372	1887.44
483.59	1823.44
483.808	1812.44
484.027	1721.44
484.245	1727.44
484.463	1750.44
484.681	1713.44
484.9	1713.44
485.118	1697.44
485.336	1703.44
485.554	1668.44
485.772	1681.44
485.99	1648.44
486.209	1690.44
486.427	1673.44
486.645	1665.44
486.863	1689.44
487.081	1696.44
487.299	1722.44
487.517	1684.44
487.735	1723.44
487.953	1696.44
488.171	1711.44
488.389	1716.44
488.607	1703.44
488.825	1703.44
489.043	1720.44
489.261	1724.44
489.479	1707.44
489.696	1754.44
489.914	1795.44
490.132	1800.44
490.35	1849.44
490.568	1907.44
490.786	1965.44
491.003	2008.44
491.221	2089.44
491.439	2220.44
491.657	2267.44
491.874	2320.44
492.092	2332.44
492.31	2401.44
492.527	2450.44
492.745	2499.44
492.963	2537.44
493.18	2473.44
493.398	2432.44
493.615	2360.44
493.833	2300.44
494.05	2279.44
494.268	2239.44
494.485	2155.44
494.703	2116.44
494.92	2100.44
495.138	2057.44
495.355	2084.44
495.573	1992.44
495.79	1990.44
496.008	1971.44
496.225	1936.44
496.442	2003.44
496.66	1947.44
496.877	1944.44
497.094	1924.44
497.312	1940.44
497.529	1957.44
497.746	1977.44
497.963	1950.44
498.181	2025.44
498.398	2063.44
498.615	2149.44
498.832	2193.44
499.049	2317.44
499.267	2337.44
499.484	2484.44
499.701	2657.44
499.918	2859.44
500.135	3165.44
500.352	3352.44
500.569	3539.44
500.786	3606.44
501.003	3405.44
501.22	3127.44
501.437	2836.44
501.654	2597.44
501.871	2475.44
502.088	2336.44
502.305	2234.44
502.522	2148.44
502.739	2100.44
502.956	1993.44
503.172	1960.44
503.389	1908.44
503.606	1879.44
503.823	1847.44
504.04	1810.44
504.256	1811.44
504.473	1836.44
504.69	1844.44
504.907	1780.44
505.123	1733.44
505.34	1678.44
505.557	1641.44
505.773	1619.44
505.99	1601.44
506.207	1569.44
506.423	1561.44
506.64	1537.44
506.856	1515.44
507.073	1541.44
507.289	1540.44
507.506	1527.44
507.722	1546.44
507.939	1526.44
508.155	1537.44
508.372	1485.44
508.588	1487.44
508.805	1445.44
509.021	1499.44
509.238	1442.44
509.454	1442.44
509.67	1456.44
509.887	1439.44
510.103	1465.44
510.319	1503.44
510.536	1775.44
510.752	3447.44
510.968	2506.44
511.184	1601.44
511.401	1557.44
511.617	1567.44
511.833	1699.44
512.049	1803.44
512.265	1705.44
512.481	1663.44
512.698	1571.44
512.914	1526.44
513.13	1446.44
513.346	1468.44
513.562	1495.44
513.778	1454.44
513.994	1489.44
514.21	1509.44
514.426	1603.44
514.642	1648.44
514.858	1705.44
515.074	1800.44
515.29	2157.44
515.506	3294.44
515.721	2542.44
515.937	1773.44
516.153	1671.44
516.369	1601.44
516.585	1570.44
516.801	1568.44
517.016	1619.44
517.232	1663.44
517.448	1660.44
517.664	1715.44
517.879	1683.44
518.095	1705.44
518.311	1706.44
518.527	1626.44
518.742	1594.44
518.958	1553.44
519.173	1539.44
519.389	1477.44
519.605	1491.44
519.82	1531.44
520.036	1511.44
520.251	1582.44
520.467	1596.44
520.682	1581.44
520.898	1595.44
521.113	1637.44
521.329	1728.44
521.544	1960.44
521.76	2521.44
521.975	4498.44
522.19	4010.44
522.406	2110.44
522.621	1665.44
522.836	1506.44
523.052	1434.44
523.267	1396.44
523.482	1344.44
523.698	1318.44
523.913	1332.44
524.128	1303.44
524.343	1278.44
524.559	1244.44
524.774	1261.44
524.989	1265.44
525.204	1269.44
525.419	1288.44
525.634	1242.44
525.849	1217.44
526.064	1219.44
526.28	1189.44
526.495	1173.44
526.71	1202.44
526.925	1187.44
527.14	1168.44
527.355	1185.44
527.57	1169.44
527.785	1150.44
527.999	1171.44
528.214	1151.44
528.429	1177.44
528.644	1168.44
528.859	1202.44
529.074	1195.44
529.289	1246.44
529.503	1416.44
529.718	1371.44
529.933	1258.44
530.148	1189.44
530.363	1203.44
530.577	1149.44
530.792	1168.44
531.007	1145.44
531.221	1151.44
531.436	1132.44
531.651	1135.44
531.865	1128.44
532.08	1160.44
532.295	1135.44
532.509	1116.44
532.724	1127.44
532.938	1115.44
533.153	1131.44
533.367	1122.44
533.582	1124.44
533.796	1127.44
534.011	1109.44
534.225	1164.44
534.44	1122.44
534.654	1086.44
534.868	1103.44
535.083	1100.44
535.297	1093.44
535.511	1085.44
535.726	1109.44
535.94	1114.44
536.154	1097.44
536.369	1078.44
536.583	1060.44
536.797	1092.44
537.011	1035.44
537.225	1027.44
537.44	1067.44
537.654	1078.44
537.868	1055.44
538.082	1030.44
538.296	1073.44
538.51	1042.44
538.724	1068.44
538.938	1050.44
539.153	1063.44
539.367	1088.44
539.581	1061.44
539.795	1035.44
540.009	1037.44
540.222	1036.44
540.436	1046.44
540.65	1005.44
540.864	1021.44
541.078	1069.44
541.292	1051.44
541.506	1037.44
541.72	1023.44
541.934	1016.44
542.147	998.44
542.361	1025.44
542.575	1020.44
542.789	1028.44
543.002	1000.44
543.216	997.44
543.43	1012.44
543.644	1023.44
543.857	1028.44
544.071	1036.44
544.285	1034.44
544.498	1031.44
544.712	1026.44
544.925	1002.44
545.139	1037.44
545.352	1050.44
545.566	1032.44
545.779	1032.44
545.993	1024.44
546.206	1036.44
546.42	1026.44
546.633	1037.44
546.847	1003.44
547.06	1002.44
547.274	1016.44
547.487	1018.44
547.7	1023.44
547.914	1023.44
548.127	1058.44
548.34	1034.44
548.554	995.44
548.767	1023.44
548.98	1012.44
549.193	1035.44
549.407	1037.44
549.62	1033.44
549.833	999.44
550.046	1008.44
550.259	1015.44
550.473	991.44
550.686	1019.44
550.899	1009.44
551.112	1013.44
551.325	995.44
551.538	987.44
551.751	988.44
551.964	1009.44
552.177	1004.44
552.39	1020.44
552.603	1034.44
552.816	1050.44
553.029	1067.44
553.242	1058.44
553.455	1080.44
553.667	1089.44
553.88	1117.44
554.093	1075.44
554.306	1080.44
554.519	1035.44
554.732	1005.44
554.944	984.44
555.157	991.44
555.37	961.44
555.583	944.44
555.795	973.44
556.008	948.44
556.221	933.44
556.433	895.44
556.646	921.44
556.859	911.44
557.071	907.44
557.284	889.44
557.496	876.44
557.709	901.44
557.921	901.44
558.134	873.44
558.346	898.44
558.559	881.44
558.771	884.44
558.984	879.44
559.196	855.44
559.409	845.44
559.621	883.44
559.833	883.44
560.046	883.44
560.258	855.44
560.47	887.44
560.683	887.44
560.895	869.44
561.107	850.44
561.32	857.44
561.532	868.44
561.744	847.44
561.956	836.44
562.168	845.44
562.381	855.44
562.593	848.44
562.805	856.44
563.017	852.44
563.229	851.44
563.441	855.44
563.653	874.44
563.865	879.44
564.077	858.44
564.289	872.44
564.501	862.44
564.713	871.44
564.925	895.44
565.137	915.44
565.349	903.44
565.561	904.44
565.773	917.44
565.985	943.44
566.197	992.44
566.408	1027.44
566.62	1104.44
566.832	1162.44
567.044	1174.44
567.255	1162.44
567.467	1215.44
567.679	1204.44
567.891	1290.44
568.102	1268.44
568.314	1226.44
568.526	1141.44
568.737	1083.44
568.949	1047.44
569.161	961.44
569.372	913.44
569.584	913.44
569.795	897.44
570.007	871.44
570.218	973.44
570.43	913.44
570.641	821.44
570.853	815.44
571.064	801.44
571.276	810.44
571.487	788.44
571.698	804.44
571.91	770.44
572.121	782.44
572.333	744.44
572.544	741.44
572.755	718.44
572.966	707.44
573.178	710.44
573.389	717.44
573.6	720.44
573.811	715.44
574.023	706.44
574.234	697.44
574.445	699.44
574.656	705.44
574.867	707.44
575.078	680.44
575.289	685.44
575.501	687.44
575.712	683.44
575.923	664.44
576.134	666.44
576.345	681.44
576.556	682.44
576.767	677.44
576.978	667.44
577.188	635.44
577.399	676.44
577.61	651.44
577.821	653.44
578.032	667.44
578.243	738.44
578.454	1269.44
578.665	833.44
578.875	682.44
579.086	629.44
579.297	639.44
579.508	634.44
579.718	635.44
579.929	626.44
580.14	641.44
580.35	608.44
580.561	622.44
580.772	635.44
580.982	638.44
581.193	607.44
581.403	611.44
581.614	611.44
581.825	599.44
582.035	603.44
582.246	602.44
582.456	597.44
582.667	597.44
582.877	612.44
583.087	595.44
583.298	593.44
583.508	573.44
583.719	589.44
583.929	572.44
584.139	595.44
584.35	594.44
584.56	599.44
584.77	616.44
584.981	592.44
585.191	594.44
585.401	579.44
585.611	581.44
585.821	574.44
586.032	556.44
586.242	578.44
586.452	587.44
586.662	578.44
586.872	575.44
587.082	571.44
587.292	577.44
587.502	573.44
587.713	568.44
587.923	551.44
588.133	570.44
588.343	537.44
588.553	558.44
588.762	583.44
588.972	586.44
589.182	586.44
589.392	617.44
589.602	643.44
589.812	618.44
590.022	597.44
590.232	589.44
590.441	582.44
590.651	577.44
590.861	553.44
591.071	568.44
591.281	563.44
591.49	597.44
591.7	579.44
591.91	571.44
592.119	610.44
592.329	597.44
592.539	621.44
592.748	619.44
592.958	609.44
593.167	628.44
593.377	638.44
593.587	658.44
593.796	623.44
594.006	662.44
594.215	658.44
594.424	671.44
594.634	668.44
594.843	629.44
595.053	628.44
595.262	605.44
595.472	587.44
595.681	579.44
595.89	573.44
596.1	540.44
596.309	557.44
596.518	544.44
596.727	537.44
596.937	532.44
597.146	549.44
597.355	518.44
597.564	524.44
597.774	531.44
597.983	522.44
598.192	513.44
598.401	516.44
598.61	511.44
598.819	499.44
599.028	490.44
599.237	516.44
599.446	488.44
599.655	498.44
599.864	515.44
600.073	483.44
600.282	513.44
600.491	491.44
600.7	482.44
600.909	484.44
601.118	495.44
601.327	497.44
601.536	502.44
601.745	485.44
601.953	501.44
602.162	506.44
602.371	513.44
602.58	490.44
602.789	507.44
602.997	491.44
603.206	488.44
603.415	483.44
603.623	472.44
603.832	457.44
604.041	496.44
604.249	496.44
604.458	492.44
604.666	462.44
604.875	458.44
605.084	472.44
605.292	511.44
605.501	487.44
605.709	489.44
605.918	476.44
606.126	468.44
606.334	472.44
606.543	467.44
606.751	463.44
606.96	459.44
607.168	467.44
607.376	485.44
607.585	489.44
607.793	473.44
608.001	470.44
608.21	477.44
608.418	495.44
608.626	467.44
608.834	471.44
609.043	465.44
609.251	486.44
609.459	459.44
609.667	435.44
609.875	471.44
610.083	493.44
610.291	491.44
610.499	481.44
610.707	468.44
610.916	478.44
611.124	481.44
611.332	485.44
611.54	458.44
611.748	466.44
611.955	456.44
612.163	445.44
612.371	465.44
612.579	451.44
612.787	453.44
612.995	469.44
613.203	456.44
613.411	447.44
613.618	456.44
613.826	433.44
614.034	445.44
614.242	455.44
614.449	453.44
614.657	440.44
614.865	427.44
615.072	437.44
615.28	431.44
615.488	443.44
615.695	444.44
615.903	425.44
616.111	432.44
616.318	463.44
616.526	434.44
616.733	469.44
616.941	448.44
617.148	427.44
617.356	422.44
617.563	432.44
617.771	447.44
617.978	419.44
618.185	428.44
618.393	426.44
618.6	420.44
618.807	434.44
619.015	424.44
619.222	435.44
619.429	400.44
619.637	412.44
619.844	403.44
620.051	406.44
620.258	405.44
620.466	398.44
620.673	392.44
620.88	369.44
621.087	380.44
621.294	377.44
621.501	388.44
621.708	397.44
621.915	396.44
622.122	409.44
622.329	387.44
622.536	396.44
622.743	384.44
622.95	393.44
623.157	370.44
623.364	389.44
623.571	388.44
623.778	386.44
623.985	400.44
624.192	375.44
624.399	368.44
624.606	386.44
624.812	369.44
625.019	373.44
625.226	352.44
625.433	379.44
625.639	368.44
625.846	360.44
626.053	377.44
626.259	346.44
626.466	348.44
626.673	367.44
626.879	349.44
627.086	337.44
627.293	339.44
627.499	354.44
627.706	339.44
627.912	354.44
628.119	355.44
628.325	362.44
628.532	343.44
628.738	349.44
628.945	343.44
629.151	340.44
629.357	338.44
629.564	329.44
629.77	353.44
629.976	336.44
630.183	340.44
630.389	325.44
630.595	329.44
630.802	324.44
631.008	326.44
631.214	307.44
631.42	322.44
631.627	332.44
631.833	327.44
632.039	323.44
632.245	314.44
632.451	329.44
632.657	316.44
632.863	319.44
633.069	320.44
633.275	340.44
633.481	330.44
633.688	323.44
633.893	328.44
634.099	331.44
634.305	305.44
634.511	312.44
634.717	326.44
634.923	331.44
635.129	306.44
635.335	332.44
635.541	347.44
635.747	379.44
635.952	387.44
636.158	414.44
636.364	593.44
636.57	764.44
636.775	581.44
636.981	471.44
637.187	431.44
637.392	391.44
637.598	376.44
637.804	372.44
638.009	356.44
638.215	363.44
638.421	339.44
638.626	326.44
638.832	331.44
639.037	338.44
639.243	338.44
639.448	300.44
639.654	317.44
639.859	323.44
640.065	323.44
640.27	290.44
640.475	307.44
640.681	291.44
640.886	304.44
641.091	311.44
641.297	304.44
641.502	299.44
641.707	282.44
641.913	290.44
642.118	277.44
642.323	277.44
642.528	288.44
642.733	291.44
642.939	271.44
643.144	286.44
643.349	266.44
643.554	266.44
643.759	260.44
643.964	275.44
644.169	275.44
644.374	270.44
644.579	268.44
644.784	279.44
644.989	277.44
645.194	270.44
645.399	261.44
645.604	259.44
645.809	264.44
646.014	255.44
646.219	273.44
646.423	257.44
646.628	256.44
646.833	278.44
647.038	261.44
647.243	277.44
647.447	271.44
647.652	268.44
647.857	246.44
648.062	275.44
648.266	279.44
648.471	286.44
648.676	282.44
648.88	266.44
649.085	260.44
649.289	271.44
649.494	281.44
649.698	307.44
649.903	290.44
650.107	260.44
650.312	240.44
650.516	228.44
650.721	225.44
650.925	246.44
651.13	223.44
651.334	235.44
651.539	234.44
651.743	226.44
651.947	218.44
652.152	224.44
652.356	215.44
652.56	208.44
652.764	205.44
652.969	204.44
653.173	214.44
653.377	208.44
653.581	217.44
653.785	196.44
653.99	203.44
654.194	205.44
654.398	193.44
654.602	170.44
654.806	194.44
655.01	200.44
655.214	217.44
655.418	201.44
655.622	208.44
655.826	194.44
656.03	188.44
656.234	181.44
656.438	185.44
656.642	201.44
656.846	185.44
657.049	190.44
657.253	160.44
657.457	169.44
657.661	158.44
657.865	140.44
658.068	163.44
658.272	143.44
658.476	135.44
658.68	136.44
658.883	123.44
659.087	138.44
659.291	124.44
659.494	129.44
659.698	121.44
659.901	122.44
660.105	118.44
660.309	104.44
660.512	112.44
660.716	121.44
660.919	120.44
661.123	114.44
661.326	110.44
661.53	96.44
661.733	99.44
661.936	104.44
662.14	99.44
662.343	98.44
662.546	92.44
662.75	88.44
662.953	104.44
663.156	92.44
663.36	83.44
663.563	83.44
663.766	92.44
663.969	85.44
664.173	87.44
664.376	89.44
664.579	94.44
664.782	94.44
664.985	70.44
665.188	83.44
665.391	75.44
665.594	89.44
665.797	92.44
666	89.44
666.203	87.44
666.406	83.44
666.609	82.44
666.812	88.44
667.015	90.44
667.218	85.44
667.421	83.44
667.624	77.44
667.827	84.44
668.03	76.44
668.232	96.44
668.435	92.44
668.638	95.44
668.841	76.44
669.043	90.44
669.246	72.44
669.449	87.44
669.651	78.44
669.854	98.44
670.057	89.44
670.259	76.44
670.462	89.44
670.665	89.44
670.867	89.44
671.07	93.44
671.272	85.44
671.475	84.44
671.677	99.44
671.88	84.44
672.082	78.44
672.284	97.44
672.487	87.44
672.689	90.44
672.892	88.44
