223.165	-20.06
223.4	-20.06
223.635	-20.06
223.869	-20.06
224.104	-19.06
224.338	-21.06
224.573	-13.06
224.808	-6.06
225.042	-8.06
225.277	-12.06
225.511	9.94
225.746	-1.06
225.98	-0.06
226.215	18.94
226.449	10.94
226.683	20.94
226.918	25.94
227.152	33.94
227.387	16.94
227.621	29.94
227.856	51.94
228.09	36.94
228.324	47.94
228.559	46.94
228.793	66.94
229.027	126.94
229.262	147.94
229.496	144.94
229.73	184.94
229.964	189.94
230.199	160.94
230.433	153.94
230.667	156.94
230.901	142.94
231.136	150.94
231.37	167.94
231.604	163.94
231.838	136.94
232.072	144.94
232.306	144.94
232.541	143.94
232.775	152.94
233.009	151.94
233.243	155.94
233.477	155.94
233.711	154.94
233.945	148.94
234.179	156.94
234.413	169.94
234.647	156.94
234.881	167.94
235.115	162.94
235.349	159.94
235.583	163.94
235.817	163.94
236.051	172.94
236.285	163.94
236.519	174.94
236.753	188.94
236.987	208.94
237.221	247.94
237.455	297.94
237.689	253.94
237.922	211.94
238.156	206.94
238.39	205.94
238.624	180.94
238.858	159.94
239.091	176.94
239.325	195.94
239.559	174.94
239.793	191.94
240.027	199.94
240.26	212.94
240.494	217.94
240.728	221.94
240.961	215.94
241.195	217.94
241.429	205.94
241.662	208.94
241.896	202.94
242.13	223.94
242.363	220.94
242.597	211.94
242.83	209.94
243.064	193.94
243.298	221.94
243.531	218.94
243.765	221.94
243.998	215.94
244.232	210.94
244.465	230.94
244.699	238.94
244.932	238.94
245.166	242.94
245.399	237.94
245.633	227.94
245.866	231.94
246.099	231.94
246.333	234.94
246.566	227.94
246.8	249.94
247.033	251.94
247.266	231.94
247.5	271.94
247.733	262.94
247.966	260.94
248.2	276.94
248.433	280.94
248.666	258.94
248.899	278.94
249.133	293.94
249.366	316.94
249.599	321.94
249.832	326.94
250.066	355.94
250.299	416.94
250.532	525.94
250.765	574.94
250.998	503.94
251.231	444.94
251.465	387.94
251.698	367.94
251.931	384.94
252.164	349.94
252.397	358.94
252.63	355.94
252.863	344.94
253.096	335.94
253.329	362.94
253.562	363.94
253.795	361.94
254.028	362.94
254.261	356.94
254.494	365.94
254.727	378.94
254.96	407.94
255.193	414.94
255.426	445.94
255.659	517.94
255.892	632.94
256.124	889.94
256.357	941.94
256.59	736.94
256.823	615.94
257.056	512.94
257.289	484.94
257.521	455.94
257.754	451.94
257.987	429.94
258.22	406.94
258.452	405.94
258.685	402.94
258.918	399.94
259.151	393.94
259.383	387.94
259.616	398.94
259.849	395.94
260.081	400.94
260.314	370.94
260.547	407.94
260.779	412.94
261.012	398.94
261.244	383.94
261.477	369.94
261.71	377.94
261.942	369.94
262.175	420.94
262.407	390.94
262.64	375.94
262.872	381.94
263.105	360.94
263.337	368.94
263.57	383.94
263.802	379.94
264.035	381.94
264.267	361.94
264.499	371.94
264.732	378.94
264.964	367.94
265.197	366.94
265.429	367.94
265.661	369.94
265.894	353.94
266.126	365.94
266.358	369.94
266.591	378.94
266.823	381.94
267.055	363.94
267.287	387.94
267.52	376.94
267.752	375.94
267.984	386.94
268.216	384.94
268.448	371.94
268.681	393.94
268.913	387.94
269.145	408.94
269.377	421.94
269.609	411.94
269.841	404.94
270.073	408.94
270.306	440.94
270.538	453.94
270.77	443.94
271.002	453.94
271.234	437.94
271.466	443.94
271.698	466.94
271.93	476.94
272.162	462.94
272.394	461.94
272.626	467.94
272.858	466.94
273.09	456.94
273.322	461.94
273.553	437.94
273.785	457.94
274.017	468.94
274.249	457.94
274.481	450.94
274.713	466.94
274.945	462.94
275.176	454.94
275.408	467.94
275.64	481.94
275.872	501.94
276.104	499.94
276.335	494.94
276.567	505.94
276.799	540.94
277.031	575.94
277.262	631.94
277.494	631.94
277.726	574.94
277.957	552.94
278.189	514.94
278.421	512.94
278.652	513.94
278.884	508.94
279.115	517.94
279.347	493.94
279.579	513.94
279.81	535.94
280.042	580.94
280.273	639.94
280.505	639.94
280.736	594.94
280.968	541.94
281.199	520.94
281.431	518.94
281.662	532.94
281.894	511.94
282.125	528.94
282.356	531.94
282.588	573.94
282.819	566.94
283.051	515.94
283.282	500.94
283.513	497.94
283.745	487.94
283.976	503.94
284.207	480.94
284.439	483.94
284.67	491.94
284.901	505.94
285.132	504.94
285.364	525.94
285.595	488.94
285.826	511.94
286.057	505.94
286.288	504.94
286.52	496.94
286.751	520.94
286.982	516.94
287.213	518.94
287.444	515.94
287.675	509.94
287.906	501.94
288.138	530.94
288.369	561.94
288.6	532.94
288.831	505.94
289.062	538.94
289.293	518.94
289.524	535.94
289.755	512.94
289.986	512.94
290.217	506.94
290.448	518.94
290.679	509.94
290.91	509.94
291.141	520.94
291.371	484.94
291.602	526.94
291.833	506.94
292.064	512.94
292.295	512.94
292.526	512.94
292.757	519.94
292.987	490.94
293.218	495.94
293.449	514.94
293.68	497.94
293.91	502.94
294.141	485.94
294.372	509.94
294.603	494.94
294.833	491.94
295.064	497.94
295.295	513.94
295.525	520.94
295.756	541.94
295.987	541.94
296.217	563.94
296.448	599.94
296.679	514.94
296.909	527.94
297.14	537.94
297.37	559.94
297.601	528.94
297.831	515.94
298.062	539.94
298.292	558.94
298.523	533.94
298.753	551.94
298.984	535.94
299.214	563.94
299.445	530.94
299.675	527.94
299.905	543.94
300.136	558.94
300.366	535.94
300.597	556.94
300.827	559.94
301.057	559.94
301.288	575.94
301.518	602.94
301.748	569.94
301.979	611.94
302.209	581.94
302.439	572.94
302.669	585.94
302.9	573.94
303.13	594.94
303.36	609.94
303.59	627.94
303.82	653.94
304.051	636.94
304.281	617.94
304.511	594.94
304.741	580.94
304.971	578.94
305.201	609.94
305.431	569.94
305.661	596.94
305.891	580.94
306.121	586.94
306.352	588.94
306.582	615.94
306.812	627.94
307.042	622.94
307.272	657.94
307.502	689.94
307.731	698.94
307.961	663.94
308.191	633.94
308.421	587.94
308.651	611.94
308.881	610.94
309.111	611.94
309.341	610.94
309.571	595.94
309.8	631.94
310.03	642.94
310.26	657.94
310.49	652.94
310.72	653.94
310.949	696.94
311.179	691.94
311.409	663.94
311.639	670.94
311.868	638.94
312.098	644.94
312.328	661.94
312.557	682.94
312.787	707.94
313.017	714.94
313.246	669.94
313.476	690.94
313.706	675.94
313.935	668.94
314.165	687.94
314.394	713.94
314.624	712.94
314.853	691.94
315.083	692.94
315.312	675.94
315.542	652.94
315.771	657.94
316.001	669.94
316.23	639.94
316.46	681.94
316.689	674.94
316.919	671.94
317.148	679.94
317.377	716.94
317.607	708.94
317.836	696.94
318.065	659.94
318.295	686.94
318.524	700.94
318.753	680.94
318.983	719.94
319.212	712.94
319.441	701.94
319.67	717.94
319.9	711.94
320.129	703.94
320.358	734.94
320.587	711.94
320.816	759.94
321.046	764.94
321.275	756.94
321.504	755.94
321.733	759.94
321.962	781.94
322.191	812.94
322.42	820.94
322.649	833.94
322.878	869.94
323.108	905.94
323.337	949.94
323.566	975.94
323.795	1036.94
324.024	1158.94
324.253	1396.94
324.482	1932.94
324.71	2926.94
324.939	4128.94
325.168	3309.94
325.397	1825.94
325.626	1326.94
325.855	1177.94
326.084	1122.94
326.313	1099.94
326.542	1139.94
326.77	1239.94
326.999	1412.94
327.228	1977.94
327.457	2887.94
327.686	3369.94
327.914	2427.94
328.143	2158.94
328.372	2321.94
328.6	2084.94
328.829	1629.94
329.058	1519.94
329.287	1603.94
329.515	1636.94
329.744	1836.94
329.972	2312.94
330.201	3086.94
330.43	3816.94
330.658	3029.94
330.887	2099.94
331.115	1684.94
331.344	1449.94
331.572	1337.94
331.801	1334.94
332.03	1347.94
332.258	1294.94
332.486	1285.94
332.715	1303.94
332.943	1368.94
333.172	1473.94
333.4	1537.94
333.629	1756.94
333.857	2027.94
334.085	2499.94
334.314	3488.94
334.542	4670.94
334.771	4861.94
334.999	3108.94
335.227	2037.94
335.455	1627.94
335.684	1433.94
335.912	1324.94
336.14	1275.94
336.369	1188.94
336.597	1145.94
336.825	1156.94
337.053	1096.94
337.281	1054.94
337.51	986.94
337.738	995.94
337.966	1001.94
338.194	946.94
338.422	953.94
338.65	944.94
338.878	937.94
339.106	897.94
339.334	916.94
339.562	899.94
339.79	853.94
340.018	867.94
340.246	865.94
340.474	889.94
340.702	845.94
340.93	855.94
341.158	850.94
341.386	865.94
341.614	858.94
341.842	832.94
342.07	811.94
342.298	804.94
342.526	808.94
342.754	796.94
342.981	785.94
343.209	795.94
343.437	833.94
343.665	860.94
343.893	860.94
344.12	894.94
344.348	858.94
344.576	853.94
344.804	833.94
345.031	867.94
345.259	840.94
345.487	850.94
345.714	829.94
345.942	811.94
346.17	811.94
346.397	815.94
346.625	795.94
346.853	793.94
347.08	772.94
347.308	807.94
347.535	825.94
347.763	817.94
347.99	799.94
348.218	845.94
348.445	816.94
348.673	842.94
348.9	830.94
349.128	796.94
349.355	777.94
349.583	765.94
349.81	776.94
350.037	754.94
350.265	775.94
350.492	772.94
350.72	768.94
350.947	787.94
351.174	809.94
351.402	831.94
351.629	814.94
351.856	783.94
352.083	825.94
352.311	821.94
352.538	827.94
352.765	820.94
352.992	803.94
353.22	786.94
353.447	810.94
353.674	786.94
353.901	787.94
354.128	723.94
354.355	768.94
354.583	740.94
354.81	759.94
355.037	761.94
355.264	776.94
355.491	740.94
355.718	739.94
355.945	721.94
356.172	724.94
356.399	723.94
356.626	755.94
356.853	714.94
357.08	749.94
357.307	741.94
357.534	760.94
357.761	743.94
357.988	757.94
358.215	757.94
358.441	724.94
358.668	748.94
358.895	767.94
359.122	767.94
359.349	778.94
359.576	813.94
359.802	841.94
360.029	854.94
360.256	899.94
360.483	871.94
360.709	820.94
360.936	803.94
361.163	798.94
361.39	825.94
361.616	805.94
361.843	816.94
362.07	781.94
362.296	796.94
362.523	793.94
362.749	818.94
362.976	788.94
363.203	792.94
363.429	777.94
363.656	781.94
363.882	778.94
364.109	805.94
364.335	772.94
364.562	779.94
364.788	750.94
365.015	772.94
365.241	788.94
365.468	789.94
365.694	805.94
365.92	773.94
366.147	774.94
366.373	787.94
366.599	780.94
366.826	788.94
367.052	785.94
367.278	771.94
367.505	754.94
367.731	809.94
367.957	783.94
368.184	770.94
368.41	791.94
368.636	801.94
368.862	851.94
369.089	797.94
369.315	803.94
369.541	786.94
369.767	795.94
369.993	789.94
370.219	781.94
370.445	815.94
370.672	805.94
370.898	782.94
371.124	804.94
371.35	829.94
371.576	811.94
371.802	802.94
372.028	803.94
372.254	814.94
372.48	798.94
372.706	826.94
372.932	848.94
373.158	814.94
373.384	799.94
373.61	811.94
373.835	828.94
374.061	821.94
374.287	840.94
374.513	820.94
374.739	848.94
374.965	836.94
375.191	855.94
375.416	855.94
375.642	844.94
375.868	853.94
376.094	841.94
376.319	816.94
376.545	807.94
376.771	821.94
376.997	813.94
377.222	808.94
377.448	801.94
377.674	791.94
377.899	771.94
378.125	807.94
378.35	785.94
378.576	827.94
378.802	803.94
379.027	810.94
379.253	826.94
379.478	794.94
379.704	801.94
379.929	816.94
380.155	800.94
380.38	807.94
380.606	807.94
380.831	788.94
381.057	833.94
381.282	804.94
381.507	815.94
381.733	839.94
381.958	791.94
382.184	805.94
382.409	841.94
382.634	841.94
382.86	840.94
383.085	849.94
383.31	866.94
383.535	868.94
383.761	853.94
383.986	864.94
384.211	912.94
384.436	921.94
384.662	901.94
384.887	913.94
385.112	917.94
385.337	927.94
385.562	942.94
385.787	963.94
386.013	930.94
386.238	963.94
386.463	959.94
386.688	959.94
386.913	937.94
387.138	935.94
387.363	929.94
387.588	935.94
387.813	893.94
388.038	940.94
388.263	932.94
388.488	951.94
388.713	938.94
388.938	907.94
389.163	931.94
389.387	932.94
389.612	919.94
389.837	924.94
390.062	933.94
390.287	924.94
390.512	935.94
390.736	947.94
390.961	945.94
391.186	943.94
391.411	983.94
391.636	1007.94
391.86	1010.94
392.085	1015.94
392.31	1028.94
392.534	1035.94
392.759	1033.94
392.984	988.94
393.208	1028.94
393.433	1011.94
393.658	963.94
393.882	955.94
394.107	972.94
394.331	992.94
394.556	992.94
394.78	977.94
395.005	1020.94
395.229	998.94
395.454	1063.94
395.678	1056.94
395.903	1056.94
396.127	1046.94
396.352	1055.94
396.576	1029.94
396.801	1029.94
397.025	1037.94
397.249	1068.94
397.474	1079.94
397.698	1059.94
397.922	1070.94
398.147	1077.94
398.371	1109.94
398.595	1124.94
398.82	1124.94
399.044	1241.94
399.268	1307.94
399.492	1423.94
399.717	1529.94
399.941	1587.94
400.165	1529.94
400.389	1455.94
400.613	1333.94
400.837	1264.94
401.062	1219.94
401.286	1191.94
401.51	1184.94
401.734	1183.94
401.958	1235.94
402.182	1226.94
402.406	1260.94
402.63	1277.94
402.854	1252.94
403.078	1301.94
403.302	1298.94
403.526	1327.94
403.75	1309.94
403.974	1365.94
404.198	1363.94
404.422	1409.94
404.645	1436.94
404.869	1483.94
405.093	1576.94
405.317	1649.94
405.541	1713.94
405.765	1568.94
405.988	1459.94
406.212	1448.94
406.436	1522.94
406.66	1524.94
406.883	1480.94
407.107	1515.94
407.331	1575.94
407.555	1691.94
407.778	1643.94
408.002	1548.94
408.226	1481.94
408.449	1461.94
408.673	1427.94
408.896	1437.94
409.12	1463.94
409.344	1404.94
409.567	1399.94
409.791	1375.94
410.014	1321.94
410.238	1321.94
410.461	1350.94
410.685	1335.94
410.908	1371.94
411.132	1345.94
411.355	1404.94
411.578	1371.94
411.802	1367.94
412.025	1373.94
412.249	1519.94
412.472	1561.94
412.695	1698.94
412.919	1664.94
413.142	1556.94
413.365	1468.94
413.589	1435.94
413.812	1361.94
414.035	1331.94
414.258	1334.94
414.482	1308.94
414.705	1293.94
414.928	1262.94
415.151	1276.94
415.374	1291.94
415.597	1243.94
415.821	1209.94
416.044	1264.94
416.267	1237.94
416.49	1237.94
416.713	1219.94
416.936	1258.94
417.159	1255.94
417.382	1287.94
417.605	1311.94
417.828	1355.94
418.051	1348.94
418.274	1324.94
418.497	1242.94
418.72	1274.94
418.943	1284.94
419.166	1386.94
419.389	1438.94
419.611	1435.94
419.834	1447.94
420.057	1469.94
420.28	1594.94
420.503	1590.94
420.726	1489.94
420.948	1464.94
421.171	1475.94
421.394	1427.94
421.617	1344.94
421.839	1307.94
422.062	1305.94
422.285	1308.94
422.507	1410.94
422.73	1471.94
422.953	1411.94
423.175	1339.94
423.398	1325.94
423.621	1299.94
423.843	1376.94
424.066	1348.94
424.288	1363.94
424.511	1375.94
424.733	1444.94
424.956	1495.94
425.178	1487.94
425.401	1451.94
425.623	1463.94
425.846	1312.94
426.068	1291.94
426.291	1296.94
426.513	1278.94
426.735	1316.94
426.958	1367.94
427.18	1461.94
427.402	1698.94
427.625	1859.94
427.847	1772.94
428.069	1746.94
428.292	1559.94
428.514	1407.94
428.736	1310.94
428.958	1270.94
429.181	1241.94
429.403	1186.94
429.625	1215.94
429.847	1271.94
430.069	1310.94
430.292	1311.94
430.514	1202.94
430.736	1191.94
430.958	1193.94
431.18	1162.94
431.402	1163.94
431.624	1152.94
431.846	1135.94
432.068	1143.94
432.29	1167.94
432.512	1139.94
432.734	1158.94
432.956	1167.94
433.178	1187.94
433.4	1189.94
433.622	1152.94
433.844	1152.94
434.066	1161.94
434.287	1132.94
434.509	1184.94
434.731	1209.94
434.953	1237.94
435.175	1253.94
435.397	1320.94
435.618	1249.94
435.84	1335.94
436.062	1429.94
436.284	1549.94
436.505	1348.94
436.727	1283.94
436.949	1213.94
437.17	1214.94
437.392	1220.94
437.614	1196.94
437.835	1225.94
438.057	1415.94
438.278	1497.94
438.5	1485.94
438.721	1624.94
438.943	1512.94
439.165	1319.94
439.386	1240.94
439.608	1237.94
439.829	1248.94
440.05	1313.94
440.272	1375.94
440.493	1304.94
440.715	1253.94
440.936	1218.94
441.158	1218.94
441.379	1271.94
441.6	1296.94
441.822	1361.94
442.043	1348.94
442.264	1484.94
442.486	1531.94
442.707	1360.94
442.928	1340.94
443.149	1373.94
443.371	1384.94
443.592	1447.94
443.813	1564.94
444.034	1609.94
444.255	1482.94
444.476	1404.94
444.698	1460.94
444.919	1463.94
445.14	1563.94
445.361	1475.94
445.582	1396.94
445.803	1500.94
446.024	1619.94
446.245	1588.94
446.466	1475.94
446.687	1311.94
446.908	1253.94
447.129	1205.94
447.35	1156.94
447.571	1167.94
447.792	1114.94
448.013	1186.94
448.234	1182.94
448.455	1260.94
448.675	1403.94
448.896	1593.94
449.117	1387.94
449.338	1339.94
449.559	1513.94
449.779	1635.94
450	1326.94
450.221	1222.94
450.442	1161.94
450.662	1141.94
450.883	1188.94
451.104	1217.94
451.324	1202.94
451.545	1164.94
451.766	1133.94
451.986	1131.94
452.207	1090.94
452.428	1076.94
452.648	1067.94
452.869	1089.94
453.089	1090.94
453.31	1128.94
453.53	1106.94
453.751	1069.94
453.971	1092.94
454.192	1102.94
454.412	1075.94
454.633	1077.94
454.853	1026.94
455.073	1035.94
455.294	1063.94
455.514	1160.94
455.734	1123.94
455.955	1028.94
456.175	1020.94
456.395	996.94
456.616	991.94
456.836	999.94
457.056	998.94
457.276	1004.94
457.497	990.94
457.717	1003.94
457.937	1038.94
458.157	1067.94
458.377	1062.94
458.598	1102.94
458.818	1216.94
459.038	1353.94
459.258	1351.94
459.478	1216.94
459.698	1185.94
459.918	1201.94
460.138	1199.94
460.358	1215.94
460.578	1238.94
460.798	1259.94
461.018	1283.94
461.238	1269.94
461.458	1253.94
461.678	1230.94
461.898	1276.94
462.118	1279.94
462.338	1311.94
462.558	1348.94
462.777	1411.94
462.997	1439.94
463.217	1559.94
463.437	1571.94
463.657	1472.94
463.876	1402.94
464.096	1414.94
464.316	1429.94
464.536	1471.94
464.755	1425.94
464.975	1410.94
465.195	1508.94
465.414	1606.94
465.634	1394.94
465.854	1304.94
466.073	1217.94
466.293	1211.94
466.512	1191.94
466.732	1184.94
466.951	1187.94
467.171	1182.94
467.391	1179.94
467.61	1256.94
467.829	1360.94
468.049	1769.94
468.268	2537.94
468.488	1895.94
468.707	1495.94
468.927	1388.94
469.146	1294.94
469.365	1241.94
469.585	1222.94
469.804	1260.94
470.023	1299.94
470.243	1286.94
470.462	1335.94
470.681	1330.94
470.901	1331.94
471.12	1309.94
471.339	1313.94
471.558	1329.94
471.777	1386.94
471.997	1612.94
472.216	2454.94
472.435	4983.94
472.654	3775.94
472.873	2378.94
473.092	1919.94
473.311	1719.94
473.53	1568.94
473.749	1511.94
473.968	1473.94
474.187	1603.94
474.406	1560.94
474.625	1382.94
474.844	1341.94
475.063	1281.94
475.282	1271.94
475.501	1285.94
475.72	1242.94
475.939	1244.94
476.158	1284.94
476.377	1267.94
476.596	1275.94
476.814	1273.94
477.033	1300.94
477.252	1288.94
477.471	1331.94
477.69	1340.94
477.908	1338.94
478.127	1364.94
478.346	1389.94
478.564	1419.94
478.783	1435.94
479.002	1467.94
479.22	1517.94
479.439	1525.94
479.658	1578.94
479.876	1578.94
480.095	1663.94
480.313	1772.94
480.532	1849.94
480.751	2146.94
480.969	2877.94
481.188	6495.94
481.406	8315.94
481.624	4478.94
481.843	3128.94
482.061	2637.94
482.28	2306.94
482.498	2113.94
482.717	1924.94
482.935	1897.94
483.153	1815.94
483.372	1767.94
483.59	1709.94
483.808	1643.94
484.027	1634.94
484.245	1625.94
484.463	1650.94
484.681	1632.94
484.9	1605.94
485.118	1611.94
485.336	1586.94
485.554	1542.94
485.772	1577.94
485.99	1583.94
486.209	1571.94
486.427	1572.94
486.645	1615.94
486.863	1636.94
487.081	1602.94
487.299	1607.94
487.517	1587.94
487.735	1567.94
487.953	1602.94
488.171	1623.94
488.389	1565.94
488.607	1606.94
488.825	1571.94
489.043	1604.94
489.261	1593.94
489.479	1617.94
489.696	1671.94
489.914	1681.94
490.132	1668.94
490.35	1704.94
490.568	1760.94
490.786	1853.94
491.003	1851.94
491.221	1946.94
491.439	2013.94
491.657	2052.94
491.874	2099.94
492.092	2162.94
492.31	2193.94
492.527	2238.94
492.745	2297.94
492.963	2255.94
493.18	2260.94
493.398	2260.94
493.615	2191.94
493.833	2125.94
494.05	2082.94
494.268	2105.94
494.485	2023.94
494.703	1959.94
494.92	1924.94
495.138	1952.94
495.355	1911.94
495.573	1919.94
495.79	1884.94
496.008	1839.94
496.225	1833.94
496.442	1860.94
496.66	1829.94
496.877	1786.94
497.094	1820.94
497.312	1825.94
497.529	1818.94
497.746	1857.94
497.963	1860.94
498.181	1915.94
498.398	1940.94
498.615	2029.94
498.832	2116.94
499.049	2127.94
499.267	2267.94
499.484	2428.94
499.701	2617.94
499.918	2693.94
500.135	2943.94
500.352	3226.94
500.569	3411.94
500.786	3464.94
501.003	3256.94
501.22	3026.94
501.437	2741.94
501.654	2518.94
501.871	2400.94
502.088	2250.94
502.305	2141.94
502.522	2054.94
502.739	1975.94
502.956	1923.94
503.172	1805.94
503.389	1825.94
503.606	1784.94
503.823	1763.94
504.04	1718.94
504.256	1725.94
504.473	1737.94
504.69	1779.94
504.907	1703.94
505.123	1649.94
505.34	1619.94
505.557	1571.94
505.773	1576.94
505.99	1501.94
506.207	1486.94
506.423	1497.94
506.64	1492.94
506.856	1453.94
507.073	1441.94
507.289	1452.94
507.506	1463.94
507.722	1476.94
507.939	1517.94
508.155	1423.94
508.372	1432.94
508.588	1405.94
508.805	1417.94
509.021	1373.94
509.238	1385.94
509.454	1365.94
509.67	1399.94
509.887	1355.94
510.103	1380.94
510.319	1441.94
510.536	1772.94
510.752	3359.94
510.968	2387.94
511.184	1486.94
511.401	1439.94
511.617	1427.94
511.833	1548.94
512.049	1626.94
512.265	1582.94
512.481	1520.94
512.698	1452.94
512.914	1429.94
513.13	1425.94
513.346	1397.94
513.562	1419.94
513.778	1388.94
513.994	1438.94
514.21	1435.94
514.426	1499.94
514.642	1578.94
514.858	1656.94
515.074	1790.94
515.29	2091.94
515.506	3317.94
515.721	2467.94
515.937	1667.94
516.153	1585.94
516.369	1537.94
516.585	1517.94
516.801	1505.94
517.016	1512.94
517.232	1548.94
517.448	1575.94
517.664	1617.94
517.879	1599.94
518.095	1617.94
518.311	1587.94
518.527	1570.94
518.742	1524.94
518.958	1449.94
519.173	1442.94
519.389	1464.94
519.605	1407.94
519.82	1420.94
520.036	1455.94
520.251	1472.94
520.467	1515.94
520.682	1493.94
520.898	1480.94
521.113	1577.94
521.329	1668.94
521.544	1891.94
521.76	2503.94
521.975	4532.94
522.19	3896.94
522.406	2009.94
522.621	1531.94
522.836	1413.94
523.052	1330.94
523.267	1319.94
523.482	1298.94
523.698	1261.94
523.913	1258.94
524.128	1265.94
524.343	1170.94
524.559	1199.94
524.774	1188.94
524.989	1181.94
525.204	1201.94
525.419	1193.94
525.634	1184.94
525.849	1159.94
526.064	1176.94
526.28	1123.94
526.495	1097.94
526.71	1097.94
526.925	1111.94
527.14	1124.94
527.355	1109.94
527.57	1079.94
527.785	1099.94
527.999	1092.94
528.214	1131.94
528.429	1095.94
528.644	1115.94
528.859	1121.94
529.074	1138.94
529.289	1156.94
529.503	1333.94
529.718	1271.94
529.933	1147.94
530.148	1127.94
530.363	1119.94
530.577	1093.94
530.792	1076.94
531.007	1069.94
531.221	1101.94
531.436	1104.94
531.651	1078.94
531.865	1068.94
532.08	1059.94
532.295	1089.94
532.509	1069.94
532.724	1037.94
532.938	1059.94
533.153	1033.94
533.367	1015.94
533.582	1059.94
533.796	1038.94
534.011	1056.94
534.225	1042.94
534.44	1042.94
534.654	1057.94
534.868	1018.94
535.083	1040.94
535.297	1011.94
535.511	1041.94
535.726	1066.94
535.94	1040.94
536.154	1041.94
536.369	1016.94
536.583	1019.94
536.797	991.94
537.011	1001.94
537.225	1002.94
537.44	999.94
537.654	994.94
537.868	945.94
538.082	972.94
538.296	965.94
538.51	970.94
538.724	979.94
538.938	988.94
539.153	980.94
539.367	1013.94
539.581	996.94
539.795	975.94
540.009	979.94
540.222	959.94
540.436	983.94
540.65	986.94
540.864	964.94
541.078	986.94
541.292	1003.94
541.506	963.94
541.72	946.94
541.934	963.94
542.147	942.94
542.361	962.94
542.575	943.94
542.789	976.94
543.002	943.94
543.216	959.94
543.43	942.94
543.644	970.94
543.857	939.94
544.071	943.94
544.285	973.94
544.498	951.94
544.712	974.94
544.925	969.94
545.139	949.94
545.352	979.94
545.566	946.94
545.779	959.94
545.993	931.94
546.206	937.94
546.42	949.94
546.633	942.94
546.847	939.94
547.06	951.94
547.274	952.94
547.487	961.94
547.7	951.94
547.914	962.94
548.127	981.94
548.34	965.94
548.554	956.94
548.767	961.94
548.98	981.94
549.193	954.94
549.407	961.94
549.62	989.94
549.833	952.94
550.046	959.94
550.259	953.94
550.473	937.94
550.686	939.94
550.899	937.94
551.112	937.94
551.325	924.94
551.538	930.94
551.751	920.94
551.964	945.94
552.177	919.94
552.39	928.94
552.603	950.94
552.816	970.94
553.029	999.94
553.242	963.94
553.455	1020.94
553.667	1035.94
553.88	1022.94
554.093	1027.94
554.306	945.94
554.519	944.94
554.732	928.94
554.944	916.94
555.157	907.94
555.37	900.94
555.583	884.94
555.795	879.94
556.008	866.94
556.221	861.94
556.433	881.94
556.646	839.94
556.859	867.94
557.071	828.94
557.284	830.94
557.496	859.94
557.709	812.94
557.921	819.94
558.134	836.94
558.346	817.94
558.559	817.94
558.771	819.94
558.984	768.94
559.196	819.94
559.409	780.94
559.621	769.94
559.833	791.94
560.046	784.94
560.258	787.94
560.47	826.94
560.683	799.94
560.895	795.94
561.107	786.94
561.32	779.94
561.532	768.94
561.744	777.94
561.956	764.94
562.168	754.94
562.381	777.94
562.593	798.94
562.805	785.94
563.017	779.94
563.229	800.94
563.441	761.94
563.653	775.94
563.865	777.94
564.077	768.94
564.289	801.94
564.501	810.94
564.713	821.94
564.925	812.94
565.137	867.94
565.349	816.94
565.561	859.94
565.773	897.94
565.985	901.94
566.197	941.94
566.408	1003.94
566.62	1069.94
566.832	1122.94
567.044	1082.94
567.255	1096.94
567.467	1119.94
567.679	1171.94
567.891	1228.94
568.102	1235.94
568.314	1182.94
568.526	1058.94
568.737	995.94
568.949	924.94
569.161	901.94
569.372	854.94
569.584	829.94
569.795	801.94
570.007	783.94
570.218	889.94
570.43	811.94
570.641	788.94
570.853	746.94
571.064	755.94
571.276	731.94
571.487	716.94
571.698	717.94
571.91	677.94
572.121	692.94
572.333	689.94
572.544	664.94
572.755	656.94
572.966	643.94
573.178	629.94
573.389	638.94
573.6	637.94
573.811	620.94
574.023	620.94
574.234	632.94
574.445	616.94
574.656	622.94
574.867	617.94
575.078	612.94
575.289	608.94
575.501	612.94
575.712	584.94
575.923	593.94
576.134	600.94
576.345	583.94
576.556	593.94
576.767	599.94
576.978	591.94
577.188	586.94
577.399	580.94
577.61	580.94
577.821	595.94
578.032	594.94
578.243	680.94
578.454	1191.94
578.665	808.94
578.875	593.94
579.086	575.94
579.297	568.94
579.508	588.94
579.718	551.94
579.929	551.94
580.14	530.94
580.35	525.94
580.561	523.94
580.772	554.94
580.982	550.94
581.193	526.94
581.403	531.94
581.614	518.94
581.825	542.94
582.035	542.94
582.246	548.94
582.456	529.94
582.667	556.94
582.877	538.94
583.087	520.94
583.298	509.94
583.508	512.94
583.719	520.94
583.929	521.94
584.139	509.94
584.35	512.94
584.56	509.94
584.77	521.94
584.981	537.94
585.191	501.94
585.401	509.94
585.611	500.94
585.821	497.94
586.032	495.94
586.242	508.94
586.452	509.94
586.662	487.94
586.872	471.94
587.082	507.94
587.292	499.94
587.502	477.94
587.713	494.94
587.923	507.94
588.133	503.94
588.343	483.94
588.553	517.94
588.762	505.94
588.972	511.94
589.182	539.94
589.392	557.94
589.602	522.94
589.812	541.94
590.022	515.94
590.232	520.94
590.441	487.94
590.651	495.94
590.861	507.94
591.071	513.94
591.281	499.94
591.49	497.94
591.7	503.94
591.91	517.94
592.119	521.94
592.329	526.94
592.539	529.94
592.748	559.94
592.958	580.94
593.167	553.94
593.377	585.94
593.587	548.94
593.796	561.94
594.006	558.94
594.215	592.94
594.424	565.94
594.634	583.94
594.843	555.94
595.053	538.94
595.262	546.94
595.472	515.94
595.681	494.94
595.89	526.94
596.1	505.94
596.309	478.94
596.518	486.94
596.727	469.94
596.937	465.94
597.146	471.94
597.355	462.94
597.564	451.94
597.774	440.94
597.983	443.94
598.192	429.94
598.401	452.94
598.61	427.94
598.819	431.94
599.028	446.94
599.237	437.94
599.446	440.94
599.655	448.94
599.864	433.94
600.073	427.94
600.282	417.94
600.491	437.94
600.7	419.94
600.909	427.94
601.118	435.94
601.327	424.94
601.536	443.94
601.745	434.94
601.953	423.94
602.162	439.94
602.371	438.94
602.58	444.94
602.789	431.94
602.997	434.94
603.206	413.94
603.415	431.94
603.623	425.94
603.832	430.94
604.041	408.94
604.249	401.94
604.458	414.94
604.666	408.94
604.875	397.94
605.084	397.94
605.292	402.94
605.501	393.94
605.709	419.94
605.918	406.94
606.126	391.94
606.334	395.94
606.543	416.94
606.751	411.94
606.96	408.94
607.168	412.94
607.376	395.94
607.585	411.94
607.793	407.94
608.001	428.94
608.21	431.94
608.418	394.94
608.626	381.94
608.834	420.94
609.043	395.94
609.251	404.94
609.459	389.94
609.667	392.94
609.875	398.94
610.083	403.94
610.291	407.94
610.499	423.94
610.707	402.94
610.916	396.94
611.124	399.94
611.332	403.94
611.54	397.94
611.748	401.94
611.955	388.94
612.163	399.94
612.371	382.94
612.579	396.94
612.787	411.94
612.995	392.94
613.203	393.94
613.411	374.94
613.618	393.94
613.826	383.94
614.034	385.94
614.242	378.94
614.449	385.94
614.657	380.94
614.865	389.94
615.072	385.94
615.28	371.94
615.488	383.94
615.695	367.94
615.903	368.94
616.111	388.94
616.318	394.94
616.526	369.94
616.733	381.94
616.941	380.94
617.148	385.94
617.356	390.94
617.563	397.94
617.771	377.94
617.978	371.94
618.185	364.94
618.393	393.94
618.6	382.94
618.807	372.94
619.015	377.94
619.222	363.94
619.429	369.94
619.637	357.94
619.844	356.94
620.051	359.94
620.258	346.94
620.466	357.94
620.673	345.94
620.88	334.94
621.087	337.94
621.294	339.94
621.501	363.94
621.708	332.94
621.915	332.94
622.122	321.94
622.329	345.94
622.536	322.94
622.743	338.94
622.95	324.94
623.157	328.94
623.364	315.94
623.571	315.94
623.778	324.94
623.985	323.94
624.192	308.94
624.399	341.94
624.606	309.94
624.812	298.94
625.019	314.94
625.226	316.94
625.433	304.94
625.639	308.94
625.846	307.94
626.053	312.94
626.259	325.94
626.466	313.94
626.673	316.94
626.879	289.94
627.086	314.94
627.293	295.94
627.499	308.94
627.706	305.94
627.912	295.94
628.119	301.94
628.325	317.94
628.532	306.94
628.738	296.94
628.945	292.94
629.151	303.94
629.357	281.94
629.564	278.94
629.77	280.94
629.976	289.94
630.183	284.94
630.389	295.94
630.595	299.94
630.802	305.94
631.008	296.94
631.214	286.94
631.42	292.94
631.627	300.94
631.833	274.94
632.039	270.94
632.245	264.94
632.451	258.94
632.657	278.94
632.863	285.94
633.069	285.94
633.275	281.94
633.481	274.94
633.688	279.94
633.893	287.94
634.099	290.94
634.305	279.94
634.511	268.94
634.717	285.94
634.923	298.94
635.129	293.94
635.335	293.94
635.541	305.94
635.747	305.94
635.952	332.94
636.158	368.94
636.364	490.94
636.57	656.94
636.775	483.94
636.981	409.94
637.187	371.94
637.392	337.94
637.598	362.94
637.804	335.94
638.009	293.94
638.215	309.94
638.421	302.94
638.626	308.94
638.832	298.94
639.037	277.94
639.243	269.94
639.448	283.94
639.654	266.94
639.859	249.94
640.065	272.94
640.27	276.94
640.475	256.94
640.681	275.94
640.886	253.94
641.091	260.94
641.297	276.94
641.502	242.94
641.707	242.94
641.913	259.94
642.118	250.94
642.323	235.94
642.528	253.94
642.733	247.94
642.939	235.94
643.144	233.94
643.349	245.94
643.554	244.94
643.759	233.94
643.964	240.94
644.169	246.94
644.374	233.94
644.579	211.94
644.784	216.94
644.989	241.94
645.194	240.94
645.399	259.94
645.604	233.94
645.809	229.94
646.014	231.94
646.219	230.94
646.423	227.94
646.628	231.94
646.833	244.94
647.038	224.94
647.243	247.94
647.447	247.94
647.652	244.94
647.857	242.94
648.062	246.94
648.266	237.94
648.471	227.94
648.676	251.94
648.88	241.94
649.085	241.94
649.289	240.94
649.494	224.94
649.698	259.94
649.903	249.94
650.107	227.94
650.312	234.94
650.516	218.94
650.721	212.94
650.925	220.94
651.13	195.94
651.334	185.94
651.539	215.94
651.743	199.94
651.947	185.94
652.152	188.94
652.356	189.94
652.56	184.94
652.764	170.94
652.969	196.94
653.173	178.94
653.377	191.94
653.581	198.94
653.785	174.94
653.99	193.94
654.194	185.94
654.398	172.94
654.602	161.94
654.806	191.94
655.01	191.94
655.214	183.94
655.418	163.94
655.622	179.94
655.826	171.94
656.03	159.94
656.234	170.94
656.438	174.94
656.642	169.94
656.846	171.94
657.049	153.94
657.253	155.94
657.457	155.94
657.661	142.94
657.865	127.94
658.068	130.94
658.272	137.94
658.476	110.94
658.68	120.94
658.883	129.94
659.087	103.94
659.291	107.94
659.494	117.94
659.698	105.94
659.901	103.94
660.105	99.94
660.309	115.94
660.512	99.94
660.716	110.94
660.919	91.94
661.123	96.94
661.326	78.94
661.53	96.94
661.733	96.94
661.936	94.94
662.14	76.94
662.343	88.94
662.546	83.94
662.75	93.94
662.953	90.94
663.156	81.94
663.36	79.94
663.563	71.94
663.766	80.94
663.969	78.94
664.173	76.94
664.376	70.94
664.579	67.94
664.782	83.94
664.985	75.94
665.188	83.94
665.391	82.94
665.594	73.94
665.797	84.94
666	88.94
666.203	72.94
666.406	77.94
666.609	77.94
666.812	74.94
667.015	79.94
667.218	96.94
667.421	68.94
667.624	78.94
667.827	70.94
668.03	71.94
668.232	73.94
668.435	72.94
668.638	85.94
668.841	78.94
669.043	82.94
669.246	86.94
669.449	71.94
669.651	71.94
669.854	75.94
670.057	68.94
670.259	73.94
670.462	66.94
670.665	71.94
670.867	75.94
671.07	76.94
671.272	90.94
671.475	92.94
671.677	85.94
671.88	87.94
672.082	73.94
672.284	76.94
672.487	82.94
672.689	82.94
672.892	77.94
