223.165	-25.75
223.4	-25.75
223.635	-25.75
223.869	-22.75
224.104	-6.75
224.338	-12.75
224.573	-7.75
224.808	-10.75
225.042	-24.75
225.277	-7.75
225.511	-6.75
225.746	9.25
225.98	17.25
226.215	16.25
226.449	10.25
226.683	6.25
226.918	25.25
227.152	41.25
227.387	35.25
227.621	55.25
227.856	33.25
228.09	49.25
228.324	56.25
228.559	54.25
228.793	66.25
229.027	116.25
229.262	125.25
229.496	142.25
229.73	153.25
229.964	156.25
230.199	150.25
230.433	132.25
230.667	133.25
230.901	141.25
231.136	134.25
231.37	130.25
231.604	158.25
231.838	129.25
232.072	135.25
232.306	152.25
232.541	129.25
232.775	133.25
233.009	145.25
233.243	138.25
233.477	128.25
233.711	142.25
233.945	141.25
234.179	139.25
234.413	155.25
234.647	143.25
234.881	120.25
235.115	145.25
235.349	140.25
235.583	154.25
235.817	153.25
236.051	145.25
236.285	146.25
236.519	147.25
236.753	154.25
236.987	162.25
237.221	214.25
237.455	218.25
237.689	202.25
237.922	180.25
238.156	146.25
238.39	162.25
238.624	155.25
238.858	154.25
239.091	158.25
239.325	148.25
239.559	166.25
239.793	161.25
240.027	176.25
240.26	187.25
240.494	165.25
240.728	176.25
240.961	167.25
241.195	171.25
241.429	179.25
241.662	176.25
241.896	158.25
242.13	177.25
242.363	187.25
242.597	188.25
242.83	188.25
243.064	186.25
243.298	198.25
243.531	194.25
243.765	175.25
243.998	193.25
244.232	189.25
244.465	193.25
244.699	192.25
244.932	184.25
245.166	198.25
245.399	191.25
245.633	199.25
245.866	212.25
246.099	201.25
246.333	191.25
246.566	197.25
246.8	202.25
247.033	229.25
247.266	201.25
247.5	200.25
247.733	203.25
247.966	218.25
248.2	213.25
248.433	217.25
248.666	219.25
248.899	250.25
249.133	241.25
249.366	241.25
249.599	248.25
249.832	269.25
250.066	303.25
250.299	307.25
250.532	409.25
250.765	426.25
250.998	372.25
251.231	345.25
251.465	318.25
251.698	287.25
251.931	288.25
252.164	275.25
252.397	258.25
252.63	248.25
252.863	279.25
253.096	280.25
253.329	289.25
253.562	292.25
253.795	288.25
254.028	275.25
254.261	285.25
254.494	291.25
254.727	310.25
254.96	335.25
255.193	325.25
255.426	341.25
255.659	392.25
255.892	479.25
256.124	634.25
256.357	659.25
256.59	541.25
256.823	424.25
257.056	386.25
257.289	369.25
257.521	328.25
257.754	343.25
257.987	320.25
258.22	321.25
258.452	309.25
258.685	294.25
258.918	307.25
259.151	320.25
259.383	297.25
259.616	283.25
259.849	281.25
260.081	307.25
260.314	309.25
260.547	312.25
260.779	293.25
261.012	298.25
261.244	295.25
261.477	312.25
261.71	288.25
261.942	318.25
262.175	326.25
262.407	318.25
262.64	299.25
262.872	300.25
263.105	282.25
263.337	272.25
263.57	292.25
263.802	271.25
264.035	279.25
264.267	287.25
264.499	275.25
264.732	275.25
264.964	282.25
265.197	278.25
265.429	280.25
265.661	277.25
265.894	286.25
266.126	302.25
266.358	295.25
266.591	282.25
266.823	294.25
267.055	290.25
267.287	297.25
267.52	293.25
267.752	295.25
267.984	302.25
268.216	301.25
268.448	318.25
268.681	301.25
268.913	314.25
269.145	314.25
269.377	313.25
269.609	326.25
269.841	324.25
270.073	314.25
270.306	342.25
270.538	351.25
270.77	324.25
271.002	328.25
271.234	345.25
271.466	347.25
271.698	371.25
271.93	348.25
272.162	356.25
272.394	356.25
272.626	338.25
272.858	347.25
273.09	326.25
273.322	329.25
273.553	337.25
273.785	330.25
274.017	356.25
274.249	341.25
274.481	341.25
274.713	346.25
274.945	337.25
275.176	337.25
275.408	370.25
275.64	369.25
275.872	371.25
276.104	387.25
276.335	361.25
276.567	396.25
276.799	378.25
277.031	408.25
277.262	429.25
277.494	440.25
277.726	421.25
277.957	405.25
278.189	393.25
278.421	386.25
278.652	380.25
278.884	372.25
279.115	368.25
279.347	374.25
279.579	378.25
279.81	384.25
280.042	420.25
280.273	472.25
280.505	441.25
280.736	410.25
280.968	395.25
281.199	401.25
281.431	367.25
281.662	373.25
281.894	375.25
282.125	384.25
282.356	396.25
282.588	401.25
282.819	419.25
283.051	376.25
283.282	364.25
283.513	374.25
283.745	378.25
283.976	358.25
284.207	378.25
284.439	381.25
284.67	367.25
284.901	379.25
285.132	374.25
285.364	381.25
285.595	382.25
285.826	381.25
286.057	377.25
286.288	381.25
286.52	385.25
286.751	378.25
286.982	363.25
287.213	380.25
287.444	409.25
287.675	402.25
287.906	393.25
288.138	374.25
288.369	389.25
288.6	396.25
288.831	394.25
289.062	385.25
289.293	390.25
289.524	383.25
289.755	399.25
289.986	404.25
290.217	388.25
290.448	394.25
290.679	399.25
290.91	379.25
291.141	372.25
291.371	391.25
291.602	380.25
291.833	373.25
292.064	382.25
292.295	391.25
292.526	379.25
292.757	384.25
292.987	374.25
293.218	381.25
293.449	386.25
293.68	375.25
293.91	385.25
294.141	380.25
294.372	374.25
294.603	371.25
294.833	402.25
295.064	402.25
295.295	386.25
295.525	368.25
295.756	399.25
295.987	401.25
296.217	424.25
296.448	452.25
296.679	407.25
296.909	379.25
297.14	416.25
297.37	394.25
297.601	381.25
297.831	396.25
298.062	402.25
298.292	390.25
298.523	407.25
298.753	436.25
298.984	424.25
299.214	410.25
299.445	409.25
299.675	418.25
299.905	424.25
300.136	426.25
300.366	416.25
300.597	417.25
300.827	423.25
301.057	438.25
301.288	455.25
301.518	416.25
301.748	443.25
301.979	443.25
302.209	445.25
302.439	445.25
302.669	450.25
302.9	465.25
303.13	436.25
303.36	435.25
303.59	456.25
303.82	463.25
304.051	477.25
304.281	438.25
304.511	453.25
304.741	453.25
304.971	438.25
305.201	421.25
305.431	424.25
305.661	441.25
305.891	431.25
306.121	445.25
306.352	460.25
306.582	456.25
306.812	444.25
307.042	461.25
307.272	477.25
307.502	490.25
307.731	495.25
307.961	461.25
308.191	457.25
308.421	458.25
308.651	450.25
308.881	461.25
309.111	456.25
309.341	466.25
309.571	453.25
309.8	457.25
310.03	487.25
310.26	477.25
310.49	476.25
310.72	498.25
310.949	493.25
311.179	484.25
311.409	495.25
311.639	460.25
311.868	501.25
312.098	479.25
312.328	501.25
312.557	528.25
312.787	519.25
313.017	521.25
313.246	518.25
313.476	501.25
313.706	500.25
313.935	491.25
314.165	514.25
314.394	529.25
314.624	514.25
314.853	501.25
315.083	494.25
315.312	485.25
315.542	483.25
315.771	498.25
316.001	499.25
316.23	503.25
316.46	464.25
316.689	501.25
316.919	498.25
317.148	515.25
317.377	515.25
317.607	510.25
317.836	506.25
318.065	504.25
318.295	497.25
318.524	493.25
318.753	487.25
318.983	495.25
319.212	505.25
319.441	512.25
319.67	529.25
319.9	525.25
320.129	524.25
320.358	519.25
320.587	541.25
320.816	533.25
321.046	544.25
321.275	554.25
321.504	555.25
321.733	544.25
321.962	529.25
322.191	580.25
322.42	581.25
322.649	607.25
322.878	641.25
323.108	629.25
323.337	650.25
323.566	709.25
323.795	710.25
324.024	785.25
324.253	947.25
324.482	1261.25
324.71	1949.25
324.939	2785.25
325.168	2221.25
325.397	1228.25
325.626	902.25
325.855	788.25
326.084	792.25
326.313	743.25
326.542	778.25
326.77	841.25
326.999	957.25
327.228	1277.25
327.457	1916.25
327.686	2214.25
327.914	1559.25
328.143	1393.25
328.372	1433.25
328.6	1293.25
328.829	1052.25
329.058	992.25
329.287	1028.25
329.515	1024.25
329.744	1118.25
329.972	1367.25
330.201	1775.25
330.43	2159.25
330.658	1851.25
330.887	1278.25
331.115	1063.25
331.344	931.25
331.572	854.25
331.801	853.25
332.03	855.25
332.258	864.25
332.486	838.25
332.715	864.25
332.943	913.25
333.172	949.25
333.4	1028.25
333.629	1093.25
333.857	1251.25
334.085	1499.25
334.314	2038.25
334.542	2705.25
334.771	2856.25
334.999	1884.25
335.227	1306.25
335.455	1041.25
335.684	937.25
335.912	885.25
336.14	830.25
336.369	808.25
336.597	793.25
336.825	774.25
337.053	723.25
337.281	700.25
337.51	731.25
337.738	707.25
337.966	674.25
338.194	665.25
338.422	687.25
338.65	651.25
338.878	639.25
339.106	627.25
339.334	629.25
339.562	645.25
339.79	629.25
340.018	627.25
340.246	637.25
340.474	640.25
340.702	615.25
340.93	595.25
341.158	619.25
341.386	622.25
341.614	616.25
341.842	626.25
342.07	606.25
342.298	587.25
342.526	589.25
342.754	609.25
342.981	584.25
343.209	595.25
343.437	595.25
343.665	656.25
343.893	638.25
344.12	666.25
344.348	646.25
344.576	631.25
344.804	637.25
345.031	622.25
345.259	625.25
345.487	602.25
345.714	613.25
345.942	602.25
346.17	577.25
346.397	577.25
346.625	573.25
346.853	586.25
347.08	576.25
347.308	580.25
347.535	613.25
347.763	607.25
347.99	589.25
348.218	602.25
348.445	608.25
348.673	602.25
348.9	591.25
349.128	591.25
349.355	582.25
349.583	570.25
349.81	561.25
350.037	582.25
350.265	563.25
350.492	567.25
350.72	569.25
350.947	601.25
351.174	578.25
351.402	597.25
351.629	583.25
351.856	586.25
352.083	594.25
352.311	599.25
352.538	609.25
352.765	605.25
352.992	582.25
353.22	600.25
353.447	595.25
353.674	581.25
353.901	557.25
354.128	567.25
354.355	573.25
354.583	568.25
354.81	563.25
355.037	554.25
355.264	537.25
355.491	549.25
355.718	554.25
355.945	541.25
356.172	567.25
356.399	563.25
356.626	575.25
356.853	563.25
357.08	547.25
357.307	551.25
357.534	569.25
357.761	537.25
357.988	534.25
358.215	561.25
358.441	556.25
358.668	549.25
358.895	550.25
359.122	561.25
359.349	587.25
359.576	590.25
359.802	614.25
360.029	606.25
360.256	659.25
360.483	643.25
360.709	581.25
360.936	565.25
361.163	591.25
361.39	619.25
361.616	607.25
361.843	586.25
362.07	592.25
362.296	613.25
362.523	598.25
362.749	612.25
362.976	587.25
363.203	595.25
363.429	563.25
363.656	588.25
363.882	573.25
364.109	593.25
364.335	574.25
364.562	582.25
364.788	578.25
365.015	599.25
365.241	600.25
365.468	602.25
365.694	602.25
365.92	593.25
366.147	575.25
366.373	581.25
366.599	581.25
366.826	602.25
367.052	591.25
367.278	599.25
367.505	581.25
367.731	571.25
367.957	579.25
368.184	583.25
368.41	595.25
368.636	588.25
368.862	617.25
369.089	588.25
369.315	598.25
369.541	587.25
369.767	618.25
369.993	618.25
370.219	588.25
370.445	606.25
370.672	585.25
370.898	611.25
371.124	601.25
371.35	601.25
371.576	603.25
371.802	591.25
372.028	600.25
372.254	603.25
372.48	622.25
372.706	617.25
372.932	639.25
373.158	614.25
373.384	617.25
373.61	618.25
373.835	618.25
374.061	613.25
374.287	630.25
374.513	615.25
374.739	630.25
374.965	639.25
375.191	655.25
375.416	660.25
375.642	633.25
375.868	614.25
376.094	635.25
376.319	621.25
376.545	602.25
376.771	637.25
376.997	637.25
377.222	630.25
377.448	609.25
377.674	617.25
377.899	614.25
378.125	607.25
378.35	611.25
378.576	627.25
378.802	598.25
379.027	589.25
379.253	611.25
379.478	627.25
379.704	618.25
379.929	602.25
380.155	600.25
380.38	613.25
380.606	614.25
380.831	590.25
381.057	600.25
381.282	598.25
381.507	619.25
381.733	609.25
381.958	615.25
382.184	659.25
382.409	633.25
382.634	638.25
382.86	637.25
383.085	637.25
383.31	639.25
383.535	621.25
383.761	677.25
383.986	675.25
384.211	696.25
384.436	684.25
384.662	697.25
384.887	689.25
385.112	671.25
385.337	669.25
385.562	681.25
385.787	702.25
386.013	706.25
386.238	712.25
386.463	701.25
386.688	695.25
386.913	683.25
387.138	709.25
387.363	692.25
387.588	703.25
387.813	685.25
388.038	682.25
388.263	691.25
388.488	695.25
388.713	697.25
388.938	659.25
389.163	695.25
389.387	708.25
389.612	677.25
389.837	676.25
390.062	682.25
390.287	699.25
390.512	685.25
390.736	684.25
390.961	719.25
391.186	696.25
391.411	722.25
391.636	733.25
391.86	767.25
392.085	771.25
392.31	757.25
392.534	742.25
392.759	724.25
392.984	725.25
393.208	729.25
393.433	733.25
393.658	741.25
393.882	742.25
394.107	721.25
394.331	730.25
394.556	751.25
394.78	753.25
395.005	767.25
395.229	747.25
395.454	746.25
395.678	800.25
395.903	819.25
396.127	775.25
396.352	781.25
396.576	751.25
396.801	757.25
397.025	739.25
397.249	735.25
397.474	790.25
397.698	769.25
397.922	787.25
398.147	829.25
398.371	801.25
398.595	836.25
398.82	843.25
399.044	905.25
399.268	972.25
399.492	1074.25
399.717	1167.25
399.941	1197.25
400.165	1097.25
400.389	1047.25
400.613	960.25
400.837	906.25
401.062	877.25
401.286	895.25
401.51	874.25
401.734	868.25
401.958	886.25
402.182	901.25
402.406	934.25
402.63	902.25
402.854	936.25
403.078	956.25
403.302	979.25
403.526	979.25
403.75	995.25
403.974	1001.25
404.198	1018.25
404.422	1032.25
404.645	1078.25
404.869	1075.25
405.093	1156.25
405.317	1201.25
405.541	1221.25
405.765	1097.25
405.988	1060.25
406.212	1071.25
406.436	1077.25
406.66	1109.25
406.883	1064.25
407.107	1105.25
407.331	1153.25
407.555	1221.25
407.778	1173.25
408.002	1139.25
408.226	1098.25
408.449	1054.25
408.673	1058.25
408.896	1065.25
409.12	1083.25
409.344	1090.25
409.567	1040.25
409.791	998.25
410.014	1057.25
410.238	986.25
410.461	967.25
410.685	990.25
410.908	997.25
411.132	992.25
411.355	1016.25
411.578	1026.25
411.802	1001.25
412.025	1029.25
412.249	1041.25
412.472	1128.25
412.695	1248.25
412.919	1189.25
413.142	1116.25
413.365	1078.25
413.589	1069.25
413.812	1015.25
414.035	949.25
414.258	938.25
414.482	962.25
414.705	957.25
414.928	969.25
415.151	941.25
415.374	937.25
415.597	950.25
415.821	919.25
416.044	937.25
416.267	934.25
416.49	921.25
416.713	893.25
416.936	894.25
417.159	923.25
417.382	949.25
417.605	957.25
417.828	979.25
418.051	962.25
418.274	923.25
418.497	941.25
418.72	967.25
418.943	941.25
419.166	1025.25
419.389	1054.25
419.611	1058.25
419.834	1038.25
420.057	1075.25
420.28	1145.25
420.503	1137.25
420.726	1097.25
420.948	1062.25
421.171	1081.25
421.394	1039.25
421.617	1006.25
421.839	984.25
422.062	961.25
422.285	984.25
422.507	1031.25
422.73	1115.25
422.953	1037.25
423.175	997.25
423.398	983.25
423.621	1003.25
423.843	984.25
424.066	993.25
424.288	997.25
424.511	1017.25
424.733	1080.25
424.956	1102.25
425.178	1077.25
425.401	1078.25
425.623	1062.25
425.846	1007.25
426.068	948.25
426.291	936.25
426.513	962.25
426.735	959.25
426.958	993.25
427.18	1035.25
427.402	1171.25
427.625	1301.25
427.847	1250.25
428.069	1259.25
428.292	1098.25
428.514	989.25
428.736	969.25
428.958	956.25
429.181	913.25
429.403	894.25
429.625	916.25
429.847	914.25
430.069	959.25
430.292	950.25
430.514	881.25
430.736	876.25
430.958	857.25
431.18	861.25
431.402	863.25
431.624	845.25
431.846	858.25
432.068	894.25
432.29	898.25
432.512	874.25
432.734	858.25
432.956	863.25
433.178	874.25
433.4	910.25
433.622	877.25
433.844	871.25
434.066	865.25
434.287	863.25
434.509	898.25
434.731	904.25
434.953	953.25
435.175	930.25
435.397	968.25
435.618	936.25
435.84	970.25
436.062	1027.25
436.284	1105.25
436.505	983.25
436.727	955.25
436.949	877.25
437.17	904.25
437.392	890.25
437.614	898.25
437.835	925.25
438.057	1007.25
438.278	1099.25
438.5	1084.25
438.721	1143.25
438.943	1113.25
439.165	941.25
439.386	927.25
439.608	936.25
439.829	917.25
440.05	977.25
440.272	1007.25
440.493	979.25
440.715	929.25
440.936	915.25
441.158	913.25
441.379	937.25
441.6	974.25
441.822	992.25
442.043	1018.25
442.264	1091.25
442.486	1098.25
442.707	1039.25
442.928	981.25
443.149	1018.25
443.371	1015.25
443.592	1036.25
443.813	1188.25
444.034	1164.25
444.255	1083.25
444.476	1025.25
444.698	1060.25
444.919	1070.25
445.14	1176.25
445.361	1096.25
445.582	1047.25
445.803	1086.25
446.024	1154.25
446.245	1170.25
446.466	1081.25
446.687	996.25
446.908	960.25
447.129	922.25
447.35	883.25
447.571	867.25
447.792	843.25
448.013	864.25
448.234	901.25
448.455	953.25
448.675	1043.25
448.896	1129.25
449.117	1006.25
449.338	965.25
449.559	1117.25
449.779	1166.25
450	1002.25
450.221	908.25
450.442	859.25
450.662	856.25
450.883	888.25
451.104	915.25
451.324	911.25
451.545	871.25
451.766	844.25
451.986	850.25
452.207	823.25
452.428	810.25
452.648	836.25
452.869	788.25
453.089	843.25
453.31	833.25
453.53	809.25
453.751	795.25
453.971	783.25
454.192	817.25
454.412	817.25
454.633	783.25
454.853	803.25
455.073	807.25
455.294	810.25
455.514	864.25
455.734	836.25
455.955	758.25
456.175	763.25
456.395	752.25
456.616	791.25
456.836	780.25
457.056	746.25
457.276	717.25
457.497	745.25
457.717	746.25
457.937	780.25
458.157	777.25
458.377	803.25
458.598	830.25
458.818	891.25
459.038	981.25
459.258	992.25
459.478	898.25
459.698	877.25
459.918	884.25
460.138	914.25
460.358	944.25
460.578	967.25
460.798	969.25
461.018	954.25
461.238	944.25
461.458	943.25
461.678	942.25
461.898	946.25
462.118	978.25
462.338	1001.25
462.558	1014.25
462.777	1047.25
462.997	1105.25
463.217	1201.25
463.437	1194.25
463.657	1114.25
463.876	1089.25
464.096	1073.25
464.316	1092.25
464.536	1088.25
464.755	1070.25
464.975	1026.25
465.195	1085.25
465.414	1174.25
465.634	1011.25
465.854	945.25
466.073	917.25
466.293	882.25
466.512	866.25
466.732	851.25
466.951	889.25
467.171	886.25
467.391	886.25
467.61	891.25
467.829	974.25
468.049	1154.25
468.268	1508.25
468.488	1215.25
468.707	1024.25
468.927	947.25
469.146	895.25
469.365	924.25
469.585	913.25
469.804	927.25
470.023	927.25
470.243	905.25
470.462	953.25
470.681	968.25
470.901	963.25
471.12	945.25
471.339	953.25
471.558	949.25
471.777	959.25
471.997	1071.25
472.216	1446.25
472.435	2802.25
472.654	2213.25
472.873	1459.25
473.092	1231.25
473.311	1130.25
473.53	1079.25
473.749	994.25
473.968	1002.25
474.187	1086.25
474.406	1075.25
474.625	975.25
474.844	933.25
475.063	921.25
475.282	936.25
475.501	898.25
475.72	913.25
475.939	901.25
476.158	913.25
476.377	915.25
476.596	950.25
476.814	960.25
477.033	938.25
477.252	957.25
477.471	930.25
477.69	994.25
477.908	1006.25
478.127	1013.25
478.346	1010.25
478.564	1011.25
478.783	1055.25
479.002	1062.25
479.22	1036.25
479.439	1075.25
479.658	1110.25
479.876	1110.25
480.095	1150.25
480.313	1218.25
480.532	1254.25
480.751	1370.25
480.969	1727.25
481.188	3554.25
481.406	4654.25
481.624	2623.25
481.843	1872.25
482.061	1585.25
482.28	1423.25
482.498	1328.25
482.717	1287.25
482.935	1229.25
483.153	1211.25
483.372	1185.25
483.59	1147.25
483.808	1160.25
484.027	1120.25
484.245	1113.25
484.463	1135.25
484.681	1163.25
484.9	1159.25
485.118	1149.25
485.336	1145.25
485.554	1139.25
485.772	1122.25
485.99	1149.25
486.209	1171.25
486.427	1145.25
486.645	1149.25
486.863	1132.25
487.081	1157.25
487.299	1169.25
487.517	1145.25
487.735	1138.25
487.953	1173.25
488.171	1153.25
488.389	1148.25
488.607	1167.25
488.825	1121.25
489.043	1131.25
489.261	1168.25
489.479	1157.25
489.696	1162.25
489.914	1202.25
490.132	1211.25
490.35	1231.25
490.568	1252.25
490.786	1290.25
491.003	1315.25
491.221	1359.25
491.439	1427.25
491.657	1459.25
491.874	1491.25
492.092	1504.25
492.31	1514.25
492.527	1519.25
492.745	1571.25
492.963	1566.25
493.18	1555.25
493.398	1512.25
493.615	1546.25
493.833	1484.25
494.05	1485.25
494.268	1429.25
494.485	1433.25
494.703	1423.25
494.92	1378.25
495.138	1384.25
495.355	1391.25
495.573	1368.25
495.79	1345.25
496.008	1359.25
496.225	1349.25
496.442	1302.25
496.66	1308.25
496.877	1310.25
497.094	1326.25
497.312	1326.25
497.529	1321.25
497.746	1358.25
497.963	1321.25
498.181	1381.25
498.398	1426.25
498.615	1471.25
498.832	1488.25
499.049	1585.25
499.267	1669.25
499.484	1730.25
499.701	1871.25
499.918	1983.25
500.135	2248.25
500.352	2422.25
500.569	2546.25
500.786	2560.25
501.003	2415.25
501.22	2193.25
501.437	1992.25
501.654	1855.25
501.871	1725.25
502.088	1608.25
502.305	1549.25
502.522	1446.25
502.739	1410.25
502.956	1366.25
503.172	1319.25
503.389	1305.25
503.606	1315.25
503.823	1292.25
504.04	1265.25
504.256	1281.25
504.473	1282.25
504.69	1261.25
504.907	1259.25
505.123	1199.25
505.34	1181.25
505.557	1129.25
505.773	1136.25
505.99	1111.25
506.207	1054.25
506.423	1083.25
506.64	1082.25
506.856	1085.25
507.073	1073.25
507.289	1064.25
507.506	1071.25
507.722	1085.25
507.939	1099.25
508.155	1044.25
508.372	1049.25
508.588	1017.25
508.805	1019.25
509.021	1017.25
509.238	1003.25
509.454	1033.25
509.67	1027.25
509.887	1000.25
510.103	1030.25
510.319	1035.25
510.536	1186.25
510.752	2185.25
510.968	1645.25
511.184	1099.25
511.401	1041.25
511.617	1060.25
511.833	1127.25
512.049	1182.25
512.265	1153.25
512.481	1079.25
512.698	1079.25
512.914	1040.25
513.13	1035.25
513.346	1019.25
513.562	994.25
513.778	1016.25
513.994	1015.25
514.21	1030.25
514.426	1082.25
514.642	1117.25
514.858	1150.25
515.074	1234.25
515.29	1426.25
515.506	2071.25
515.721	1654.25
515.937	1226.25
516.153	1129.25
516.369	1089.25
516.585	1079.25
516.801	1091.25
517.016	1081.25
517.232	1161.25
517.448	1156.25
517.664	1172.25
517.879	1165.25
518.095	1167.25
518.311	1157.25
518.527	1143.25
518.742	1110.25
518.958	1089.25
519.173	1055.25
519.389	1055.25
519.605	995.25
519.82	1038.25
520.036	1026.25
520.251	1063.25
520.467	1080.25
520.682	1089.25
520.898	1089.25
521.113	1105.25
521.329	1179.25
521.544	1291.25
521.76	1589.25
521.975	2653.25
522.19	2431.25
522.406	1412.25
522.621	1122.25
522.836	1015.25
523.052	979.25
523.267	945.25
523.482	922.25
523.698	907.25
523.913	935.25
524.128	901.25
524.343	897.25
524.559	888.25
524.774	905.25
524.989	888.25
525.204	879.25
525.419	897.25
525.634	841.25
525.849	855.25
526.064	848.25
526.28	849.25
526.495	848.25
526.71	837.25
526.925	833.25
527.14	851.25
527.355	842.25
527.57	815.25
527.785	837.25
527.999	803.25
528.214	824.25
528.429	857.25
528.644	821.25
528.859	855.25
529.074	845.25
529.289	897.25
529.503	961.25
529.718	941.25
529.933	861.25
530.148	851.25
530.363	843.25
530.577	819.25
530.792	824.25
531.007	819.25
531.221	819.25
531.436	817.25
531.651	833.25
531.865	813.25
532.08	834.25
532.295	790.25
532.509	785.25
532.724	813.25
532.938	817.25
533.153	793.25
533.367	807.25
533.582	818.25
533.796	806.25
534.011	792.25
534.225	776.25
534.44	750.25
534.654	769.25
534.868	799.25
535.083	767.25
535.297	778.25
535.511	761.25
535.726	802.25
535.94	807.25
536.154	757.25
536.369	770.25
536.583	745.25
536.797	749.25
537.011	725.25
537.225	731.25
537.44	728.25
537.654	765.25
537.868	740.25
538.082	745.25
538.296	731.25
538.51	744.25
538.724	752.25
538.938	762.25
539.153	752.25
539.367	769.25
539.581	758.25
539.795	734.25
540.009	742.25
540.222	755.25
540.436	730.25
540.65	721.25
540.864	716.25
541.078	728.25
541.292	756.25
541.506	742.25
541.72	770.25
541.934	742.25
542.147	723.25
542.361	740.25
542.575	723.25
542.789	762.25
543.002	717.25
543.216	714.25
543.43	719.25
543.644	737.25
543.857	719.25
544.071	766.25
544.285	719.25
544.498	740.25
544.712	722.25
544.925	731.25
545.139	769.25
545.352	756.25
545.566	747.25
545.779	744.25
545.993	729.25
546.206	757.25
546.42	736.25
546.633	757.25
546.847	716.25
547.06	717.25
547.274	715.25
547.487	724.25
547.7	751.25
547.914	738.25
548.127	736.25
548.34	719.25
548.554	736.25
548.767	735.25
548.98	731.25
549.193	762.25
549.407	724.25
549.62	744.25
549.833	738.25
550.046	718.25
550.259	725.25
550.473	709.25
550.686	717.25
550.899	714.25
551.112	708.25
551.325	687.25
551.538	715.25
551.751	694.25
551.964	678.25
552.177	694.25
552.39	705.25
552.603	709.25
552.816	744.25
553.029	750.25
553.242	745.25
553.455	779.25
553.667	800.25
553.88	779.25
554.093	743.25
554.306	752.25
554.519	741.25
554.732	714.25
554.944	738.25
555.157	685.25
555.37	687.25
555.583	686.25
555.795	687.25
556.008	663.25
556.221	632.25
556.433	657.25
556.646	659.25
556.859	642.25
557.071	633.25
557.284	633.25
557.496	650.25
557.709	641.25
557.921	627.25
558.134	646.25
558.346	630.25
558.559	619.25
558.771	630.25
558.984	623.25
559.196	629.25
559.409	600.25
559.621	630.25
559.833	603.25
560.046	616.25
560.258	625.25
560.47	629.25
560.683	632.25
560.895	608.25
561.107	594.25
561.32	609.25
561.532	604.25
561.744	625.25
561.956	576.25
562.168	618.25
562.381	603.25
562.593	603.25
562.805	613.25
563.017	585.25
563.229	583.25
563.441	597.25
563.653	613.25
563.865	596.25
564.077	609.25
564.289	610.25
564.501	606.25
564.713	626.25
564.925	618.25
565.137	616.25
565.349	646.25
565.561	645.25
565.773	649.25
565.985	701.25
566.197	730.25
566.408	747.25
566.62	770.25
566.832	830.25
567.044	814.25
567.255	831.25
567.467	834.25
567.679	877.25
567.891	921.25
568.102	920.25
568.314	889.25
568.526	810.25
568.737	756.25
568.949	706.25
569.161	677.25
569.372	639.25
569.584	625.25
569.795	618.25
570.007	583.25
570.218	621.25
570.43	623.25
570.641	572.25
570.853	598.25
571.064	578.25
571.276	574.25
571.487	571.25
571.698	530.25
571.91	540.25
572.121	540.25
572.333	510.25
572.544	517.25
572.755	502.25
572.966	509.25
573.178	511.25
573.389	485.25
573.6	497.25
573.811	486.25
574.023	501.25
574.234	480.25
574.445	495.25
574.656	475.25
574.867	486.25
575.078	501.25
575.289	467.25
575.501	514.25
575.712	469.25
575.923	461.25
576.134	463.25
576.345	459.25
576.556	482.25
576.767	456.25
576.978	484.25
577.188	441.25
577.399	457.25
577.61	469.25
577.821	442.25
578.032	456.25
578.243	522.25
578.454	807.25
578.665	594.25
578.875	473.25
579.086	443.25
579.297	438.25
579.508	441.25
579.718	436.25
579.929	436.25
580.14	430.25
580.35	427.25
580.561	447.25
580.772	412.25
580.982	431.25
581.193	426.25
581.403	413.25
581.614	420.25
581.825	418.25
582.035	419.25
582.246	408.25
582.456	413.25
582.667	415.25
582.877	415.25
583.087	417.25
583.298	417.25
583.508	417.25
583.719	411.25
583.929	397.25
584.139	406.25
584.35	399.25
584.56	403.25
584.77	403.25
584.981	407.25
585.191	410.25
585.401	399.25
585.611	407.25
585.821	410.25
586.032	416.25
586.242	406.25
586.452	413.25
586.662	389.25
586.872	381.25
587.082	391.25
587.292	401.25
587.502	396.25
587.713	392.25
587.923	377.25
588.133	387.25
588.343	383.25
588.553	384.25
588.762	389.25
588.972	390.25
589.182	394.25
589.392	389.25
589.602	409.25
589.812	398.25
590.022	407.25
590.232	388.25
590.441	394.25
590.651	393.25
590.861	387.25
591.071	388.25
591.281	403.25
591.49	388.25
591.7	405.25
591.91	393.25
592.119	413.25
592.329	434.25
592.539	433.25
592.748	451.25
592.958	426.25
593.167	469.25
593.377	442.25
593.587	457.25
593.796	457.25
594.006	455.25
594.215	482.25
594.424	469.25
594.634	445.25
594.843	441.25
595.053	413.25
595.262	417.25
595.472	402.25
595.681	414.25
595.89	402.25
596.1	371.25
596.309	377.25
596.518	384.25
596.727	363.25
596.937	373.25
597.146	365.25
597.355	382.25
597.564	374.25
597.774	349.25
597.983	349.25
598.192	366.25
598.401	360.25
598.61	369.25
598.819	354.25
599.028	368.25
599.237	335.25
599.446	342.25
599.655	350.25
599.864	351.25
600.073	327.25
600.282	338.25
600.491	342.25
600.7	333.25
600.909	352.25
601.118	349.25
601.327	348.25
601.536	339.25
601.745	345.25
601.953	334.25
602.162	347.25
602.371	353.25
602.58	340.25
602.789	343.25
602.997	347.25
603.206	334.25
603.415	337.25
603.623	362.25
603.832	351.25
604.041	305.25
604.249	346.25
604.458	332.25
604.666	342.25
604.875	335.25
605.084	322.25
605.292	325.25
605.501	341.25
605.709	347.25
605.918	345.25
606.126	342.25
606.334	339.25
606.543	328.25
606.751	328.25
606.96	330.25
607.168	343.25
607.376	327.25
607.585	329.25
607.793	320.25
608.001	317.25
608.21	339.25
608.418	337.25
608.626	342.25
608.834	332.25
609.043	330.25
609.251	334.25
609.459	342.25
609.667	346.25
609.875	338.25
610.083	312.25
610.291	325.25
610.499	338.25
610.707	333.25
610.916	335.25
611.124	336.25
611.332	350.25
611.54	350.25
611.748	334.25
611.955	314.25
612.163	349.25
612.371	345.25
612.579	342.25
612.787	317.25
612.995	326.25
613.203	330.25
613.411	304.25
613.618	320.25
613.826	327.25
614.034	321.25
614.242	314.25
614.449	316.25
614.657	317.25
614.865	324.25
615.072	312.25
615.28	300.25
615.488	300.25
615.695	297.25
615.903	307.25
616.111	310.25
616.318	313.25
616.526	305.25
616.733	320.25
616.941	315.25
617.148	299.25
617.356	305.25
617.563	302.25
617.771	308.25
617.978	306.25
618.185	306.25
618.393	301.25
618.6	311.25
618.807	293.25
619.015	292.25
619.222	303.25
619.429	314.25
619.637	288.25
619.844	303.25
620.051	281.25
620.258	301.25
620.466	275.25
620.673	290.25
620.88	259.25
621.087	282.25
621.294	293.25
621.501	283.25
621.708	288.25
621.915	291.25
622.122	294.25
622.329	275.25
622.536	291.25
622.743	278.25
622.95	277.25
623.157	285.25
623.364	274.25
623.571	277.25
623.778	297.25
623.985	277.25
624.192	280.25
624.399	283.25
624.606	288.25
624.812	266.25
625.019	272.25
625.226	278.25
625.433	259.25
625.639	260.25
625.846	257.25
626.053	249.25
626.259	251.25
626.466	252.25
626.673	266.25
626.879	241.25
627.086	254.25
627.293	242.25
627.499	266.25
627.706	263.25
627.912	269.25
628.119	272.25
628.325	270.25
628.532	245.25
628.738	257.25
628.945	259.25
629.151	269.25
629.357	237.25
629.564	261.25
629.77	263.25
629.976	241.25
630.183	231.25
630.389	232.25
630.595	250.25
630.802	253.25
631.008	252.25
631.214	246.25
631.42	231.25
631.627	242.25
631.833	211.25
632.039	230.25
632.245	237.25
632.451	250.25
632.657	239.25
632.863	240.25
633.069	240.25
633.275	224.25
633.481	208.25
633.688	229.25
633.893	219.25
634.099	238.25
634.305	257.25
634.511	230.25
634.717	249.25
634.923	237.25
635.129	241.25
635.335	234.25
635.541	237.25
635.747	256.25
635.952	279.25
636.158	291.25
636.364	349.25
636.57	410.25
636.775	340.25
636.981	294.25
637.187	288.25
637.392	262.25
637.598	267.25
637.804	255.25
638.009	248.25
638.215	254.25
638.421	245.25
638.626	243.25
638.832	260.25
639.037	237.25
639.243	218.25
639.448	219.25
639.654	218.25
639.859	215.25
640.065	210.25
640.27	217.25
640.475	197.25
640.681	216.25
640.886	209.25
641.091	222.25
641.297	247.25
641.502	200.25
641.707	216.25
641.913	193.25
642.118	205.25
642.323	210.25
642.528	208.25
642.733	211.25
642.939	209.25
643.144	206.25
643.349	207.25
643.554	214.25
643.759	205.25
643.964	209.25
644.169	210.25
644.374	200.25
644.579	200.25
644.784	216.25
644.989	210.25
645.194	202.25
645.399	194.25
645.604	203.25
645.809	218.25
646.014	199.25
646.219	197.25
646.423	200.25
646.628	218.25
646.833	209.25
647.038	227.25
647.243	192.25
647.447	198.25
647.652	201.25
647.857	198.25
648.062	223.25
648.266	199.25
648.471	208.25
648.676	186.25
648.88	209.25
649.085	206.25
649.289	192.25
649.494	216.25
649.698	242.25
649.903	214.25
650.107	202.25
650.312	202.25
650.516	203.25
650.721	184.25
650.925	188.25
651.13	190.25
651.334	196.25
651.539	184.25
651.743	180.25
651.947	169.25
652.152	177.25
652.356	187.25
652.56	171.25
652.764	170.25
652.969	181.25
653.173	179.25
653.377	162.25
653.581	162.25
653.785	175.25
653.99	163.25
654.194	166.25
654.398	154.25
654.602	169.25
654.806	165.25
655.01	175.25
655.214	159.25
655.418	149.25
655.622	139.25
655.826	157.25
656.03	151.25
656.234	160.25
656.438	160.25
656.642	152.25
656.846	160.25
657.049	146.25
657.253	131.25
657.457	137.25
657.661	147.25
657.865	137.25
658.068	130.25
658.272	115.25
658.476	119.25
658.68	110.25
658.883	121.25
659.087	106.25
659.291	114.25
659.494	117.25
659.698	128.25
659.901	105.25
660.105	114.25
660.309	97.25
660.512	102.25
660.716	84.25
660.919	109.25
661.123	97.25
661.326	93.25
661.53	90.25
661.733	109.25
661.936	96.25
662.14	91.25
662.343	94.25
662.546	93.25
662.75	83.25
662.953	94.25
663.156	85.25
663.36	82.25
663.563	86.25
663.766	93.25
663.969	88.25
664.173	86.25
664.376	70.25
664.579	87.25
664.782	89.25
664.985	95.25
665.188	72.25
665.391	91.25
665.594	99.25
665.797	82.25
666	83.25
666.203	86.25
666.406	77.25
666.609	80.25
666.812	97.25
667.015	83.25
667.218	88.25
667.421	81.25
667.624	83.25
667.827	96.25
668.03	91.25
668.232	83.25
668.435	88.25
668.638	89.25
668.841	91.25
669.043	92.25
669.246	88.25
669.449	98.25
669.651	91.25
669.854	81.25
670.057	98.25
670.259	89.25
670.462	84.25
670.665	89.25
670.867	78.25
671.07	74.25
671.272	89.25
671.475	77.25
671.677	78.25
671.88	81.25
672.082	75.25
672.284	93.25
672.487	90.25
672.689	73.25
672.892	83.25
