223.165	-14.56
223.4	-14.56
223.635	-14.56
223.869	-16.56
224.104	-17.56
224.338	-6.56
224.573	-14.56
224.808	-9.56
225.042	-7.56
225.277	-1.56
225.511	-5.56
225.746	1.44
225.98	0.44
226.215	10.44
226.449	14.44
226.683	4.44
226.918	29.44
227.152	33.44
227.387	33.44
227.621	48.44
227.856	38.44
228.09	30.44
228.324	43.44
228.559	38.44
228.793	65.44
229.027	119.44
229.262	119.44
229.496	118.44
229.73	145.44
229.964	165.44
230.199	132.44
230.433	136.44
230.667	140.44
230.901	119.44
231.136	138.44
231.37	132.44
231.604	136.44
231.838	140.44
232.072	133.44
232.306	126.44
232.541	141.44
232.775	124.44
233.009	118.44
233.243	136.44
233.477	141.44
233.711	130.44
233.945	132.44
234.179	137.44
234.413	137.44
234.647	131.44
234.881	150.44
235.115	150.44
235.349	154.44
235.583	145.44
235.817	148.44
236.051	144.44
236.285	137.44
236.519	157.44
236.753	167.44
236.987	157.44
237.221	190.44
237.455	223.44
237.689	199.44
237.922	158.44
238.156	155.44
238.39	160.44
238.624	158.44
238.858	154.44
239.091	140.44
239.325	143.44
239.559	156.44
239.793	169.44
240.027	172.44
240.26	170.44
240.494	181.44
240.728	165.44
240.961	151.44
241.195	166.44
241.429	156.44
241.662	171.44
241.896	174.44
242.13	181.44
242.363	179.44
242.597	158.44
242.83	178.44
243.064	174.44
243.298	186.44
243.531	184.44
243.765	172.44
243.998	190.44
244.232	172.44
244.465	183.44
244.699	186.44
244.932	193.44
245.166	203.44
245.399	203.44
245.633	198.44
245.866	201.44
246.099	212.44
246.333	200.44
246.566	189.44
246.8	189.44
247.033	203.44
247.266	207.44
247.5	209.44
247.733	229.44
247.966	216.44
248.2	220.44
248.433	231.44
248.666	234.44
248.899	238.44
249.133	253.44
249.366	264.44
249.599	266.44
249.832	250.44
250.066	277.44
250.299	302.44
250.532	402.44
250.765	406.44
250.998	372.44
251.231	358.44
251.465	280.44
251.698	299.44
251.931	294.44
252.164	270.44
252.397	268.44
252.63	292.44
252.863	285.44
253.096	272.44
253.329	273.44
253.562	283.44
253.795	270.44
254.028	270.44
254.261	284.44
254.494	292.44
254.727	295.44
254.96	304.44
255.193	338.44
255.426	327.44
255.659	364.44
255.892	460.44
256.124	630.44
256.357	690.44
256.59	519.44
256.823	458.44
257.056	377.44
257.289	355.44
257.521	341.44
257.754	321.44
257.987	304.44
258.22	314.44
258.452	295.44
258.685	303.44
258.918	309.44
259.151	300.44
259.383	291.44
259.616	293.44
259.849	304.44
260.081	304.44
260.314	301.44
260.547	315.44
260.779	304.44
261.012	293.44
261.244	304.44
261.477	290.44
261.71	294.44
261.942	299.44
262.175	305.44
262.407	295.44
262.64	293.44
262.872	303.44
263.105	294.44
263.337	286.44
263.57	299.44
263.802	259.44
264.035	292.44
264.267	283.44
264.499	287.44
264.732	283.44
264.964	285.44
265.197	285.44
265.429	288.44
265.661	274.44
265.894	287.44
266.126	295.44
266.358	304.44
266.591	296.44
266.823	286.44
267.055	317.44
267.287	316.44
267.52	295.44
267.752	303.44
267.984	286.44
268.216	288.44
268.448	298.44
268.681	298.44
268.913	302.44
269.145	315.44
269.377	326.44
269.609	312.44
269.841	325.44
270.073	334.44
270.306	323.44
270.538	353.44
270.77	338.44
271.002	347.44
271.234	342.44
271.466	354.44
271.698	353.44
271.93	343.44
272.162	371.44
272.394	350.44
272.626	331.44
272.858	335.44
273.09	339.44
273.322	320.44
273.553	324.44
273.785	324.44
274.017	322.44
274.249	308.44
274.481	333.44
274.713	331.44
274.945	330.44
275.176	351.44
275.408	357.44
275.64	339.44
275.872	354.44
276.104	379.44
276.335	350.44
276.567	378.44
276.799	390.44
277.031	434.44
277.262	427.44
277.494	441.44
277.726	421.44
277.957	388.44
278.189	378.44
278.421	371.44
278.652	382.44
278.884	363.44
279.115	380.44
279.347	366.44
279.579	378.44
279.81	380.44
280.042	421.44
280.273	432.44
280.505	447.44
280.736	424.44
280.968	381.44
281.199	390.44
281.431	370.44
281.662	369.44
281.894	372.44
282.125	352.44
282.356	386.44
282.588	397.44
282.819	398.44
283.051	376.44
283.282	391.44
283.513	369.44
283.745	362.44
283.976	362.44
284.207	367.44
284.439	370.44
284.67	359.44
284.901	366.44
285.132	370.44
285.364	357.44
285.595	355.44
285.826	379.44
286.057	379.44
286.288	358.44
286.52	378.44
286.751	374.44
286.982	374.44
287.213	378.44
287.444	390.44
287.675	380.44
287.906	376.44
288.138	381.44
288.369	380.44
288.6	389.44
288.831	379.44
289.062	378.44
289.293	390.44
289.524	394.44
289.755	410.44
289.986	373.44
290.217	384.44
290.448	378.44
290.679	387.44
290.91	399.44
291.141	397.44
291.371	383.44
291.602	394.44
291.833	397.44
292.064	389.44
292.295	366.44
292.526	377.44
292.757	389.44
292.987	380.44
293.218	383.44
293.449	398.44
293.68	376.44
293.91	365.44
294.141	388.44
294.372	371.44
294.603	378.44
294.833	382.44
295.064	382.44
295.295	389.44
295.525	402.44
295.756	379.44
295.987	396.44
296.217	410.44
296.448	430.44
296.679	395.44
296.909	381.44
297.14	388.44
297.37	398.44
297.601	393.44
297.831	405.44
298.062	422.44
298.292	402.44
298.523	423.44
298.753	406.44
298.984	423.44
299.214	404.44
299.445	415.44
299.675	418.44
299.905	430.44
300.136	415.44
300.366	413.44
300.597	416.44
300.827	427.44
301.057	444.44
301.288	432.44
301.518	446.44
301.748	434.44
301.979	424.44
302.209	426.44
302.439	450.44
302.669	459.44
302.9	446.44
303.13	412.44
303.36	422.44
303.59	454.44
303.82	459.44
304.051	465.44
304.281	453.44
304.511	429.44
304.741	426.44
304.971	430.44
305.201	417.44
305.431	443.44
305.661	453.44
305.891	418.44
306.121	407.44
306.352	438.44
306.582	442.44
306.812	433.44
307.042	443.44
307.272	479.44
307.502	486.44
307.731	476.44
307.961	452.44
308.191	457.44
308.421	442.44
308.651	432.44
308.881	430.44
309.111	435.44
309.341	440.44
309.571	439.44
309.8	467.44
310.03	467.44
310.26	461.44
310.49	469.44
310.72	469.44
310.949	491.44
311.179	512.44
311.409	487.44
311.639	477.44
311.868	479.44
312.098	476.44
312.328	483.44
312.557	520.44
312.787	511.44
313.017	535.44
313.246	522.44
313.476	490.44
313.706	488.44
313.935	495.44
314.165	524.44
314.394	523.44
314.624	511.44
314.853	520.44
315.083	481.44
315.312	496.44
315.542	490.44
315.771	499.44
316.001	475.44
316.23	466.44
316.46	465.44
316.689	491.44
316.919	506.44
317.148	520.44
317.377	533.44
317.607	514.44
317.836	485.44
318.065	498.44
318.295	490.44
318.524	485.44
318.753	482.44
318.983	492.44
319.212	498.44
319.441	520.44
319.67	537.44
319.9	500.44
320.129	521.44
320.358	501.44
320.587	523.44
320.816	544.44
321.046	552.44
321.275	535.44
321.504	534.44
321.733	549.44
321.962	537.44
322.191	561.44
322.42	584.44
322.649	592.44
322.878	601.44
323.108	615.44
323.337	655.44
323.566	678.44
323.795	720.44
324.024	796.44
324.253	941.44
324.482	1310.44
324.71	1984.44
324.939	2822.44
325.168	2254.44
325.397	1224.44
325.626	895.44
325.855	826.44
326.084	782.44
326.313	767.44
326.542	804.44
326.77	834.44
326.999	952.44
327.228	1293.44
327.457	1932.44
327.686	2268.44
327.914	1590.44
328.143	1354.44
328.372	1425.44
328.6	1255.44
328.829	1018.44
329.058	979.44
329.287	994.44
329.515	1011.44
329.744	1089.44
329.972	1359.44
330.201	1814.44
330.43	2190.44
330.658	1823.44
330.887	1302.44
331.115	1055.44
331.344	922.44
331.572	855.44
331.801	885.44
332.03	835.44
332.258	833.44
332.486	848.44
332.715	876.44
332.943	880.44
333.172	929.44
333.4	965.44
333.629	1048.44
333.857	1207.44
334.085	1472.44
334.314	2039.44
334.542	2688.44
334.771	2869.44
334.999	1827.44
335.227	1224.44
335.455	1028.44
335.684	931.44
335.912	847.44
336.14	819.44
336.369	777.44
336.597	790.44
336.825	745.44
337.053	735.44
337.281	735.44
337.51	726.44
337.738	694.44
337.966	678.44
338.194	663.44
338.422	670.44
338.65	634.44
338.878	631.44
339.106	629.44
339.334	635.44
339.562	613.44
339.79	612.44
340.018	616.44
340.246	629.44
340.474	614.44
340.702	606.44
340.93	618.44
341.158	612.44
341.386	586.44
341.614	590.44
341.842	613.44
342.07	571.44
342.298	568.44
342.526	571.44
342.754	586.44
342.981	587.44
343.209	597.44
343.437	614.44
343.665	621.44
343.893	631.44
344.12	642.44
344.348	628.44
344.576	624.44
344.804	614.44
345.031	604.44
345.259	615.44
345.487	621.44
345.714	610.44
345.942	576.44
346.17	580.44
346.397	564.44
346.625	560.44
346.853	582.44
347.08	566.44
347.308	588.44
347.535	596.44
347.763	610.44
347.99	601.44
348.218	606.44
348.445	628.44
348.673	606.44
348.9	604.44
349.128	560.44
349.355	559.44
349.583	572.44
349.81	583.44
350.037	563.44
350.265	594.44
350.492	546.44
350.72	563.44
350.947	579.44
351.174	594.44
351.402	597.44
351.629	567.44
351.856	571.44
352.083	605.44
352.311	592.44
352.538	586.44
352.765	583.44
352.992	567.44
353.22	592.44
353.447	579.44
353.674	559.44
353.901	567.44
354.128	565.44
354.355	566.44
354.583	550.44
354.81	546.44
355.037	542.44
355.264	551.44
355.491	562.44
355.718	561.44
355.945	535.44
356.172	550.44
356.399	574.44
356.626	562.44
356.853	543.44
357.08	568.44
357.307	563.44
357.534	544.44
357.761	544.44
357.988	562.44
358.215	578.44
358.441	541.44
358.668	572.44
358.895	566.44
359.122	562.44
359.349	575.44
359.576	576.44
359.802	611.44
360.029	631.44
360.256	652.44
360.483	621.44
360.709	583.44
360.936	580.44
361.163	607.44
361.39	610.44
361.616	583.44
361.843	594.44
362.07	593.44
362.296	592.44
362.523	581.44
362.749	601.44
362.976	575.44
363.203	599.44
363.429	590.44
363.656	573.44
363.882	589.44
364.109	586.44
364.335	572.44
364.562	582.44
364.788	571.44
365.015	569.44
365.241	571.44
365.468	577.44
365.694	590.44
365.92	590.44
366.147	603.44
366.373	572.44
366.599	608.44
366.826	570.44
367.052	581.44
367.278	590.44
367.505	597.44
367.731	582.44
367.957	593.44
368.184	598.44
368.41	587.44
368.636	592.44
368.862	594.44
369.089	585.44
369.315	583.44
369.541	591.44
369.767	621.44
369.993	611.44
370.219	605.44
370.445	585.44
370.672	600.44
370.898	622.44
371.124	598.44
371.35	605.44
371.576	603.44
371.802	597.44
372.028	600.44
372.254	592.44
372.48	593.44
372.706	604.44
372.932	637.44
373.158	607.44
373.384	636.44
373.61	638.44
373.835	604.44
374.061	590.44
374.287	621.44
374.513	624.44
374.739	646.44
374.965	622.44
375.191	646.44
375.416	667.44
375.642	619.44
375.868	622.44
376.094	618.44
376.319	611.44
376.545	611.44
376.771	590.44
376.997	591.44
377.222	630.44
377.448	609.44
377.674	592.44
377.899	594.44
378.125	582.44
378.35	594.44
378.576	620.44
378.802	589.44
379.027	610.44
379.253	611.44
379.478	595.44
379.704	606.44
379.929	593.44
380.155	593.44
380.38	634.44
380.606	584.44
380.831	613.44
381.057	611.44
381.282	611.44
381.507	605.44
381.733	618.44
381.958	629.44
382.184	633.44
382.409	624.44
382.634	621.44
382.86	629.44
383.085	648.44
383.31	646.44
383.535	647.44
383.761	645.44
383.986	660.44
384.211	684.44
384.436	656.44
384.662	658.44
384.887	706.44
385.112	662.44
385.337	710.44
385.562	691.44
385.787	686.44
386.013	719.44
386.238	717.44
386.463	699.44
386.688	707.44
386.913	674.44
387.138	704.44
387.363	696.44
387.588	686.44
387.813	691.44
388.038	710.44
388.263	690.44
388.488	697.44
388.713	711.44
388.938	666.44
389.163	654.44
389.387	668.44
389.612	679.44
389.837	687.44
390.062	682.44
390.287	686.44
390.512	685.44
390.736	689.44
390.961	696.44
391.186	717.44
391.411	719.44
391.636	723.44
391.86	744.44
392.085	773.44
392.31	750.44
392.534	752.44
392.759	755.44
392.984	732.44
393.208	732.44
393.433	733.44
393.658	762.44
393.882	719.44
394.107	736.44
394.331	710.44
394.556	753.44
394.78	752.44
395.005	737.44
395.229	746.44
395.454	773.44
395.678	776.44
395.903	768.44
396.127	759.44
396.352	786.44
396.576	751.44
396.801	731.44
397.025	757.44
397.249	783.44
397.474	790.44
397.698	767.44
397.922	794.44
398.147	806.44
398.371	810.44
398.595	816.44
398.82	839.44
399.044	875.44
399.268	973.44
399.492	1074.44
399.717	1142.44
399.941	1169.44
400.165	1076.44
400.389	1042.44
400.613	922.44
400.837	912.44
401.062	882.44
401.286	846.44
401.51	874.44
401.734	880.44
401.958	878.44
402.182	900.44
402.406	913.44
402.63	915.44
402.854	913.44
403.078	917.44
403.302	940.44
403.526	998.44
403.75	980.44
403.974	1021.44
404.198	1015.44
404.422	1022.44
404.645	1050.44
404.869	1059.44
405.093	1147.44
405.317	1189.44
405.541	1241.44
405.765	1147.44
405.988	1088.44
406.212	1046.44
406.436	1092.44
406.66	1090.44
406.883	1022.44
407.107	1076.44
407.331	1144.44
407.555	1219.44
407.778	1188.44
408.002	1116.44
408.226	1081.44
408.449	1059.44
408.673	1068.44
408.896	1041.44
409.12	1068.44
409.344	1058.44
409.567	1018.44
409.791	997.44
410.014	992.44
410.238	976.44
410.461	999.44
410.685	994.44
410.908	998.44
411.132	1006.44
411.355	1028.44
411.578	1005.44
411.802	972.44
412.025	988.44
412.249	1076.44
412.472	1148.44
412.695	1220.44
412.919	1185.44
413.142	1128.44
413.365	1070.44
413.589	1053.44
413.812	983.44
414.035	974.44
414.258	962.44
414.482	958.44
414.705	947.44
414.928	945.44
415.151	947.44
415.374	919.44
415.597	951.44
415.821	909.44
416.044	908.44
416.267	898.44
416.49	899.44
416.713	887.44
416.936	921.44
417.159	902.44
417.382	927.44
417.605	963.44
417.828	1004.44
418.051	986.44
418.274	934.44
418.497	941.44
418.72	955.44
418.943	957.44
419.166	998.44
419.389	1046.44
419.611	1060.44
419.834	1071.44
420.057	1060.44
420.28	1127.44
420.503	1156.44
420.726	1083.44
420.948	1064.44
421.171	1037.44
421.394	1057.44
421.617	1000.44
421.839	978.44
422.062	990.44
422.285	985.44
422.507	1058.44
422.73	1072.44
422.953	1029.44
423.175	992.44
423.398	983.44
423.621	994.44
423.843	998.44
424.066	1010.44
424.288	995.44
424.511	1021.44
424.733	1070.44
424.956	1084.44
425.178	1075.44
425.401	1051.44
425.623	1077.44
425.846	986.44
426.068	926.44
426.291	939.44
426.513	954.44
426.735	967.44
426.958	969.44
427.18	1061.44
427.402	1168.44
427.625	1308.44
427.847	1294.44
428.069	1231.44
428.292	1124.44
428.514	1001.44
428.736	938.44
428.958	919.44
429.181	913.44
429.403	886.44
429.625	900.44
429.847	943.44
430.069	967.44
430.292	967.44
430.514	860.44
430.736	889.44
430.958	872.44
431.18	869.44
431.402	852.44
431.624	838.44
431.846	851.44
432.068	840.44
432.29	863.44
432.512	862.44
432.734	863.44
432.956	867.44
433.178	894.44
433.4	892.44
433.622	875.44
433.844	880.44
434.066	876.44
434.287	879.44
434.509	880.44
434.731	900.44
434.953	918.44
435.175	969.44
435.397	967.44
435.618	922.44
435.84	957.44
436.062	1019.44
436.284	1126.44
436.505	1001.44
436.727	940.44
436.949	919.44
437.17	853.44
437.392	904.44
437.614	901.44
437.835	903.44
438.057	993.44
438.278	1108.44
438.5	1079.44
438.721	1185.44
438.943	1146.44
439.165	972.44
439.386	957.44
439.608	925.44
439.829	951.44
440.05	994.44
440.272	1035.44
440.493	971.44
440.715	979.44
440.936	928.44
441.158	919.44
441.379	904.44
441.6	994.44
441.822	991.44
442.043	1044.44
442.264	1080.44
442.486	1084.44
442.707	1018.44
442.928	972.44
443.149	1014.44
443.371	1027.44
443.592	1069.44
443.813	1170.44
444.034	1211.44
444.255	1084.44
444.476	1036.44
444.698	1059.44
444.919	1095.44
445.14	1119.44
445.361	1074.44
445.582	1030.44
445.803	1074.44
446.024	1179.44
446.245	1178.44
446.466	1028.44
446.687	965.44
446.908	923.44
447.129	900.44
447.35	889.44
447.571	892.44
447.792	858.44
448.013	888.44
448.234	898.44
448.455	950.44
448.675	1039.44
448.896	1151.44
449.117	997.44
449.338	973.44
449.559	1103.44
449.779	1188.44
450	971.44
450.221	899.44
450.442	871.44
450.662	851.44
450.883	884.44
451.104	888.44
451.324	893.44
451.545	873.44
451.766	838.44
451.986	815.44
452.207	824.44
452.428	820.44
452.648	808.44
452.869	824.44
453.089	795.44
453.31	841.44
453.53	810.44
453.751	799.44
453.971	806.44
454.192	831.44
454.412	818.44
454.633	800.44
454.853	797.44
455.073	785.44
455.294	806.44
455.514	861.44
455.734	833.44
455.955	766.44
456.175	752.44
456.395	752.44
456.616	746.44
456.836	748.44
457.056	737.44
457.276	743.44
457.497	744.44
457.717	788.44
457.937	768.44
458.157	772.44
458.377	797.44
458.598	812.44
458.818	903.44
459.038	1002.44
459.258	938.44
459.478	901.44
459.698	872.44
459.918	865.44
460.138	945.44
460.358	945.44
460.578	919.44
460.798	931.44
461.018	945.44
461.238	934.44
461.458	955.44
461.678	914.44
461.898	940.44
462.118	938.44
462.338	991.44
462.558	1004.44
462.777	1022.44
462.997	1106.44
463.217	1160.44
463.437	1135.44
463.657	1095.44
463.876	1055.44
464.096	1054.44
464.316	1069.44
464.536	1095.44
464.755	1071.44
464.975	1023.44
465.195	1068.44
465.414	1147.44
465.634	999.44
465.854	932.44
466.073	917.44
466.293	884.44
466.512	855.44
466.732	869.44
466.951	858.44
467.171	863.44
467.391	887.44
467.61	930.44
467.829	991.44
468.049	1110.44
468.268	1530.44
468.488	1216.44
468.707	999.44
468.927	951.44
469.146	915.44
469.365	917.44
469.585	885.44
469.804	898.44
470.023	918.44
470.243	928.44
470.462	944.44
470.681	962.44
470.901	976.44
471.12	938.44
471.339	944.44
471.558	916.44
471.777	974.44
471.997	1042.44
472.216	1490.44
472.435	2700.44
472.654	2190.44
472.873	1437.44
473.092	1192.44
473.311	1064.44
473.53	1012.44
473.749	1001.44
473.968	992.44
474.187	1096.44
474.406	1042.44
474.625	950.44
474.844	933.44
475.063	906.44
475.282	884.44
475.501	923.44
475.72	908.44
475.939	878.44
476.158	922.44
476.377	902.44
476.596	917.44
476.814	963.44
477.033	924.44
477.252	927.44
477.471	965.44
477.69	957.44
477.908	968.44
478.127	1011.44
478.346	1012.44
478.564	1033.44
478.783	1031.44
479.002	1072.44
479.22	1071.44
479.439	1085.44
479.658	1122.44
479.876	1135.44
480.095	1156.44
480.313	1186.44
480.532	1217.44
480.751	1353.44
480.969	1746.44
481.188	3576.44
481.406	4666.44
481.624	2574.44
481.843	1874.44
482.061	1584.44
482.28	1414.44
482.498	1353.44
482.717	1231.44
482.935	1248.44
483.153	1209.44
483.372	1214.44
483.59	1149.44
483.808	1127.44
484.027	1114.44
484.245	1111.44
484.463	1103.44
484.681	1126.44
484.9	1118.44
485.118	1123.44
485.336	1138.44
485.554	1111.44
485.772	1128.44
485.99	1129.44
486.209	1134.44
486.427	1140.44
486.645	1142.44
486.863	1159.44
487.081	1150.44
487.299	1146.44
487.517	1152.44
487.735	1149.44
487.953	1129.44
488.171	1146.44
488.389	1125.44
488.607	1124.44
488.825	1142.44
489.043	1133.44
489.261	1158.44
489.479	1170.44
489.696	1190.44
489.914	1214.44
490.132	1215.44
490.35	1217.44
490.568	1246.44
490.786	1277.44
491.003	1324.44
491.221	1332.44
491.439	1379.44
491.657	1447.44
491.874	1486.44
492.092	1507.44
492.31	1512.44
492.527	1577.44
492.745	1546.44
492.963	1568.44
493.18	1544.44
493.398	1527.44
493.615	1515.44
493.833	1480.44
494.05	1510.44
494.268	1442.44
494.485	1414.44
494.703	1370.44
494.92	1404.44
495.138	1375.44
495.355	1367.44
495.573	1359.44
495.79	1339.44
496.008	1324.44
496.225	1313.44
496.442	1304.44
496.66	1278.44
496.877	1298.44
497.094	1314.44
497.312	1325.44
497.529	1332.44
497.746	1347.44
497.963	1348.44
498.181	1384.44
498.398	1383.44
498.615	1456.44
498.832	1514.44
499.049	1580.44
499.267	1652.44
499.484	1780.44
499.701	1883.44
499.918	1975.44
500.135	2220.44
500.352	2437.44
500.569	2540.44
500.786	2586.44
501.003	2444.44
501.22	2197.44
501.437	2035.44
501.654	1878.44
501.871	1751.44
502.088	1653.44
502.305	1538.44
502.522	1470.44
502.739	1427.44
502.956	1392.44
503.172	1354.44
503.389	1301.44
503.606	1260.44
503.823	1261.44
504.04	1265.44
504.256	1267.44
504.473	1266.44
504.69	1275.44
504.907	1253.44
505.123	1210.44
505.34	1146.44
505.557	1108.44
505.773	1105.44
505.99	1133.44
506.207	1099.44
506.423	1080.44
506.64	1070.44
506.856	1053.44
507.073	1075.44
507.289	1069.44
507.506	1031.44
507.722	1073.44
507.939	1087.44
508.155	1059.44
508.372	1050.44
508.588	1037.44
508.805	1023.44
509.021	1011.44
509.238	1017.44
509.454	1019.44
509.67	995.44
509.887	995.44
510.103	1012.44
510.319	1033.44
510.536	1224.44
510.752	2206.44
510.968	1647.44
511.184	1104.44
511.401	1032.44
511.617	1095.44
511.833	1110.44
512.049	1199.44
512.265	1106.44
512.481	1070.44
512.698	1044.44
512.914	1068.44
513.13	1036.44
513.346	1010.44
513.562	988.44
513.778	1022.44
513.994	1008.44
514.21	1017.44
514.426	1075.44
514.642	1107.44
514.858	1126.44
515.074	1184.44
515.29	1428.44
515.506	2120.44
515.721	1672.44
515.937	1179.44
516.153	1125.44
516.369	1079.44
516.585	1083.44
516.801	1099.44
517.016	1093.44
517.232	1132.44
517.448	1133.44
517.664	1180.44
517.879	1202.44
518.095	1166.44
518.311	1155.44
518.527	1134.44
518.742	1123.44
518.958	1068.44
519.173	1070.44
519.389	1025.44
519.605	1057.44
519.82	1014.44
520.036	1014.44
520.251	1078.44
520.467	1066.44
520.682	1055.44
520.898	1102.44
521.113	1107.44
521.329	1160.44
521.544	1334.44
521.76	1635.44
521.975	2778.44
522.19	2558.44
522.406	1426.44
522.621	1137.44
522.836	1022.44
523.052	998.44
523.267	932.44
523.482	933.44
523.698	901.44
523.913	898.44
524.128	907.44
524.343	881.44
524.559	901.44
524.774	854.44
524.989	855.44
525.204	910.44
525.419	885.44
525.634	863.44
525.849	851.44
526.064	844.44
526.28	851.44
526.495	814.44
526.71	812.44
526.925	800.44
527.14	807.44
527.355	823.44
527.57	813.44
527.785	835.44
527.999	810.44
528.214	812.44
528.429	839.44
528.644	833.44
528.859	835.44
529.074	823.44
529.289	857.44
529.503	967.44
529.718	927.44
529.933	880.44
530.148	837.44
530.363	844.44
530.577	810.44
530.792	808.44
531.007	814.44
531.221	805.44
531.436	791.44
531.651	824.44
531.865	791.44
532.08	807.44
532.295	818.44
532.509	802.44
532.724	798.44
532.938	783.44
533.153	789.44
533.367	789.44
533.582	788.44
533.796	776.44
534.011	758.44
534.225	760.44
534.44	769.44
534.654	777.44
534.868	755.44
535.083	780.44
535.297	794.44
535.511	783.44
535.726	787.44
535.94	794.44
536.154	740.44
536.369	763.44
536.583	746.44
536.797	750.44
537.011	763.44
537.225	746.44
537.44	757.44
537.654	723.44
537.868	742.44
538.082	702.44
538.296	726.44
538.51	713.44
538.724	758.44
538.938	722.44
539.153	732.44
539.367	761.44
539.581	760.44
539.795	723.44
540.009	730.44
540.222	712.44
540.436	726.44
540.65	723.44
540.864	727.44
541.078	751.44
541.292	739.44
541.506	739.44
541.72	751.44
541.934	766.44
542.147	730.44
542.361	721.44
542.575	735.44
542.789	711.44
543.002	723.44
543.216	713.44
543.43	744.44
543.644	712.44
543.857	721.44
544.071	747.44
544.285	717.44
544.498	744.44
544.712	719.44
544.925	731.44
545.139	750.44
545.352	744.44
545.566	762.44
545.779	737.44
545.993	727.44
546.206	740.44
546.42	734.44
546.633	730.44
546.847	736.44
547.06	711.44
547.274	730.44
547.487	747.44
547.7	739.44
547.914	744.44
548.127	738.44
548.34	742.44
548.554	759.44
548.767	724.44
548.98	743.44
549.193	711.44
549.407	740.44
549.62	727.44
549.833	752.44
550.046	741.44
550.259	714.44
550.473	691.44
550.686	707.44
550.899	723.44
551.112	700.44
551.325	704.44
551.538	701.44
551.751	703.44
551.964	695.44
552.177	700.44
552.39	715.44
552.603	744.44
552.816	726.44
553.029	773.44
553.242	770.44
553.455	772.44
553.667	764.44
553.88	764.44
554.093	764.44
554.306	738.44
554.519	735.44
554.732	693.44
554.944	707.44
555.157	701.44
555.37	690.44
555.583	702.44
555.795	659.44
556.008	644.44
556.221	634.44
556.433	652.44
556.646	646.44
556.859	656.44
557.071	623.44
557.284	619.44
557.496	625.44
557.709	638.44
557.921	643.44
558.134	653.44
558.346	622.44
558.559	624.44
558.771	598.44
558.984	619.44
559.196	590.44
559.409	594.44
559.621	604.44
559.833	593.44
560.046	599.44
560.258	595.44
560.47	604.44
560.683	608.44
560.895	609.44
561.107	610.44
561.32	598.44
561.532	595.44
561.744	610.44
561.956	584.44
562.168	585.44
562.381	598.44
562.593	597.44
562.805	606.44
563.017	588.44
563.229	567.44
563.441	595.44
563.653	606.44
563.865	602.44
564.077	600.44
564.289	584.44
564.501	594.44
564.713	615.44
564.925	614.44
565.137	642.44
565.349	635.44
565.561	633.44
565.773	656.44
565.985	686.44
566.197	698.44
566.408	730.44
566.62	782.44
566.832	833.44
567.044	827.44
567.255	812.44
567.467	833.44
567.679	837.44
567.891	911.44
568.102	910.44
568.314	871.44
568.526	802.44
568.737	748.44
568.949	710.44
569.161	685.44
569.372	634.44
569.584	646.44
569.795	591.44
570.007	623.44
570.218	648.44
570.43	596.44
570.641	556.44
570.853	579.44
571.064	579.44
571.276	591.44
571.487	559.44
571.698	531.44
571.91	538.44
572.121	521.44
572.333	515.44
572.544	509.44
572.755	499.44
572.966	482.44
573.178	498.44
573.389	487.44
573.6	495.44
573.811	488.44
574.023	472.44
574.234	466.44
574.445	500.44
574.656	482.44
574.867	470.44
575.078	491.44
575.289	481.44
575.501	481.44
575.712	460.44
575.923	482.44
576.134	462.44
576.345	449.44
576.556	449.44
576.767	457.44
576.978	447.44
577.188	449.44
577.399	472.44
577.61	456.44
577.821	467.44
578.032	459.44
578.243	517.44
578.454	837.44
578.665	591.44
578.875	448.44
579.086	432.44
579.297	440.44
579.508	431.44
579.718	430.44
579.929	434.44
580.14	439.44
580.35	420.44
580.561	417.44
580.772	432.44
580.982	430.44
581.193	428.44
581.403	422.44
581.614	412.44
581.825	424.44
582.035	416.44
582.246	401.44
582.456	398.44
582.667	414.44
582.877	431.44
583.087	414.44
583.298	408.44
583.508	401.44
583.719	402.44
583.929	415.44
584.139	401.44
584.35	406.44
584.56	388.44
584.77	390.44
584.981	389.44
585.191	406.44
585.401	388.44
585.611	388.44
585.821	385.44
586.032	408.44
586.242	378.44
586.452	382.44
586.662	381.44
586.872	388.44
587.082	391.44
587.292	397.44
587.502	406.44
587.713	410.44
587.923	407.44
588.133	408.44
588.343	391.44
588.553	392.44
588.762	413.44
588.972	398.44
589.182	409.44
589.392	413.44
589.602	418.44
589.812	405.44
590.022	404.44
590.232	391.44
590.441	393.44
590.651	403.44
590.861	400.44
591.071	392.44
591.281	399.44
591.49	391.44
591.7	405.44
591.91	407.44
592.119	423.44
592.329	417.44
592.539	426.44
592.748	422.44
592.958	428.44
593.167	455.44
593.377	456.44
593.587	469.44
593.796	439.44
594.006	483.44
594.215	446.44
594.424	461.44
594.634	448.44
594.843	448.44
595.053	435.44
595.262	397.44
595.472	428.44
595.681	408.44
595.89	389.44
596.1	375.44
596.309	367.44
596.518	368.44
596.727	382.44
596.937	361.44
597.146	359.44
597.355	376.44
597.564	374.44
597.774	358.44
597.983	349.44
598.192	362.44
598.401	359.44
598.61	353.44
598.819	355.44
599.028	367.44
599.237	358.44
599.446	346.44
599.655	343.44
599.864	370.44
600.073	356.44
600.282	346.44
600.491	326.44
600.7	353.44
600.909	335.44
601.118	334.44
601.327	363.44
601.536	348.44
601.745	349.44
601.953	348.44
602.162	349.44
602.371	352.44
602.58	354.44
602.789	345.44
602.997	336.44
603.206	358.44
603.415	366.44
603.623	332.44
603.832	335.44
604.041	337.44
604.249	324.44
604.458	336.44
604.666	327.44
604.875	325.44
605.084	327.44
605.292	332.44
605.501	346.44
605.709	350.44
605.918	352.44
606.126	339.44
606.334	317.44
606.543	317.44
606.751	338.44
606.96	339.44
607.168	317.44
607.376	330.44
607.585	336.44
607.793	331.44
608.001	311.44
608.21	322.44
608.418	324.44
608.626	326.44
608.834	334.44
609.043	337.44
609.251	332.44
609.459	326.44
609.667	341.44
609.875	303.44
610.083	346.44
610.291	320.44
610.499	315.44
610.707	340.44
610.916	345.44
611.124	340.44
611.332	332.44
611.54	330.44
611.748	332.44
611.955	329.44
612.163	310.44
612.371	328.44
612.579	311.44
612.787	319.44
612.995	311.44
613.203	304.44
613.411	323.44
613.618	309.44
613.826	324.44
614.034	303.44
614.242	306.44
614.449	320.44
614.657	300.44
614.865	312.44
615.072	310.44
615.28	325.44
615.488	311.44
615.695	316.44
615.903	306.44
616.111	319.44
616.318	307.44
616.526	312.44
616.733	327.44
616.941	309.44
617.148	325.44
617.356	324.44
617.563	311.44
617.771	304.44
617.978	309.44
618.185	291.44
618.393	302.44
618.6	313.44
618.807	302.44
619.015	304.44
619.222	285.44
619.429	304.44
619.637	312.44
619.844	296.44
620.051	278.44
620.258	283.44
620.466	266.44
620.673	273.44
620.88	286.44
621.087	280.44
621.294	284.44
621.501	282.44
621.708	295.44
621.915	292.44
622.122	277.44
622.329	283.44
622.536	288.44
622.743	274.44
622.95	264.44
623.157	277.44
623.364	295.44
623.571	287.44
623.778	266.44
623.985	274.44
624.192	282.44
624.399	264.44
624.606	274.44
624.812	263.44
625.019	287.44
625.226	278.44
625.433	275.44
625.639	258.44
625.846	261.44
626.053	258.44
626.259	222.44
626.466	246.44
626.673	257.44
626.879	258.44
627.086	263.44
627.293	262.44
627.499	255.44
627.706	270.44
627.912	250.44
628.119	251.44
628.325	246.44
628.532	259.44
628.738	227.44
628.945	245.44
629.151	239.44
629.357	251.44
629.564	251.44
629.77	237.44
629.976	231.44
630.183	248.44
630.389	250.44
630.595	222.44
630.802	262.44
631.008	239.44
631.214	242.44
631.42	218.44
631.627	239.44
631.833	245.44
632.039	229.44
632.245	239.44
632.451	240.44
632.657	230.44
632.863	235.44
633.069	234.44
633.275	228.44
633.481	216.44
633.688	224.44
633.893	240.44
634.099	211.44
634.305	231.44
634.511	228.44
634.717	220.44
634.923	236.44
635.129	258.44
635.335	233.44
635.541	231.44
635.747	260.44
635.952	258.44
636.158	271.44
636.364	331.44
636.57	381.44
636.775	349.44
636.981	293.44
637.187	280.44
637.392	273.44
637.598	255.44
637.804	249.44
638.009	264.44
638.215	251.44
638.421	252.44
638.626	234.44
638.832	228.44
639.037	222.44
639.243	209.44
639.448	223.44
639.654	224.44
639.859	218.44
640.065	214.44
640.27	226.44
640.475	238.44
640.681	217.44
640.886	209.44
641.091	220.44
641.297	218.44
641.502	222.44
641.707	210.44
641.913	211.44
642.118	220.44
642.323	206.44
642.528	211.44
642.733	210.44
642.939	199.44
643.144	218.44
643.349	226.44
643.554	214.44
643.759	203.44
643.964	196.44
644.169	196.44
644.374	204.44
644.579	204.44
644.784	206.44
644.989	199.44
645.194	213.44
645.399	200.44
645.604	192.44
645.809	200.44
646.014	206.44
646.219	188.44
646.423	197.44
646.628	209.44
646.833	218.44
647.038	218.44
647.243	219.44
647.447	208.44
647.652	190.44
647.857	211.44
648.062	203.44
648.266	201.44
648.471	199.44
648.676	214.44
648.88	196.44
649.085	222.44
649.289	206.44
649.494	213.44
649.698	229.44
649.903	206.44
650.107	190.44
650.312	196.44
650.516	197.44
650.721	184.44
650.925	198.44
651.13	186.44
651.334	178.44
651.539	175.44
651.743	174.44
651.947	191.44
652.152	160.44
652.356	172.44
652.56	174.44
652.764	178.44
652.969	154.44
653.173	143.44
653.377	156.44
653.581	161.44
653.785	156.44
653.99	158.44
654.194	165.44
654.398	144.44
654.602	166.44
654.806	159.44
655.01	157.44
655.214	157.44
655.418	161.44
655.622	142.44
655.826	148.44
656.03	160.44
656.234	159.44
656.438	162.44
656.642	160.44
656.846	151.44
657.049	154.44
657.253	148.44
657.457	141.44
657.661	121.44
657.865	133.44
658.068	134.44
658.272	115.44
658.476	119.44
658.68	107.44
658.883	114.44
659.087	112.44
659.291	115.44
659.494	99.44
659.698	107.44
659.901	101.44
660.105	91.44
660.309	107.44
660.512	96.44
660.716	102.44
660.919	90.44
661.123	101.44
661.326	110.44
661.53	98.44
661.733	99.44
661.936	86.44
662.14	76.44
662.343	83.44
662.546	86.44
662.75	94.44
662.953	91.44
663.156	85.44
663.36	94.44
663.563	75.44
663.766	77.44
663.969	97.44
664.173	77.44
664.376	83.44
664.579	75.44
664.782	74.44
664.985	83.44
665.188	86.44
665.391	86.44
665.594	81.44
665.797	83.44
666	80.44
666.203	80.44
666.406	89.44
666.609	78.44
666.812	75.44
667.015	81.44
667.218	67.44
667.421	77.44
667.624	72.44
667.827	76.44
668.03	90.44
668.232	78.44
668.435	81.44
668.638	74.44
668.841	79.44
669.043	89.44
669.246	78.44
669.449	89.44
669.651	88.44
669.854	69.44
670.057	82.44
670.259	77.44
670.462	77.44
670.665	89.44
670.867	84.44
671.07	80.44
671.272	72.44
671.475	71.44
671.677	93.44
671.88	70.44
672.082	91.44
672.284	82.44
672.487	81.44
672.689	81.44
672.892	85.44
