223.165	-21.31
223.4	-21.31
223.635	-21.31
223.869	-29.31
224.104	-10.31
224.338	-23.31
224.573	-5.31
224.808	-5.31
225.042	-8.31
225.277	-16.31
225.511	-7.31
225.746	9.69
225.98	9.69
226.215	0.69
226.449	14.69
226.683	8.69
226.918	43.69
227.152	39.69
227.387	28.69
227.621	30.69
227.856	48.69
228.09	45.69
228.324	42.69
228.559	40.69
228.793	69.69
229.027	114.69
229.262	120.69
229.496	130.69
229.73	144.69
229.964	164.69
230.199	154.69
230.433	131.69
230.667	126.69
230.901	126.69
231.136	142.69
231.37	132.69
231.604	129.69
231.838	143.69
232.072	119.69
232.306	130.69
232.541	122.69
232.775	140.69
233.009	144.69
233.243	150.69
233.477	135.69
233.711	124.69
233.945	134.69
234.179	142.69
234.413	140.69
234.647	129.69
234.881	133.69
235.115	134.69
235.349	152.69
235.583	148.69
235.817	133.69
236.051	158.69
236.285	145.69
236.519	149.69
236.753	161.69
236.987	172.69
237.221	191.69
237.455	242.69
237.689	203.69
237.922	172.69
238.156	169.69
238.39	157.69
238.624	158.69
238.858	158.69
239.091	160.69
239.325	152.69
239.559	161.69
239.793	163.69
240.027	171.69
240.26	182.69
240.494	182.69
240.728	214.69
240.961	190.69
241.195	165.69
241.429	182.69
241.662	187.69
241.896	191.69
242.13	172.69
242.363	162.69
242.597	184.69
242.83	176.69
243.064	199.69
243.298	195.69
243.531	193.69
243.765	185.69
243.998	192.69
244.232	182.69
244.465	198.69
244.699	207.69
244.932	205.69
245.166	204.69
245.399	189.69
245.633	224.69
245.866	190.69
246.099	204.69
246.333	199.69
246.566	201.69
246.8	215.69
247.033	196.69
247.266	203.69
247.5	223.69
247.733	214.69
247.966	243.69
248.2	242.69
248.433	229.69
248.666	216.69
248.899	224.69
249.133	256.69
249.366	274.69
249.599	261.69
249.832	252.69
250.066	263.69
250.299	318.69
250.532	429.69
250.765	445.69
250.998	412.69
251.231	362.69
251.465	318.69
251.698	326.69
251.931	300.69
252.164	285.69
252.397	292.69
252.63	284.69
252.863	272.69
253.096	304.69
253.329	293.69
253.562	298.69
253.795	269.69
254.028	292.69
254.261	305.69
254.494	298.69
254.727	312.69
254.96	338.69
255.193	353.69
255.426	364.69
255.659	414.69
255.892	502.69
256.124	690.69
256.357	706.69
256.59	558.69
256.823	463.69
257.056	408.69
257.289	380.69
257.521	347.69
257.754	342.69
257.987	351.69
258.22	332.69
258.452	315.69
258.685	326.69
258.918	312.69
259.151	314.69
259.383	312.69
259.616	308.69
259.849	334.69
260.081	300.69
260.314	315.69
260.547	318.69
260.779	298.69
261.012	304.69
261.244	303.69
261.477	311.69
261.71	299.69
261.942	298.69
262.175	298.69
262.407	309.69
262.64	287.69
262.872	302.69
263.105	290.69
263.337	293.69
263.57	286.69
263.802	310.69
264.035	316.69
264.267	286.69
264.499	296.69
264.732	296.69
264.964	276.69
265.197	293.69
265.429	284.69
265.661	299.69
265.894	305.69
266.126	303.69
266.358	300.69
266.591	310.69
266.823	302.69
267.055	292.69
267.287	286.69
267.52	283.69
267.752	305.69
267.984	308.69
268.216	309.69
268.448	331.69
268.681	296.69
268.913	322.69
269.145	304.69
269.377	339.69
269.609	337.69
269.841	312.69
270.073	337.69
270.306	358.69
270.538	368.69
270.77	352.69
271.002	351.69
271.234	335.69
271.466	334.69
271.698	363.69
271.93	363.69
272.162	347.69
272.394	369.69
272.626	337.69
272.858	357.69
273.09	353.69
273.322	352.69
273.553	347.69
273.785	360.69
274.017	356.69
274.249	353.69
274.481	377.69
274.713	357.69
274.945	358.69
275.176	371.69
275.408	376.69
275.64	368.69
275.872	370.69
276.104	374.69
276.335	389.69
276.567	404.69
276.799	417.69
277.031	442.69
277.262	465.69
277.494	453.69
277.726	429.69
277.957	406.69
278.189	401.69
278.421	408.69
278.652	403.69
278.884	366.69
279.115	385.69
279.347	409.69
279.579	406.69
279.81	415.69
280.042	442.69
280.273	489.69
280.505	476.69
280.736	430.69
280.968	414.69
281.199	396.69
281.431	391.69
281.662	390.69
281.894	375.69
282.125	396.69
282.356	405.69
282.588	439.69
282.819	408.69
283.051	401.69
283.282	386.69
283.513	390.69
283.745	396.69
283.976	397.69
284.207	377.69
284.439	380.69
284.67	383.69
284.901	412.69
285.132	386.69
285.364	401.69
285.595	381.69
285.826	384.69
286.057	397.69
286.288	388.69
286.52	381.69
286.751	392.69
286.982	407.69
287.213	394.69
287.444	417.69
287.675	405.69
287.906	406.69
288.138	389.69
288.369	400.69
288.6	416.69
288.831	410.69
289.062	417.69
289.293	412.69
289.524	386.69
289.755	393.69
289.986	407.69
290.217	401.69
290.448	407.69
290.679	396.69
290.91	386.69
291.141	394.69
291.371	405.69
291.602	392.69
291.833	394.69
292.064	391.69
292.295	416.69
292.526	412.69
292.757	404.69
292.987	391.69
293.218	386.69
293.449	405.69
293.68	392.69
293.91	374.69
294.141	397.69
294.372	403.69
294.603	394.69
294.833	402.69
295.064	375.69
295.295	382.69
295.525	404.69
295.756	429.69
295.987	408.69
296.217	436.69
296.448	442.69
296.679	439.69
296.909	404.69
297.14	407.69
297.37	420.69
297.601	396.69
297.831	404.69
298.062	414.69
298.292	416.69
298.523	419.69
298.753	416.69
298.984	427.69
299.214	436.69
299.445	439.69
299.675	426.69
299.905	417.69
300.136	416.69
300.366	431.69
300.597	443.69
300.827	442.69
301.057	452.69
301.288	436.69
301.518	435.69
301.748	450.69
301.979	443.69
302.209	477.69
302.439	464.69
302.669	456.69
302.9	437.69
303.13	467.69
303.36	463.69
303.59	469.69
303.82	466.69
304.051	483.69
304.281	462.69
304.511	445.69
304.741	446.69
304.971	448.69
305.201	451.69
305.431	439.69
305.661	432.69
305.891	468.69
306.121	454.69
306.352	445.69
306.582	461.69
306.812	459.69
307.042	470.69
307.272	482.69
307.502	488.69
307.731	490.69
307.961	473.69
308.191	470.69
308.421	454.69
308.651	452.69
308.881	464.69
309.111	470.69
309.341	458.69
309.571	479.69
309.8	477.69
310.03	489.69
310.26	504.69
310.49	494.69
310.72	497.69
310.949	514.69
311.179	533.69
311.409	496.69
311.639	495.69
311.868	510.69
312.098	511.69
312.328	524.69
312.557	515.69
312.787	517.69
313.017	553.69
313.246	502.69
313.476	491.69
313.706	505.69
313.935	520.69
314.165	545.69
314.394	518.69
314.624	526.69
314.853	525.69
315.083	528.69
315.312	504.69
315.542	514.69
315.771	515.69
316.001	510.69
316.23	527.69
316.46	523.69
316.689	529.69
316.919	510.69
317.148	537.69
317.377	532.69
317.607	517.69
317.836	531.69
318.065	538.69
318.295	528.69
318.524	535.69
318.753	510.69
318.983	544.69
319.212	510.69
319.441	540.69
319.67	537.69
319.9	531.69
320.129	539.69
320.358	518.69
320.587	550.69
320.816	551.69
321.046	552.69
321.275	551.69
321.504	543.69
321.733	581.69
321.962	573.69
322.191	582.69
322.42	598.69
322.649	643.69
322.878	628.69
323.108	631.69
323.337	672.69
323.566	709.69
323.795	735.69
324.024	849.69
324.253	990.69
324.482	1357.69
324.71	2080.69
324.939	2976.69
325.168	2381.69
325.397	1300.69
325.626	945.69
325.855	867.69
326.084	814.69
326.313	822.69
326.542	805.69
326.77	893.69
326.999	1010.69
327.228	1384.69
327.457	2064.69
327.686	2419.69
327.914	1714.69
328.143	1486.69
328.372	1580.69
328.6	1394.69
328.829	1118.69
329.058	1054.69
329.287	1060.69
329.515	1094.69
329.744	1203.69
329.972	1516.69
330.201	2052.69
330.43	2497.69
330.658	2060.69
330.887	1430.69
331.115	1180.69
331.344	996.69
331.572	970.69
331.801	925.69
332.03	922.69
332.258	906.69
332.486	881.69
332.715	927.69
332.943	963.69
333.172	980.69
333.4	1042.69
333.629	1154.69
333.857	1356.69
334.085	1685.69
334.314	2276.69
334.542	3073.69
334.771	3250.69
334.999	2030.69
335.227	1404.69
335.455	1096.69
335.684	1028.69
335.912	945.69
336.14	876.69
336.369	849.69
336.597	816.69
336.825	801.69
337.053	789.69
337.281	752.69
337.51	734.69
337.738	721.69
337.966	734.69
338.194	692.69
338.422	683.69
338.65	670.69
338.878	678.69
339.106	637.69
339.334	668.69
339.562	676.69
339.79	645.69
340.018	634.69
340.246	638.69
340.474	631.69
340.702	634.69
340.93	659.69
341.158	636.69
341.386	643.69
341.614	629.69
341.842	633.69
342.07	609.69
342.298	624.69
342.526	608.69
342.754	600.69
342.981	609.69
343.209	616.69
343.437	626.69
343.665	639.69
343.893	656.69
344.12	675.69
344.348	693.69
344.576	658.69
344.804	644.69
345.031	627.69
345.259	657.69
345.487	609.69
345.714	625.69
345.942	622.69
346.17	624.69
346.397	588.69
346.625	609.69
346.853	618.69
347.08	605.69
347.308	596.69
347.535	624.69
347.763	596.69
347.99	634.69
348.218	626.69
348.445	628.69
348.673	629.69
348.9	637.69
349.128	596.69
349.355	594.69
349.583	596.69
349.81	609.69
350.037	580.69
350.265	591.69
350.492	600.69
350.72	594.69
350.947	577.69
351.174	613.69
351.402	612.69
351.629	601.69
351.856	604.69
352.083	615.69
352.311	626.69
352.538	626.69
352.765	632.69
352.992	611.69
353.22	610.69
353.447	600.69
353.674	608.69
353.901	573.69
354.128	596.69
354.355	577.69
354.583	594.69
354.81	582.69
355.037	595.69
355.264	577.69
355.491	588.69
355.718	572.69
355.945	576.69
356.172	592.69
356.399	560.69
356.626	588.69
356.853	570.69
357.08	563.69
357.307	574.69
357.534	568.69
357.761	579.69
357.988	576.69
358.215	578.69
358.441	570.69
358.668	580.69
358.895	577.69
359.122	575.69
359.349	599.69
359.576	632.69
359.802	598.69
360.029	656.69
360.256	668.69
360.483	650.69
360.709	621.69
360.936	625.69
361.163	618.69
361.39	611.69
361.616	602.69
361.843	616.69
362.07	616.69
362.296	619.69
362.523	613.69
362.749	619.69
362.976	619.69
363.203	605.69
363.429	581.69
363.656	613.69
363.882	613.69
364.109	591.69
364.335	589.69
364.562	594.69
364.788	603.69
365.015	603.69
365.241	607.69
365.468	604.69
365.694	612.69
365.92	603.69
366.147	602.69
366.373	601.69
366.599	594.69
366.826	613.69
367.052	581.69
367.278	603.69
367.505	602.69
367.731	607.69
367.957	584.69
368.184	611.69
368.41	623.69
368.636	646.69
368.862	638.69
369.089	599.69
369.315	618.69
369.541	602.69
369.767	608.69
369.993	620.69
370.219	620.69
370.445	611.69
370.672	634.69
370.898	613.69
371.124	616.69
371.35	620.69
371.576	631.69
371.802	646.69
372.028	633.69
372.254	628.69
372.48	624.69
372.706	661.69
372.932	632.69
373.158	629.69
373.384	623.69
373.61	613.69
373.835	628.69
374.061	635.69
374.287	649.69
374.513	636.69
374.739	674.69
374.965	668.69
375.191	691.69
375.416	659.69
375.642	645.69
375.868	661.69
376.094	636.69
376.319	620.69
376.545	637.69
376.771	628.69
376.997	639.69
377.222	638.69
377.448	645.69
377.674	638.69
377.899	620.69
378.125	615.69
378.35	608.69
378.576	626.69
378.802	616.69
379.027	636.69
379.253	598.69
379.478	610.69
379.704	624.69
379.929	610.69
380.155	620.69
380.38	624.69
380.606	640.69
380.831	627.69
381.057	637.69
381.282	631.69
381.507	619.69
381.733	627.69
381.958	621.69
382.184	627.69
382.409	649.69
382.634	612.69
382.86	640.69
383.085	646.69
383.31	666.69
383.535	683.69
383.761	685.69
383.986	675.69
384.211	688.69
384.436	694.69
384.662	692.69
384.887	706.69
385.112	708.69
385.337	676.69
385.562	720.69
385.787	718.69
386.013	720.69
386.238	734.69
386.463	736.69
386.688	707.69
386.913	690.69
387.138	686.69
387.363	707.69
387.588	698.69
387.813	709.69
388.038	716.69
388.263	707.69
388.488	705.69
388.713	721.69
388.938	692.69
389.163	734.69
389.387	716.69
389.612	688.69
389.837	689.69
390.062	701.69
390.287	707.69
390.512	701.69
390.736	717.69
390.961	728.69
391.186	728.69
391.411	756.69
391.636	759.69
391.86	780.69
392.085	782.69
392.31	790.69
392.534	733.69
392.759	762.69
392.984	740.69
393.208	745.69
393.433	755.69
393.658	743.69
393.882	741.69
394.107	736.69
394.331	756.69
394.556	769.69
394.78	741.69
395.005	763.69
395.229	774.69
395.454	753.69
395.678	805.69
395.903	792.69
396.127	795.69
396.352	784.69
396.576	780.69
396.801	748.69
397.025	745.69
397.249	778.69
397.474	796.69
397.698	791.69
397.922	814.69
398.147	837.69
398.371	836.69
398.595	851.69
398.82	884.69
399.044	915.69
399.268	949.69
399.492	1082.69
399.717	1178.69
399.941	1202.69
400.165	1114.69
400.389	1071.69
400.613	992.69
400.837	936.69
401.062	872.69
401.286	901.69
401.51	889.69
401.734	896.69
401.958	890.69
402.182	892.69
402.406	927.69
402.63	953.69
402.854	957.69
403.078	965.69
403.302	1009.69
403.526	972.69
403.75	1027.69
403.974	1040.69
404.198	1061.69
404.422	1064.69
404.645	1075.69
404.869	1098.69
405.093	1185.69
405.317	1284.69
405.541	1292.69
405.765	1175.69
405.988	1102.69
406.212	1093.69
406.436	1110.69
406.66	1124.69
406.883	1090.69
407.107	1104.69
407.331	1142.69
407.555	1235.69
407.778	1246.69
408.002	1158.69
408.226	1088.69
408.449	1081.69
408.673	1048.69
408.896	1101.69
409.12	1124.69
409.344	1090.69
409.567	1030.69
409.791	1044.69
410.014	1010.69
410.238	1021.69
410.461	1014.69
410.685	1010.69
410.908	1030.69
411.132	1046.69
411.355	1028.69
411.578	1048.69
411.802	1041.69
412.025	1033.69
412.249	1137.69
412.472	1201.69
412.695	1267.69
412.919	1245.69
413.142	1162.69
413.365	1130.69
413.589	1092.69
413.812	1029.69
414.035	969.69
414.258	996.69
414.482	987.69
414.705	1024.69
414.928	986.69
415.151	952.69
415.374	959.69
415.597	960.69
415.821	954.69
416.044	953.69
416.267	976.69
416.49	954.69
416.713	907.69
416.936	943.69
417.159	992.69
417.382	956.69
417.605	992.69
417.828	1036.69
418.051	1016.69
418.274	993.69
418.497	959.69
418.72	958.69
418.943	944.69
419.166	1005.69
419.389	1088.69
419.611	1074.69
419.834	1094.69
420.057	1106.69
420.28	1185.69
420.503	1199.69
420.726	1134.69
420.948	1105.69
421.171	1105.69
421.394	1073.69
421.617	1042.69
421.839	1020.69
422.062	995.69
422.285	996.69
422.507	1090.69
422.73	1090.69
422.953	1046.69
423.175	1035.69
423.398	1041.69
423.621	1031.69
423.843	1027.69
424.066	1037.69
424.288	1027.69
424.511	1059.69
424.733	1072.69
424.956	1154.69
425.178	1126.69
425.401	1099.69
425.623	1089.69
425.846	1031.69
426.068	976.69
426.291	968.69
426.513	970.69
426.735	972.69
426.958	1006.69
427.18	1090.69
427.402	1207.69
427.625	1356.69
427.847	1320.69
428.069	1349.69
428.292	1144.69
428.514	1049.69
428.736	992.69
428.958	963.69
429.181	930.69
429.403	934.69
429.625	899.69
429.847	949.69
430.069	1026.69
430.292	985.69
430.514	902.69
430.736	927.69
430.958	901.69
431.18	893.69
431.402	882.69
431.624	918.69
431.846	913.69
432.068	902.69
432.29	880.69
432.512	892.69
432.734	903.69
432.956	898.69
433.178	902.69
433.4	917.69
433.622	907.69
433.844	895.69
434.066	893.69
434.287	889.69
434.509	902.69
434.731	895.69
434.953	984.69
435.175	975.69
435.397	971.69
435.618	948.69
435.84	1003.69
436.062	1092.69
436.284	1139.69
436.505	998.69
436.727	945.69
436.949	951.69
437.17	940.69
437.392	908.69
437.614	897.69
437.835	925.69
438.057	1045.69
438.278	1122.69
438.5	1148.69
438.721	1221.69
438.943	1148.69
439.165	1000.69
439.386	968.69
439.608	967.69
439.829	963.69
440.05	1012.69
440.272	1070.69
440.493	992.69
440.715	954.69
440.936	951.69
441.158	968.69
441.379	985.69
441.6	993.69
441.822	1026.69
442.043	1067.69
442.264	1117.69
442.486	1138.69
442.707	1063.69
442.928	1023.69
443.149	1035.69
443.371	1051.69
443.592	1108.69
443.813	1236.69
444.034	1230.69
444.255	1102.69
444.476	1052.69
444.698	1113.69
444.919	1104.69
445.14	1203.69
445.361	1150.69
445.582	1078.69
445.803	1096.69
446.024	1216.69
446.245	1174.69
446.466	1112.69
446.687	1013.69
446.908	949.69
447.129	943.69
447.35	933.69
447.571	916.69
447.792	886.69
448.013	903.69
448.234	920.69
448.455	956.69
448.675	1082.69
448.896	1180.69
449.117	1034.69
449.338	1022.69
449.559	1152.69
449.779	1188.69
450	1044.69
450.221	952.69
450.442	904.69
450.662	875.69
450.883	914.69
451.104	882.69
451.324	902.69
451.545	890.69
451.766	872.69
451.986	861.69
452.207	855.69
452.428	824.69
452.648	816.69
452.869	824.69
453.089	829.69
453.31	857.69
453.53	810.69
453.751	794.69
453.971	830.69
454.192	833.69
454.412	804.69
454.633	821.69
454.853	807.69
455.073	834.69
455.294	833.69
455.514	878.69
455.734	866.69
455.955	811.69
456.175	763.69
456.395	781.69
456.616	765.69
456.836	778.69
457.056	768.69
457.276	750.69
457.497	764.69
457.717	778.69
457.937	782.69
458.157	801.69
458.377	818.69
458.598	839.69
458.818	906.69
459.038	1025.69
459.258	1003.69
459.478	925.69
459.698	891.69
459.918	908.69
460.138	930.69
460.358	956.69
460.578	967.69
460.798	963.69
461.018	983.69
461.238	974.69
461.458	951.69
461.678	926.69
461.898	958.69
462.118	958.69
462.338	991.69
462.558	1039.69
462.777	1048.69
462.997	1144.69
463.217	1182.69
463.437	1193.69
463.657	1137.69
463.876	1096.69
464.096	1090.69
464.316	1096.69
464.536	1107.69
464.755	1088.69
464.975	1052.69
465.195	1112.69
465.414	1168.69
465.634	1034.69
465.854	992.69
466.073	968.69
466.293	920.69
466.512	915.69
466.732	883.69
466.951	899.69
467.171	894.69
467.391	916.69
467.61	953.69
467.829	979.69
468.049	1178.69
468.268	1635.69
468.488	1324.69
468.707	1094.69
468.927	1004.69
469.146	917.69
469.365	939.69
469.585	897.69
469.804	953.69
470.023	959.69
470.243	969.69
470.462	965.69
470.681	988.69
470.901	1018.69
471.12	985.69
471.339	929.69
471.558	973.69
471.777	1025.69
471.997	1117.69
472.216	1638.69
472.435	3092.69
472.654	2430.69
472.873	1570.69
473.092	1329.69
473.311	1163.69
473.53	1128.69
473.749	1056.69
473.968	1062.69
474.187	1117.69
474.406	1100.69
474.625	1013.69
474.844	986.69
475.063	954.69
475.282	969.69
475.501	935.69
475.72	957.69
475.939	947.69
476.158	941.69
476.377	950.69
476.596	936.69
476.814	985.69
477.033	998.69
477.252	962.69
477.471	965.69
477.69	986.69
477.908	1004.69
478.127	1083.69
478.346	1042.69
478.564	1016.69
478.783	1054.69
479.002	1136.69
479.22	1114.69
479.439	1112.69
479.658	1159.69
479.876	1167.69
480.095	1223.69
480.313	1269.69
480.532	1348.69
480.751	1449.69
480.969	1870.69
481.188	3963.69
481.406	5290.69
481.624	2914.69
481.843	2064.69
482.061	1735.69
482.28	1548.69
482.498	1440.69
482.717	1339.69
482.935	1315.69
483.153	1234.69
483.372	1240.69
483.59	1225.69
483.808	1221.69
484.027	1177.69
484.245	1178.69
484.463	1172.69
484.681	1206.69
484.9	1187.69
485.118	1175.69
485.336	1178.69
485.554	1152.69
485.772	1196.69
485.99	1158.69
486.209	1153.69
486.427	1190.69
486.645	1205.69
486.863	1205.69
487.081	1212.69
487.299	1213.69
487.517	1181.69
487.735	1178.69
487.953	1209.69
488.171	1231.69
488.389	1202.69
488.607	1205.69
488.825	1198.69
489.043	1175.69
489.261	1208.69
489.479	1190.69
489.696	1240.69
489.914	1243.69
490.132	1269.69
490.35	1313.69
490.568	1324.69
490.786	1344.69
491.003	1416.69
491.221	1438.69
491.439	1504.69
491.657	1584.69
491.874	1582.69
492.092	1563.69
492.31	1629.69
492.527	1700.69
492.745	1665.69
492.963	1684.69
493.18	1670.69
493.398	1657.69
493.615	1617.69
493.833	1583.69
494.05	1568.69
494.268	1548.69
494.485	1509.69
494.703	1475.69
494.92	1445.69
495.138	1450.69
495.355	1418.69
495.573	1454.69
495.79	1418.69
496.008	1410.69
496.225	1375.69
496.442	1348.69
496.66	1379.69
496.877	1379.69
497.094	1377.69
497.312	1389.69
497.529	1386.69
497.746	1365.69
497.963	1433.69
498.181	1438.69
498.398	1465.69
498.615	1495.69
498.832	1562.69
499.049	1613.69
499.267	1699.69
499.484	1804.69
499.701	1956.69
499.918	2072.69
500.135	2291.69
500.352	2457.69
500.569	2601.69
500.786	2629.69
501.003	2427.69
501.22	2269.69
501.437	2033.69
501.654	1835.69
501.871	1746.69
502.088	1662.69
502.305	1567.69
502.522	1509.69
502.739	1463.69
502.956	1397.69
503.172	1351.69
503.389	1364.69
503.606	1337.69
503.823	1322.69
504.04	1321.69
504.256	1312.69
504.473	1304.69
504.69	1278.69
504.907	1324.69
505.123	1221.69
505.34	1209.69
505.557	1171.69
505.773	1154.69
505.99	1146.69
506.207	1125.69
506.423	1144.69
506.64	1101.69
506.856	1091.69
507.073	1117.69
507.289	1088.69
507.506	1077.69
507.722	1118.69
507.939	1114.69
508.155	1113.69
508.372	1058.69
508.588	1086.69
508.805	1052.69
509.021	1038.69
509.238	1094.69
509.454	1068.69
509.67	1070.69
509.887	1042.69
510.103	1048.69
510.319	1071.69
510.536	1260.69
510.752	2199.69
510.968	1610.69
511.184	1126.69
511.401	1066.69
511.617	1098.69
511.833	1205.69
512.049	1208.69
512.265	1151.69
512.481	1132.69
512.698	1077.69
512.914	1080.69
513.13	1038.69
513.346	1054.69
513.562	1049.69
513.778	1060.69
513.994	1060.69
514.21	1068.69
514.426	1096.69
514.642	1147.69
514.858	1180.69
515.074	1265.69
515.29	1468.69
515.506	2101.69
515.721	1665.69
515.937	1248.69
516.153	1161.69
516.369	1156.69
516.585	1160.69
516.801	1132.69
517.016	1128.69
517.232	1126.69
517.448	1194.69
517.664	1213.69
517.879	1227.69
518.095	1213.69
518.311	1186.69
518.527	1150.69
518.742	1133.69
518.958	1134.69
519.173	1107.69
519.389	1072.69
519.605	1054.69
519.82	1068.69
520.036	1057.69
520.251	1080.69
520.467	1104.69
520.682	1105.69
520.898	1128.69
521.113	1122.69
521.329	1225.69
521.544	1329.69
521.76	1722.69
521.975	2710.69
522.19	2540.69
522.406	1444.69
522.621	1149.69
522.836	1053.69
523.052	1008.69
523.267	966.69
523.482	968.69
523.698	969.69
523.913	965.69
524.128	975.69
524.343	957.69
524.559	908.69
524.774	907.69
524.989	893.69
525.204	901.69
525.419	903.69
525.634	886.69
525.849	887.69
526.064	863.69
526.28	879.69
526.495	878.69
526.71	885.69
526.925	878.69
527.14	886.69
527.355	836.69
527.57	872.69
527.785	864.69
527.999	863.69
528.214	865.69
528.429	865.69
528.644	864.69
528.859	843.69
529.074	861.69
529.289	890.69
529.503	989.69
529.718	947.69
529.933	909.69
530.148	877.69
530.363	857.69
530.577	862.69
530.792	852.69
531.007	847.69
531.221	860.69
531.436	850.69
531.651	861.69
531.865	827.69
532.08	819.69
532.295	820.69
532.509	833.69
532.724	811.69
532.938	840.69
533.153	815.69
533.367	822.69
533.582	843.69
533.796	815.69
534.011	824.69
534.225	802.69
534.44	780.69
534.654	804.69
534.868	828.69
535.083	788.69
535.297	801.69
535.511	806.69
535.726	823.69
535.94	805.69
536.154	824.69
536.369	793.69
536.583	789.69
536.797	766.69
537.011	798.69
537.225	749.69
537.44	760.69
537.654	802.69
537.868	777.69
538.082	758.69
538.296	765.69
538.51	762.69
538.724	772.69
538.938	778.69
539.153	780.69
539.367	786.69
539.581	765.69
539.795	736.69
540.009	766.69
540.222	752.69
540.436	752.69
540.65	761.69
540.864	757.69
541.078	768.69
541.292	792.69
541.506	772.69
541.72	770.69
541.934	752.69
542.147	750.69
542.361	757.69
542.575	747.69
542.789	731.69
543.002	734.69
543.216	749.69
543.43	766.69
543.644	748.69
543.857	759.69
544.071	760.69
544.285	780.69
544.498	760.69
544.712	714.69
544.925	746.69
545.139	760.69
545.352	775.69
545.566	764.69
545.779	748.69
545.993	768.69
546.206	746.69
546.42	757.69
546.633	786.69
546.847	765.69
547.06	762.69
547.274	745.69
547.487	766.69
547.7	767.69
547.914	765.69
548.127	762.69
548.34	778.69
548.554	726.69
548.767	747.69
548.98	752.69
549.193	721.69
549.407	732.69
549.62	762.69
549.833	749.69
550.046	755.69
550.259	716.69
550.473	721.69
550.686	728.69
550.899	744.69
551.112	741.69
551.325	726.69
551.538	732.69
551.751	711.69
551.964	713.69
552.177	711.69
552.39	717.69
552.603	732.69
552.816	745.69
553.029	781.69
553.242	786.69
553.455	798.69
553.667	818.69
553.88	798.69
554.093	779.69
554.306	757.69
554.519	766.69
554.732	751.69
554.944	744.69
555.157	708.69
555.37	714.69
555.583	714.69
555.795	678.69
556.008	701.69
556.221	656.69
556.433	664.69
556.646	659.69
556.859	665.69
557.071	670.69
557.284	665.69
557.496	646.69
557.709	664.69
557.921	654.69
558.134	626.69
558.346	651.69
558.559	642.69
558.771	640.69
558.984	642.69
559.196	621.69
559.409	618.69
559.621	621.69
559.833	626.69
560.046	649.69
560.258	632.69
560.47	630.69
560.683	623.69
560.895	627.69
561.107	645.69
561.32	633.69
561.532	618.69
561.744	612.69
561.956	612.69
562.168	602.69
562.381	617.69
562.593	597.69
562.805	618.69
563.017	613.69
563.229	624.69
563.441	624.69
563.653	617.69
563.865	611.69
564.077	615.69
564.289	600.69
564.501	629.69
564.713	653.69
564.925	630.69
565.137	631.69
565.349	632.69
565.561	665.69
565.773	649.69
565.985	696.69
566.197	716.69
566.408	750.69
566.62	788.69
566.832	852.69
567.044	826.69
567.255	845.69
567.467	841.69
567.679	858.69
567.891	926.69
568.102	947.69
568.314	903.69
568.526	810.69
568.737	762.69
568.949	706.69
569.161	662.69
569.372	648.69
569.584	616.69
569.795	617.69
570.007	607.69
570.218	662.69
570.43	616.69
570.641	606.69
570.853	595.69
571.064	584.69
571.276	597.69
571.487	592.69
571.698	569.69
571.91	552.69
572.121	527.69
572.333	549.69
572.544	523.69
572.755	537.69
572.966	511.69
573.178	500.69
573.389	536.69
573.6	536.69
573.811	534.69
574.023	475.69
574.234	496.69
574.445	512.69
574.656	492.69
574.867	501.69
575.078	474.69
575.289	504.69
575.501	493.69
575.712	473.69
575.923	459.69
576.134	489.69
576.345	489.69
576.556	469.69
576.767	488.69
576.978	471.69
577.188	481.69
577.399	468.69
577.61	443.69
577.821	469.69
578.032	452.69
578.243	511.69
578.454	800.69
578.665	591.69
578.875	482.69
579.086	446.69
579.297	441.69
579.508	454.69
579.718	458.69
579.929	439.69
580.14	420.69
580.35	446.69
580.561	426.69
580.772	426.69
580.982	439.69
581.193	448.69
581.403	430.69
581.614	432.69
581.825	427.69
582.035	420.69
582.246	439.69
582.456	398.69
582.667	412.69
582.877	408.69
583.087	428.69
583.298	439.69
583.508	409.69
583.719	416.69
583.929	414.69
584.139	403.69
584.35	421.69
584.56	413.69
584.77	403.69
584.981	406.69
585.191	416.69
585.401	388.69
585.611	406.69
585.821	405.69
586.032	383.69
586.242	404.69
586.452	397.69
586.662	406.69
586.872	418.69
587.082	394.69
587.292	410.69
587.502	400.69
587.713	412.69
587.923	398.69
588.133	404.69
588.343	409.69
588.553	386.69
588.762	399.69
588.972	406.69
589.182	404.69
589.392	412.69
589.602	422.69
589.812	444.69
590.022	415.69
590.232	384.69
590.441	401.69
590.651	403.69
590.861	398.69
591.071	405.69
591.281	405.69
591.49	401.69
591.7	411.69
591.91	418.69
592.119	417.69
592.329	432.69
592.539	427.69
592.748	450.69
592.958	452.69
593.167	441.69
593.377	443.69
593.587	462.69
593.796	473.69
594.006	473.69
594.215	459.69
594.424	452.69
594.634	448.69
594.843	416.69
595.053	424.69
595.262	429.69
595.472	421.69
595.681	401.69
595.89	416.69
596.1	388.69
596.309	383.69
596.518	381.69
596.727	383.69
596.937	356.69
597.146	384.69
597.355	371.69
597.564	376.69
597.774	374.69
597.983	368.69
598.192	370.69
598.401	352.69
598.61	355.69
598.819	332.69
599.028	337.69
599.237	355.69
599.446	360.69
599.655	363.69
599.864	353.69
600.073	368.69
600.282	339.69
600.491	345.69
600.7	336.69
600.909	336.69
601.118	356.69
601.327	352.69
601.536	353.69
601.745	366.69
601.953	356.69
602.162	354.69
602.371	363.69
602.58	360.69
602.789	362.69
602.997	352.69
603.206	356.69
603.415	370.69
603.623	346.69
603.832	346.69
604.041	336.69
604.249	325.69
604.458	348.69
604.666	354.69
604.875	336.69
605.084	344.69
605.292	337.69
605.501	346.69
605.709	356.69
605.918	342.69
606.126	338.69
606.334	337.69
606.543	328.69
606.751	341.69
606.96	344.69
607.168	326.69
607.376	354.69
607.585	340.69
607.793	339.69
608.001	325.69
608.21	324.69
608.418	335.69
608.626	339.69
608.834	340.69
609.043	339.69
609.251	340.69
609.459	330.69
609.667	349.69
609.875	368.69
610.083	358.69
610.291	330.69
610.499	344.69
610.707	352.69
610.916	375.69
611.124	357.69
611.332	355.69
611.54	346.69
611.748	348.69
611.955	332.69
612.163	337.69
612.371	321.69
612.579	318.69
612.787	320.69
612.995	338.69
613.203	334.69
613.411	321.69
613.618	324.69
613.826	314.69
614.034	337.69
614.242	323.69
614.449	305.69
614.657	326.69
614.865	325.69
615.072	333.69
615.28	305.69
615.488	317.69
615.695	321.69
615.903	323.69
616.111	298.69
616.318	326.69
616.526	314.69
616.733	324.69
616.941	327.69
617.148	308.69
617.356	315.69
617.563	321.69
617.771	335.69
617.978	325.69
618.185	331.69
618.393	299.69
618.6	297.69
618.807	312.69
619.015	307.69
619.222	302.69
619.429	293.69
619.637	315.69
619.844	303.69
620.051	279.69
620.258	289.69
620.466	289.69
620.673	291.69
620.88	263.69
621.087	277.69
621.294	274.69
621.501	285.69
621.708	289.69
621.915	289.69
622.122	280.69
622.329	301.69
622.536	287.69
622.743	260.69
622.95	272.69
623.157	291.69
623.364	302.69
623.571	280.69
623.778	258.69
623.985	267.69
624.192	280.69
624.399	292.69
624.606	284.69
624.812	263.69
625.019	268.69
625.226	281.69
625.433	266.69
625.639	259.69
625.846	246.69
626.053	259.69
626.259	237.69
626.466	233.69
626.673	246.69
626.879	280.69
627.086	266.69
627.293	261.69
627.499	253.69
627.706	268.69
627.912	272.69
628.119	262.69
628.325	259.69
628.532	254.69
628.738	260.69
628.945	245.69
629.151	258.69
629.357	241.69
629.564	239.69
629.77	238.69
629.976	236.69
630.183	249.69
630.389	256.69
630.595	245.69
630.802	226.69
631.008	236.69
631.214	230.69
631.42	250.69
631.627	257.69
631.833	244.69
632.039	232.69
632.245	251.69
632.451	237.69
632.657	236.69
632.863	235.69
633.069	255.69
633.275	239.69
633.481	241.69
633.688	224.69
633.893	252.69
634.099	240.69
634.305	243.69
634.511	243.69
634.717	251.69
634.923	237.69
635.129	246.69
635.335	257.69
635.541	252.69
635.747	252.69
635.952	273.69
636.158	284.69
636.364	366.69
636.57	418.69
636.775	346.69
636.981	300.69
637.187	300.69
637.392	265.69
637.598	260.69
637.804	260.69
638.009	274.69
638.215	253.69
638.421	233.69
638.626	232.69
638.832	250.69
639.037	235.69
639.243	221.69
639.448	225.69
639.654	229.69
639.859	229.69
640.065	240.69
640.27	230.69
640.475	236.69
640.681	223.69
640.886	217.69
641.091	213.69
641.297	221.69
641.502	207.69
641.707	205.69
641.913	228.69
642.118	202.69
642.323	209.69
642.528	213.69
642.733	225.69
642.939	192.69
643.144	210.69
643.349	205.69
643.554	203.69
643.759	215.69
643.964	205.69
644.169	198.69
644.374	198.69
644.579	210.69
644.784	204.69
644.989	219.69
645.194	196.69
645.399	196.69
645.604	213.69
645.809	207.69
646.014	209.69
646.219	220.69
646.423	204.69
646.628	202.69
646.833	201.69
647.038	185.69
647.243	210.69
647.447	204.69
647.652	207.69
647.857	201.69
648.062	213.69
648.266	217.69
648.471	205.69
648.676	211.69
648.88	201.69
649.085	208.69
649.289	212.69
649.494	202.69
649.698	215.69
649.903	216.69
650.107	204.69
650.312	210.69
650.516	209.69
650.721	211.69
650.925	198.69
651.13	182.69
651.334	183.69
651.539	184.69
651.743	176.69
651.947	177.69
652.152	172.69
652.356	172.69
652.56	170.69
652.764	164.69
652.969	161.69
653.173	173.69
653.377	164.69
653.581	164.69
653.785	164.69
653.99	170.69
654.194	159.69
654.398	168.69
654.602	158.69
654.806	154.69
655.01	178.69
655.214	154.69
655.418	141.69
655.622	158.69
655.826	143.69
656.03	165.69
656.234	167.69
656.438	150.69
656.642	157.69
656.846	181.69
657.049	158.69
657.253	151.69
657.457	133.69
657.661	145.69
657.865	119.69
658.068	118.69
658.272	127.69
658.476	119.69
658.68	117.69
658.883	122.69
659.087	116.69
659.291	107.69
659.494	110.69
659.698	115.69
659.901	112.69
660.105	99.69
660.309	105.69
660.512	108.69
660.716	101.69
660.919	97.69
661.123	97.69
661.326	108.69
661.53	92.69
661.733	93.69
661.936	81.69
662.14	89.69
662.343	89.69
662.546	93.69
662.75	87.69
662.953	89.69
663.156	71.69
663.36	83.69
663.563	84.69
663.766	73.69
663.969	78.69
664.173	79.69
664.376	82.69
664.579	90.69
664.782	78.69
664.985	71.69
665.188	80.69
665.391	91.69
665.594	77.69
665.797	81.69
666	94.69
666.203	74.69
666.406	70.69
666.609	71.69
666.812	86.69
667.015	82.69
667.218	90.69
667.421	83.69
667.624	78.69
667.827	82.69
668.03	85.69
668.232	85.69
668.435	92.69
668.638	80.69
668.841	91.69
669.043	83.69
669.246	88.69
669.449	81.69
669.651	66.69
669.854	78.69
670.057	73.69
670.259	76.69
670.462	84.69
670.665	88.69
670.867	82.69
671.07	92.69
671.272	78.69
671.475	81.69
671.677	76.69
671.88	68.69
672.082	84.69
672.284	86.69
672.487	92.69
672.689	81.69
672.892	76.69
