223.165	-11.38
223.4	-11.38
223.635	-11.38
223.869	-26.38
224.104	-15.38
224.338	-1.38
224.573	-17.38
224.808	-2.38
225.042	-10.38
225.277	-6.38
225.511	-4.38
225.746	7.62
225.98	5.62
226.215	0.62
226.449	8.62
226.683	15.62
226.918	23.62
227.152	33.62
227.387	38.62
227.621	43.62
227.856	51.62
228.09	52.62
228.324	59.62
228.559	51.62
228.793	75.62
229.027	117.62
229.262	108.62
229.496	130.62
229.73	135.62
229.964	168.62
230.199	131.62
230.433	130.62
230.667	117.62
230.901	131.62
231.136	127.62
231.37	132.62
231.604	145.62
231.838	130.62
232.072	146.62
232.306	133.62
232.541	136.62
232.775	135.62
233.009	140.62
233.243	127.62
233.477	123.62
233.711	135.62
233.945	133.62
234.179	144.62
234.413	139.62
234.647	137.62
234.881	135.62
235.115	138.62
235.349	136.62
235.583	143.62
235.817	149.62
236.051	144.62
236.285	160.62
236.519	150.62
236.753	157.62
236.987	173.62
237.221	192.62
237.455	227.62
237.689	206.62
237.922	169.62
238.156	150.62
238.39	148.62
238.624	161.62
238.858	141.62
239.091	140.62
239.325	154.62
239.559	143.62
239.793	174.62
240.027	160.62
240.26	172.62
240.494	190.62
240.728	165.62
240.961	159.62
241.195	180.62
241.429	152.62
241.662	165.62
241.896	172.62
242.13	166.62
242.363	174.62
242.597	172.62
242.83	177.62
243.064	203.62
243.298	196.62
243.531	188.62
243.765	181.62
243.998	188.62
244.232	183.62
244.465	193.62
244.699	189.62
244.932	195.62
245.166	177.62
245.399	214.62
245.633	192.62
245.866	202.62
246.099	199.62
246.333	191.62
246.566	214.62
246.8	205.62
247.033	217.62
247.266	199.62
247.5	222.62
247.733	237.62
247.966	212.62
248.2	214.62
248.433	218.62
248.666	235.62
248.899	238.62
249.133	254.62
249.366	264.62
249.599	278.62
249.832	279.62
250.066	272.62
250.299	316.62
250.532	367.62
250.765	434.62
250.998	365.62
251.231	326.62
251.465	291.62
251.698	308.62
251.931	277.62
252.164	272.62
252.397	266.62
252.63	288.62
252.863	276.62
253.096	284.62
253.329	281.62
253.562	290.62
253.795	275.62
254.028	284.62
254.261	280.62
254.494	287.62
254.727	301.62
254.96	337.62
255.193	325.62
255.426	333.62
255.659	359.62
255.892	464.62
256.124	582.62
256.357	647.62
256.59	560.62
256.823	403.62
257.056	383.62
257.289	346.62
257.521	342.62
257.754	333.62
257.987	316.62
258.22	326.62
258.452	315.62
258.685	309.62
258.918	306.62
259.151	293.62
259.383	295.62
259.616	300.62
259.849	295.62
260.081	303.62
260.314	306.62
260.547	289.62
260.779	294.62
261.012	302.62
261.244	307.62
261.477	287.62
261.71	287.62
261.942	309.62
262.175	293.62
262.407	306.62
262.64	294.62
262.872	271.62
263.105	281.62
263.337	303.62
263.57	277.62
263.802	286.62
264.035	288.62
264.267	270.62
264.499	274.62
264.732	303.62
264.964	302.62
265.197	285.62
265.429	307.62
265.661	296.62
265.894	304.62
266.126	285.62
266.358	309.62
266.591	289.62
266.823	314.62
267.055	292.62
267.287	288.62
267.52	305.62
267.752	289.62
267.984	293.62
268.216	290.62
268.448	321.62
268.681	307.62
268.913	276.62
269.145	324.62
269.377	324.62
269.609	312.62
269.841	315.62
270.073	300.62
270.306	327.62
270.538	339.62
270.77	320.62
271.002	320.62
271.234	344.62
271.466	356.62
271.698	337.62
271.93	367.62
272.162	360.62
272.394	353.62
272.626	335.62
272.858	324.62
273.09	327.62
273.322	332.62
273.553	328.62
273.785	335.62
274.017	332.62
274.249	338.62
274.481	352.62
274.713	330.62
274.945	347.62
275.176	345.62
275.408	365.62
275.64	363.62
275.872	377.62
276.104	368.62
276.335	378.62
276.567	381.62
276.799	389.62
277.031	404.62
277.262	452.62
277.494	437.62
277.726	402.62
277.957	391.62
278.189	374.62
278.421	373.62
278.652	370.62
278.884	371.62
279.115	371.62
279.347	387.62
279.579	383.62
279.81	390.62
280.042	387.62
280.273	446.62
280.505	451.62
280.736	408.62
280.968	404.62
281.199	395.62
281.431	374.62
281.662	389.62
281.894	364.62
282.125	367.62
282.356	404.62
282.588	410.62
282.819	401.62
283.051	367.62
283.282	379.62
283.513	365.62
283.745	357.62
283.976	361.62
284.207	373.62
284.439	367.62
284.67	364.62
284.901	374.62
285.132	385.62
285.364	365.62
285.595	365.62
285.826	349.62
286.057	358.62
286.288	348.62
286.52	374.62
286.751	360.62
286.982	387.62
287.213	375.62
287.444	369.62
287.675	370.62
287.906	378.62
288.138	406.62
288.369	389.62
288.6	405.62
288.831	384.62
289.062	399.62
289.293	372.62
289.524	397.62
289.755	383.62
289.986	373.62
290.217	400.62
290.448	387.62
290.679	385.62
290.91	397.62
291.141	389.62
291.371	380.62
291.602	373.62
291.833	364.62
292.064	381.62
292.295	374.62
292.526	375.62
292.757	379.62
292.987	391.62
293.218	393.62
293.449	374.62
293.68	376.62
293.91	399.62
294.141	393.62
294.372	389.62
294.603	377.62
294.833	392.62
295.064	394.62
295.295	397.62
295.525	395.62
295.756	395.62
295.987	413.62
296.217	410.62
296.448	419.62
296.679	395.62
296.909	398.62
297.14	379.62
297.37	403.62
297.601	412.62
297.831	396.62
298.062	405.62
298.292	404.62
298.523	415.62
298.753	423.62
298.984	412.62
299.214	401.62
299.445	411.62
299.675	416.62
299.905	409.62
300.136	405.62
300.366	420.62
300.597	416.62
300.827	405.62
301.057	420.62
301.288	469.62
301.518	439.62
301.748	414.62
301.979	451.62
302.209	437.62
302.439	425.62
302.669	441.62
302.9	436.62
303.13	457.62
303.36	419.62
303.59	459.62
303.82	467.62
304.051	463.62
304.281	417.62
304.511	424.62
304.741	415.62
304.971	449.62
305.201	428.62
305.431	439.62
305.661	444.62
305.891	425.62
306.121	441.62
306.352	447.62
306.582	443.62
306.812	459.62
307.042	456.62
307.272	456.62
307.502	479.62
307.731	481.62
307.961	464.62
308.191	454.62
308.421	460.62
308.651	433.62
308.881	440.62
309.111	447.62
309.341	438.62
309.571	461.62
309.8	458.62
310.03	466.62
310.26	462.62
310.49	492.62
310.72	484.62
310.949	497.62
311.179	516.62
311.409	486.62
311.639	463.62
311.868	498.62
312.098	483.62
312.328	471.62
312.557	516.62
312.787	497.62
313.017	499.62
313.246	498.62
313.476	473.62
313.706	483.62
313.935	496.62
314.165	523.62
314.394	507.62
314.624	503.62
314.853	496.62
315.083	495.62
315.312	497.62
315.542	486.62
315.771	493.62
316.001	516.62
316.23	484.62
316.46	482.62
316.689	516.62
316.919	459.62
317.148	509.62
317.377	499.62
317.607	494.62
317.836	501.62
318.065	492.62
318.295	479.62
318.524	503.62
318.753	505.62
318.983	499.62
319.212	506.62
319.441	488.62
319.67	517.62
319.9	526.62
320.129	521.62
320.358	516.62
320.587	531.62
320.816	505.62
321.046	515.62
321.275	518.62
321.504	537.62
321.733	553.62
321.962	534.62
322.191	571.62
322.42	600.62
322.649	603.62
322.878	604.62
323.108	628.62
323.337	629.62
323.566	671.62
323.795	707.62
324.024	757.62
324.253	928.62
324.482	1250.62
324.71	1956.62
324.939	2695.62
325.168	2146.62
325.397	1181.62
325.626	905.62
325.855	813.62
326.084	763.62
326.313	762.62
326.542	753.62
326.77	828.62
326.999	945.62
327.228	1253.62
327.457	1867.62
327.686	2157.62
327.914	1546.62
328.143	1312.62
328.372	1379.62
328.6	1263.62
328.829	1000.62
329.058	957.62
329.287	973.62
329.515	1005.62
329.744	1139.62
329.972	1329.62
330.201	1779.62
330.43	2147.62
330.658	1797.62
330.887	1277.62
331.115	1067.62
331.344	936.62
331.572	882.62
331.801	859.62
332.03	839.62
332.258	842.62
332.486	832.62
332.715	854.62
332.943	856.62
333.172	918.62
333.4	992.62
333.629	1086.62
333.857	1251.62
334.085	1504.62
334.314	1987.62
334.542	2663.62
334.771	2782.62
334.999	1795.62
335.227	1255.62
335.455	1048.62
335.684	895.62
335.912	890.62
336.14	802.62
336.369	780.62
336.597	779.62
336.825	743.62
337.053	730.62
337.281	714.62
337.51	692.62
337.738	666.62
337.966	677.62
338.194	678.62
338.422	632.62
338.65	665.62
338.878	659.62
339.106	648.62
339.334	645.62
339.562	620.62
339.79	601.62
340.018	609.62
340.246	597.62
340.474	605.62
340.702	604.62
340.93	623.62
341.158	600.62
341.386	584.62
341.614	616.62
341.842	612.62
342.07	584.62
342.298	585.62
342.526	591.62
342.754	597.62
342.981	575.62
343.209	567.62
343.437	602.62
343.665	611.62
343.893	638.62
344.12	662.62
344.348	637.62
344.576	630.62
344.804	623.62
345.031	615.62
345.259	617.62
345.487	615.62
345.714	587.62
345.942	590.62
346.17	574.62
346.397	597.62
346.625	579.62
346.853	569.62
347.08	590.62
347.308	576.62
347.535	600.62
347.763	601.62
347.99	588.62
348.218	581.62
348.445	604.62
348.673	589.62
348.9	563.62
349.128	572.62
349.355	584.62
349.583	588.62
349.81	563.62
350.037	570.62
350.265	565.62
350.492	579.62
350.72	558.62
350.947	568.62
351.174	561.62
351.402	578.62
351.629	571.62
351.856	593.62
352.083	597.62
352.311	574.62
352.538	595.62
352.765	600.62
352.992	583.62
353.22	600.62
353.447	585.62
353.674	579.62
353.901	566.62
354.128	544.62
354.355	559.62
354.583	602.62
354.81	572.62
355.037	568.62
355.264	569.62
355.491	545.62
355.718	541.62
355.945	555.62
356.172	555.62
356.399	558.62
356.626	568.62
356.853	568.62
357.08	562.62
357.307	544.62
357.534	559.62
357.761	556.62
357.988	565.62
358.215	550.62
358.441	552.62
358.668	552.62
358.895	575.62
359.122	581.62
359.349	564.62
359.576	567.62
359.802	619.62
360.029	638.62
360.256	648.62
360.483	613.62
360.709	598.62
360.936	607.62
361.163	596.62
361.39	584.62
361.616	592.62
361.843	607.62
362.07	604.62
362.296	587.62
362.523	583.62
362.749	571.62
362.976	569.62
363.203	568.62
363.429	583.62
363.656	582.62
363.882	576.62
364.109	575.62
364.335	577.62
364.562	561.62
364.788	570.62
365.015	552.62
365.241	571.62
365.468	578.62
365.694	594.62
365.92	587.62
366.147	583.62
366.373	571.62
366.599	567.62
366.826	557.62
367.052	583.62
367.278	580.62
367.505	577.62
367.731	594.62
367.957	575.62
368.184	584.62
368.41	590.62
368.636	597.62
368.862	595.62
369.089	590.62
369.315	593.62
369.541	590.62
369.767	589.62
369.993	595.62
370.219	623.62
370.445	620.62
370.672	612.62
370.898	604.62
371.124	607.62
371.35	603.62
371.576	601.62
371.802	615.62
372.028	602.62
372.254	606.62
372.48	623.62
372.706	613.62
372.932	636.62
373.158	645.62
373.384	612.62
373.61	586.62
373.835	607.62
374.061	587.62
374.287	628.62
374.513	607.62
374.739	635.62
374.965	631.62
375.191	661.62
375.416	650.62
375.642	624.62
375.868	624.62
376.094	630.62
376.319	616.62
376.545	615.62
376.771	615.62
376.997	631.62
377.222	630.62
377.448	585.62
377.674	608.62
377.899	609.62
378.125	592.62
378.35	605.62
378.576	605.62
378.802	615.62
379.027	588.62
379.253	605.62
379.478	592.62
379.704	597.62
379.929	604.62
380.155	593.62
380.38	591.62
380.606	622.62
380.831	587.62
381.057	611.62
381.282	615.62
381.507	577.62
381.733	612.62
381.958	639.62
382.184	619.62
382.409	629.62
382.634	627.62
382.86	630.62
383.085	646.62
383.31	636.62
383.535	659.62
383.761	680.62
383.986	652.62
384.211	679.62
384.436	678.62
384.662	687.62
384.887	703.62
385.112	678.62
385.337	680.62
385.562	694.62
385.787	710.62
386.013	691.62
386.238	669.62
386.463	692.62
386.688	689.62
386.913	665.62
387.138	710.62
387.363	702.62
387.588	678.62
387.813	712.62
388.038	701.62
388.263	683.62
388.488	705.62
388.713	704.62
388.938	678.62
389.163	667.62
389.387	671.62
389.612	661.62
389.837	655.62
390.062	675.62
390.287	685.62
390.512	707.62
390.736	695.62
390.961	679.62
391.186	714.62
391.411	725.62
391.636	741.62
391.86	762.62
392.085	761.62
392.31	752.62
392.534	732.62
392.759	734.62
392.984	736.62
393.208	715.62
393.433	711.62
393.658	708.62
393.882	740.62
394.107	734.62
394.331	747.62
394.556	726.62
394.78	721.62
395.005	743.62
395.229	775.62
395.454	755.62
395.678	766.62
395.903	777.62
396.127	783.62
396.352	775.62
396.576	738.62
396.801	727.62
397.025	773.62
397.249	760.62
397.474	792.62
397.698	768.62
397.922	783.62
398.147	788.62
398.371	799.62
398.595	813.62
398.82	852.62
399.044	878.62
399.268	947.62
399.492	1085.62
399.717	1139.62
399.941	1197.62
400.165	1083.62
400.389	1036.62
400.613	941.62
400.837	907.62
401.062	896.62
401.286	868.62
401.51	855.62
401.734	856.62
401.958	867.62
402.182	913.62
402.406	925.62
402.63	935.62
402.854	925.62
403.078	949.62
403.302	961.62
403.526	973.62
403.75	976.62
403.974	996.62
404.198	980.62
404.422	999.62
404.645	1048.62
404.869	1067.62
405.093	1131.62
405.317	1213.62
405.541	1218.62
405.765	1134.62
405.988	1069.62
406.212	1078.62
406.436	1042.62
406.66	1072.62
406.883	1012.62
407.107	1065.62
407.331	1147.62
407.555	1191.62
407.778	1179.62
408.002	1136.62
408.226	1097.62
408.449	1030.62
408.673	1027.62
408.896	1045.62
409.12	1054.62
409.344	1054.62
409.567	996.62
409.791	995.62
410.014	994.62
410.238	997.62
410.461	994.62
410.685	985.62
410.908	994.62
411.132	998.62
411.355	1007.62
411.578	972.62
411.802	955.62
412.025	1007.62
412.249	1061.62
412.472	1140.62
412.695	1256.62
412.919	1176.62
413.142	1105.62
413.365	1052.62
413.589	1025.62
413.812	963.62
414.035	963.62
414.258	960.62
414.482	962.62
414.705	917.62
414.928	948.62
415.151	953.62
415.374	905.62
415.597	917.62
415.821	893.62
416.044	915.62
416.267	963.62
416.49	883.62
416.713	897.62
416.936	914.62
417.159	911.62
417.382	935.62
417.605	947.62
417.828	974.62
418.051	968.62
418.274	959.62
418.497	946.62
418.72	922.62
418.943	927.62
419.166	1011.62
419.389	1012.62
419.611	1014.62
419.834	1073.62
420.057	1051.62
420.28	1077.62
420.503	1123.62
420.726	1075.62
420.948	1067.62
421.171	1056.62
421.394	1043.62
421.617	967.62
421.839	972.62
422.062	980.62
422.285	964.62
422.507	1057.62
422.73	1072.62
422.953	1027.62
423.175	981.62
423.398	976.62
423.621	975.62
423.843	1023.62
424.066	1003.62
424.288	988.62
424.511	1025.62
424.733	1050.62
424.956	1108.62
425.178	1077.62
425.401	1044.62
425.623	1069.62
425.846	948.62
426.068	955.62
426.291	963.62
426.513	932.62
426.735	936.62
426.958	950.62
427.18	1034.62
427.402	1156.62
427.625	1316.62
427.847	1263.62
428.069	1225.62
428.292	1103.62
428.514	989.62
428.736	948.62
428.958	947.62
429.181	889.62
429.403	900.62
429.625	884.62
429.847	940.62
430.069	948.62
430.292	975.62
430.514	899.62
430.736	864.62
430.958	839.62
431.18	875.62
431.402	885.62
431.624	850.62
431.846	856.62
432.068	848.62
432.29	862.62
432.512	865.62
432.734	884.62
432.956	848.62
433.178	870.62
433.4	873.62
433.622	858.62
433.844	877.62
434.066	880.62
434.287	878.62
434.509	895.62
434.731	932.62
434.953	892.62
435.175	971.62
435.397	949.62
435.618	957.62
435.84	982.62
436.062	1009.62
436.284	1061.62
436.505	973.62
436.727	932.62
436.949	926.62
437.17	899.62
437.392	881.62
437.614	894.62
437.835	911.62
438.057	985.62
438.278	1068.62
438.5	1060.62
438.721	1158.62
438.943	1099.62
439.165	952.62
439.386	906.62
439.608	916.62
439.829	939.62
440.05	965.62
440.272	1001.62
440.493	950.62
440.715	936.62
440.936	926.62
441.158	924.62
441.379	921.62
441.6	935.62
441.822	964.62
442.043	1029.62
442.264	1060.62
442.486	1107.62
442.707	995.62
442.928	980.62
443.149	995.62
443.371	998.62
443.592	1040.62
443.813	1125.62
444.034	1146.62
444.255	1080.62
444.476	1055.62
444.698	1060.62
444.919	1117.62
445.14	1186.62
445.361	1083.62
445.582	1045.62
445.803	1057.62
446.024	1148.62
446.245	1151.62
446.466	1074.62
446.687	974.62
446.908	929.62
447.129	922.62
447.35	867.62
447.571	866.62
447.792	865.62
448.013	854.62
448.234	867.62
448.455	926.62
448.675	1007.62
448.896	1069.62
449.117	983.62
449.338	964.62
449.559	1064.62
449.779	1138.62
450	971.62
450.221	899.62
450.442	879.62
450.662	849.62
450.883	865.62
451.104	877.62
451.324	903.62
451.545	864.62
451.766	837.62
451.986	813.62
452.207	828.62
452.428	827.62
452.648	780.62
452.869	793.62
453.089	802.62
453.31	822.62
453.53	799.62
453.751	788.62
453.971	792.62
454.192	835.62
454.412	814.62
454.633	795.62
454.853	798.62
455.073	770.62
455.294	789.62
455.514	839.62
455.734	845.62
455.955	779.62
456.175	744.62
456.395	763.62
456.616	747.62
456.836	747.62
457.056	722.62
457.276	725.62
457.497	729.62
457.717	742.62
457.937	762.62
458.157	786.62
458.377	780.62
458.598	804.62
458.818	888.62
459.038	954.62
459.258	965.62
459.478	910.62
459.698	875.62
459.918	881.62
460.138	901.62
460.358	957.62
460.578	925.62
460.798	904.62
461.018	962.62
461.238	933.62
461.458	926.62
461.678	934.62
461.898	922.62
462.118	948.62
462.338	978.62
462.558	993.62
462.777	1041.62
462.997	1075.62
463.217	1163.62
463.437	1151.62
463.657	1097.62
463.876	1078.62
464.096	1065.62
464.316	1069.62
464.536	1091.62
464.755	1068.62
464.975	1016.62
465.195	1105.62
465.414	1126.62
465.634	1030.62
465.854	936.62
466.073	900.62
466.293	876.62
466.512	876.62
466.732	862.62
466.951	860.62
467.171	853.62
467.391	868.62
467.61	865.62
467.829	951.62
468.049	1101.62
468.268	1505.62
468.488	1226.62
468.707	1010.62
468.927	933.62
469.146	889.62
469.365	893.62
469.585	887.62
469.804	918.62
470.023	925.62
470.243	887.62
470.462	903.62
470.681	973.62
470.901	928.62
471.12	940.62
471.339	943.62
471.558	955.62
471.777	988.62
471.997	1064.62
472.216	1477.62
472.435	2680.62
472.654	2154.62
472.873	1429.62
473.092	1200.62
473.311	1083.62
473.53	1005.62
473.749	988.62
473.968	1011.62
474.187	1069.62
474.406	1023.62
474.625	954.62
474.844	917.62
475.063	896.62
475.282	891.62
475.501	914.62
475.72	899.62
475.939	898.62
476.158	919.62
476.377	903.62
476.596	896.62
476.814	915.62
477.033	922.62
477.252	932.62
477.471	973.62
477.69	983.62
477.908	995.62
478.127	1012.62
478.346	1017.62
478.564	1040.62
478.783	1040.62
479.002	1035.62
479.22	1048.62
479.439	1068.62
479.658	1094.62
479.876	1102.62
480.095	1128.62
480.313	1165.62
480.532	1279.62
480.751	1378.62
480.969	1740.62
481.188	3478.62
481.406	4627.62
481.624	2551.62
481.843	1839.62
482.061	1589.62
482.28	1408.62
482.498	1313.62
482.717	1247.62
482.935	1249.62
483.153	1193.62
483.372	1173.62
483.59	1180.62
483.808	1126.62
484.027	1115.62
484.245	1139.62
484.463	1131.62
484.681	1124.62
484.9	1135.62
485.118	1141.62
485.336	1159.62
485.554	1111.62
485.772	1113.62
485.99	1125.62
486.209	1154.62
486.427	1125.62
486.645	1140.62
486.863	1129.62
487.081	1132.62
487.299	1111.62
487.517	1144.62
487.735	1161.62
487.953	1129.62
488.171	1157.62
488.389	1168.62
488.607	1145.62
488.825	1111.62
489.043	1139.62
489.261	1149.62
489.479	1161.62
489.696	1175.62
489.914	1168.62
490.132	1208.62
490.35	1204.62
490.568	1272.62
490.786	1297.62
491.003	1326.62
491.221	1340.62
491.439	1387.62
491.657	1413.62
491.874	1456.62
492.092	1475.62
492.31	1486.62
492.527	1557.62
492.745	1549.62
492.963	1535.62
493.18	1540.62
493.398	1510.62
493.615	1523.62
493.833	1467.62
494.05	1476.62
494.268	1436.62
494.485	1402.62
494.703	1357.62
494.92	1399.62
495.138	1375.62
495.355	1326.62
495.573	1318.62
495.79	1307.62
496.008	1327.62
496.225	1332.62
496.442	1309.62
496.66	1327.62
496.877	1299.62
497.094	1313.62
497.312	1318.62
497.529	1330.62
497.746	1385.62
497.963	1354.62
498.181	1359.62
498.398	1421.62
498.615	1439.62
498.832	1514.62
499.049	1555.62
499.267	1616.62
499.484	1745.62
499.701	1820.62
499.918	2017.62
500.135	2214.62
500.352	2417.62
500.569	2479.62
500.786	2559.62
501.003	2378.62
501.22	2147.62
501.437	1993.62
501.654	1800.62
501.871	1727.62
502.088	1597.62
502.305	1537.62
502.522	1504.62
502.739	1422.62
502.956	1347.62
503.172	1315.62
503.389	1266.62
503.606	1288.62
503.823	1230.62
504.04	1267.62
504.256	1224.62
504.473	1281.62
504.69	1261.62
504.907	1247.62
505.123	1204.62
505.34	1169.62
505.557	1076.62
505.773	1104.62
505.99	1124.62
506.207	1075.62
506.423	1095.62
506.64	1047.62
506.856	1036.62
507.073	1061.62
507.289	1050.62
507.506	1072.62
507.722	1083.62
507.939	1087.62
508.155	1068.62
508.372	1047.62
508.588	1009.62
508.805	1014.62
509.021	981.62
509.238	995.62
509.454	1005.62
509.67	1003.62
509.887	981.62
510.103	992.62
510.319	1039.62
510.536	1208.62
510.752	2119.62
510.968	1641.62
511.184	1087.62
511.401	1051.62
511.617	1056.62
511.833	1121.62
512.049	1129.62
512.265	1101.62
512.481	1071.62
512.698	1056.62
512.914	1008.62
513.13	1021.62
513.346	982.62
513.562	986.62
513.778	1012.62
513.994	1010.62
514.21	1017.62
514.426	1044.62
514.642	1114.62
514.858	1119.62
515.074	1201.62
515.29	1412.62
515.506	2003.62
515.721	1614.62
515.937	1187.62
516.153	1124.62
516.369	1085.62
516.585	1085.62
516.801	1074.62
517.016	1087.62
517.232	1119.62
517.448	1156.62
517.664	1193.62
517.879	1204.62
518.095	1151.62
518.311	1144.62
518.527	1087.62
518.742	1060.62
518.958	1047.62
519.173	1017.62
519.389	1063.62
519.605	1017.62
519.82	996.62
520.036	996.62
520.251	1031.62
520.467	1053.62
520.682	1055.62
520.898	1063.62
521.113	1120.62
521.329	1142.62
521.544	1248.62
521.76	1612.62
521.975	2600.62
522.19	2398.62
522.406	1379.62
522.621	1081.62
522.836	1026.62
523.052	993.62
523.267	921.62
523.482	940.62
523.698	903.62
523.913	918.62
524.128	910.62
524.343	892.62
524.559	897.62
524.774	865.62
524.989	888.62
525.204	895.62
525.419	850.62
525.634	851.62
525.849	841.62
526.064	824.62
526.28	817.62
526.495	800.62
526.71	811.62
526.925	797.62
527.14	789.62
527.355	787.62
527.57	798.62
527.785	824.62
527.999	811.62
528.214	820.62
528.429	828.62
528.644	831.62
528.859	826.62
529.074	836.62
529.289	882.62
529.503	960.62
529.718	932.62
529.933	868.62
530.148	849.62
530.363	814.62
530.577	799.62
530.792	821.62
531.007	783.62
531.221	798.62
531.436	814.62
531.651	788.62
531.865	785.62
532.08	811.62
532.295	799.62
532.509	805.62
532.724	790.62
532.938	761.62
533.153	796.62
533.367	805.62
533.582	813.62
533.796	806.62
534.011	807.62
534.225	776.62
534.44	775.62
534.654	771.62
534.868	780.62
535.083	795.62
535.297	758.62
535.511	777.62
535.726	786.62
535.94	774.62
536.154	756.62
536.369	767.62
536.583	724.62
536.797	727.62
537.011	744.62
537.225	742.62
537.44	745.62
537.654	749.62
537.868	733.62
538.082	742.62
538.296	745.62
538.51	731.62
538.724	767.62
538.938	743.62
539.153	765.62
539.367	734.62
539.581	736.62
539.795	753.62
540.009	715.62
540.222	739.62
540.436	747.62
540.65	753.62
540.864	739.62
541.078	744.62
541.292	757.62
541.506	754.62
541.72	754.62
541.934	754.62
542.147	743.62
542.361	740.62
542.575	721.62
542.789	720.62
543.002	715.62
543.216	723.62
543.43	707.62
543.644	734.62
543.857	711.62
544.071	723.62
544.285	746.62
544.498	726.62
544.712	717.62
544.925	735.62
545.139	724.62
545.352	725.62
545.566	739.62
545.779	734.62
545.993	738.62
546.206	729.62
546.42	724.62
546.633	719.62
546.847	724.62
547.06	753.62
547.274	727.62
547.487	741.62
547.7	719.62
547.914	734.62
548.127	737.62
548.34	726.62
548.554	735.62
548.767	740.62
548.98	723.62
549.193	723.62
549.407	715.62
549.62	733.62
549.833	727.62
550.046	710.62
550.259	732.62
550.473	695.62
550.686	717.62
550.899	697.62
551.112	693.62
551.325	675.62
551.538	699.62
551.751	689.62
551.964	707.62
552.177	700.62
552.39	728.62
552.603	721.62
552.816	722.62
553.029	733.62
553.242	767.62
553.455	748.62
553.667	773.62
553.88	749.62
554.093	756.62
554.306	762.62
554.519	730.62
554.732	732.62
554.944	699.62
555.157	675.62
555.37	687.62
555.583	679.62
555.795	652.62
556.008	655.62
556.221	655.62
556.433	673.62
556.646	625.62
556.859	641.62
557.071	654.62
557.284	650.62
557.496	633.62
557.709	623.62
557.921	641.62
558.134	631.62
558.346	635.62
558.559	621.62
558.771	631.62
558.984	603.62
559.196	592.62
559.409	607.62
559.621	597.62
559.833	615.62
560.046	590.62
560.258	605.62
560.47	630.62
560.683	607.62
560.895	601.62
561.107	598.62
561.32	583.62
561.532	606.62
561.744	593.62
561.956	612.62
562.168	604.62
562.381	573.62
562.593	592.62
562.805	586.62
563.017	575.62
563.229	597.62
563.441	589.62
563.653	600.62
563.865	595.62
564.077	587.62
564.289	598.62
564.501	637.62
564.713	620.62
564.925	638.62
565.137	635.62
565.349	642.62
565.561	633.62
565.773	649.62
565.985	688.62
566.197	694.62
566.408	744.62
566.62	786.62
566.832	783.62
567.044	802.62
567.255	815.62
567.467	845.62
567.679	847.62
567.891	947.62
568.102	932.62
568.314	853.62
568.526	798.62
568.737	761.62
568.949	717.62
569.161	661.62
569.372	616.62
569.584	632.62
569.795	595.62
570.007	593.62
570.218	659.62
570.43	621.62
570.641	604.62
570.853	563.62
571.064	587.62
571.276	585.62
571.487	564.62
571.698	548.62
571.91	542.62
572.121	532.62
572.333	525.62
572.544	512.62
572.755	509.62
572.966	495.62
573.178	516.62
573.389	465.62
573.6	478.62
573.811	471.62
574.023	487.62
574.234	486.62
574.445	501.62
574.656	477.62
574.867	478.62
575.078	481.62
575.289	486.62
575.501	480.62
575.712	468.62
575.923	477.62
576.134	463.62
576.345	480.62
576.556	461.62
576.767	457.62
576.978	459.62
577.188	453.62
577.399	450.62
577.61	435.62
577.821	458.62
578.032	456.62
578.243	503.62
578.454	789.62
578.665	581.62
578.875	470.62
579.086	436.62
579.297	447.62
579.508	448.62
579.718	442.62
579.929	420.62
580.14	411.62
580.35	401.62
580.561	422.62
580.772	422.62
580.982	426.62
581.193	408.62
581.403	423.62
581.614	408.62
581.825	410.62
582.035	420.62
582.246	404.62
582.456	427.62
582.667	424.62
582.877	416.62
583.087	406.62
583.298	401.62
583.508	402.62
583.719	390.62
583.929	385.62
584.139	404.62
584.35	411.62
584.56	403.62
584.77	408.62
584.981	416.62
585.191	416.62
585.401	395.62
585.611	388.62
585.821	381.62
586.032	397.62
586.242	385.62
586.452	381.62
586.662	401.62
586.872	384.62
587.082	388.62
587.292	400.62
587.502	414.62
587.713	414.62
587.923	400.62
588.133	379.62
588.343	398.62
588.553	375.62
588.762	380.62
588.972	409.62
589.182	370.62
589.392	410.62
589.602	425.62
589.812	406.62
590.022	373.62
590.232	411.62
590.441	403.62
590.651	408.62
590.861	402.62
591.071	400.62
591.281	391.62
591.49	398.62
591.7	401.62
591.91	405.62
592.119	390.62
592.329	420.62
592.539	392.62
592.748	417.62
592.958	446.62
593.167	430.62
593.377	441.62
593.587	446.62
593.796	451.62
594.006	452.62
594.215	452.62
594.424	439.62
594.634	451.62
594.843	419.62
595.053	415.62
595.262	421.62
595.472	408.62
595.681	386.62
595.89	366.62
596.1	389.62
596.309	366.62
596.518	356.62
596.727	376.62
596.937	363.62
597.146	372.62
597.355	368.62
597.564	359.62
597.774	347.62
597.983	356.62
598.192	351.62
598.401	327.62
598.61	346.62
598.819	356.62
599.028	344.62
599.237	339.62
599.446	346.62
599.655	346.62
599.864	342.62
600.073	347.62
600.282	341.62
600.491	332.62
600.7	365.62
600.909	352.62
601.118	340.62
601.327	343.62
601.536	343.62
601.745	344.62
601.953	347.62
602.162	328.62
602.371	335.62
602.58	356.62
602.789	341.62
602.997	319.62
603.206	351.62
603.415	352.62
603.623	333.62
603.832	343.62
604.041	340.62
604.249	362.62
604.458	323.62
604.666	352.62
604.875	343.62
605.084	328.62
605.292	336.62
605.501	311.62
605.709	321.62
605.918	332.62
606.126	321.62
606.334	333.62
606.543	338.62
606.751	368.62
606.96	332.62
607.168	311.62
607.376	326.62
607.585	337.62
607.793	324.62
608.001	335.62
608.21	318.62
608.418	308.62
608.626	330.62
608.834	321.62
609.043	325.62
609.251	316.62
609.459	328.62
609.667	329.62
609.875	324.62
610.083	326.62
610.291	326.62
610.499	326.62
610.707	328.62
610.916	325.62
611.124	336.62
611.332	324.62
611.54	322.62
611.748	326.62
611.955	320.62
612.163	318.62
612.371	331.62
612.579	327.62
612.787	316.62
612.995	336.62
613.203	321.62
613.411	319.62
613.618	289.62
613.826	311.62
614.034	308.62
614.242	324.62
614.449	319.62
614.657	322.62
614.865	320.62
615.072	306.62
615.28	312.62
615.488	308.62
615.695	311.62
615.903	300.62
616.111	321.62
616.318	329.62
616.526	302.62
616.733	322.62
616.941	295.62
617.148	291.62
617.356	305.62
617.563	304.62
617.771	329.62
617.978	285.62
618.185	295.62
618.393	308.62
618.6	292.62
618.807	315.62
619.015	324.62
619.222	308.62
619.429	293.62
619.637	311.62
619.844	291.62
620.051	291.62
620.258	284.62
620.466	288.62
620.673	278.62
620.88	279.62
621.087	283.62
621.294	291.62
621.501	279.62
621.708	267.62
621.915	274.62
622.122	268.62
622.329	272.62
622.536	279.62
622.743	289.62
622.95	277.62
623.157	282.62
623.364	280.62
623.571	272.62
623.778	261.62
623.985	275.62
624.192	271.62
624.399	263.62
624.606	264.62
624.812	261.62
625.019	276.62
625.226	273.62
625.433	269.62
625.639	256.62
625.846	260.62
626.053	236.62
626.259	249.62
626.466	252.62
626.673	255.62
626.879	253.62
627.086	251.62
627.293	259.62
627.499	263.62
627.706	259.62
627.912	259.62
628.119	256.62
628.325	252.62
628.532	256.62
628.738	267.62
628.945	266.62
629.151	257.62
629.357	244.62
629.564	237.62
629.77	237.62
629.976	238.62
630.183	231.62
630.389	238.62
630.595	227.62
630.802	243.62
631.008	246.62
631.214	254.62
631.42	235.62
631.627	241.62
631.833	245.62
632.039	219.62
632.245	230.62
632.451	241.62
632.657	235.62
632.863	239.62
633.069	223.62
633.275	232.62
633.481	231.62
633.688	235.62
633.893	235.62
634.099	251.62
634.305	227.62
634.511	233.62
634.717	220.62
634.923	243.62
635.129	215.62
635.335	240.62
635.541	227.62
635.747	241.62
635.952	251.62
636.158	263.62
636.364	348.62
636.57	388.62
636.775	329.62
636.981	301.62
637.187	286.62
637.392	265.62
637.598	251.62
637.804	260.62
638.009	231.62
638.215	237.62
638.421	250.62
638.626	227.62
638.832	219.62
639.037	224.62
639.243	205.62
639.448	212.62
639.654	212.62
639.859	213.62
640.065	209.62
640.27	220.62
640.475	205.62
640.681	222.62
640.886	203.62
641.091	222.62
641.297	215.62
641.502	210.62
641.707	221.62
641.913	205.62
642.118	219.62
642.323	204.62
642.528	197.62
642.733	201.62
642.939	214.62
643.144	179.62
643.349	196.62
643.554	200.62
643.759	218.62
643.964	205.62
644.169	201.62
644.374	192.62
644.579	197.62
644.784	197.62
644.989	209.62
645.194	217.62
645.399	201.62
645.604	177.62
645.809	215.62
646.014	222.62
646.219	226.62
646.423	207.62
646.628	181.62
646.833	197.62
647.038	198.62
647.243	210.62
647.447	188.62
647.652	208.62
647.857	208.62
648.062	209.62
648.266	205.62
648.471	194.62
648.676	211.62
648.88	209.62
649.085	212.62
649.289	207.62
649.494	221.62
649.698	235.62
649.903	209.62
650.107	211.62
650.312	213.62
650.516	202.62
650.721	204.62
650.925	194.62
651.13	194.62
651.334	184.62
651.539	177.62
651.743	150.62
651.947	155.62
652.152	180.62
652.356	164.62
652.56	175.62
652.764	165.62
652.969	159.62
653.173	157.62
653.377	149.62
653.581	152.62
653.785	169.62
653.99	171.62
654.194	151.62
654.398	160.62
654.602	153.62
654.806	166.62
655.01	183.62
655.214	148.62
655.418	160.62
655.622	159.62
655.826	167.62
656.03	158.62
656.234	155.62
656.438	159.62
656.642	150.62
656.846	151.62
657.049	148.62
657.253	146.62
657.457	153.62
657.661	137.62
657.865	133.62
658.068	130.62
658.272	141.62
658.476	134.62
658.68	123.62
658.883	116.62
659.087	115.62
659.291	113.62
659.494	108.62
659.698	95.62
659.901	115.62
660.105	107.62
660.309	114.62
660.512	99.62
660.716	102.62
660.919	89.62
661.123	102.62
661.326	86.62
661.53	84.62
661.733	87.62
661.936	89.62
662.14	95.62
662.343	79.62
662.546	84.62
662.75	96.62
662.953	97.62
663.156	84.62
663.36	81.62
663.563	99.62
663.766	78.62
663.969	91.62
664.173	92.62
664.376	84.62
664.579	78.62
664.782	87.62
664.985	91.62
665.188	83.62
665.391	70.62
665.594	86.62
665.797	85.62
666	86.62
666.203	70.62
666.406	82.62
666.609	78.62
666.812	87.62
667.015	70.62
667.218	98.62
667.421	97.62
667.624	93.62
667.827	92.62
668.03	75.62
668.232	81.62
668.435	77.62
668.638	77.62
668.841	100.62
669.043	90.62
669.246	86.62
669.449	86.62
669.651	83.62
669.854	63.62
670.057	76.62
670.259	85.62
670.462	89.62
670.665	96.62
670.867	84.62
671.07	84.62
671.272	83.62
671.475	77.62
671.677	82.62
671.88	71.62
672.082	79.62
672.284	84.62
672.487	85.62
672.689	89.62
672.892	70.62
