223.165	-8.62
223.4	-8.62
223.635	-8.62
223.869	-6.62
224.104	-20.62
224.338	-11.62
224.573	-2.62
224.808	-2.62
225.042	-10.62
225.277	-15.62
225.511	-4.62
225.746	-5.62
225.98	-2.62
226.215	11.38
226.449	3.38
226.683	27.38
226.918	29.38
227.152	20.38
227.387	30.38
227.621	49.38
227.856	46.38
228.09	44.38
228.324	41.38
228.559	56.38
228.793	70.38
229.027	105.38
229.262	117.38
229.496	115.38
229.73	157.38
229.964	178.38
230.199	135.38
230.433	135.38
230.667	129.38
230.901	139.38
231.136	138.38
231.37	118.38
231.604	131.38
231.838	139.38
232.072	127.38
232.306	138.38
232.541	138.38
232.775	126.38
233.009	128.38
233.243	148.38
233.477	157.38
233.711	150.38
233.945	134.38
234.179	132.38
234.413	130.38
234.647	144.38
234.881	143.38
235.115	153.38
235.349	143.38
235.583	148.38
235.817	149.38
236.051	146.38
236.285	156.38
236.519	148.38
236.753	171.38
236.987	177.38
237.221	201.38
237.455	259.38
237.689	206.38
237.922	177.38
238.156	149.38
238.39	152.38
238.624	149.38
238.858	163.38
239.091	159.38
239.325	143.38
239.559	160.38
239.793	163.38
240.027	162.38
240.26	164.38
240.494	194.38
240.728	179.38
240.961	186.38
241.195	190.38
241.429	188.38
241.662	175.38
241.896	177.38
242.13	157.38
242.363	176.38
242.597	183.38
242.83	183.38
243.064	168.38
243.298	194.38
243.531	186.38
243.765	186.38
243.998	192.38
244.232	179.38
244.465	188.38
244.699	185.38
244.932	202.38
245.166	198.38
245.399	215.38
245.633	198.38
245.866	198.38
246.099	208.38
246.333	198.38
246.566	196.38
246.8	196.38
247.033	206.38
247.266	218.38
247.5	198.38
247.733	230.38
247.966	213.38
248.2	237.38
248.433	238.38
248.666	232.38
248.899	259.38
249.133	257.38
249.366	281.38
249.599	279.38
249.832	257.38
250.066	299.38
250.299	321.38
250.532	387.38
250.765	444.38
250.998	378.38
251.231	342.38
251.465	322.38
251.698	281.38
251.931	291.38
252.164	288.38
252.397	257.38
252.63	271.38
252.863	273.38
253.096	270.38
253.329	286.38
253.562	298.38
253.795	278.38
254.028	268.38
254.261	290.38
254.494	291.38
254.727	320.38
254.96	312.38
255.193	331.38
255.426	345.38
255.659	373.38
255.892	462.38
256.124	613.38
256.357	647.38
256.59	510.38
256.823	428.38
257.056	388.38
257.289	354.38
257.521	342.38
257.754	325.38
257.987	305.38
258.22	303.38
258.452	313.38
258.685	299.38
258.918	294.38
259.151	315.38
259.383	273.38
259.616	304.38
259.849	304.38
260.081	321.38
260.314	317.38
260.547	310.38
260.779	326.38
261.012	304.38
261.244	293.38
261.477	305.38
261.71	279.38
261.942	296.38
262.175	296.38
262.407	297.38
262.64	278.38
262.872	294.38
263.105	277.38
263.337	296.38
263.57	271.38
263.802	277.38
264.035	259.38
264.267	269.38
264.499	275.38
264.732	277.38
264.964	294.38
265.197	285.38
265.429	305.38
265.661	288.38
265.894	296.38
266.126	287.38
266.358	294.38
266.591	292.38
266.823	297.38
267.055	289.38
267.287	306.38
267.52	305.38
267.752	307.38
267.984	304.38
268.216	292.38
268.448	289.38
268.681	319.38
268.913	296.38
269.145	322.38
269.377	332.38
269.609	327.38
269.841	328.38
270.073	324.38
270.306	344.38
270.538	356.38
270.77	342.38
271.002	354.38
271.234	341.38
271.466	357.38
271.698	357.38
271.93	373.38
272.162	355.38
272.394	359.38
272.626	367.38
272.858	342.38
273.09	331.38
273.322	353.38
273.553	313.38
273.785	346.38
274.017	339.38
274.249	359.38
274.481	346.38
274.713	339.38
274.945	343.38
275.176	365.38
275.408	332.38
275.64	342.38
275.872	346.38
276.104	353.38
276.335	353.38
276.567	361.38
276.799	407.38
277.031	428.38
277.262	433.38
277.494	427.38
277.726	399.38
277.957	390.38
278.189	370.38
278.421	383.38
278.652	369.38
278.884	369.38
279.115	377.38
279.347	375.38
279.579	362.38
279.81	387.38
280.042	406.38
280.273	445.38
280.505	448.38
280.736	398.38
280.968	381.38
281.199	402.38
281.431	386.38
281.662	368.38
281.894	365.38
282.125	382.38
282.356	377.38
282.588	426.38
282.819	431.38
283.051	387.38
283.282	377.38
283.513	384.38
283.745	352.38
283.976	351.38
284.207	377.38
284.439	366.38
284.67	375.38
284.901	366.38
285.132	379.38
285.364	375.38
285.595	393.38
285.826	375.38
286.057	378.38
286.288	394.38
286.52	381.38
286.751	375.38
286.982	402.38
287.213	377.38
287.444	383.38
287.675	391.38
287.906	388.38
288.138	393.38
288.369	381.38
288.6	411.38
288.831	393.38
289.062	410.38
289.293	388.38
289.524	377.38
289.755	396.38
289.986	381.38
290.217	385.38
290.448	378.38
290.679	383.38
290.91	390.38
291.141	371.38
291.371	375.38
291.602	385.38
291.833	379.38
292.064	389.38
292.295	379.38
292.526	386.38
292.757	404.38
292.987	385.38
293.218	372.38
293.449	391.38
293.68	375.38
293.91	375.38
294.141	374.38
294.372	384.38
294.603	397.38
294.833	403.38
295.064	403.38
295.295	393.38
295.525	390.38
295.756	384.38
295.987	401.38
296.217	432.38
296.448	434.38
296.679	400.38
296.909	381.38
297.14	389.38
297.37	415.38
297.601	412.38
297.831	400.38
298.062	408.38
298.292	409.38
298.523	430.38
298.753	426.38
298.984	420.38
299.214	413.38
299.445	395.38
299.675	420.38
299.905	423.38
300.136	424.38
300.366	422.38
300.597	435.38
300.827	439.38
301.057	450.38
301.288	445.38
301.518	437.38
301.748	449.38
301.979	432.38
302.209	446.38
302.439	452.38
302.669	435.38
302.9	425.38
303.13	433.38
303.36	445.38
303.59	443.38
303.82	476.38
304.051	451.38
304.281	446.38
304.511	441.38
304.741	424.38
304.971	411.38
305.201	429.38
305.431	422.38
305.661	443.38
305.891	439.38
306.121	446.38
306.352	447.38
306.582	444.38
306.812	460.38
307.042	462.38
307.272	443.38
307.502	479.38
307.731	470.38
307.961	462.38
308.191	441.38
308.421	445.38
308.651	466.38
308.881	442.38
309.111	447.38
309.341	439.38
309.571	463.38
309.8	467.38
310.03	477.38
310.26	481.38
310.49	491.38
310.72	487.38
310.949	495.38
311.179	497.38
311.409	493.38
311.639	492.38
311.868	495.38
312.098	478.38
312.328	491.38
312.557	507.38
312.787	548.38
313.017	550.38
313.246	499.38
313.476	498.38
313.706	493.38
313.935	525.38
314.165	505.38
314.394	533.38
314.624	520.38
314.853	521.38
315.083	514.38
315.312	508.38
315.542	510.38
315.771	480.38
316.001	469.38
316.23	488.38
316.46	489.38
316.689	491.38
316.919	514.38
317.148	501.38
317.377	504.38
317.607	510.38
317.836	505.38
318.065	494.38
318.295	511.38
318.524	484.38
318.753	489.38
318.983	506.38
319.212	513.38
319.441	519.38
319.67	513.38
319.9	529.38
320.129	514.38
320.358	519.38
320.587	528.38
320.816	541.38
321.046	549.38
321.275	559.38
321.504	561.38
321.733	528.38
321.962	552.38
322.191	575.38
322.42	584.38
322.649	620.38
322.878	595.38
323.108	629.38
323.337	651.38
323.566	712.38
323.795	730.38
324.024	784.38
324.253	940.38
324.482	1315.38
324.71	1977.38
324.939	2786.38
325.168	2207.38
325.397	1238.38
325.626	952.38
325.855	804.38
326.084	762.38
326.313	773.38
326.542	760.38
326.77	854.38
326.999	963.38
327.228	1300.38
327.457	1905.38
327.686	2229.38
327.914	1551.38
328.143	1301.38
328.372	1326.38
328.6	1191.38
328.829	968.38
329.058	937.38
329.287	965.38
329.515	961.38
329.744	1032.38
329.972	1256.38
330.201	1645.38
330.43	1993.38
330.658	1687.38
330.887	1185.38
331.115	1011.38
331.344	874.38
331.572	839.38
331.801	837.38
332.03	818.38
332.258	809.38
332.486	815.38
332.715	832.38
332.943	849.38
333.172	886.38
333.4	956.38
333.629	1031.38
333.857	1141.38
334.085	1391.38
334.314	1816.38
334.542	2402.38
334.771	2551.38
334.999	1679.38
335.227	1177.38
335.455	960.38
335.684	837.38
335.912	834.38
336.14	785.38
336.369	760.38
336.597	725.38
336.825	721.38
337.053	731.38
337.281	692.38
337.51	691.38
337.738	702.38
337.966	678.38
338.194	675.38
338.422	672.38
338.65	654.38
338.878	642.38
339.106	642.38
339.334	618.38
339.562	613.38
339.79	625.38
340.018	620.38
340.246	594.38
340.474	625.38
340.702	607.38
340.93	597.38
341.158	625.38
341.386	606.38
341.614	613.38
341.842	638.38
342.07	589.38
342.298	587.38
342.526	577.38
342.754	591.38
342.981	599.38
343.209	581.38
343.437	622.38
343.665	603.38
343.893	664.38
344.12	668.38
344.348	633.38
344.576	640.38
344.804	624.38
345.031	617.38
345.259	644.38
345.487	616.38
345.714	610.38
345.942	586.38
346.17	589.38
346.397	612.38
346.625	591.38
346.853	596.38
347.08	608.38
347.308	578.38
347.535	605.38
347.763	617.38
347.99	605.38
348.218	623.38
348.445	597.38
348.673	634.38
348.9	599.38
349.128	593.38
349.355	571.38
349.583	575.38
349.81	584.38
350.037	567.38
350.265	554.38
350.492	573.38
350.72	584.38
350.947	592.38
351.174	584.38
351.402	588.38
351.629	620.38
351.856	587.38
352.083	595.38
352.311	597.38
352.538	586.38
352.765	617.38
352.992	598.38
353.22	614.38
353.447	606.38
353.674	558.38
353.901	578.38
354.128	566.38
354.355	558.38
354.583	590.38
354.81	585.38
355.037	576.38
355.264	549.38
355.491	576.38
355.718	551.38
355.945	574.38
356.172	580.38
356.399	561.38
356.626	588.38
356.853	581.38
357.08	565.38
357.307	559.38
357.534	574.38
357.761	563.38
357.988	560.38
358.215	579.38
358.441	577.38
358.668	564.38
358.895	585.38
359.122	581.38
359.349	593.38
359.576	610.38
359.802	617.38
360.029	648.38
360.256	663.38
360.483	638.38
360.709	610.38
360.936	609.38
361.163	613.38
361.39	614.38
361.616	602.38
361.843	584.38
362.07	598.38
362.296	605.38
362.523	603.38
362.749	591.38
362.976	607.38
363.203	602.38
363.429	593.38
363.656	602.38
363.882	599.38
364.109	576.38
364.335	577.38
364.562	571.38
364.788	582.38
365.015	609.38
365.241	585.38
365.468	592.38
365.694	612.38
365.92	592.38
366.147	604.38
366.373	570.38
366.599	593.38
366.826	607.38
367.052	591.38
367.278	595.38
367.505	582.38
367.731	586.38
367.957	583.38
368.184	600.38
368.41	627.38
368.636	628.38
368.862	635.38
369.089	639.38
369.315	631.38
369.541	610.38
369.767	612.38
369.993	584.38
370.219	628.38
370.445	601.38
370.672	630.38
370.898	605.38
371.124	627.38
371.35	594.38
371.576	599.38
371.802	611.38
372.028	607.38
372.254	599.38
372.48	608.38
372.706	609.38
372.932	631.38
373.158	642.38
373.384	615.38
373.61	641.38
373.835	617.38
374.061	606.38
374.287	609.38
374.513	618.38
374.739	629.38
374.965	633.38
375.191	663.38
375.416	663.38
375.642	643.38
375.868	652.38
376.094	630.38
376.319	625.38
376.545	629.38
376.771	609.38
376.997	612.38
377.222	628.38
377.448	631.38
377.674	634.38
377.899	610.38
378.125	609.38
378.35	619.38
378.576	614.38
378.802	624.38
379.027	617.38
379.253	599.38
379.478	594.38
379.704	626.38
379.929	586.38
380.155	614.38
380.38	619.38
380.606	606.38
380.831	617.38
381.057	621.38
381.282	613.38
381.507	630.38
381.733	634.38
381.958	601.38
382.184	623.38
382.409	634.38
382.634	650.38
382.86	657.38
383.085	643.38
383.31	650.38
383.535	653.38
383.761	665.38
383.986	672.38
384.211	666.38
384.436	687.38
384.662	690.38
384.887	687.38
385.112	697.38
385.337	687.38
385.562	712.38
385.787	723.38
386.013	712.38
386.238	723.38
386.463	713.38
386.688	714.38
386.913	706.38
387.138	713.38
387.363	734.38
387.588	702.38
387.813	704.38
388.038	690.38
388.263	716.38
388.488	696.38
388.713	702.38
388.938	682.38
389.163	674.38
389.387	712.38
389.612	697.38
389.837	702.38
390.062	689.38
390.287	704.38
390.512	672.38
390.736	691.38
390.961	715.38
391.186	727.38
391.411	733.38
391.636	739.38
391.86	759.38
392.085	791.38
392.31	765.38
392.534	757.38
392.759	751.38
392.984	742.38
393.208	717.38
393.433	741.38
393.658	736.38
393.882	755.38
394.107	738.38
394.331	760.38
394.556	758.38
394.78	739.38
395.005	751.38
395.229	743.38
395.454	769.38
395.678	801.38
395.903	814.38
396.127	795.38
396.352	778.38
396.576	779.38
396.801	752.38
397.025	774.38
397.249	765.38
397.474	793.38
397.698	799.38
397.922	783.38
398.147	815.38
398.371	813.38
398.595	819.38
398.82	859.38
399.044	906.38
399.268	985.38
399.492	1078.38
399.717	1185.38
399.941	1179.38
400.165	1120.38
400.389	1082.38
400.613	985.38
400.837	903.38
401.062	890.38
401.286	895.38
401.51	907.38
401.734	864.38
401.958	896.38
402.182	923.38
402.406	944.38
402.63	954.38
402.854	970.38
403.078	936.38
403.302	978.38
403.526	967.38
403.75	992.38
403.974	991.38
404.198	1028.38
404.422	1077.38
404.645	1058.38
404.869	1093.38
405.093	1157.38
405.317	1214.38
405.541	1203.38
405.765	1123.38
405.988	1101.38
406.212	1075.38
406.436	1073.38
406.66	1104.38
406.883	1066.38
407.107	1118.38
407.331	1159.38
407.555	1217.38
407.778	1204.38
408.002	1151.38
408.226	1111.38
408.449	1081.38
408.673	1062.38
408.896	1050.38
409.12	1106.38
409.344	1093.38
409.567	1031.38
409.791	1013.38
410.014	1035.38
410.238	999.38
410.461	1008.38
410.685	1000.38
410.908	1027.38
411.132	1043.38
411.355	1034.38
411.578	986.38
411.802	990.38
412.025	1021.38
412.249	1079.38
412.472	1126.38
412.695	1218.38
412.919	1181.38
413.142	1142.38
413.365	1060.38
413.589	1045.38
413.812	976.38
414.035	977.38
414.258	956.38
414.482	984.38
414.705	945.38
414.928	938.38
415.151	946.38
415.374	948.38
415.597	935.38
415.821	928.38
416.044	921.38
416.267	918.38
416.49	887.38
416.713	907.38
416.936	938.38
417.159	925.38
417.382	936.38
417.605	960.38
417.828	984.38
418.051	1028.38
418.274	980.38
418.497	938.38
418.72	954.38
418.943	970.38
419.166	1004.38
419.389	1051.38
419.611	1062.38
419.834	1058.38
420.057	1074.38
420.28	1151.38
420.503	1143.38
420.726	1122.38
420.948	1079.38
421.171	1064.38
421.394	1086.38
421.617	1006.38
421.839	989.38
422.062	1002.38
422.285	999.38
422.507	1067.38
422.73	1097.38
422.953	1066.38
423.175	1039.38
423.398	1040.38
423.621	980.38
423.843	1008.38
424.066	1026.38
424.288	974.38
424.511	1018.38
424.733	1078.38
424.956	1123.38
425.178	1109.38
425.401	1095.38
425.623	1086.38
425.846	1013.38
426.068	989.38
426.291	974.38
426.513	920.38
426.735	978.38
426.958	995.38
427.18	1061.38
427.402	1193.38
427.625	1304.38
427.847	1261.38
428.069	1211.38
428.292	1141.38
428.514	1007.38
428.736	959.38
428.958	960.38
429.181	866.38
429.403	900.38
429.625	925.38
429.847	965.38
430.069	962.38
430.292	986.38
430.514	901.38
430.736	872.38
430.958	877.38
431.18	880.38
431.402	864.38
431.624	883.38
431.846	874.38
432.068	882.38
432.29	873.38
432.512	860.38
432.734	897.38
432.956	879.38
433.178	905.38
433.4	870.38
433.622	884.38
433.844	881.38
434.066	874.38
434.287	875.38
434.509	904.38
434.731	920.38
434.953	952.38
435.175	963.38
435.397	977.38
435.618	951.38
435.84	979.38
436.062	1053.38
436.284	1101.38
436.505	992.38
436.727	974.38
436.949	922.38
437.17	927.38
437.392	903.38
437.614	895.38
437.835	945.38
438.057	1035.38
438.278	1123.38
438.5	1104.38
438.721	1139.38
438.943	1099.38
439.165	982.38
439.386	969.38
439.608	956.38
439.829	969.38
440.05	961.38
440.272	1045.38
440.493	976.38
440.715	965.38
440.936	934.38
441.158	959.38
441.379	973.38
441.6	980.38
441.822	1023.38
442.043	1077.38
442.264	1105.38
442.486	1101.38
442.707	1044.38
442.928	1015.38
443.149	1035.38
443.371	1015.38
443.592	1043.38
443.813	1153.38
444.034	1168.38
444.255	1113.38
444.476	1075.38
444.698	1091.38
444.919	1094.38
445.14	1185.38
445.361	1093.38
445.582	1085.38
445.803	1124.38
446.024	1175.38
446.245	1162.38
446.466	1093.38
446.687	1008.38
446.908	983.38
447.129	928.38
447.35	886.38
447.571	862.38
447.792	862.38
448.013	895.38
448.234	881.38
448.455	967.38
448.675	1033.38
448.896	1129.38
449.117	1011.38
449.338	985.38
449.559	1111.38
449.779	1185.38
450	1025.38
450.221	943.38
450.442	911.38
450.662	893.38
450.883	903.38
451.104	900.38
451.324	899.38
451.545	889.38
451.766	848.38
451.986	833.38
452.207	837.38
452.428	813.38
452.648	841.38
452.869	839.38
453.089	833.38
453.31	844.38
453.53	835.38
453.751	806.38
453.971	817.38
454.192	859.38
454.412	842.38
454.633	831.38
454.853	794.38
455.073	788.38
455.294	823.38
455.514	857.38
455.734	870.38
455.955	764.38
456.175	775.38
456.395	773.38
456.616	775.38
456.836	759.38
457.056	757.38
457.276	729.38
457.497	780.38
457.717	779.38
457.937	773.38
458.157	790.38
458.377	789.38
458.598	831.38
458.818	905.38
459.038	1005.38
459.258	994.38
459.478	917.38
459.698	898.38
459.918	887.38
460.138	923.38
460.358	954.38
460.578	962.38
460.798	962.38
461.018	948.38
461.238	947.38
461.458	943.38
461.678	939.38
461.898	971.38
462.118	942.38
462.338	1006.38
462.558	1010.38
462.777	1065.38
462.997	1120.38
463.217	1170.38
463.437	1190.38
463.657	1093.38
463.876	1096.38
464.096	1091.38
464.316	1118.38
464.536	1094.38
464.755	1086.38
464.975	1035.38
465.195	1111.38
465.414	1172.38
465.634	1005.38
465.854	945.38
466.073	917.38
466.293	901.38
466.512	891.38
466.732	855.38
466.951	859.38
467.171	897.38
467.391	873.38
467.61	915.38
467.829	937.38
468.049	1073.38
468.268	1430.38
468.488	1183.38
468.707	993.38
468.927	914.38
469.146	879.38
469.365	891.38
469.585	869.38
469.804	915.38
470.023	931.38
470.243	929.38
470.462	953.38
470.681	934.38
470.901	975.38
471.12	928.38
471.339	939.38
471.558	937.38
471.777	965.38
471.997	1034.38
472.216	1329.38
472.435	2410.38
472.654	1975.38
472.873	1343.38
473.092	1136.38
473.311	1046.38
473.53	990.38
473.749	959.38
473.968	994.38
474.187	1063.38
474.406	1045.38
474.625	948.38
474.844	934.38
475.063	901.38
475.282	907.38
475.501	897.38
475.72	893.38
475.939	906.38
476.158	914.38
476.377	927.38
476.596	905.38
476.814	931.38
477.033	908.38
477.252	919.38
477.471	945.38
477.69	989.38
477.908	960.38
478.127	1003.38
478.346	989.38
478.564	1024.38
478.783	1027.38
479.002	1055.38
479.22	1049.38
479.439	1104.38
479.658	1128.38
479.876	1096.38
480.095	1121.38
480.313	1206.38
480.532	1233.38
480.751	1303.38
480.969	1634.38
481.188	3129.38
481.406	4168.38
481.624	2342.38
481.843	1737.38
482.061	1433.38
482.28	1335.38
482.498	1263.38
482.717	1193.38
482.935	1175.38
483.153	1134.38
483.372	1135.38
483.59	1131.38
483.808	1116.38
484.027	1119.38
484.245	1114.38
484.463	1103.38
484.681	1109.38
484.9	1127.38
485.118	1126.38
485.336	1116.38
485.554	1087.38
485.772	1112.38
485.99	1118.38
486.209	1133.38
486.427	1127.38
486.645	1125.38
486.863	1173.38
487.081	1167.38
487.299	1135.38
487.517	1137.38
487.735	1151.38
487.953	1157.38
488.171	1127.38
488.389	1147.38
488.607	1147.38
488.825	1152.38
489.043	1149.38
489.261	1134.38
489.479	1142.38
489.696	1158.38
489.914	1163.38
490.132	1224.38
490.35	1225.38
490.568	1249.38
490.786	1264.38
491.003	1316.38
491.221	1386.38
491.439	1394.38
491.657	1405.38
491.874	1483.38
492.092	1497.38
492.31	1518.38
492.527	1584.38
492.745	1563.38
492.963	1528.38
493.18	1569.38
493.398	1566.38
493.615	1526.38
493.833	1497.38
494.05	1463.38
494.268	1450.38
494.485	1452.38
494.703	1425.38
494.92	1396.38
495.138	1359.38
495.355	1340.38
495.573	1349.38
495.79	1325.38
496.008	1316.38
496.225	1312.38
496.442	1335.38
496.66	1279.38
496.877	1315.38
497.094	1309.38
497.312	1321.38
497.529	1338.38
497.746	1356.38
497.963	1376.38
498.181	1390.38
498.398	1429.38
498.615	1453.38
498.832	1551.38
499.049	1578.38
499.267	1677.38
499.484	1763.38
499.701	1912.38
499.918	2066.38
500.135	2265.38
500.352	2466.38
500.569	2612.38
500.786	2614.38
501.003	2435.38
501.22	2225.38
501.437	2030.38
501.654	1857.38
501.871	1801.38
502.088	1628.38
502.305	1595.38
502.522	1472.38
502.739	1413.38
502.956	1376.38
503.172	1336.38
503.389	1286.38
503.606	1279.38
503.823	1298.38
504.04	1247.38
504.256	1273.38
504.473	1289.38
504.69	1310.38
504.907	1263.38
505.123	1199.38
505.34	1192.38
505.557	1128.38
505.773	1137.38
505.99	1129.38
506.207	1108.38
506.423	1083.38
506.64	1066.38
506.856	1056.38
507.073	1094.38
507.289	1074.38
507.506	1080.38
507.722	1081.38
507.939	1121.38
508.155	1073.38
508.372	1054.38
508.588	1065.38
508.805	1053.38
509.021	1012.38
509.238	1022.38
509.454	1037.38
509.67	1040.38
509.887	1028.38
510.103	1011.38
510.319	1062.38
510.536	1263.38
510.752	2271.38
510.968	1669.38
511.184	1112.38
511.401	1047.38
511.617	1079.38
511.833	1162.38
512.049	1188.38
512.265	1154.38
512.481	1122.38
512.698	1068.38
512.914	1034.38
513.13	1029.38
513.346	1046.38
513.562	1036.38
513.778	1009.38
513.994	1049.38
514.21	1054.38
514.426	1083.38
514.642	1159.38
514.858	1199.38
515.074	1242.38
515.29	1499.38
515.506	2160.38
515.721	1731.38
515.937	1215.38
516.153	1151.38
516.369	1123.38
516.585	1110.38
516.801	1133.38
517.016	1128.38
517.232	1163.38
517.448	1176.38
517.664	1181.38
517.879	1211.38
518.095	1210.38
518.311	1162.38
518.527	1163.38
518.742	1138.38
518.958	1100.38
519.173	1049.38
519.389	1075.38
519.605	1043.38
519.82	1057.38
520.036	1043.38
520.251	1075.38
520.467	1114.38
520.682	1090.38
520.898	1083.38
521.113	1130.38
521.329	1207.38
521.544	1368.38
521.76	1681.38
521.975	2797.38
522.19	2603.38
522.406	1502.38
522.621	1148.38
522.836	1050.38
523.052	1021.38
523.267	1021.38
523.482	961.38
523.698	964.38
523.913	929.38
524.128	936.38
524.343	930.38
524.559	883.38
524.774	886.38
524.989	877.38
525.204	887.38
525.419	928.38
525.634	892.38
525.849	894.38
526.064	840.38
526.28	827.38
526.495	847.38
526.71	847.38
526.925	832.38
527.14	837.38
527.355	832.38
527.57	832.38
527.785	843.38
527.999	822.38
528.214	840.38
528.429	855.38
528.644	828.38
528.859	836.38
529.074	869.38
529.289	865.38
529.503	998.38
529.718	952.38
529.933	888.38
530.148	855.38
530.363	845.38
530.577	828.38
530.792	846.38
531.007	816.38
531.221	819.38
531.436	817.38
531.651	819.38
531.865	834.38
532.08	813.38
532.295	811.38
532.509	799.38
532.724	811.38
532.938	814.38
533.153	817.38
533.367	808.38
533.582	808.38
533.796	789.38
534.011	803.38
534.225	799.38
534.44	785.38
534.654	813.38
534.868	787.38
535.083	789.38
535.297	817.38
535.511	787.38
535.726	799.38
535.94	788.38
536.154	783.38
536.369	785.38
536.583	769.38
536.797	746.38
537.011	750.38
537.225	763.38
537.44	747.38
537.654	758.38
537.868	751.38
538.082	785.38
538.296	751.38
538.51	738.38
538.724	765.38
538.938	748.38
539.153	776.38
539.367	770.38
539.581	752.38
539.795	750.38
540.009	747.38
540.222	762.38
540.436	721.38
540.65	724.38
540.864	718.38
541.078	742.38
541.292	753.38
541.506	746.38
541.72	754.38
541.934	760.38
542.147	735.38
542.361	739.38
542.575	751.38
542.789	742.38
543.002	724.38
543.216	726.38
543.43	746.38
543.644	720.38
543.857	753.38
544.071	751.38
544.285	755.38
544.498	755.38
544.712	733.38
544.925	733.38
545.139	769.38
545.352	739.38
545.566	754.38
545.779	735.38
545.993	742.38
546.206	755.38
546.42	735.38
546.633	751.38
546.847	737.38
547.06	734.38
547.274	733.38
547.487	738.38
547.7	754.38
547.914	731.38
548.127	757.38
548.34	731.38
548.554	769.38
548.767	720.38
548.98	721.38
549.193	757.38
549.407	747.38
549.62	745.38
549.833	753.38
550.046	728.38
550.259	737.38
550.473	707.38
550.686	720.38
550.899	729.38
551.112	695.38
551.325	699.38
551.538	716.38
551.751	701.38
551.964	692.38
552.177	708.38
552.39	699.38
552.603	734.38
552.816	755.38
553.029	781.38
553.242	769.38
553.455	801.38
553.667	795.38
553.88	789.38
554.093	764.38
554.306	756.38
554.519	759.38
554.732	733.38
554.944	709.38
555.157	711.38
555.37	699.38
555.583	706.38
555.795	672.38
556.008	657.38
556.221	656.38
556.433	653.38
556.646	661.38
556.859	660.38
557.071	650.38
557.284	666.38
557.496	616.38
557.709	641.38
557.921	657.38
558.134	620.38
558.346	627.38
558.559	649.38
558.771	622.38
558.984	626.38
559.196	624.38
559.409	619.38
559.621	603.38
559.833	631.38
560.046	599.38
560.258	593.38
560.47	619.38
560.683	629.38
560.895	628.38
561.107	604.38
561.32	610.38
561.532	602.38
561.744	599.38
561.956	622.38
562.168	595.38
562.381	618.38
562.593	614.38
562.805	596.38
563.017	621.38
563.229	596.38
563.441	597.38
563.653	614.38
563.865	611.38
564.077	619.38
564.289	611.38
564.501	632.38
564.713	631.38
564.925	645.38
565.137	652.38
565.349	626.38
565.561	643.38
565.773	668.38
565.985	706.38
566.197	706.38
566.408	745.38
566.62	789.38
566.832	841.38
567.044	829.38
567.255	863.38
567.467	854.38
567.679	879.38
567.891	935.38
568.102	942.38
568.314	906.38
568.526	833.38
568.737	770.38
568.949	729.38
569.161	666.38
569.372	622.38
569.584	628.38
569.795	608.38
570.007	607.38
570.218	674.38
570.43	635.38
570.641	604.38
570.853	576.38
571.064	568.38
571.276	590.38
571.487	581.38
571.698	531.38
571.91	526.38
572.121	537.38
572.333	535.38
572.544	530.38
572.755	487.38
572.966	513.38
573.178	501.38
573.389	505.38
573.6	509.38
573.811	488.38
574.023	490.38
574.234	504.38
574.445	497.38
574.656	477.38
574.867	486.38
575.078	506.38
575.289	517.38
575.501	474.38
575.712	479.38
575.923	482.38
576.134	474.38
576.345	489.38
576.556	450.38
576.767	479.38
576.978	482.38
577.188	477.38
577.399	454.38
577.61	460.38
577.821	461.38
578.032	461.38
578.243	502.38
578.454	857.38
578.665	606.38
578.875	471.38
579.086	448.38
579.297	426.38
579.508	444.38
579.718	441.38
579.929	450.38
580.14	432.38
580.35	444.38
580.561	411.38
580.772	423.38
580.982	427.38
581.193	429.38
581.403	452.38
581.614	403.38
581.825	412.38
582.035	421.38
582.246	430.38
582.456	419.38
582.667	431.38
582.877	419.38
583.087	407.38
583.298	402.38
583.508	410.38
583.719	415.38
583.929	411.38
584.139	408.38
584.35	410.38
584.56	406.38
584.77	415.38
584.981	398.38
585.191	416.38
585.401	380.38
585.611	415.38
585.821	407.38
586.032	400.38
586.242	413.38
586.452	420.38
586.662	392.38
586.872	410.38
587.082	405.38
587.292	413.38
587.502	408.38
587.713	407.38
587.923	394.38
588.133	383.38
588.343	394.38
588.553	395.38
588.762	383.38
588.972	403.38
589.182	394.38
589.392	420.38
589.602	407.38
589.812	431.38
590.022	424.38
590.232	413.38
590.441	405.38
590.651	416.38
590.861	405.38
591.071	402.38
591.281	423.38
591.49	407.38
591.7	398.38
591.91	403.38
592.119	416.38
592.329	441.38
592.539	439.38
592.748	435.38
592.958	440.38
593.167	469.38
593.377	481.38
593.587	453.38
593.796	467.38
594.006	471.38
594.215	466.38
594.424	467.38
594.634	457.38
594.843	443.38
595.053	450.38
595.262	426.38
595.472	395.38
595.681	419.38
595.89	394.38
596.1	393.38
596.309	413.38
596.518	382.38
596.727	385.38
596.937	366.38
597.146	370.38
597.355	373.38
597.564	355.38
597.774	377.38
597.983	363.38
598.192	365.38
598.401	350.38
598.61	360.38
598.819	361.38
599.028	357.38
599.237	349.38
599.446	352.38
599.655	351.38
599.864	349.38
600.073	330.38
600.282	345.38
600.491	324.38
600.7	339.38
600.909	343.38
601.118	333.38
601.327	347.38
601.536	361.38
601.745	358.38
601.953	357.38
602.162	357.38
602.371	345.38
602.58	374.38
602.789	343.38
602.997	360.38
603.206	345.38
603.415	332.38
603.623	353.38
603.832	338.38
604.041	335.38
604.249	339.38
604.458	319.38
604.666	334.38
604.875	336.38
605.084	341.38
605.292	335.38
605.501	338.38
605.709	345.38
605.918	337.38
606.126	340.38
606.334	358.38
606.543	351.38
606.751	338.38
606.96	342.38
607.168	314.38
607.376	335.38
607.585	334.38
607.793	337.38
608.001	339.38
608.21	326.38
608.418	335.38
608.626	330.38
608.834	344.38
609.043	361.38
609.251	330.38
609.459	337.38
609.667	318.38
609.875	332.38
610.083	340.38
610.291	337.38
610.499	332.38
610.707	349.38
610.916	338.38
611.124	333.38
611.332	315.38
611.54	325.38
611.748	330.38
611.955	352.38
612.163	319.38
612.371	322.38
612.579	327.38
612.787	320.38
612.995	325.38
613.203	321.38
613.411	306.38
613.618	318.38
613.826	325.38
614.034	318.38
614.242	312.38
614.449	326.38
614.657	321.38
614.865	315.38
615.072	317.38
615.28	303.38
615.488	318.38
615.695	312.38
615.903	319.38
616.111	307.38
616.318	326.38
616.526	319.38
616.733	321.38
616.941	299.38
617.148	322.38
617.356	305.38
617.563	303.38
617.771	324.38
617.978	307.38
618.185	311.38
618.393	308.38
618.6	309.38
618.807	301.38
619.015	307.38
619.222	294.38
619.429	299.38
619.637	281.38
619.844	276.38
620.051	302.38
620.258	303.38
620.466	277.38
620.673	298.38
620.88	272.38
621.087	282.38
621.294	298.38
621.501	304.38
621.708	279.38
621.915	280.38
622.122	285.38
622.329	286.38
622.536	279.38
622.743	274.38
622.95	268.38
623.157	273.38
623.364	274.38
623.571	275.38
623.778	283.38
623.985	288.38
624.192	301.38
624.399	279.38
624.606	266.38
624.812	272.38
625.019	276.38
625.226	268.38
625.433	278.38
625.639	264.38
625.846	262.38
626.053	258.38
626.259	265.38
626.466	252.38
626.673	256.38
626.879	262.38
627.086	251.38
627.293	262.38
627.499	264.38
627.706	273.38
627.912	278.38
628.119	267.38
628.325	273.38
628.532	261.38
628.738	239.38
628.945	261.38
629.151	258.38
629.357	261.38
629.564	246.38
629.77	245.38
629.976	238.38
630.183	242.38
630.389	252.38
630.595	241.38
630.802	248.38
631.008	254.38
631.214	242.38
631.42	271.38
631.627	244.38
631.833	229.38
632.039	246.38
632.245	243.38
632.451	247.38
632.657	237.38
632.863	244.38
633.069	248.38
633.275	243.38
633.481	228.38
633.688	220.38
633.893	247.38
634.099	227.38
634.305	243.38
634.511	233.38
634.717	240.38
634.923	202.38
635.129	236.38
635.335	222.38
635.541	238.38
635.747	232.38
635.952	247.38
636.158	257.38
636.364	326.38
636.57	380.38
636.775	317.38
636.981	293.38
637.187	280.38
637.392	260.38
637.598	259.38
637.804	264.38
638.009	253.38
638.215	227.38
638.421	250.38
638.626	224.38
638.832	217.38
639.037	226.38
639.243	226.38
639.448	220.38
639.654	228.38
639.859	233.38
640.065	219.38
640.27	232.38
640.475	221.38
640.681	235.38
640.886	234.38
641.091	219.38
641.297	220.38
641.502	212.38
641.707	216.38
641.913	228.38
642.118	215.38
642.323	215.38
642.528	217.38
642.733	204.38
642.939	215.38
643.144	210.38
643.349	207.38
643.554	214.38
643.759	215.38
643.964	200.38
644.169	207.38
644.374	194.38
644.579	203.38
644.784	203.38
644.989	203.38
645.194	216.38
645.399	194.38
645.604	203.38
645.809	200.38
646.014	202.38
646.219	217.38
646.423	192.38
646.628	200.38
646.833	209.38
647.038	199.38
647.243	205.38
647.447	202.38
647.652	191.38
647.857	212.38
648.062	205.38
648.266	217.38
648.471	227.38
648.676	231.38
648.88	207.38
649.085	201.38
649.289	212.38
649.494	203.38
649.698	245.38
649.903	222.38
650.107	202.38
650.312	198.38
650.516	200.38
650.721	187.38
650.925	197.38
651.13	177.38
651.334	182.38
651.539	183.38
651.743	178.38
651.947	187.38
652.152	174.38
652.356	183.38
652.56	169.38
652.764	177.38
652.969	184.38
653.173	157.38
653.377	167.38
653.581	166.38
653.785	163.38
653.99	169.38
654.194	148.38
654.398	156.38
654.602	161.38
654.806	158.38
655.01	166.38
655.214	163.38
655.418	155.38
655.622	155.38
655.826	170.38
656.03	163.38
656.234	170.38
656.438	171.38
656.642	170.38
656.846	163.38
657.049	150.38
657.253	153.38
657.457	126.38
657.661	148.38
657.865	138.38
658.068	124.38
658.272	126.38
658.476	123.38
658.68	110.38
658.883	111.38
659.087	115.38
659.291	109.38
659.494	121.38
659.698	103.38
659.901	103.38
660.105	101.38
660.309	119.38
660.512	113.38
660.716	110.38
660.919	115.38
661.123	101.38
661.326	102.38
661.53	101.38
661.733	93.38
661.936	88.38
662.14	90.38
662.343	82.38
662.546	93.38
662.75	85.38
662.953	83.38
663.156	78.38
663.36	88.38
663.563	80.38
663.766	80.38
663.969	81.38
664.173	85.38
664.376	72.38
664.579	75.38
664.782	85.38
664.985	89.38
665.188	86.38
665.391	96.38
665.594	68.38
665.797	86.38
666	65.38
666.203	88.38
666.406	76.38
666.609	88.38
666.812	67.38
667.015	83.38
667.218	97.38
667.421	76.38
667.624	80.38
667.827	78.38
668.03	91.38
668.232	93.38
668.435	80.38
668.638	86.38
668.841	88.38
669.043	96.38
669.246	83.38
669.449	83.38
669.651	93.38
669.854	75.38
670.057	82.38
670.259	84.38
670.462	89.38
670.665	90.38
670.867	82.38
671.07	79.38
671.272	87.38
671.475	91.38
671.677	79.38
671.88	90.38
672.082	66.38
672.284	83.38
672.487	83.38
672.689	83.38
672.892	81.38
