223.165	-4.19
223.4	-4.19
223.635	-4.19
223.869	-27.19
224.104	-31.19
224.338	-9.19
224.573	-15.19
224.808	-4.19
225.042	-8.19
225.277	-13.19
225.511	1.81
225.746	5.81
225.98	12.81
226.215	16.81
226.449	20.81
226.683	20.81
226.918	18.81
227.152	14.81
227.387	42.81
227.621	43.81
227.856	44.81
228.09	44.81
228.324	51.81
228.559	60.81
228.793	71.81
229.027	90.81
229.262	119.81
229.496	101.81
229.73	131.81
229.964	168.81
230.199	157.81
230.433	138.81
230.667	145.81
230.901	128.81
231.136	106.81
231.37	135.81
231.604	132.81
231.838	129.81
232.072	146.81
232.306	121.81
232.541	122.81
232.775	144.81
233.009	131.81
233.243	130.81
233.477	128.81
233.711	126.81
233.945	125.81
234.179	132.81
234.413	133.81
234.647	139.81
234.881	124.81
235.115	138.81
235.349	120.81
235.583	132.81
235.817	146.81
236.051	163.81
236.285	154.81
236.519	130.81
236.753	132.81
236.987	175.81
237.221	179.81
237.455	232.81
237.689	190.81
237.922	147.81
238.156	149.81
238.39	143.81
238.624	157.81
238.858	152.81
239.091	167.81
239.325	156.81
239.559	166.81
239.793	153.81
240.027	163.81
240.26	170.81
240.494	185.81
240.728	168.81
240.961	178.81
241.195	180.81
241.429	162.81
241.662	159.81
241.896	183.81
242.13	170.81
242.363	186.81
242.597	181.81
242.83	176.81
243.064	171.81
243.298	180.81
243.531	160.81
243.765	164.81
243.998	186.81
244.232	197.81
244.465	193.81
244.699	184.81
244.932	189.81
245.166	167.81
245.399	192.81
245.633	195.81
245.866	192.81
246.099	199.81
246.333	188.81
246.566	198.81
246.8	197.81
247.033	212.81
247.266	203.81
247.5	211.81
247.733	230.81
247.966	217.81
248.2	212.81
248.433	220.81
248.666	212.81
248.899	249.81
249.133	254.81
249.366	272.81
249.599	273.81
249.832	250.81
250.066	286.81
250.299	320.81
250.532	390.81
250.765	414.81
250.998	359.81
251.231	326.81
251.465	308.81
251.698	298.81
251.931	284.81
252.164	278.81
252.397	270.81
252.63	267.81
252.863	273.81
253.096	267.81
253.329	278.81
253.562	259.81
253.795	274.81
254.028	285.81
254.261	271.81
254.494	275.81
254.727	315.81
254.96	306.81
255.193	317.81
255.426	316.81
255.659	362.81
255.892	465.81
256.124	620.81
256.357	665.81
256.59	526.81
256.823	432.81
257.056	386.81
257.289	364.81
257.521	341.81
257.754	309.81
257.987	314.81
258.22	308.81
258.452	293.81
258.685	315.81
258.918	306.81
259.151	288.81
259.383	303.81
259.616	288.81
259.849	285.81
260.081	289.81
260.314	309.81
260.547	305.81
260.779	303.81
261.012	295.81
261.244	276.81
261.477	283.81
261.71	315.81
261.942	277.81
262.175	298.81
262.407	302.81
262.64	278.81
262.872	280.81
263.105	293.81
263.337	274.81
263.57	280.81
263.802	275.81
264.035	280.81
264.267	283.81
264.499	280.81
264.732	266.81
264.964	278.81
265.197	287.81
265.429	284.81
265.661	282.81
265.894	309.81
266.126	291.81
266.358	282.81
266.591	279.81
266.823	317.81
267.055	299.81
267.287	295.81
267.52	292.81
267.752	266.81
267.984	293.81
268.216	304.81
268.448	295.81
268.681	285.81
268.913	298.81
269.145	328.81
269.377	322.81
269.609	313.81
269.841	309.81
270.073	307.81
270.306	335.81
270.538	348.81
270.77	350.81
271.002	326.81
271.234	342.81
271.466	346.81
271.698	346.81
271.93	335.81
272.162	338.81
272.394	353.81
272.626	333.81
272.858	340.81
273.09	337.81
273.322	334.81
273.553	322.81
273.785	338.81
274.017	348.81
274.249	350.81
274.481	344.81
274.713	342.81
274.945	352.81
275.176	365.81
275.408	347.81
275.64	336.81
275.872	366.81
276.104	366.81
276.335	370.81
276.567	373.81
276.799	391.81
277.031	387.81
277.262	439.81
277.494	416.81
277.726	398.81
277.957	381.81
278.189	378.81
278.421	395.81
278.652	384.81
278.884	352.81
279.115	353.81
279.347	378.81
279.579	380.81
279.81	378.81
280.042	403.81
280.273	448.81
280.505	464.81
280.736	400.81
280.968	387.81
281.199	371.81
281.431	372.81
281.662	380.81
281.894	388.81
282.125	374.81
282.356	372.81
282.588	405.81
282.819	396.81
283.051	387.81
283.282	360.81
283.513	359.81
283.745	375.81
283.976	374.81
284.207	364.81
284.439	362.81
284.67	377.81
284.901	385.81
285.132	371.81
285.364	371.81
285.595	370.81
285.826	366.81
286.057	377.81
286.288	388.81
286.52	372.81
286.751	371.81
286.982	373.81
287.213	356.81
287.444	382.81
287.675	392.81
287.906	373.81
288.138	384.81
288.369	391.81
288.6	385.81
288.831	398.81
289.062	412.81
289.293	396.81
289.524	380.81
289.755	381.81
289.986	400.81
290.217	382.81
290.448	380.81
290.679	387.81
290.91	392.81
291.141	374.81
291.371	373.81
291.602	392.81
291.833	371.81
292.064	379.81
292.295	382.81
292.526	375.81
292.757	392.81
292.987	383.81
293.218	362.81
293.449	378.81
293.68	387.81
293.91	385.81
294.141	384.81
294.372	373.81
294.603	395.81
294.833	395.81
295.064	392.81
295.295	394.81
295.525	396.81
295.756	401.81
295.987	385.81
296.217	415.81
296.448	419.81
296.679	407.81
296.909	379.81
297.14	406.81
297.37	392.81
297.601	411.81
297.831	404.81
298.062	405.81
298.292	398.81
298.523	406.81
298.753	412.81
298.984	397.81
299.214	401.81
299.445	423.81
299.675	418.81
299.905	402.81
300.136	414.81
300.366	379.81
300.597	419.81
300.827	424.81
301.057	430.81
301.288	424.81
301.518	438.81
301.748	454.81
301.979	432.81
302.209	444.81
302.439	432.81
302.669	435.81
302.9	425.81
303.13	425.81
303.36	443.81
303.59	430.81
303.82	493.81
304.051	463.81
304.281	433.81
304.511	421.81
304.741	428.81
304.971	442.81
305.201	440.81
305.431	423.81
305.661	418.81
305.891	436.81
306.121	439.81
306.352	440.81
306.582	446.81
306.812	437.81
307.042	451.81
307.272	464.81
307.502	484.81
307.731	484.81
307.961	491.81
308.191	451.81
308.421	437.81
308.651	441.81
308.881	413.81
309.111	439.81
309.341	432.81
309.571	443.81
309.8	459.81
310.03	429.81
310.26	467.81
310.49	481.81
310.72	483.81
310.949	497.81
311.179	491.81
311.409	484.81
311.639	477.81
311.868	487.81
312.098	472.81
312.328	491.81
312.557	500.81
312.787	501.81
313.017	486.81
313.246	529.81
313.476	499.81
313.706	487.81
313.935	491.81
314.165	502.81
314.394	501.81
314.624	480.81
314.853	483.81
315.083	506.81
315.312	488.81
315.542	464.81
315.771	470.81
316.001	467.81
316.23	476.81
316.46	489.81
316.689	495.81
316.919	483.81
317.148	512.81
317.377	477.81
317.607	496.81
317.836	494.81
318.065	502.81
318.295	509.81
318.524	478.81
318.753	473.81
318.983	490.81
319.212	506.81
319.441	485.81
319.67	517.81
319.9	504.81
320.129	518.81
320.358	515.81
320.587	509.81
320.816	528.81
321.046	521.81
321.275	542.81
321.504	534.81
321.733	520.81
321.962	557.81
322.191	554.81
322.42	579.81
322.649	583.81
322.878	594.81
323.108	582.81
323.337	662.81
323.566	671.81
323.795	699.81
324.024	748.81
324.253	902.81
324.482	1216.81
324.71	1850.81
324.939	2538.81
325.168	2061.81
325.397	1178.81
325.626	903.81
325.855	776.81
326.084	766.81
326.313	734.81
326.542	745.81
326.77	838.81
326.999	924.81
327.228	1232.81
327.457	1806.81
327.686	2128.81
327.914	1506.81
328.143	1307.81
328.372	1390.81
328.6	1225.81
328.829	987.81
329.058	972.81
329.287	968.81
329.515	1010.81
329.744	1115.81
329.972	1343.81
330.201	1782.81
330.43	2208.81
330.658	1800.81
330.887	1222.81
331.115	1024.81
331.344	924.81
331.572	891.81
331.801	870.81
332.03	851.81
332.258	807.81
332.486	814.81
332.715	839.81
332.943	911.81
333.172	936.81
333.4	978.81
333.629	1080.81
333.857	1202.81
334.085	1503.81
334.314	1983.81
334.542	2678.81
334.771	2758.81
334.999	1828.81
335.227	1264.81
335.455	1042.81
335.684	920.81
335.912	860.81
336.14	822.81
336.369	794.81
336.597	771.81
336.825	768.81
337.053	753.81
337.281	719.81
337.51	687.81
337.738	690.81
337.966	675.81
338.194	673.81
338.422	665.81
338.65	654.81
338.878	624.81
339.106	630.81
339.334	627.81
339.562	625.81
339.79	628.81
340.018	620.81
340.246	588.81
340.474	623.81
340.702	589.81
340.93	608.81
341.158	628.81
341.386	586.81
341.614	611.81
341.842	604.81
342.07	598.81
342.298	603.81
342.526	579.81
342.754	590.81
342.981	584.81
343.209	583.81
343.437	611.81
343.665	592.81
343.893	642.81
344.12	656.81
344.348	618.81
344.576	614.81
344.804	612.81
345.031	613.81
345.259	604.81
345.487	570.81
345.714	596.81
345.942	564.81
346.17	576.81
346.397	575.81
346.625	568.81
346.853	574.81
347.08	570.81
347.308	595.81
347.535	588.81
347.763	605.81
347.99	579.81
348.218	590.81
348.445	588.81
348.673	598.81
348.9	593.81
349.128	576.81
349.355	577.81
349.583	555.81
349.81	568.81
350.037	557.81
350.265	574.81
350.492	575.81
350.72	570.81
350.947	560.81
351.174	575.81
351.402	596.81
351.629	584.81
351.856	583.81
352.083	572.81
352.311	581.81
352.538	583.81
352.765	584.81
352.992	582.81
353.22	567.81
353.447	575.81
353.674	582.81
353.901	561.81
354.128	567.81
354.355	548.81
354.583	554.81
354.81	568.81
355.037	561.81
355.264	569.81
355.491	555.81
355.718	558.81
355.945	572.81
356.172	547.81
356.399	510.81
356.626	520.81
356.853	546.81
357.08	561.81
357.307	547.81
357.534	561.81
357.761	564.81
357.988	541.81
358.215	547.81
358.441	554.81
358.668	573.81
358.895	555.81
359.122	568.81
359.349	582.81
359.576	585.81
359.802	599.81
360.029	618.81
360.256	637.81
360.483	595.81
360.709	609.81
360.936	571.81
361.163	584.81
361.39	587.81
361.616	583.81
361.843	596.81
362.07	580.81
362.296	599.81
362.523	582.81
362.749	581.81
362.976	576.81
363.203	593.81
363.429	579.81
363.656	595.81
363.882	598.81
364.109	600.81
364.335	584.81
364.562	558.81
364.788	578.81
365.015	571.81
365.241	595.81
365.468	593.81
365.694	589.81
365.92	576.81
366.147	562.81
366.373	583.81
366.599	584.81
366.826	602.81
367.052	568.81
367.278	579.81
367.505	575.81
367.731	578.81
367.957	592.81
368.184	584.81
368.41	592.81
368.636	605.81
368.862	595.81
369.089	602.81
369.315	610.81
369.541	603.81
369.767	585.81
369.993	614.81
370.219	587.81
370.445	603.81
370.672	590.81
370.898	562.81
371.124	595.81
371.35	622.81
371.576	598.81
371.802	613.81
372.028	606.81
372.254	609.81
372.48	599.81
372.706	604.81
372.932	609.81
373.158	608.81
373.384	620.81
373.61	600.81
373.835	611.81
374.061	607.81
374.287	622.81
374.513	605.81
374.739	619.81
374.965	619.81
375.191	622.81
375.416	648.81
375.642	639.81
375.868	652.81
376.094	641.81
376.319	632.81
376.545	611.81
376.771	622.81
376.997	611.81
377.222	599.81
377.448	605.81
377.674	615.81
377.899	582.81
378.125	596.81
378.35	589.81
378.576	567.81
378.802	586.81
379.027	617.81
379.253	594.81
379.478	604.81
379.704	601.81
379.929	617.81
380.155	584.81
380.38	616.81
380.606	612.81
380.831	615.81
381.057	616.81
381.282	600.81
381.507	604.81
381.733	581.81
381.958	613.81
382.184	634.81
382.409	628.81
382.634	634.81
382.86	630.81
383.085	626.81
383.31	639.81
383.535	660.81
383.761	638.81
383.986	670.81
384.211	661.81
384.436	677.81
384.662	673.81
384.887	679.81
385.112	700.81
385.337	684.81
385.562	693.81
385.787	684.81
386.013	725.81
386.238	729.81
386.463	703.81
386.688	707.81
386.913	705.81
387.138	685.81
387.363	679.81
387.588	694.81
387.813	697.81
388.038	712.81
388.263	683.81
388.488	680.81
388.713	684.81
388.938	681.81
389.163	673.81
389.387	676.81
389.612	679.81
389.837	712.81
390.062	661.81
390.287	678.81
390.512	679.81
390.736	696.81
390.961	709.81
391.186	707.81
391.411	724.81
391.636	735.81
391.86	747.81
392.085	759.81
392.31	751.81
392.534	722.81
392.759	733.81
392.984	727.81
393.208	724.81
393.433	715.81
393.658	752.81
393.882	724.81
394.107	736.81
394.331	733.81
394.556	730.81
394.78	734.81
395.005	752.81
395.229	731.81
395.454	732.81
395.678	795.81
395.903	774.81
396.127	768.81
396.352	762.81
396.576	737.81
396.801	752.81
397.025	762.81
397.249	762.81
397.474	781.81
397.698	794.81
397.922	778.81
398.147	800.81
398.371	806.81
398.595	811.81
398.82	833.81
399.044	908.81
399.268	952.81
399.492	1069.81
399.717	1165.81
399.941	1156.81
400.165	1074.81
400.389	1030.81
400.613	937.81
400.837	891.81
401.062	859.81
401.286	874.81
401.51	868.81
401.734	890.81
401.958	872.81
402.182	893.81
402.406	922.81
402.63	928.81
402.854	956.81
403.078	952.81
403.302	954.81
403.526	959.81
403.75	979.81
403.974	987.81
404.198	1012.81
404.422	1007.81
404.645	1039.81
404.869	1065.81
405.093	1162.81
405.317	1210.81
405.541	1230.81
405.765	1120.81
405.988	1071.81
406.212	1023.81
406.436	1070.81
406.66	1072.81
406.883	1052.81
407.107	1066.81
407.331	1141.81
407.555	1184.81
407.778	1206.81
408.002	1137.81
408.226	1078.81
408.449	1060.81
408.673	1041.81
408.896	1070.81
409.12	1095.81
409.344	1034.81
409.567	1044.81
409.791	1033.81
410.014	1011.81
410.238	992.81
410.461	994.81
410.685	979.81
410.908	1018.81
411.132	1005.81
411.355	998.81
411.578	1003.81
411.802	942.81
412.025	1032.81
412.249	1073.81
412.472	1157.81
412.695	1231.81
412.919	1198.81
413.142	1142.81
413.365	1088.81
413.589	1033.81
413.812	978.81
414.035	974.81
414.258	978.81
414.482	966.81
414.705	955.81
414.928	972.81
415.151	932.81
415.374	923.81
415.597	919.81
415.821	922.81
416.044	939.81
416.267	910.81
416.49	891.81
416.713	903.81
416.936	918.81
417.159	948.81
417.382	955.81
417.605	940.81
417.828	967.81
418.051	998.81
418.274	958.81
418.497	932.81
418.72	940.81
418.943	935.81
419.166	981.81
419.389	1023.81
419.611	1029.81
419.834	1026.81
420.057	1085.81
420.28	1100.81
420.503	1137.81
420.726	1106.81
420.948	1066.81
421.171	1095.81
421.394	1027.81
421.617	970.81
421.839	967.81
422.062	975.81
422.285	983.81
422.507	992.81
422.73	1070.81
422.953	1033.81
423.175	1033.81
423.398	1006.81
423.621	978.81
423.843	1000.81
424.066	1004.81
424.288	967.81
424.511	987.81
424.733	1047.81
424.956	1071.81
425.178	1077.81
425.401	1059.81
425.623	1038.81
425.846	973.81
426.068	941.81
426.291	931.81
426.513	951.81
426.735	945.81
426.958	971.81
427.18	1042.81
427.402	1174.81
427.625	1318.81
427.847	1227.81
428.069	1194.81
428.292	1119.81
428.514	1001.81
428.736	959.81
428.958	936.81
429.181	892.81
429.403	876.81
429.625	877.81
429.847	886.81
430.069	955.81
430.292	932.81
430.514	869.81
430.736	869.81
430.958	859.81
431.18	851.81
431.402	876.81
431.624	860.81
431.846	862.81
432.068	864.81
432.29	887.81
432.512	830.81
432.734	874.81
432.956	853.81
433.178	894.81
433.4	878.81
433.622	889.81
433.844	874.81
434.066	855.81
434.287	884.81
434.509	874.81
434.731	924.81
434.953	942.81
435.175	958.81
435.397	952.81
435.618	942.81
435.84	956.81
436.062	1023.81
436.284	1075.81
436.505	970.81
436.727	923.81
436.949	902.81
437.17	869.81
437.392	882.81
437.614	899.81
437.835	896.81
438.057	994.81
438.278	1080.81
438.5	1068.81
438.721	1131.81
438.943	1088.81
439.165	941.81
439.386	914.81
439.608	934.81
439.829	932.81
440.05	994.81
440.272	986.81
440.493	957.81
440.715	918.81
440.936	931.81
441.158	918.81
441.379	948.81
441.6	975.81
441.822	982.81
442.043	1014.81
442.264	1105.81
442.486	1094.81
442.707	994.81
442.928	996.81
443.149	1027.81
443.371	1021.81
443.592	1054.81
443.813	1147.81
444.034	1171.81
444.255	1064.81
444.476	1060.81
444.698	1084.81
444.919	1092.81
445.14	1180.81
445.361	1068.81
445.582	1035.81
445.803	1101.81
446.024	1151.81
446.245	1130.81
446.466	1044.81
446.687	959.81
446.908	922.81
447.129	880.81
447.35	918.81
447.571	857.81
447.792	843.81
448.013	876.81
448.234	908.81
448.455	913.81
448.675	1032.81
448.896	1108.81
449.117	954.81
449.338	936.81
449.559	1082.81
449.779	1119.81
450	957.81
450.221	886.81
450.442	871.81
450.662	855.81
450.883	878.81
451.104	908.81
451.324	894.81
451.545	852.81
451.766	856.81
451.986	841.81
452.207	830.81
452.428	799.81
452.648	818.81
452.869	798.81
453.089	776.81
453.31	805.81
453.53	788.81
453.751	794.81
453.971	783.81
454.192	835.81
454.412	794.81
454.633	782.81
454.853	807.81
455.073	775.81
455.294	811.81
455.514	843.81
455.734	811.81
455.955	737.81
456.175	775.81
456.395	732.81
456.616	751.81
456.836	761.81
457.056	736.81
457.276	757.81
457.497	736.81
457.717	732.81
457.937	769.81
458.157	769.81
458.377	795.81
458.598	794.81
458.818	896.81
459.038	966.81
459.258	971.81
459.478	882.81
459.698	894.81
459.918	882.81
460.138	914.81
460.358	911.81
460.578	939.81
460.798	934.81
461.018	945.81
461.238	918.81
461.458	948.81
461.678	929.81
461.898	961.81
462.118	951.81
462.338	976.81
462.558	993.81
462.777	1020.81
462.997	1095.81
463.217	1169.81
463.437	1163.81
463.657	1093.81
463.876	1035.81
464.096	1044.81
464.316	1071.81
464.536	1072.81
464.755	1061.81
464.975	1073.81
465.195	1082.81
465.414	1105.81
465.634	988.81
465.854	933.81
466.073	924.81
466.293	891.81
466.512	878.81
466.732	851.81
466.951	861.81
467.171	849.81
467.391	889.81
467.61	916.81
467.829	994.81
468.049	1143.81
468.268	1498.81
468.488	1238.81
468.707	1011.81
468.927	942.81
469.146	881.81
469.365	884.81
469.585	887.81
469.804	919.81
470.023	939.81
470.243	933.81
470.462	947.81
470.681	969.81
470.901	929.81
471.12	925.81
471.339	933.81
471.558	927.81
471.777	955.81
471.997	1055.81
472.216	1445.81
472.435	2727.81
472.654	2153.81
472.873	1429.81
473.092	1192.81
473.311	1078.81
473.53	1017.81
473.749	1009.81
473.968	1014.81
474.187	1046.81
474.406	1012.81
474.625	960.81
474.844	908.81
475.063	908.81
475.282	908.81
475.501	894.81
475.72	903.81
475.939	900.81
476.158	913.81
476.377	928.81
476.596	902.81
476.814	924.81
477.033	927.81
477.252	961.81
477.471	978.81
477.69	935.81
477.908	1016.81
478.127	997.81
478.346	996.81
478.564	1054.81
478.783	1062.81
479.002	1059.81
479.22	1052.81
479.439	1057.81
479.658	1073.81
479.876	1086.81
480.095	1141.81
480.313	1242.81
480.532	1283.81
480.751	1365.81
480.969	1735.81
481.188	3486.81
481.406	4657.81
481.624	2636.81
481.843	1892.81
482.061	1571.81
482.28	1440.81
482.498	1317.81
482.717	1252.81
482.935	1232.81
483.153	1203.81
483.372	1181.81
483.59	1148.81
483.808	1164.81
484.027	1103.81
484.245	1118.81
484.463	1134.81
484.681	1106.81
484.9	1138.81
485.118	1119.81
485.336	1124.81
485.554	1143.81
485.772	1131.81
485.99	1122.81
486.209	1090.81
486.427	1138.81
486.645	1140.81
486.863	1178.81
487.081	1142.81
487.299	1130.81
487.517	1139.81
487.735	1118.81
487.953	1134.81
488.171	1141.81
488.389	1152.81
488.607	1118.81
488.825	1134.81
489.043	1162.81
489.261	1157.81
489.479	1119.81
489.696	1161.81
489.914	1190.81
490.132	1193.81
490.35	1186.81
490.568	1249.81
490.786	1289.81
491.003	1342.81
491.221	1352.81
491.439	1419.81
491.657	1474.81
491.874	1479.81
492.092	1487.81
492.31	1522.81
492.527	1542.81
492.745	1586.81
492.963	1564.81
493.18	1519.81
493.398	1573.81
493.615	1500.81
493.833	1502.81
494.05	1447.81
494.268	1472.81
494.485	1432.81
494.703	1396.81
494.92	1420.81
495.138	1355.81
495.355	1373.81
495.573	1322.81
495.79	1291.81
496.008	1322.81
496.225	1288.81
496.442	1330.81
496.66	1338.81
496.877	1294.81
497.094	1330.81
497.312	1317.81
497.529	1315.81
497.746	1306.81
497.963	1350.81
498.181	1364.81
498.398	1390.81
498.615	1462.81
498.832	1468.81
499.049	1581.81
499.267	1655.81
499.484	1770.81
499.701	1846.81
499.918	2004.81
500.135	2228.81
500.352	2418.81
500.569	2560.81
500.786	2545.81
501.003	2396.81
501.22	2242.81
501.437	1990.81
501.654	1808.81
501.871	1764.81
502.088	1634.81
502.305	1515.81
502.522	1425.81
502.739	1406.81
502.956	1354.81
503.172	1318.81
503.389	1284.81
503.606	1250.81
503.823	1237.81
504.04	1235.81
504.256	1260.81
504.473	1212.81
504.69	1236.81
504.907	1212.81
505.123	1181.81
505.34	1169.81
505.557	1131.81
505.773	1103.81
505.99	1089.81
506.207	1078.81
506.423	1054.81
506.64	1066.81
506.856	1058.81
507.073	1066.81
507.289	1050.81
507.506	1041.81
507.722	1057.81
507.939	1079.81
508.155	1067.81
508.372	1029.81
508.588	1012.81
508.805	1015.81
509.021	987.81
509.238	979.81
509.454	1019.81
509.67	985.81
509.887	1014.81
510.103	993.81
510.319	1023.81
510.536	1210.81
510.752	2036.81
510.968	1563.81
511.184	1100.81
511.401	1038.81
511.617	1047.81
511.833	1115.81
512.049	1154.81
512.265	1109.81
512.481	1077.81
512.698	1031.81
512.914	995.81
513.13	1008.81
513.346	1004.81
513.562	1007.81
513.778	984.81
513.994	1020.81
514.21	1017.81
514.426	1058.81
514.642	1070.81
514.858	1109.81
515.074	1149.81
515.29	1387.81
515.506	1912.81
515.721	1555.81
515.937	1156.81
516.153	1086.81
516.369	1076.81
516.585	1081.81
516.801	1070.81
517.016	1091.81
517.232	1098.81
517.448	1148.81
517.664	1203.81
517.879	1150.81
518.095	1176.81
518.311	1135.81
518.527	1112.81
518.742	1109.81
518.958	1058.81
519.173	1038.81
519.389	1031.81
519.605	1015.81
519.82	997.81
520.036	989.81
520.251	1028.81
520.467	1056.81
520.682	1025.81
520.898	1047.81
521.113	1093.81
521.329	1146.81
521.544	1239.81
521.76	1488.81
521.975	2488.81
522.19	2308.81
522.406	1350.81
522.621	1088.81
522.836	971.81
523.052	973.81
523.267	933.81
523.482	929.81
523.698	901.81
523.913	901.81
524.128	900.81
524.343	886.81
524.559	868.81
524.774	876.81
524.989	836.81
525.204	854.81
525.419	866.81
525.634	863.81
525.849	854.81
526.064	843.81
526.28	819.81
526.495	805.81
526.71	834.81
526.925	850.81
527.14	812.81
527.355	824.81
527.57	811.81
527.785	807.81
527.999	806.81
528.214	809.81
528.429	828.81
528.644	826.81
528.859	808.81
529.074	826.81
529.289	859.81
529.503	931.81
529.718	923.81
529.933	847.81
530.148	837.81
530.363	813.81
530.577	794.81
530.792	791.81
531.007	781.81
531.221	799.81
531.436	808.81
531.651	778.81
531.865	808.81
532.08	797.81
532.295	784.81
532.509	804.81
532.724	804.81
532.938	812.81
533.153	798.81
533.367	774.81
533.582	796.81
533.796	800.81
534.011	779.81
534.225	796.81
534.44	791.81
534.654	746.81
534.868	776.81
535.083	780.81
535.297	776.81
535.511	781.81
535.726	778.81
535.94	766.81
536.154	778.81
536.369	756.81
536.583	751.81
536.797	751.81
537.011	731.81
537.225	732.81
537.44	733.81
537.654	721.81
537.868	736.81
538.082	746.81
538.296	716.81
538.51	766.81
538.724	754.81
538.938	738.81
539.153	752.81
539.367	765.81
539.581	753.81
539.795	760.81
540.009	736.81
540.222	738.81
540.436	737.81
540.65	730.81
540.864	747.81
541.078	729.81
541.292	752.81
541.506	736.81
541.72	735.81
541.934	755.81
542.147	742.81
542.361	729.81
542.575	741.81
542.789	710.81
543.002	711.81
543.216	683.81
543.43	720.81
543.644	721.81
543.857	710.81
544.071	718.81
544.285	746.81
544.498	735.81
544.712	723.81
544.925	748.81
545.139	731.81
545.352	736.81
545.566	720.81
545.779	727.81
545.993	737.81
546.206	725.81
546.42	747.81
546.633	724.81
546.847	717.81
547.06	735.81
547.274	732.81
547.487	727.81
547.7	734.81
547.914	743.81
548.127	719.81
548.34	712.81
548.554	714.81
548.767	711.81
548.98	747.81
549.193	744.81
549.407	728.81
549.62	731.81
549.833	735.81
550.046	733.81
550.259	747.81
550.473	702.81
550.686	720.81
550.899	706.81
551.112	690.81
551.325	694.81
551.538	709.81
551.751	702.81
551.964	695.81
552.177	697.81
552.39	708.81
552.603	711.81
552.816	724.81
553.029	753.81
553.242	752.81
553.455	762.81
553.667	766.81
553.88	780.81
554.093	756.81
554.306	748.81
554.519	722.81
554.732	715.81
554.944	709.81
555.157	732.81
555.37	692.81
555.583	699.81
555.795	676.81
556.008	652.81
556.221	660.81
556.433	642.81
556.646	662.81
556.859	631.81
557.071	623.81
557.284	642.81
557.496	627.81
557.709	620.81
557.921	606.81
558.134	625.81
558.346	610.81
558.559	637.81
558.771	625.81
558.984	630.81
559.196	602.81
559.409	614.81
559.621	591.81
559.833	611.81
560.046	612.81
560.258	588.81
560.47	587.81
560.683	596.81
560.895	614.81
561.107	570.81
561.32	570.81
561.532	607.81
561.744	583.81
561.956	590.81
562.168	578.81
562.381	616.81
562.593	597.81
562.805	603.81
563.017	597.81
563.229	608.81
563.441	611.81
563.653	591.81
563.865	594.81
564.077	621.81
564.289	622.81
564.501	615.81
564.713	614.81
564.925	625.81
565.137	634.81
565.349	636.81
565.561	640.81
565.773	643.81
565.985	672.81
566.197	688.81
566.408	718.81
566.62	783.81
566.832	834.81
567.044	843.81
567.255	830.81
567.467	838.81
567.679	862.81
567.891	944.81
568.102	945.81
568.314	862.81
568.526	814.81
568.737	746.81
568.949	698.81
569.161	679.81
569.372	654.81
569.584	599.81
569.795	620.81
570.007	611.81
570.218	646.81
570.43	610.81
570.641	554.81
570.853	572.81
571.064	572.81
571.276	603.81
571.487	559.81
571.698	538.81
571.91	548.81
572.121	530.81
572.333	510.81
572.544	522.81
572.755	485.81
572.966	485.81
573.178	519.81
573.389	506.81
573.6	496.81
573.811	468.81
574.023	486.81
574.234	475.81
574.445	496.81
574.656	490.81
574.867	476.81
575.078	475.81
575.289	470.81
575.501	479.81
575.712	471.81
575.923	466.81
576.134	458.81
576.345	463.81
576.556	456.81
576.767	462.81
576.978	470.81
577.188	456.81
577.399	471.81
577.61	460.81
577.821	479.81
578.032	459.81
578.243	493.81
578.454	780.81
578.665	572.81
578.875	456.81
579.086	439.81
579.297	429.81
579.508	422.81
579.718	422.81
579.929	418.81
580.14	427.81
580.35	417.81
580.561	410.81
580.772	427.81
580.982	417.81
581.193	434.81
581.403	413.81
581.614	408.81
581.825	426.81
582.035	414.81
582.246	416.81
582.456	401.81
582.667	406.81
582.877	426.81
583.087	376.81
583.298	407.81
583.508	422.81
583.719	410.81
583.929	400.81
584.139	397.81
584.35	387.81
584.56	412.81
584.77	385.81
584.981	423.81
585.191	422.81
585.401	413.81
585.611	403.81
585.821	394.81
586.032	417.81
586.242	383.81
586.452	411.81
586.662	385.81
586.872	389.81
587.082	405.81
587.292	409.81
587.502	399.81
587.713	369.81
587.923	386.81
588.133	380.81
588.343	369.81
588.553	394.81
588.762	400.81
588.972	387.81
589.182	388.81
589.392	399.81
589.602	412.81
589.812	408.81
590.022	388.81
590.232	397.81
590.441	396.81
590.651	419.81
590.861	399.81
591.071	410.81
591.281	405.81
591.49	384.81
591.7	414.81
591.91	384.81
592.119	413.81
592.329	418.81
592.539	415.81
592.748	422.81
592.958	444.81
593.167	452.81
593.377	446.81
593.587	450.81
593.796	465.81
594.006	461.81
594.215	442.81
594.424	457.81
594.634	440.81
594.843	449.81
595.053	410.81
595.262	429.81
595.472	396.81
595.681	399.81
595.89	379.81
596.1	371.81
596.309	384.81
596.518	387.81
596.727	372.81
596.937	361.81
597.146	368.81
597.355	369.81
597.564	378.81
597.774	373.81
597.983	352.81
598.192	347.81
598.401	357.81
598.61	343.81
598.819	352.81
599.028	343.81
599.237	357.81
599.446	349.81
599.655	349.81
599.864	335.81
600.073	356.81
600.282	336.81
600.491	331.81
600.7	349.81
600.909	343.81
601.118	365.81
601.327	333.81
601.536	333.81
601.745	345.81
601.953	355.81
602.162	336.81
602.371	372.81
602.58	369.81
602.789	359.81
602.997	330.81
603.206	350.81
603.415	344.81
603.623	346.81
603.832	340.81
604.041	336.81
604.249	322.81
604.458	335.81
604.666	332.81
604.875	327.81
605.084	325.81
605.292	351.81
605.501	339.81
605.709	325.81
605.918	344.81
606.126	327.81
606.334	330.81
606.543	318.81
606.751	323.81
606.96	338.81
607.168	312.81
607.376	332.81
607.585	323.81
607.793	343.81
608.001	343.81
608.21	321.81
608.418	330.81
608.626	312.81
608.834	338.81
609.043	344.81
609.251	333.81
609.459	323.81
609.667	340.81
609.875	322.81
610.083	344.81
610.291	323.81
610.499	341.81
610.707	335.81
610.916	326.81
611.124	331.81
611.332	320.81
611.54	306.81
611.748	317.81
611.955	314.81
612.163	318.81
612.371	330.81
612.579	306.81
612.787	318.81
612.995	328.81
613.203	314.81
613.411	323.81
613.618	315.81
613.826	310.81
614.034	324.81
614.242	316.81
614.449	307.81
614.657	314.81
614.865	308.81
615.072	314.81
615.28	332.81
615.488	329.81
615.695	327.81
615.903	312.81
616.111	326.81
616.318	318.81
616.526	323.81
616.733	320.81
616.941	327.81
617.148	313.81
617.356	306.81
617.563	304.81
617.771	310.81
617.978	292.81
618.185	292.81
618.393	302.81
618.6	308.81
618.807	306.81
619.015	314.81
619.222	308.81
619.429	301.81
619.637	289.81
619.844	292.81
620.051	306.81
620.258	293.81
620.466	306.81
620.673	302.81
620.88	276.81
621.087	272.81
621.294	286.81
621.501	291.81
621.708	288.81
621.915	293.81
622.122	287.81
622.329	290.81
622.536	291.81
622.743	283.81
622.95	271.81
623.157	282.81
623.364	294.81
623.571	262.81
623.778	284.81
623.985	268.81
624.192	282.81
624.399	264.81
624.606	267.81
624.812	264.81
625.019	278.81
625.226	276.81
625.433	256.81
625.639	248.81
625.846	241.81
626.053	253.81
626.259	246.81
626.466	257.81
626.673	243.81
626.879	238.81
627.086	253.81
627.293	273.81
627.499	268.81
627.706	265.81
627.912	251.81
628.119	264.81
628.325	260.81
628.532	243.81
628.738	241.81
628.945	250.81
629.151	257.81
629.357	243.81
629.564	238.81
629.77	246.81
629.976	231.81
630.183	234.81
630.389	245.81
630.595	221.81
630.802	230.81
631.008	254.81
631.214	249.81
631.42	256.81
631.627	255.81
631.833	231.81
632.039	219.81
632.245	243.81
632.451	242.81
632.657	234.81
632.863	243.81
633.069	255.81
633.275	233.81
633.481	231.81
633.688	231.81
633.893	225.81
634.099	238.81
634.305	226.81
634.511	241.81
634.717	233.81
634.923	238.81
635.129	222.81
635.335	228.81
635.541	239.81
635.747	244.81
635.952	262.81
636.158	282.81
636.364	328.81
636.57	402.81
636.775	334.81
636.981	302.81
637.187	284.81
637.392	273.81
637.598	245.81
637.804	251.81
638.009	261.81
638.215	231.81
638.421	250.81
638.626	231.81
638.832	234.81
639.037	229.81
639.243	235.81
639.448	200.81
639.654	214.81
639.859	232.81
640.065	204.81
640.27	212.81
640.475	232.81
640.681	207.81
640.886	205.81
641.091	216.81
641.297	235.81
641.502	204.81
641.707	220.81
641.913	211.81
642.118	208.81
642.323	213.81
642.528	221.81
642.733	204.81
642.939	213.81
643.144	189.81
643.349	215.81
643.554	204.81
643.759	225.81
643.964	205.81
644.169	222.81
644.374	200.81
644.579	202.81
644.784	208.81
644.989	211.81
645.194	187.81
645.399	199.81
645.604	211.81
645.809	206.81
646.014	218.81
646.219	196.81
646.423	202.81
646.628	194.81
646.833	207.81
647.038	192.81
647.243	212.81
647.447	199.81
647.652	212.81
647.857	210.81
648.062	204.81
648.266	212.81
648.471	204.81
648.676	226.81
648.88	214.81
649.085	212.81
649.289	207.81
649.494	206.81
649.698	228.81
649.903	219.81
650.107	204.81
650.312	195.81
650.516	201.81
650.721	191.81
650.925	178.81
651.13	173.81
651.334	186.81
651.539	174.81
651.743	182.81
651.947	158.81
652.152	181.81
652.356	159.81
652.56	186.81
652.764	183.81
652.969	179.81
653.173	161.81
653.377	159.81
653.581	162.81
653.785	158.81
653.99	160.81
654.194	151.81
654.398	166.81
654.602	152.81
654.806	150.81
655.01	157.81
655.214	168.81
655.418	145.81
655.622	142.81
655.826	143.81
656.03	155.81
656.234	158.81
656.438	137.81
656.642	149.81
656.846	145.81
657.049	146.81
657.253	146.81
657.457	143.81
657.661	156.81
657.865	123.81
658.068	119.81
658.272	116.81
658.476	122.81
658.68	116.81
658.883	110.81
659.087	98.81
659.291	113.81
659.494	109.81
659.698	100.81
659.901	95.81
660.105	103.81
660.309	97.81
660.512	98.81
660.716	99.81
660.919	95.81
661.123	103.81
661.326	101.81
661.53	96.81
661.733	85.81
661.936	102.81
662.14	94.81
662.343	95.81
662.546	83.81
662.75	89.81
662.953	94.81
663.156	86.81
663.36	92.81
663.563	79.81
663.766	103.81
663.969	82.81
664.173	85.81
664.376	83.81
664.579	83.81
664.782	94.81
664.985	85.81
665.188	78.81
665.391	95.81
665.594	88.81
665.797	93.81
666	87.81
666.203	74.81
666.406	96.81
666.609	90.81
666.812	87.81
667.015	85.81
667.218	73.81
667.421	95.81
667.624	87.81
667.827	76.81
668.03	81.81
668.232	101.81
668.435	86.81
668.638	85.81
668.841	95.81
669.043	87.81
669.246	79.81
669.449	79.81
669.651	90.81
669.854	78.81
670.057	75.81
670.259	97.81
670.462	89.81
670.665	77.81
670.867	99.81
671.07	78.81
671.272	92.81
671.475	96.81
671.677	88.81
671.88	76.81
672.082	84.81
672.284	82.81
672.487	85.81
672.689	84.81
672.892	72.81
