223.165	-18.06
223.4	-18.06
223.635	-18.06
223.869	-24.06
224.104	-31.06
224.338	-19.06
224.573	-9.06
224.808	-2.06
225.042	-7.06
225.277	3.94
225.511	-14.06
225.746	-6.06
225.98	-1.06
226.215	28.94
226.449	28.94
226.683	21.94
226.918	16.94
227.152	30.94
227.387	26.94
227.621	26.94
227.856	32.94
228.09	32.94
228.324	45.94
228.559	53.94
228.793	56.94
229.027	88.94
229.262	103.94
229.496	111.94
229.73	106.94
229.964	154.94
230.199	135.94
230.433	117.94
230.667	122.94
230.901	117.94
231.136	126.94
231.37	135.94
231.604	108.94
231.838	109.94
232.072	123.94
232.306	130.94
232.541	122.94
232.775	138.94
233.009	107.94
233.243	111.94
233.477	119.94
233.711	134.94
233.945	128.94
234.179	136.94
234.413	121.94
234.647	124.94
234.881	122.94
235.115	126.94
235.349	119.94
235.583	110.94
235.817	123.94
236.051	117.94
236.285	126.94
236.519	141.94
236.753	143.94
236.987	151.94
237.221	188.94
237.455	215.94
237.689	184.94
237.922	148.94
238.156	141.94
238.39	142.94
238.624	141.94
238.858	129.94
239.091	125.94
239.325	142.94
239.559	150.94
239.793	144.94
240.027	151.94
240.26	157.94
240.494	166.94
240.728	158.94
240.961	151.94
241.195	135.94
241.429	159.94
241.662	163.94
241.896	173.94
242.13	154.94
242.363	154.94
242.597	144.94
242.83	150.94
243.064	151.94
243.298	152.94
243.531	159.94
243.765	147.94
243.998	161.94
244.232	173.94
244.465	175.94
244.699	177.94
244.932	160.94
245.166	158.94
245.399	168.94
245.633	178.94
245.866	182.94
246.099	181.94
246.333	193.94
246.566	191.94
246.8	166.94
247.033	187.94
247.266	181.94
247.5	170.94
247.733	203.94
247.966	193.94
248.2	199.94
248.433	189.94
248.666	199.94
248.899	229.94
249.133	221.94
249.366	230.94
249.599	221.94
249.832	221.94
250.066	245.94
250.299	265.94
250.532	353.94
250.765	366.94
250.998	329.94
251.231	297.94
251.465	277.94
251.698	253.94
251.931	251.94
252.164	238.94
252.397	235.94
252.63	222.94
252.863	247.94
253.096	252.94
253.329	253.94
253.562	252.94
253.795	270.94
254.028	253.94
254.261	257.94
254.494	243.94
254.727	260.94
254.96	275.94
255.193	282.94
255.426	301.94
255.659	329.94
255.892	441.94
256.124	565.94
256.357	592.94
256.59	442.94
256.823	385.94
257.056	338.94
257.289	304.94
257.521	311.94
257.754	299.94
257.987	303.94
258.22	263.94
258.452	285.94
258.685	274.94
258.918	259.94
259.151	278.94
259.383	263.94
259.616	275.94
259.849	265.94
260.081	264.94
260.314	255.94
260.547	286.94
260.779	275.94
261.012	267.94
261.244	259.94
261.477	263.94
261.71	265.94
261.942	267.94
262.175	274.94
262.407	263.94
262.64	233.94
262.872	254.94
263.105	259.94
263.337	270.94
263.57	263.94
263.802	250.94
264.035	260.94
264.267	257.94
264.499	269.94
264.732	270.94
264.964	246.94
265.197	251.94
265.429	263.94
265.661	259.94
265.894	273.94
266.126	262.94
266.358	253.94
266.591	261.94
266.823	253.94
267.055	265.94
267.287	271.94
267.52	259.94
267.752	249.94
267.984	247.94
268.216	251.94
268.448	266.94
268.681	276.94
268.913	269.94
269.145	282.94
269.377	279.94
269.609	284.94
269.841	291.94
270.073	279.94
270.306	290.94
270.538	314.94
270.77	305.94
271.002	311.94
271.234	269.94
271.466	300.94
271.698	317.94
271.93	329.94
272.162	311.94
272.394	301.94
272.626	296.94
272.858	307.94
273.09	278.94
273.322	278.94
273.553	291.94
273.785	305.94
274.017	296.94
274.249	305.94
274.481	320.94
274.713	298.94
274.945	311.94
275.176	318.94
275.408	329.94
275.64	327.94
275.872	328.94
276.104	317.94
276.335	355.94
276.567	338.94
276.799	349.94
277.031	385.94
277.262	386.94
277.494	376.94
277.726	367.94
277.957	350.94
278.189	349.94
278.421	345.94
278.652	347.94
278.884	323.94
279.115	333.94
279.347	324.94
279.579	339.94
279.81	354.94
280.042	360.94
280.273	385.94
280.505	397.94
280.736	355.94
280.968	367.94
281.199	336.94
281.431	344.94
281.662	336.94
281.894	341.94
282.125	352.94
282.356	361.94
282.588	365.94
282.819	355.94
283.051	359.94
283.282	335.94
283.513	315.94
283.745	337.94
283.976	323.94
284.207	323.94
284.439	329.94
284.67	327.94
284.901	315.94
285.132	345.94
285.364	333.94
285.595	323.94
285.826	330.94
286.057	322.94
286.288	342.94
286.52	340.94
286.751	348.94
286.982	352.94
287.213	340.94
287.444	331.94
287.675	358.94
287.906	361.94
288.138	350.94
288.369	334.94
288.6	346.94
288.831	359.94
289.062	356.94
289.293	351.94
289.524	356.94
289.755	347.94
289.986	350.94
290.217	341.94
290.448	357.94
290.679	350.94
290.91	343.94
291.141	331.94
291.371	343.94
291.602	352.94
291.833	325.94
292.064	343.94
292.295	334.94
292.526	335.94
292.757	334.94
292.987	346.94
293.218	348.94
293.449	336.94
293.68	347.94
293.91	338.94
294.141	325.94
294.372	341.94
294.603	354.94
294.833	354.94
295.064	347.94
295.295	331.94
295.525	339.94
295.756	346.94
295.987	369.94
296.217	364.94
296.448	375.94
296.679	359.94
296.909	358.94
297.14	357.94
297.37	363.94
297.601	359.94
297.831	361.94
298.062	360.94
298.292	350.94
298.523	373.94
298.753	361.94
298.984	349.94
299.214	361.94
299.445	380.94
299.675	372.94
299.905	360.94
300.136	383.94
300.366	404.94
300.597	380.94
300.827	390.94
301.057	394.94
301.288	383.94
301.518	399.94
301.748	387.94
301.979	391.94
302.209	396.94
302.439	401.94
302.669	391.94
302.9	392.94
303.13	393.94
303.36	397.94
303.59	415.94
303.82	425.94
304.051	403.94
304.281	394.94
304.511	389.94
304.741	402.94
304.971	378.94
305.201	413.94
305.431	399.94
305.661	394.94
305.891	372.94
306.121	391.94
306.352	413.94
306.582	405.94
306.812	402.94
307.042	387.94
307.272	434.94
307.502	437.94
307.731	442.94
307.961	435.94
308.191	408.94
308.421	387.94
308.651	415.94
308.881	401.94
309.111	411.94
309.341	425.94
309.571	411.94
309.8	418.94
310.03	418.94
310.26	435.94
310.49	439.94
310.72	433.94
310.949	445.94
311.179	453.94
311.409	451.94
311.639	446.94
311.868	437.94
312.098	442.94
312.328	431.94
312.557	448.94
312.787	447.94
313.017	468.94
313.246	454.94
313.476	431.94
313.706	436.94
313.935	439.94
314.165	471.94
314.394	486.94
314.624	462.94
314.853	440.94
315.083	431.94
315.312	437.94
315.542	445.94
315.771	438.94
316.001	447.94
316.23	434.94
316.46	422.94
316.689	435.94
316.919	445.94
317.148	462.94
317.377	449.94
317.607	457.94
317.836	452.94
318.065	443.94
318.295	446.94
318.524	450.94
318.753	441.94
318.983	462.94
319.212	445.94
319.441	450.94
319.67	479.94
319.9	450.94
320.129	462.94
320.358	472.94
320.587	457.94
320.816	471.94
321.046	461.94
321.275	485.94
321.504	499.94
321.733	485.94
321.962	480.94
322.191	511.94
322.42	517.94
322.649	532.94
322.878	561.94
323.108	547.94
323.337	586.94
323.566	607.94
323.795	639.94
324.024	687.94
324.253	841.94
324.482	1163.94
324.71	1737.94
324.939	2457.94
325.168	2002.94
325.397	1095.94
325.626	807.94
325.855	730.94
326.084	691.94
326.313	694.94
326.542	701.94
326.77	726.94
326.999	843.94
327.228	1162.94
327.457	1689.94
327.686	1981.94
327.914	1366.94
328.143	1214.94
328.372	1261.94
328.6	1135.94
328.829	917.94
329.058	874.94
329.287	893.94
329.515	897.94
329.744	969.94
329.972	1176.94
330.201	1575.94
330.43	1931.94
330.658	1574.94
330.887	1139.94
331.115	930.94
331.344	836.94
331.572	800.94
331.801	757.94
332.03	779.94
332.258	724.94
332.486	738.94
332.715	757.94
332.943	793.94
333.172	823.94
333.4	885.94
333.629	961.94
333.857	1086.94
334.085	1317.94
334.314	1711.94
334.542	2364.94
334.771	2491.94
334.999	1602.94
335.227	1087.94
335.455	912.94
335.684	818.94
335.912	765.94
336.14	719.94
336.369	689.94
336.597	707.94
336.825	694.94
337.053	686.94
337.281	650.94
337.51	641.94
337.738	645.94
337.966	604.94
338.194	609.94
338.422	626.94
338.65	575.94
338.878	585.94
339.106	577.94
339.334	550.94
339.562	565.94
339.79	556.94
340.018	554.94
340.246	553.94
340.474	559.94
340.702	523.94
340.93	558.94
341.158	540.94
341.386	533.94
341.614	528.94
341.842	548.94
342.07	531.94
342.298	527.94
342.526	514.94
342.754	534.94
342.981	520.94
343.209	542.94
343.437	555.94
343.665	579.94
343.893	580.94
344.12	589.94
344.348	584.94
344.576	582.94
344.804	575.94
345.031	560.94
345.259	559.94
345.487	556.94
345.714	557.94
345.942	520.94
346.17	523.94
346.397	543.94
346.625	531.94
346.853	518.94
347.08	544.94
347.308	542.94
347.535	560.94
347.763	544.94
347.99	526.94
348.218	553.94
348.445	565.94
348.673	555.94
348.9	518.94
349.128	519.94
349.355	503.94
349.583	510.94
349.81	527.94
350.037	503.94
350.265	507.94
350.492	504.94
350.72	507.94
350.947	517.94
351.174	519.94
351.402	534.94
351.629	534.94
351.856	509.94
352.083	520.94
352.311	538.94
352.538	520.94
352.765	542.94
352.992	532.94
353.22	521.94
353.447	530.94
353.674	506.94
353.901	495.94
354.128	510.94
354.355	514.94
354.583	496.94
354.81	513.94
355.037	495.94
355.264	500.94
355.491	511.94
355.718	513.94
355.945	489.94
356.172	508.94
356.399	499.94
356.626	494.94
356.853	510.94
357.08	518.94
357.307	507.94
357.534	485.94
357.761	498.94
357.988	526.94
358.215	502.94
358.441	489.94
358.668	508.94
358.895	505.94
359.122	529.94
359.349	537.94
359.576	536.94
359.802	556.94
360.029	569.94
360.256	591.94
360.483	574.94
360.709	522.94
360.936	519.94
361.163	543.94
361.39	527.94
361.616	539.94
361.843	531.94
362.07	521.94
362.296	523.94
362.523	551.94
362.749	558.94
362.976	528.94
363.203	533.94
363.429	550.94
363.656	553.94
363.882	534.94
364.109	526.94
364.335	523.94
364.562	515.94
364.788	500.94
365.015	535.94
365.241	512.94
365.468	515.94
365.694	513.94
365.92	536.94
366.147	521.94
366.373	525.94
366.599	526.94
366.826	529.94
367.052	519.94
367.278	535.94
367.505	534.94
367.731	549.94
367.957	515.94
368.184	519.94
368.41	549.94
368.636	557.94
368.862	562.94
369.089	535.94
369.315	551.94
369.541	554.94
369.767	541.94
369.993	545.94
370.219	552.94
370.445	583.94
370.672	556.94
370.898	549.94
371.124	535.94
371.35	560.94
371.576	544.94
371.802	534.94
372.028	554.94
372.254	530.94
372.48	555.94
372.706	585.94
372.932	554.94
373.158	569.94
373.384	568.94
373.61	563.94
373.835	551.94
374.061	539.94
374.287	567.94
374.513	554.94
374.739	595.94
374.965	588.94
375.191	588.94
375.416	582.94
375.642	557.94
375.868	574.94
376.094	555.94
376.319	552.94
376.545	553.94
376.771	555.94
376.997	546.94
377.222	557.94
377.448	546.94
377.674	546.94
377.899	549.94
378.125	531.94
378.35	532.94
378.576	537.94
378.802	523.94
379.027	538.94
379.253	549.94
379.478	544.94
379.704	551.94
379.929	551.94
380.155	556.94
380.38	550.94
380.606	549.94
380.831	553.94
381.057	555.94
381.282	556.94
381.507	549.94
381.733	560.94
381.958	572.94
382.184	590.94
382.409	589.94
382.634	575.94
382.86	549.94
383.085	576.94
383.31	607.94
383.535	574.94
383.761	588.94
383.986	579.94
384.211	604.94
384.436	612.94
384.662	622.94
384.887	621.94
385.112	606.94
385.337	617.94
385.562	622.94
385.787	629.94
386.013	625.94
386.238	637.94
386.463	646.94
386.688	647.94
386.913	629.94
387.138	628.94
387.363	608.94
387.588	623.94
387.813	593.94
388.038	606.94
388.263	625.94
388.488	611.94
388.713	623.94
388.938	639.94
389.163	619.94
389.387	640.94
389.612	638.94
389.837	608.94
390.062	617.94
390.287	625.94
390.512	639.94
390.736	607.94
390.961	659.94
391.186	655.94
391.411	669.94
391.636	664.94
391.86	661.94
392.085	679.94
392.31	679.94
392.534	699.94
392.759	670.94
392.984	653.94
393.208	660.94
393.433	674.94
393.658	670.94
393.882	656.94
394.107	654.94
394.331	653.94
394.556	642.94
394.78	675.94
395.005	673.94
395.229	674.94
395.454	687.94
395.678	694.94
395.903	687.94
396.127	712.94
396.352	722.94
396.576	646.94
396.801	669.94
397.025	663.94
397.249	712.94
397.474	708.94
397.698	675.94
397.922	713.94
398.147	719.94
398.371	730.94
398.595	767.94
398.82	764.94
399.044	830.94
399.268	896.94
399.492	973.94
399.717	1079.94
399.941	1075.94
400.165	1002.94
400.389	942.94
400.613	873.94
400.837	801.94
401.062	783.94
401.286	775.94
401.51	805.94
401.734	769.94
401.958	777.94
402.182	832.94
402.406	816.94
402.63	861.94
402.854	854.94
403.078	842.94
403.302	882.94
403.526	893.94
403.75	883.94
403.974	891.94
404.198	931.94
404.422	925.94
404.645	961.94
404.869	1005.94
405.093	1053.94
405.317	1078.94
405.541	1099.94
405.765	1010.94
405.988	981.94
406.212	965.94
406.436	963.94
406.66	1017.94
406.883	970.94
407.107	1015.94
407.331	1063.94
407.555	1075.94
407.778	1084.94
408.002	1033.94
408.226	988.94
408.449	966.94
408.673	935.94
408.896	986.94
409.12	998.94
409.344	915.94
409.567	906.94
409.791	934.94
410.014	901.94
410.238	903.94
410.461	899.94
410.685	891.94
410.908	903.94
411.132	950.94
411.355	920.94
411.578	918.94
411.802	888.94
412.025	929.94
412.249	975.94
412.472	1058.94
412.695	1135.94
412.919	1102.94
413.142	1031.94
413.365	978.94
413.589	924.94
413.812	908.94
414.035	905.94
414.258	836.94
414.482	874.94
414.705	874.94
414.928	866.94
415.151	870.94
415.374	830.94
415.597	840.94
415.821	846.94
416.044	839.94
416.267	843.94
416.49	841.94
416.713	843.94
416.936	850.94
417.159	834.94
417.382	836.94
417.605	861.94
417.828	865.94
418.051	897.94
418.274	849.94
418.497	845.94
418.72	882.94
418.943	874.94
419.166	898.94
419.389	984.94
419.611	962.94
419.834	936.94
420.057	981.94
420.28	1018.94
420.503	1075.94
420.726	1012.94
420.948	972.94
421.171	958.94
421.394	948.94
421.617	908.94
421.839	889.94
422.062	870.94
422.285	885.94
422.507	934.94
422.73	1000.94
422.953	977.94
423.175	903.94
423.398	920.94
423.621	896.94
423.843	890.94
424.066	905.94
424.288	900.94
424.511	926.94
424.733	977.94
424.956	1005.94
425.178	975.94
425.401	965.94
425.623	986.94
425.846	875.94
426.068	876.94
426.291	887.94
426.513	873.94
426.735	889.94
426.958	887.94
427.18	977.94
427.402	1105.94
427.625	1171.94
427.847	1121.94
428.069	1161.94
428.292	1009.94
428.514	860.94
428.736	863.94
428.958	841.94
429.181	817.94
429.403	822.94
429.625	790.94
429.847	843.94
430.069	908.94
430.292	857.94
430.514	829.94
430.736	807.94
430.958	792.94
431.18	793.94
431.402	789.94
431.624	785.94
431.846	789.94
432.068	764.94
432.29	785.94
432.512	798.94
432.734	804.94
432.956	807.94
433.178	801.94
433.4	816.94
433.622	769.94
433.844	801.94
434.066	791.94
434.287	782.94
434.509	802.94
434.731	829.94
434.953	848.94
435.175	848.94
435.397	871.94
435.618	847.94
435.84	865.94
436.062	923.94
436.284	969.94
436.505	886.94
436.727	870.94
436.949	839.94
437.17	823.94
437.392	811.94
437.614	818.94
437.835	815.94
438.057	919.94
438.278	972.94
438.5	959.94
438.721	1064.94
438.943	1017.94
439.165	853.94
439.386	844.94
439.608	839.94
439.829	849.94
440.05	887.94
440.272	944.94
440.493	881.94
440.715	861.94
440.936	858.94
441.158	843.94
441.379	870.94
441.6	896.94
441.822	901.94
442.043	978.94
442.264	1001.94
442.486	998.94
442.707	926.94
442.928	915.94
443.149	923.94
443.371	918.94
443.592	963.94
443.813	1062.94
444.034	1069.94
444.255	969.94
444.476	980.94
444.698	976.94
444.919	976.94
445.14	1065.94
445.361	992.94
445.582	933.94
445.803	990.94
446.024	1040.94
446.245	1032.94
446.466	970.94
446.687	885.94
446.908	863.94
447.129	841.94
447.35	805.94
447.571	812.94
447.792	792.94
448.013	789.94
448.234	798.94
448.455	863.94
448.675	945.94
448.896	1057.94
449.117	875.94
449.338	876.94
449.559	999.94
449.779	1063.94
450	900.94
450.221	811.94
450.442	789.94
450.662	782.94
450.883	796.94
451.104	839.94
451.324	817.94
451.545	783.94
451.766	758.94
451.986	771.94
452.207	735.94
452.428	734.94
452.648	737.94
452.869	736.94
453.089	750.94
453.31	777.94
453.53	726.94
453.751	731.94
453.971	737.94
454.192	734.94
454.412	730.94
454.633	695.94
454.853	713.94
455.073	700.94
455.294	738.94
455.514	760.94
455.734	756.94
455.955	717.94
456.175	695.94
456.395	696.94
456.616	691.94
456.836	686.94
457.056	689.94
457.276	661.94
457.497	675.94
457.717	680.94
457.937	710.94
458.157	712.94
458.377	716.94
458.598	733.94
458.818	801.94
459.038	917.94
459.258	883.94
459.478	820.94
459.698	814.94
459.918	824.94
460.138	811.94
460.358	853.94
460.578	864.94
460.798	875.94
461.018	839.94
461.238	873.94
461.458	869.94
461.678	834.94
461.898	842.94
462.118	881.94
462.338	887.94
462.558	895.94
462.777	954.94
462.997	1044.94
463.217	1085.94
463.437	1093.94
463.657	1013.94
463.876	982.94
464.096	940.94
464.316	979.94
464.536	978.94
464.755	958.94
464.975	950.94
465.195	995.94
465.414	1001.94
465.634	906.94
465.854	859.94
466.073	835.94
466.293	805.94
466.512	779.94
466.732	775.94
466.951	770.94
467.171	779.94
467.391	826.94
467.61	824.94
467.829	858.94
468.049	991.94
468.268	1329.94
468.488	1085.94
468.707	912.94
468.927	860.94
469.146	827.94
469.365	805.94
469.585	833.94
469.804	827.94
470.023	855.94
470.243	841.94
470.462	846.94
470.681	879.94
470.901	871.94
471.12	866.94
471.339	858.94
471.558	862.94
471.777	894.94
471.997	949.94
472.216	1309.94
472.435	2352.94
472.654	1893.94
472.873	1315.94
473.092	1078.94
473.311	974.94
473.53	904.94
473.749	870.94
473.968	887.94
474.187	975.94
474.406	955.94
474.625	853.94
474.844	838.94
475.063	835.94
475.282	801.94
475.501	826.94
475.72	801.94
475.939	832.94
476.158	805.94
476.377	825.94
476.596	798.94
476.814	823.94
477.033	858.94
477.252	842.94
477.471	875.94
477.69	881.94
477.908	863.94
478.127	887.94
478.346	893.94
478.564	948.94
478.783	926.94
479.002	957.94
479.22	945.94
479.439	991.94
479.658	978.94
479.876	986.94
480.095	1008.94
480.313	1081.94
480.532	1132.94
480.751	1203.94
480.969	1539.94
481.188	3057.94
481.406	3983.94
481.624	2189.94
481.843	1625.94
482.061	1388.94
482.28	1293.94
482.498	1196.94
482.717	1112.94
482.935	1089.94
483.153	1062.94
483.372	1060.94
483.59	1046.94
483.808	1007.94
484.027	1069.94
484.245	1019.94
484.463	1023.94
484.681	1043.94
484.9	1010.94
485.118	993.94
485.336	988.94
485.554	991.94
485.772	1023.94
485.99	1018.94
486.209	1011.94
486.427	1034.94
486.645	1012.94
486.863	1064.94
487.081	1022.94
487.299	1033.94
487.517	1033.94
487.735	1024.94
487.953	1035.94
488.171	1038.94
488.389	1049.94
488.607	1018.94
488.825	1039.94
489.043	1028.94
489.261	1038.94
489.479	1067.94
489.696	1079.94
489.914	1038.94
490.132	1082.94
490.35	1091.94
490.568	1141.94
490.786	1165.94
491.003	1199.94
491.221	1253.94
491.439	1279.94
491.657	1287.94
491.874	1334.94
492.092	1351.94
492.31	1343.94
492.527	1403.94
492.745	1406.94
492.963	1432.94
493.18	1411.94
493.398	1397.94
493.615	1353.94
493.833	1351.94
494.05	1313.94
494.268	1300.94
494.485	1256.94
494.703	1282.94
494.92	1255.94
495.138	1206.94
495.355	1219.94
495.573	1213.94
495.79	1178.94
496.008	1211.94
496.225	1187.94
496.442	1163.94
496.66	1167.94
496.877	1190.94
497.094	1166.94
497.312	1207.94
497.529	1200.94
497.746	1207.94
497.963	1207.94
498.181	1254.94
498.398	1292.94
498.615	1273.94
498.832	1374.94
499.049	1410.94
499.267	1490.94
499.484	1592.94
499.701	1737.94
499.918	1824.94
500.135	2012.94
500.352	2215.94
500.569	2367.94
500.786	2334.94
501.003	2205.94
501.22	2013.94
501.437	1825.94
501.654	1689.94
501.871	1562.94
502.088	1455.94
502.305	1358.94
502.522	1347.94
502.739	1317.94
502.956	1211.94
503.172	1202.94
503.389	1181.94
503.606	1145.94
503.823	1164.94
504.04	1126.94
504.256	1103.94
504.473	1115.94
504.69	1137.94
504.907	1139.94
505.123	1097.94
505.34	1031.94
505.557	1015.94
505.773	1010.94
505.99	1002.94
506.207	940.94
506.423	963.94
506.64	980.94
506.856	935.94
507.073	933.94
507.289	943.94
507.506	933.94
507.722	960.94
507.939	960.94
508.155	942.94
508.372	922.94
508.588	924.94
508.805	927.94
509.021	907.94
509.238	916.94
509.454	909.94
509.67	909.94
509.887	871.94
510.103	922.94
510.319	938.94
510.536	1102.94
510.752	1915.94
510.968	1447.94
511.184	997.94
511.401	926.94
511.617	953.94
511.833	1037.94
512.049	1061.94
512.265	992.94
512.481	956.94
512.698	908.94
512.914	901.94
513.13	911.94
513.346	906.94
513.562	911.94
513.778	882.94
513.994	941.94
514.21	954.94
514.426	970.94
514.642	982.94
514.858	1019.94
515.074	1067.94
515.29	1283.94
515.506	1841.94
515.721	1493.94
515.937	1061.94
516.153	1009.94
516.369	992.94
516.585	984.94
516.801	1002.94
517.016	998.94
517.232	1055.94
517.448	1073.94
517.664	1072.94
517.879	1053.94
518.095	1035.94
518.311	1047.94
518.527	1005.94
518.742	1009.94
518.958	972.94
519.173	943.94
519.389	945.94
519.605	939.94
519.82	911.94
520.036	944.94
520.251	961.94
520.467	975.94
520.682	998.94
520.898	963.94
521.113	994.94
521.329	1028.94
521.544	1157.94
521.76	1466.94
521.975	2408.94
522.19	2205.94
522.406	1223.94
522.621	970.94
522.836	921.94
523.052	893.94
523.267	851.94
523.482	846.94
523.698	824.94
523.913	823.94
524.128	856.94
524.343	809.94
524.559	810.94
524.774	802.94
524.989	777.94
525.204	785.94
525.419	810.94
525.634	791.94
525.849	766.94
526.064	753.94
526.28	762.94
526.495	744.94
526.71	741.94
526.925	735.94
527.14	740.94
527.355	720.94
527.57	738.94
527.785	715.94
527.999	709.94
528.214	731.94
528.429	746.94
528.644	749.94
528.859	752.94
529.074	757.94
529.289	779.94
529.503	875.94
529.718	831.94
529.933	780.94
530.148	734.94
530.363	732.94
530.577	744.94
530.792	721.94
531.007	729.94
531.221	714.94
531.436	710.94
531.651	728.94
531.865	757.94
532.08	705.94
532.295	703.94
532.509	751.94
532.724	709.94
532.938	715.94
533.153	711.94
533.367	736.94
533.582	700.94
533.796	684.94
534.011	723.94
534.225	709.94
534.44	695.94
534.654	698.94
534.868	689.94
535.083	675.94
535.297	694.94
535.511	690.94
535.726	719.94
535.94	691.94
536.154	695.94
536.369	685.94
536.583	666.94
536.797	684.94
537.011	665.94
537.225	663.94
537.44	646.94
537.654	697.94
537.868	681.94
538.082	664.94
538.296	655.94
538.51	663.94
538.724	675.94
538.938	658.94
539.153	675.94
539.367	677.94
539.581	661.94
539.795	682.94
540.009	631.94
540.222	642.94
540.436	634.94
540.65	633.94
540.864	682.94
541.078	682.94
541.292	697.94
541.506	640.94
541.72	673.94
541.934	696.94
542.147	704.94
542.361	664.94
542.575	641.94
542.789	664.94
543.002	650.94
543.216	639.94
543.43	655.94
543.644	655.94
543.857	661.94
544.071	656.94
544.285	681.94
544.498	663.94
544.712	681.94
544.925	681.94
545.139	653.94
545.352	665.94
545.566	646.94
545.779	667.94
545.993	677.94
546.206	664.94
546.42	661.94
546.633	670.94
546.847	664.94
547.06	651.94
547.274	650.94
547.487	647.94
547.7	670.94
547.914	678.94
548.127	658.94
548.34	655.94
548.554	647.94
548.767	650.94
548.98	647.94
549.193	681.94
549.407	663.94
549.62	642.94
549.833	654.94
550.046	666.94
550.259	651.94
550.473	629.94
550.686	651.94
550.899	654.94
551.112	632.94
551.325	627.94
551.538	637.94
551.751	618.94
551.964	640.94
552.177	623.94
552.39	629.94
552.603	670.94
552.816	668.94
553.029	683.94
553.242	687.94
553.455	731.94
553.667	695.94
553.88	701.94
554.093	698.94
554.306	677.94
554.519	682.94
554.732	667.94
554.944	637.94
555.157	638.94
555.37	619.94
555.583	629.94
555.795	619.94
556.008	605.94
556.221	600.94
556.433	584.94
556.646	581.94
556.859	584.94
557.071	617.94
557.284	553.94
557.496	570.94
557.709	576.94
557.921	562.94
558.134	586.94
558.346	566.94
558.559	573.94
558.771	555.94
558.984	573.94
559.196	560.94
559.409	566.94
559.621	572.94
559.833	563.94
560.046	548.94
560.258	545.94
560.47	545.94
560.683	542.94
560.895	540.94
561.107	541.94
561.32	546.94
561.532	541.94
561.744	562.94
561.956	553.94
562.168	570.94
562.381	539.94
562.593	539.94
562.805	562.94
563.017	530.94
563.229	547.94
563.441	531.94
563.653	563.94
563.865	529.94
564.077	523.94
564.289	515.94
564.501	563.94
564.713	563.94
564.925	575.94
565.137	550.94
565.349	573.94
565.561	576.94
565.773	609.94
565.985	619.94
566.197	641.94
566.408	679.94
566.62	699.94
566.832	764.94
567.044	752.94
567.255	757.94
567.467	786.94
567.679	793.94
567.891	849.94
568.102	825.94
568.314	802.94
568.526	763.94
568.737	702.94
568.949	646.94
569.161	594.94
569.372	578.94
569.584	554.94
569.795	544.94
570.007	539.94
570.218	592.94
570.43	550.94
570.641	516.94
570.853	517.94
571.064	521.94
571.276	544.94
571.487	523.94
571.698	494.94
571.91	497.94
572.121	486.94
572.333	480.94
572.544	453.94
572.755	467.94
572.966	441.94
573.178	459.94
573.389	434.94
573.6	458.94
573.811	424.94
574.023	441.94
574.234	427.94
574.445	412.94
574.656	429.94
574.867	445.94
575.078	440.94
575.289	431.94
575.501	413.94
575.712	418.94
575.923	411.94
576.134	440.94
576.345	425.94
576.556	437.94
576.767	411.94
576.978	450.94
577.188	411.94
577.399	412.94
577.61	408.94
577.821	401.94
578.032	431.94
578.243	451.94
578.454	713.94
578.665	516.94
578.875	418.94
579.086	415.94
579.297	410.94
579.508	404.94
579.718	391.94
579.929	404.94
580.14	371.94
580.35	395.94
580.561	379.94
580.772	386.94
580.982	383.94
581.193	379.94
581.403	371.94
581.614	364.94
581.825	370.94
582.035	350.94
582.246	379.94
582.456	383.94
582.667	363.94
582.877	394.94
583.087	382.94
583.298	382.94
583.508	363.94
583.719	372.94
583.929	373.94
584.139	368.94
584.35	362.94
584.56	361.94
584.77	366.94
584.981	346.94
585.191	373.94
585.401	383.94
585.611	357.94
585.821	375.94
586.032	376.94
586.242	363.94
586.452	385.94
586.662	370.94
586.872	368.94
587.082	359.94
587.292	367.94
587.502	368.94
587.713	349.94
587.923	355.94
588.133	351.94
588.343	381.94
588.553	365.94
588.762	354.94
588.972	363.94
589.182	362.94
589.392	392.94
589.602	377.94
589.812	379.94
590.022	368.94
590.232	350.94
590.441	370.94
590.651	352.94
590.861	344.94
591.071	364.94
591.281	359.94
591.49	338.94
591.7	357.94
591.91	381.94
592.119	345.94
592.329	385.94
592.539	377.94
592.748	397.94
592.958	378.94
593.167	407.94
593.377	402.94
593.587	440.94
593.796	423.94
594.006	407.94
594.215	411.94
594.424	429.94
594.634	429.94
594.843	392.94
595.053	390.94
595.262	374.94
595.472	370.94
595.681	363.94
595.89	363.94
596.1	355.94
596.309	346.94
596.518	346.94
596.727	345.94
596.937	361.94
597.146	330.94
597.355	335.94
597.564	327.94
597.774	322.94
597.983	322.94
598.192	326.94
598.401	309.94
598.61	310.94
598.819	307.94
599.028	319.94
599.237	309.94
599.446	317.94
599.655	313.94
599.864	315.94
600.073	318.94
600.282	309.94
600.491	316.94
600.7	326.94
600.909	296.94
601.118	315.94
601.327	307.94
601.536	332.94
601.745	298.94
601.953	347.94
602.162	331.94
602.371	333.94
602.58	319.94
602.789	306.94
602.997	300.94
603.206	307.94
603.415	331.94
603.623	308.94
603.832	324.94
604.041	313.94
604.249	319.94
604.458	296.94
604.666	303.94
604.875	295.94
605.084	306.94
605.292	291.94
605.501	310.94
605.709	303.94
605.918	319.94
606.126	304.94
606.334	310.94
606.543	311.94
606.751	298.94
606.96	298.94
607.168	299.94
607.376	310.94
607.585	305.94
607.793	311.94
608.001	304.94
608.21	308.94
608.418	313.94
608.626	293.94
608.834	290.94
609.043	295.94
609.251	305.94
609.459	268.94
609.667	309.94
609.875	304.94
610.083	292.94
610.291	306.94
610.499	296.94
610.707	298.94
610.916	312.94
611.124	306.94
611.332	312.94
611.54	301.94
611.748	288.94
611.955	303.94
612.163	286.94
612.371	298.94
612.579	285.94
612.787	307.94
612.995	295.94
613.203	307.94
613.411	309.94
613.618	273.94
613.826	265.94
614.034	284.94
614.242	286.94
614.449	299.94
614.657	284.94
614.865	286.94
615.072	300.94
615.28	276.94
615.488	269.94
615.695	295.94
615.903	298.94
616.111	288.94
616.318	291.94
616.526	299.94
616.733	301.94
616.941	289.94
617.148	290.94
617.356	276.94
617.563	263.94
617.771	289.94
617.978	281.94
618.185	303.94
618.393	274.94
618.6	273.94
618.807	297.94
619.015	290.94
619.222	286.94
619.429	283.94
619.637	270.94
619.844	272.94
620.051	269.94
620.258	270.94
620.466	254.94
620.673	255.94
620.88	273.94
621.087	248.94
621.294	253.94
621.501	276.94
621.708	265.94
621.915	252.94
622.122	259.94
622.329	257.94
622.536	257.94
622.743	250.94
622.95	257.94
623.157	266.94
623.364	259.94
623.571	239.94
623.778	219.94
623.985	261.94
624.192	243.94
624.399	270.94
624.606	254.94
624.812	253.94
625.019	245.94
625.226	247.94
625.433	256.94
625.639	238.94
625.846	239.94
626.053	241.94
626.259	234.94
626.466	238.94
626.673	239.94
626.879	209.94
627.086	220.94
627.293	217.94
627.499	225.94
627.706	226.94
627.912	228.94
628.119	227.94
628.325	245.94
628.532	244.94
628.738	218.94
628.945	236.94
629.151	218.94
629.357	229.94
629.564	239.94
629.77	227.94
629.976	212.94
630.183	225.94
630.389	216.94
630.595	220.94
630.802	234.94
631.008	222.94
631.214	231.94
631.42	209.94
631.627	221.94
631.833	212.94
632.039	217.94
632.245	224.94
632.451	224.94
632.657	221.94
632.863	207.94
633.069	214.94
633.275	217.94
633.481	211.94
633.688	216.94
633.893	217.94
634.099	215.94
634.305	211.94
634.511	215.94
634.717	215.94
634.923	186.94
635.129	203.94
635.335	219.94
635.541	223.94
635.747	238.94
635.952	225.94
636.158	251.94
636.364	297.94
636.57	375.94
636.775	319.94
636.981	272.94
637.187	264.94
637.392	235.94
637.598	243.94
637.804	224.94
638.009	241.94
638.215	235.94
638.421	221.94
638.626	210.94
638.832	208.94
639.037	203.94
639.243	199.94
639.448	206.94
639.654	201.94
639.859	206.94
640.065	214.94
640.27	216.94
640.475	201.94
640.681	202.94
640.886	196.94
641.091	193.94
641.297	199.94
641.502	208.94
641.707	208.94
641.913	204.94
642.118	189.94
642.323	182.94
642.528	195.94
642.733	191.94
642.939	189.94
643.144	187.94
643.349	198.94
643.554	190.94
643.759	195.94
643.964	181.94
644.169	197.94
644.374	183.94
644.579	207.94
644.784	199.94
644.989	192.94
645.194	177.94
645.399	191.94
645.604	173.94
645.809	174.94
646.014	188.94
646.219	189.94
646.423	173.94
646.628	178.94
646.833	193.94
647.038	174.94
647.243	186.94
647.447	188.94
647.652	193.94
647.857	205.94
648.062	183.94
648.266	197.94
648.471	195.94
648.676	181.94
648.88	190.94
649.085	192.94
649.289	197.94
649.494	190.94
649.698	211.94
649.903	204.94
650.107	202.94
650.312	190.94
650.516	187.94
650.721	174.94
650.925	175.94
651.13	162.94
651.334	183.94
651.539	168.94
651.743	157.94
651.947	165.94
652.152	172.94
652.356	168.94
652.56	159.94
652.764	161.94
652.969	159.94
653.173	150.94
653.377	160.94
653.581	144.94
653.785	142.94
653.99	148.94
654.194	152.94
654.398	139.94
654.602	145.94
654.806	143.94
655.01	158.94
655.214	135.94
655.418	137.94
655.622	151.94
655.826	157.94
656.03	149.94
656.234	151.94
656.438	153.94
656.642	163.94
656.846	137.94
657.049	138.94
657.253	140.94
657.457	133.94
657.661	131.94
657.865	98.94
658.068	118.94
658.272	109.94
658.476	104.94
658.68	117.94
658.883	88.94
659.087	120.94
659.291	105.94
659.494	110.94
659.698	102.94
659.901	86.94
660.105	94.94
660.309	88.94
660.512	85.94
660.716	95.94
660.919	85.94
661.123	91.94
661.326	85.94
661.53	84.94
661.733	85.94
661.936	90.94
662.14	77.94
662.343	87.94
662.546	80.94
662.75	97.94
662.953	73.94
663.156	81.94
663.36	88.94
663.563	88.94
663.766	79.94
663.969	84.94
664.173	69.94
664.376	71.94
664.579	65.94
664.782	64.94
664.985	85.94
665.188	70.94
665.391	79.94
665.594	92.94
665.797	73.94
666	78.94
666.203	78.94
666.406	63.94
666.609	75.94
666.812	94.94
667.015	69.94
667.218	96.94
667.421	87.94
667.624	88.94
667.827	76.94
668.03	85.94
668.232	77.94
668.435	72.94
668.638	77.94
668.841	87.94
669.043	65.94
669.246	65.94
669.449	76.94
669.651	73.94
669.854	75.94
670.057	81.94
670.259	77.94
670.462	69.94
670.665	80.94
670.867	82.94
671.07	91.94
671.272	80.94
671.475	74.94
671.677	72.94
671.88	74.94
672.082	78.94
672.284	79.94
672.487	73.94
672.689	70.94
672.892	74.94
