223.165	-11.69
223.4	-11.69
223.635	-11.69
223.869	-16.69
224.104	-5.69
224.338	-4.69
224.573	-20.69
224.808	-20.69
225.042	-27.69
225.277	-4.69
225.511	-7.69
225.746	-0.69
225.98	-2.69
226.215	9.31
226.449	18.31
226.683	28.31
226.918	29.31
227.152	38.31
227.387	22.31
227.621	57.31
227.856	52.31
228.09	56.31
228.324	46.31
228.559	62.31
228.793	76.31
229.027	105.31
229.262	131.31
229.496	127.31
229.73	149.31
229.964	167.31
230.199	137.31
230.433	139.31
230.667	152.31
230.901	129.31
231.136	137.31
231.37	138.31
231.604	126.31
231.838	127.31
232.072	144.31
232.306	163.31
232.541	123.31
232.775	115.31
233.009	132.31
233.243	160.31
233.477	150.31
233.711	142.31
233.945	126.31
234.179	138.31
234.413	144.31
234.647	127.31
234.881	147.31
235.115	128.31
235.349	141.31
235.583	145.31
235.817	146.31
236.051	149.31
236.285	158.31
236.519	160.31
236.753	159.31
236.987	157.31
237.221	205.31
237.455	235.31
237.689	195.31
237.922	163.31
238.156	167.31
238.39	164.31
238.624	145.31
238.858	146.31
239.091	167.31
239.325	157.31
239.559	155.31
239.793	149.31
240.027	164.31
240.26	177.31
240.494	192.31
240.728	167.31
240.961	186.31
241.195	180.31
241.429	163.31
241.662	160.31
241.896	172.31
242.13	191.31
242.363	183.31
242.597	181.31
242.83	195.31
243.064	190.31
243.298	185.31
243.531	194.31
243.765	176.31
243.998	188.31
244.232	178.31
244.465	192.31
244.699	216.31
244.932	202.31
245.166	207.31
245.399	206.31
245.633	192.31
245.866	187.31
246.099	197.31
246.333	194.31
246.566	213.31
246.8	197.31
247.033	214.31
247.266	220.31
247.5	212.31
247.733	222.31
247.966	215.31
248.2	236.31
248.433	226.31
248.666	223.31
248.899	256.31
249.133	258.31
249.366	261.31
249.599	265.31
249.832	261.31
250.066	252.31
250.299	328.31
250.532	409.31
250.765	424.31
250.998	398.31
251.231	340.31
251.465	306.31
251.698	303.31
251.931	293.31
252.164	288.31
252.397	283.31
252.63	269.31
252.863	263.31
253.096	293.31
253.329	273.31
253.562	295.31
253.795	270.31
254.028	280.31
254.261	290.31
254.494	304.31
254.727	327.31
254.96	304.31
255.193	328.31
255.426	346.31
255.659	369.31
255.892	482.31
256.124	645.31
256.357	679.31
256.59	517.31
256.823	436.31
257.056	370.31
257.289	344.31
257.521	343.31
257.754	335.31
257.987	324.31
258.22	313.31
258.452	308.31
258.685	292.31
258.918	308.31
259.151	302.31
259.383	301.31
259.616	293.31
259.849	297.31
260.081	293.31
260.314	327.31
260.547	305.31
260.779	299.31
261.012	306.31
261.244	302.31
261.477	290.31
261.71	295.31
261.942	304.31
262.175	319.31
262.407	294.31
262.64	296.31
262.872	284.31
263.105	272.31
263.337	284.31
263.57	280.31
263.802	287.31
264.035	288.31
264.267	305.31
264.499	289.31
264.732	269.31
264.964	288.31
265.197	283.31
265.429	275.31
265.661	280.31
265.894	287.31
266.126	283.31
266.358	274.31
266.591	307.31
266.823	303.31
267.055	312.31
267.287	311.31
267.52	283.31
267.752	307.31
267.984	307.31
268.216	312.31
268.448	308.31
268.681	300.31
268.913	308.31
269.145	320.31
269.377	336.31
269.609	334.31
269.841	315.31
270.073	320.31
270.306	336.31
270.538	345.31
270.77	347.31
271.002	329.31
271.234	356.31
271.466	357.31
271.698	366.31
271.93	341.31
272.162	362.31
272.394	355.31
272.626	348.31
272.858	349.31
273.09	339.31
273.322	333.31
273.553	343.31
273.785	339.31
274.017	324.31
274.249	352.31
274.481	327.31
274.713	351.31
274.945	354.31
275.176	349.31
275.408	365.31
275.64	356.31
275.872	367.31
276.104	354.31
276.335	359.31
276.567	364.31
276.799	379.31
277.031	433.31
277.262	448.31
277.494	440.31
277.726	407.31
277.957	407.31
278.189	405.31
278.421	357.31
278.652	373.31
278.884	370.31
279.115	375.31
279.347	387.31
279.579	376.31
279.81	381.31
280.042	419.31
280.273	454.31
280.505	441.31
280.736	415.31
280.968	387.31
281.199	376.31
281.431	401.31
281.662	367.31
281.894	352.31
282.125	375.31
282.356	406.31
282.588	435.31
282.819	409.31
283.051	377.31
283.282	378.31
283.513	368.31
283.745	370.31
283.976	370.31
284.207	367.31
284.439	372.31
284.67	381.31
284.901	367.31
285.132	374.31
285.364	373.31
285.595	392.31
285.826	369.31
286.057	382.31
286.288	392.31
286.52	373.31
286.751	383.31
286.982	384.31
287.213	359.31
287.444	387.31
287.675	377.31
287.906	376.31
288.138	387.31
288.369	401.31
288.6	374.31
288.831	397.31
289.062	389.31
289.293	402.31
289.524	396.31
289.755	377.31
289.986	383.31
290.217	387.31
290.448	386.31
290.679	372.31
290.91	383.31
291.141	386.31
291.371	390.31
291.602	388.31
291.833	377.31
292.064	377.31
292.295	377.31
292.526	381.31
292.757	369.31
292.987	369.31
293.218	391.31
293.449	392.31
293.68	385.31
293.91	397.31
294.141	385.31
294.372	370.31
294.603	383.31
294.833	385.31
295.064	372.31
295.295	406.31
295.525	398.31
295.756	383.31
295.987	408.31
296.217	449.31
296.448	449.31
296.679	416.31
296.909	411.31
297.14	401.31
297.37	383.31
297.601	400.31
297.831	419.31
298.062	399.31
298.292	432.31
298.523	422.31
298.753	392.31
298.984	406.31
299.214	398.31
299.445	406.31
299.675	414.31
299.905	422.31
300.136	425.31
300.366	415.31
300.597	427.31
300.827	403.31
301.057	430.31
301.288	456.31
301.518	430.31
301.748	476.31
301.979	447.31
302.209	441.31
302.439	453.31
302.669	436.31
302.9	436.31
303.13	445.31
303.36	425.31
303.59	447.31
303.82	466.31
304.051	466.31
304.281	451.31
304.511	421.31
304.741	446.31
304.971	431.31
305.201	402.31
305.431	455.31
305.661	437.31
305.891	437.31
306.121	431.31
306.352	438.31
306.582	434.31
306.812	440.31
307.042	458.31
307.272	461.31
307.502	499.31
307.731	469.31
307.961	465.31
308.191	432.31
308.421	432.31
308.651	439.31
308.881	450.31
309.111	440.31
309.341	463.31
309.571	455.31
309.8	459.31
310.03	482.31
310.26	482.31
310.49	487.31
310.72	492.31
310.949	482.31
311.179	501.31
311.409	476.31
311.639	475.31
311.868	491.31
312.098	515.31
312.328	515.31
312.557	521.31
312.787	524.31
313.017	530.31
313.246	526.31
313.476	509.31
313.706	512.31
313.935	500.31
314.165	530.31
314.394	535.31
314.624	497.31
314.853	521.31
315.083	491.31
315.312	500.31
315.542	500.31
315.771	503.31
316.001	485.31
316.23	486.31
316.46	486.31
316.689	475.31
316.919	497.31
317.148	500.31
317.377	495.31
317.607	517.31
317.836	496.31
318.065	516.31
318.295	499.31
318.524	488.31
318.753	496.31
318.983	507.31
319.212	503.31
319.441	492.31
319.67	546.31
319.9	530.31
320.129	512.31
320.358	495.31
320.587	522.31
320.816	524.31
321.046	560.31
321.275	561.31
321.504	542.31
321.733	559.31
321.962	573.31
322.191	564.31
322.42	580.31
322.649	621.31
322.878	631.31
323.108	635.31
323.337	685.31
323.566	721.31
323.795	715.31
324.024	799.31
324.253	965.31
324.482	1312.31
324.71	2062.31
324.939	2886.31
325.168	2319.31
325.397	1293.31
325.626	960.31
325.855	851.31
326.084	773.31
326.313	785.31
326.542	766.31
326.77	823.31
326.999	966.31
327.228	1305.31
327.457	2004.31
327.686	2349.31
327.914	1643.31
328.143	1382.31
328.372	1405.31
328.6	1248.31
328.829	1037.31
329.058	998.31
329.287	997.31
329.515	1049.31
329.744	1125.31
329.972	1335.31
330.201	1771.31
330.43	2149.31
330.658	1802.31
330.887	1309.31
331.115	1083.31
331.344	934.31
331.572	849.31
331.801	866.31
332.03	847.31
332.258	834.31
332.486	826.31
332.715	855.31
332.943	843.31
333.172	911.31
333.4	981.31
333.629	1045.31
333.857	1203.31
334.085	1485.31
334.314	1987.31
334.542	2722.31
334.771	2863.31
334.999	1809.31
335.227	1237.31
335.455	1017.31
335.684	902.31
335.912	857.31
336.14	815.31
336.369	771.31
336.597	773.31
336.825	775.31
337.053	753.31
337.281	701.31
337.51	681.31
337.738	702.31
337.966	676.31
338.194	667.31
338.422	660.31
338.65	664.31
338.878	650.31
339.106	643.31
339.334	614.31
339.562	635.31
339.79	604.31
340.018	620.31
340.246	600.31
340.474	631.31
340.702	609.31
340.93	610.31
341.158	591.31
341.386	594.31
341.614	592.31
341.842	596.31
342.07	588.31
342.298	585.31
342.526	603.31
342.754	597.31
342.981	601.31
343.209	612.31
343.437	613.31
343.665	595.31
343.893	641.31
344.12	677.31
344.348	649.31
344.576	649.31
344.804	630.31
345.031	612.31
345.259	609.31
345.487	629.31
345.714	608.31
345.942	603.31
346.17	580.31
346.397	596.31
346.625	592.31
346.853	589.31
347.08	583.31
347.308	614.31
347.535	608.31
347.763	616.31
347.99	597.31
348.218	606.31
348.445	603.31
348.673	597.31
348.9	592.31
349.128	568.31
349.355	580.31
349.583	566.31
349.81	562.31
350.037	603.31
350.265	555.31
350.492	580.31
350.72	581.31
350.947	586.31
351.174	606.31
351.402	600.31
351.629	584.31
351.856	593.31
352.083	616.31
352.311	609.31
352.538	628.31
352.765	598.31
352.992	604.31
353.22	583.31
353.447	585.31
353.674	585.31
353.901	580.31
354.128	555.31
354.355	549.31
354.583	575.31
354.81	567.31
355.037	560.31
355.264	562.31
355.491	557.31
355.718	556.31
355.945	565.31
356.172	557.31
356.399	562.31
356.626	565.31
356.853	573.31
357.08	598.31
357.307	572.31
357.534	569.31
357.761	565.31
357.988	603.31
358.215	561.31
358.441	587.31
358.668	578.31
358.895	581.31
359.122	565.31
359.349	580.31
359.576	592.31
359.802	628.31
360.029	656.31
360.256	663.31
360.483	663.31
360.709	638.31
360.936	593.31
361.163	587.31
361.39	614.31
361.616	599.31
361.843	596.31
362.07	601.31
362.296	595.31
362.523	575.31
362.749	628.31
362.976	615.31
363.203	587.31
363.429	579.31
363.656	587.31
363.882	591.31
364.109	595.31
364.335	581.31
364.562	592.31
364.788	585.31
365.015	559.31
365.241	580.31
365.468	588.31
365.694	582.31
365.92	604.31
366.147	608.31
366.373	592.31
366.599	592.31
366.826	584.31
367.052	582.31
367.278	568.31
367.505	610.31
367.731	611.31
367.957	611.31
368.184	591.31
368.41	593.31
368.636	597.31
368.862	611.31
369.089	609.31
369.315	606.31
369.541	608.31
369.767	609.31
369.993	613.31
370.219	620.31
370.445	606.31
370.672	626.31
370.898	617.31
371.124	623.31
371.35	651.31
371.576	627.31
371.802	637.31
372.028	599.31
372.254	598.31
372.48	595.31
372.706	611.31
372.932	631.31
373.158	627.31
373.384	585.31
373.61	619.31
373.835	619.31
374.061	628.31
374.287	629.31
374.513	645.31
374.739	618.31
374.965	635.31
375.191	655.31
375.416	647.31
375.642	659.31
375.868	634.31
376.094	630.31
376.319	631.31
376.545	626.31
376.771	613.31
376.997	603.31
377.222	606.31
377.448	625.31
377.674	620.31
377.899	632.31
378.125	605.31
378.35	589.31
378.576	583.31
378.802	575.31
379.027	600.31
379.253	631.31
379.478	590.31
379.704	597.31
379.929	617.31
380.155	597.31
380.38	600.31
380.606	620.31
380.831	592.31
381.057	611.31
381.282	610.31
381.507	619.31
381.733	631.31
381.958	621.31
382.184	632.31
382.409	653.31
382.634	645.31
382.86	634.31
383.085	649.31
383.31	631.31
383.535	635.31
383.761	663.31
383.986	673.31
384.211	670.31
384.436	670.31
384.662	689.31
384.887	711.31
385.112	687.31
385.337	700.31
385.562	726.31
385.787	725.31
386.013	724.31
386.238	717.31
386.463	682.31
386.688	704.31
386.913	684.31
387.138	699.31
387.363	689.31
387.588	708.31
387.813	673.31
388.038	709.31
388.263	697.31
388.488	689.31
388.713	707.31
388.938	699.31
389.163	698.31
389.387	688.31
389.612	707.31
389.837	695.31
390.062	678.31
390.287	661.31
390.512	682.31
390.736	703.31
390.961	695.31
391.186	725.31
391.411	757.31
391.636	752.31
391.86	759.31
392.085	775.31
392.31	767.31
392.534	777.31
392.759	737.31
392.984	723.31
393.208	740.31
393.433	729.31
393.658	734.31
393.882	744.31
394.107	740.31
394.331	764.31
394.556	747.31
394.78	753.31
395.005	761.31
395.229	738.31
395.454	781.31
395.678	797.31
395.903	789.31
396.127	817.31
396.352	792.31
396.576	772.31
396.801	759.31
397.025	760.31
397.249	764.31
397.474	809.31
397.698	774.31
397.922	807.31
398.147	813.31
398.371	812.31
398.595	835.31
398.82	838.31
399.044	871.31
399.268	986.31
399.492	1115.31
399.717	1188.31
399.941	1173.31
400.165	1101.31
400.389	1040.31
400.613	967.31
400.837	929.31
401.062	887.31
401.286	872.31
401.51	869.31
401.734	872.31
401.958	890.31
402.182	899.31
402.406	939.31
402.63	949.31
402.854	949.31
403.078	976.31
403.302	950.31
403.526	986.31
403.75	1015.31
403.974	1008.31
404.198	1016.31
404.422	1009.31
404.645	1056.31
404.869	1086.31
405.093	1153.31
405.317	1221.31
405.541	1252.31
405.765	1141.31
405.988	1083.31
406.212	1099.31
406.436	1129.31
406.66	1111.31
406.883	1079.31
407.107	1136.31
407.331	1174.31
407.555	1218.31
407.778	1202.31
408.002	1161.31
408.226	1084.31
408.449	1060.31
408.673	1066.31
408.896	1069.31
409.12	1077.31
409.344	1067.31
409.567	1055.31
409.791	1027.31
410.014	1046.31
410.238	1036.31
410.461	1022.31
410.685	1021.31
410.908	1022.31
411.132	1015.31
411.355	1065.31
411.578	1021.31
411.802	1004.31
412.025	1047.31
412.249	1092.31
412.472	1130.31
412.695	1244.31
412.919	1215.31
413.142	1147.31
413.365	1099.31
413.589	1025.31
413.812	1035.31
414.035	982.31
414.258	971.31
414.482	956.31
414.705	952.31
414.928	948.31
415.151	939.31
415.374	915.31
415.597	912.31
415.821	914.31
416.044	943.31
416.267	932.31
416.49	904.31
416.713	904.31
416.936	905.31
417.159	924.31
417.382	929.31
417.605	973.31
417.828	1027.31
418.051	968.31
418.274	966.31
418.497	948.31
418.72	979.31
418.943	944.31
419.166	1040.31
419.389	1084.31
419.611	1069.31
419.834	1071.31
420.057	1096.31
420.28	1143.31
420.503	1144.31
420.726	1106.31
420.948	1096.31
421.171	1075.31
421.394	1074.31
421.617	1004.31
421.839	987.31
422.062	990.31
422.285	1019.31
422.507	1045.31
422.73	1083.31
422.953	1079.31
423.175	1009.31
423.398	973.31
423.621	981.31
423.843	1019.31
424.066	1006.31
424.288	1011.31
424.511	1029.31
424.733	1093.31
424.956	1151.31
425.178	1088.31
425.401	1075.31
425.623	1072.31
425.846	997.31
426.068	982.31
426.291	945.31
426.513	985.31
426.735	972.31
426.958	1000.31
427.18	1055.31
427.402	1223.31
427.625	1347.31
427.847	1320.31
428.069	1295.31
428.292	1146.31
428.514	997.31
428.736	982.31
428.958	945.31
429.181	921.31
429.403	893.31
429.625	894.31
429.847	920.31
430.069	965.31
430.292	1020.31
430.514	907.31
430.736	897.31
430.958	891.31
431.18	872.31
431.402	891.31
431.624	853.31
431.846	895.31
432.068	881.31
432.29	867.31
432.512	876.31
432.734	889.31
432.956	886.31
433.178	916.31
433.4	913.31
433.622	887.31
433.844	873.31
434.066	874.31
434.287	864.31
434.509	927.31
434.731	923.31
434.953	955.31
435.175	985.31
435.397	976.31
435.618	964.31
435.84	992.31
436.062	1073.31
436.284	1136.31
436.505	990.31
436.727	966.31
436.949	915.31
437.17	891.31
437.392	925.31
437.614	904.31
437.835	934.31
438.057	1029.31
438.278	1105.31
438.5	1120.31
438.721	1192.31
438.943	1149.31
439.165	976.31
439.386	945.31
439.608	943.31
439.829	980.31
440.05	967.31
440.272	1021.31
440.493	1011.31
440.715	941.31
440.936	924.31
441.158	946.31
441.379	957.31
441.6	1004.31
441.822	1040.31
442.043	1053.31
442.264	1115.31
442.486	1117.31
442.707	1047.31
442.928	1019.31
443.149	1013.31
443.371	1047.31
443.592	1072.31
443.813	1166.31
444.034	1226.31
444.255	1085.31
444.476	1052.31
444.698	1103.31
444.919	1120.31
445.14	1238.31
445.361	1117.31
445.582	1078.31
445.803	1112.31
446.024	1199.31
446.245	1199.31
446.466	1079.31
446.687	968.31
446.908	959.31
447.129	937.31
447.35	910.31
447.571	901.31
447.792	899.31
448.013	892.31
448.234	884.31
448.455	931.31
448.675	1060.31
448.896	1175.31
449.117	1020.31
449.338	977.31
449.559	1141.31
449.779	1221.31
450	1006.31
450.221	904.31
450.442	913.31
450.662	888.31
450.883	915.31
451.104	893.31
451.324	923.31
451.545	908.31
451.766	875.31
451.986	831.31
452.207	835.31
452.428	828.31
452.648	832.31
452.869	827.31
453.089	842.31
453.31	853.31
453.53	822.31
453.751	808.31
453.971	812.31
454.192	842.31
454.412	824.31
454.633	829.31
454.853	796.31
455.073	817.31
455.294	799.31
455.514	864.31
455.734	877.31
455.955	791.31
456.175	747.31
456.395	783.31
456.616	745.31
456.836	761.31
457.056	779.31
457.276	747.31
457.497	769.31
457.717	752.31
457.937	787.31
458.157	790.31
458.377	785.31
458.598	844.31
458.818	904.31
459.038	1023.31
459.258	995.31
459.478	901.31
459.698	920.31
459.918	901.31
460.138	909.31
460.358	953.31
460.578	926.31
460.798	951.31
461.018	981.31
461.238	961.31
461.458	970.31
461.678	961.31
461.898	943.31
462.118	966.31
462.338	1007.31
462.558	1026.31
462.777	1059.31
462.997	1093.31
463.217	1183.31
463.437	1185.31
463.657	1136.31
463.876	1067.31
464.096	1079.31
464.316	1081.31
464.536	1088.31
464.755	1063.31
464.975	1077.31
465.195	1112.31
465.414	1151.31
465.634	1023.31
465.854	947.31
466.073	926.31
466.293	888.31
466.512	873.31
466.732	855.31
466.951	844.31
467.171	865.31
467.391	858.31
467.61	910.31
467.829	965.31
468.049	1104.31
468.268	1455.31
468.488	1202.31
468.707	1012.31
468.927	929.31
469.146	914.31
469.365	909.31
469.585	899.31
469.804	920.31
470.023	939.31
470.243	949.31
470.462	942.31
470.681	953.31
470.901	960.31
471.12	965.31
471.339	954.31
471.558	971.31
471.777	967.31
471.997	1054.31
472.216	1421.31
472.435	2633.31
472.654	2125.31
472.873	1441.31
473.092	1191.31
473.311	1071.31
473.53	1019.31
473.749	966.31
473.968	994.31
474.187	1074.31
474.406	1091.31
474.625	972.31
474.844	915.31
475.063	932.31
475.282	898.31
475.501	868.31
475.72	897.31
475.939	894.31
476.158	916.31
476.377	919.31
476.596	886.31
476.814	925.31
477.033	947.31
477.252	947.31
477.471	974.31
477.69	979.31
477.908	986.31
478.127	991.31
478.346	1008.31
478.564	1023.31
478.783	1022.31
479.002	1049.31
479.22	1074.31
479.439	1078.31
479.658	1119.31
479.876	1106.31
480.095	1138.31
480.313	1191.31
480.532	1275.31
480.751	1367.31
480.969	1700.31
481.188	3419.31
481.406	4542.31
481.624	2567.31
481.843	1858.31
482.061	1548.31
482.28	1401.31
482.498	1297.31
482.717	1239.31
482.935	1203.31
483.153	1179.31
483.372	1151.31
483.59	1116.31
483.808	1101.31
484.027	1121.31
484.245	1105.31
484.463	1126.31
484.681	1131.31
484.9	1121.31
485.118	1142.31
485.336	1101.31
485.554	1129.31
485.772	1104.31
485.99	1129.31
486.209	1125.31
486.427	1146.31
486.645	1147.31
486.863	1154.31
487.081	1173.31
487.299	1140.31
487.517	1142.31
487.735	1148.31
487.953	1187.31
488.171	1143.31
488.389	1136.31
488.607	1159.31
488.825	1149.31
489.043	1196.31
489.261	1169.31
489.479	1179.31
489.696	1190.31
489.914	1177.31
490.132	1193.31
490.35	1224.31
490.568	1260.31
490.786	1294.31
491.003	1329.31
491.221	1364.31
491.439	1427.31
491.657	1459.31
491.874	1479.31
492.092	1511.31
492.31	1576.31
492.527	1585.31
492.745	1637.31
492.963	1635.31
493.18	1610.31
493.398	1563.31
493.615	1512.31
493.833	1488.31
494.05	1479.31
494.268	1467.31
494.485	1459.31
494.703	1412.31
494.92	1405.31
495.138	1401.31
495.355	1373.31
495.573	1368.31
495.79	1352.31
496.008	1368.31
496.225	1313.31
496.442	1308.31
496.66	1316.31
496.877	1301.31
497.094	1315.31
497.312	1341.31
497.529	1357.31
497.746	1359.31
497.963	1411.31
498.181	1391.31
498.398	1462.31
498.615	1444.31
498.832	1566.31
499.049	1584.31
499.267	1668.31
499.484	1739.31
499.701	1917.31
499.918	2041.31
500.135	2239.31
500.352	2478.31
500.569	2591.31
500.786	2608.31
501.003	2416.31
501.22	2229.31
501.437	2036.31
501.654	1855.31
501.871	1764.31
502.088	1646.31
502.305	1588.31
502.522	1480.31
502.739	1430.31
502.956	1390.31
503.172	1343.31
503.389	1315.31
503.606	1306.31
503.823	1280.31
504.04	1260.31
504.256	1283.31
504.473	1278.31
504.69	1283.31
504.907	1241.31
505.123	1226.31
505.34	1165.31
505.557	1140.31
505.773	1132.31
505.99	1133.31
506.207	1103.31
506.423	1095.31
506.64	1083.31
506.856	1087.31
507.073	1071.31
507.289	1051.31
507.506	1063.31
507.722	1093.31
507.939	1116.31
508.155	1061.31
508.372	1038.31
508.588	1003.31
508.805	1038.31
509.021	1034.31
509.238	1021.31
509.454	1036.31
509.67	1011.31
509.887	1014.31
510.103	1050.31
510.319	1053.31
510.536	1255.31
510.752	2274.31
510.968	1718.31
511.184	1108.31
511.401	1049.31
511.617	1106.31
511.833	1147.31
512.049	1204.31
512.265	1125.31
512.481	1063.31
512.698	1059.31
512.914	1063.31
513.13	1061.31
513.346	1063.31
513.562	1037.31
513.778	996.31
513.994	1041.31
514.21	1016.31
514.426	1088.31
514.642	1152.31
514.858	1174.31
515.074	1248.31
515.29	1516.31
515.506	2189.31
515.721	1741.31
515.937	1240.31
516.153	1145.31
516.369	1144.31
516.585	1099.31
516.801	1123.31
517.016	1096.31
517.232	1155.31
517.448	1177.31
517.664	1216.31
517.879	1195.31
518.095	1176.31
518.311	1175.31
518.527	1149.31
518.742	1136.31
518.958	1065.31
519.173	1100.31
519.389	1057.31
519.605	1057.31
519.82	1028.31
520.036	1063.31
520.251	1047.31
520.467	1120.31
520.682	1101.31
520.898	1104.31
521.113	1161.31
521.329	1204.31
521.544	1329.31
521.76	1672.31
521.975	2869.31
522.19	2641.31
522.406	1503.31
522.621	1141.31
522.836	1062.31
523.052	979.31
523.267	965.31
523.482	919.31
523.698	909.31
523.913	935.31
524.128	936.31
524.343	941.31
524.559	893.31
524.774	903.31
524.989	882.31
525.204	909.31
525.419	903.31
525.634	863.31
525.849	827.31
526.064	847.31
526.28	859.31
526.495	849.31
526.71	865.31
526.925	852.31
527.14	827.31
527.355	809.31
527.57	820.31
527.785	871.31
527.999	842.31
528.214	815.31
528.429	823.31
528.644	810.31
528.859	859.31
529.074	855.31
529.289	869.31
529.503	998.31
529.718	952.31
529.933	909.31
530.148	835.31
530.363	847.31
530.577	813.31
530.792	809.31
531.007	803.31
531.221	816.31
531.436	821.31
531.651	818.31
531.865	813.31
532.08	805.31
532.295	817.31
532.509	822.31
532.724	762.31
532.938	804.31
533.153	800.31
533.367	816.31
533.582	793.31
533.796	793.31
534.011	820.31
534.225	792.31
534.44	777.31
534.654	799.31
534.868	787.31
535.083	813.31
535.297	788.31
535.511	804.31
535.726	804.31
535.94	788.31
536.154	798.31
536.369	782.31
536.583	769.31
536.797	733.31
537.011	748.31
537.225	733.31
537.44	751.31
537.654	743.31
537.868	729.31
538.082	729.31
538.296	764.31
538.51	739.31
538.724	746.31
538.938	750.31
539.153	744.31
539.367	775.31
539.581	775.31
539.795	751.31
540.009	740.31
540.222	747.31
540.436	737.31
540.65	744.31
540.864	741.31
541.078	727.31
541.292	785.31
541.506	745.31
541.72	731.31
541.934	765.31
542.147	765.31
542.361	743.31
542.575	735.31
542.789	750.31
543.002	718.31
543.216	737.31
543.43	749.31
543.644	753.31
543.857	729.31
544.071	728.31
544.285	760.31
544.498	760.31
544.712	738.31
544.925	724.31
545.139	746.31
545.352	747.31
545.566	730.31
545.779	759.31
545.993	726.31
546.206	732.31
546.42	743.31
546.633	728.31
546.847	708.31
547.06	735.31
547.274	735.31
547.487	725.31
547.7	744.31
547.914	757.31
548.127	751.31
548.34	750.31
548.554	719.31
548.767	711.31
548.98	726.31
549.193	742.31
549.407	740.31
549.62	750.31
549.833	752.31
550.046	733.31
550.259	709.31
550.473	692.31
550.686	724.31
550.899	692.31
551.112	718.31
551.325	701.31
551.538	692.31
551.751	684.31
551.964	702.31
552.177	707.31
552.39	715.31
552.603	756.31
552.816	748.31
553.029	770.31
553.242	783.31
553.455	793.31
553.667	768.31
553.88	778.31
554.093	781.31
554.306	760.31
554.519	737.31
554.732	737.31
554.944	717.31
555.157	723.31
555.37	696.31
555.583	692.31
555.795	710.31
556.008	698.31
556.221	642.31
556.433	652.31
556.646	660.31
556.859	644.31
557.071	650.31
557.284	661.31
557.496	643.31
557.709	649.31
557.921	619.31
558.134	597.31
558.346	639.31
558.559	631.31
558.771	620.31
558.984	617.31
559.196	639.31
559.409	644.31
559.621	595.31
559.833	627.31
560.046	649.31
560.258	598.31
560.47	595.31
560.683	628.31
560.895	612.31
561.107	612.31
561.32	607.31
561.532	616.31
561.744	592.31
561.956	605.31
562.168	615.31
562.381	613.31
562.593	613.31
562.805	615.31
563.017	624.31
563.229	599.31
563.441	595.31
563.653	572.31
563.865	610.31
564.077	601.31
564.289	629.31
564.501	603.31
564.713	623.31
564.925	650.31
565.137	638.31
565.349	635.31
565.561	658.31
565.773	675.31
565.985	667.31
566.197	707.31
566.408	732.31
566.62	783.31
566.832	845.31
567.044	851.31
567.255	807.31
567.467	856.31
567.679	867.31
567.891	926.31
568.102	958.31
568.314	879.31
568.526	808.31
568.737	765.31
568.949	687.31
569.161	660.31
569.372	624.31
569.584	615.31
569.795	619.31
570.007	623.31
570.218	688.31
570.43	670.31
570.641	572.31
570.853	548.31
571.064	582.31
571.276	560.31
571.487	573.31
571.698	541.31
571.91	535.31
572.121	549.31
572.333	526.31
572.544	524.31
572.755	523.31
572.966	519.31
573.178	497.31
573.389	493.31
573.6	496.31
573.811	508.31
574.023	487.31
574.234	492.31
574.445	481.31
574.656	475.31
574.867	497.31
575.078	466.31
575.289	477.31
575.501	475.31
575.712	472.31
575.923	460.31
576.134	452.31
576.345	475.31
576.556	446.31
576.767	471.31
576.978	452.31
577.188	446.31
577.399	465.31
577.61	461.31
577.821	464.31
578.032	478.31
578.243	516.31
578.454	853.31
578.665	584.31
578.875	460.31
579.086	462.31
579.297	459.31
579.508	417.31
579.718	432.31
579.929	443.31
580.14	422.31
580.35	427.31
580.561	441.31
580.772	434.31
580.982	421.31
581.193	429.31
581.403	427.31
581.614	424.31
581.825	422.31
582.035	411.31
582.246	411.31
582.456	431.31
582.667	417.31
582.877	415.31
583.087	412.31
583.298	436.31
583.508	408.31
583.719	420.31
583.929	399.31
584.139	410.31
584.35	393.31
584.56	415.31
584.77	401.31
584.981	405.31
585.191	412.31
585.401	408.31
585.611	378.31
585.821	386.31
586.032	393.31
586.242	400.31
586.452	420.31
586.662	399.31
586.872	407.31
587.082	399.31
587.292	402.31
587.502	393.31
587.713	379.31
587.923	382.31
588.133	393.31
588.343	378.31
588.553	391.31
588.762	391.31
588.972	396.31
589.182	399.31
589.392	425.31
589.602	395.31
589.812	429.31
590.022	381.31
590.232	394.31
590.441	400.31
590.651	390.31
590.861	387.31
591.071	409.31
591.281	398.31
591.49	400.31
591.7	422.31
591.91	405.31
592.119	398.31
592.329	429.31
592.539	447.31
592.748	421.31
592.958	446.31
593.167	448.31
593.377	463.31
593.587	435.31
593.796	461.31
594.006	463.31
594.215	460.31
594.424	456.31
594.634	436.31
594.843	450.31
595.053	434.31
595.262	425.31
595.472	384.31
595.681	386.31
595.89	403.31
596.1	401.31
596.309	373.31
596.518	371.31
596.727	381.31
596.937	375.31
597.146	385.31
597.355	352.31
597.564	354.31
597.774	383.31
597.983	369.31
598.192	342.31
598.401	346.31
598.61	364.31
598.819	342.31
599.028	349.31
599.237	357.31
599.446	340.31
599.655	357.31
599.864	359.31
600.073	353.31
600.282	341.31
600.491	368.31
600.7	345.31
600.909	358.31
601.118	342.31
601.327	340.31
601.536	363.31
601.745	359.31
601.953	361.31
602.162	369.31
602.371	353.31
602.58	324.31
602.789	329.31
602.997	355.31
603.206	326.31
603.415	356.31
603.623	353.31
603.832	353.31
604.041	329.31
604.249	338.31
604.458	332.31
604.666	336.31
604.875	333.31
605.084	341.31
605.292	331.31
605.501	339.31
605.709	347.31
605.918	331.31
606.126	337.31
606.334	335.31
606.543	345.31
606.751	351.31
606.96	355.31
607.168	343.31
607.376	329.31
607.585	329.31
607.793	332.31
608.001	346.31
608.21	326.31
608.418	334.31
608.626	322.31
608.834	342.31
609.043	341.31
609.251	328.31
609.459	313.31
609.667	351.31
609.875	334.31
610.083	321.31
610.291	335.31
610.499	336.31
610.707	350.31
610.916	329.31
611.124	350.31
611.332	338.31
611.54	327.31
611.748	313.31
611.955	337.31
612.163	324.31
612.371	317.31
612.579	339.31
612.787	299.31
612.995	324.31
613.203	322.31
613.411	319.31
613.618	319.31
613.826	317.31
614.034	309.31
614.242	334.31
614.449	315.31
614.657	315.31
614.865	313.31
615.072	323.31
615.28	314.31
615.488	293.31
615.695	313.31
615.903	308.31
616.111	315.31
616.318	315.31
616.526	305.31
616.733	323.31
616.941	316.31
617.148	324.31
617.356	328.31
617.563	310.31
617.771	324.31
617.978	305.31
618.185	296.31
618.393	292.31
618.6	290.31
618.807	305.31
619.015	296.31
619.222	302.31
619.429	299.31
619.637	308.31
619.844	305.31
620.051	299.31
620.258	295.31
620.466	303.31
620.673	308.31
620.88	276.31
621.087	277.31
621.294	278.31
621.501	275.31
621.708	291.31
621.915	298.31
622.122	276.31
622.329	276.31
622.536	277.31
622.743	278.31
622.95	295.31
623.157	285.31
623.364	279.31
623.571	273.31
623.778	275.31
623.985	277.31
624.192	275.31
624.399	293.31
624.606	248.31
624.812	270.31
625.019	273.31
625.226	255.31
625.433	269.31
625.639	260.31
625.846	244.31
626.053	256.31
626.259	252.31
626.466	270.31
626.673	269.31
626.879	244.31
627.086	256.31
627.293	241.31
627.499	261.31
627.706	262.31
627.912	238.31
628.119	257.31
628.325	263.31
628.532	240.31
628.738	252.31
628.945	272.31
629.151	262.31
629.357	268.31
629.564	244.31
629.77	269.31
629.976	252.31
630.183	252.31
630.389	234.31
630.595	247.31
630.802	242.31
631.008	229.31
631.214	226.31
631.42	236.31
631.627	239.31
631.833	223.31
632.039	228.31
632.245	259.31
632.451	220.31
632.657	239.31
632.863	249.31
633.069	244.31
633.275	241.31
633.481	227.31
633.688	224.31
633.893	241.31
634.099	225.31
634.305	242.31
634.511	232.31
634.717	234.31
634.923	221.31
635.129	218.31
635.335	236.31
635.541	228.31
635.747	245.31
635.952	254.31
636.158	270.31
636.364	333.31
636.57	368.31
636.775	329.31
636.981	309.31
637.187	295.31
637.392	271.31
637.598	260.31
637.804	259.31
638.009	243.31
638.215	243.31
638.421	243.31
638.626	230.31
638.832	217.31
639.037	214.31
639.243	208.31
639.448	223.31
639.654	229.31
639.859	232.31
640.065	233.31
640.27	228.31
640.475	234.31
640.681	211.31
640.886	212.31
641.091	215.31
641.297	224.31
641.502	226.31
641.707	213.31
641.913	217.31
642.118	224.31
642.323	230.31
642.528	207.31
642.733	189.31
642.939	213.31
643.144	206.31
643.349	219.31
643.554	201.31
643.759	207.31
643.964	206.31
644.169	199.31
644.374	203.31
644.579	203.31
644.784	202.31
644.989	213.31
645.194	195.31
645.399	189.31
645.604	194.31
645.809	209.31
646.014	191.31
646.219	204.31
646.423	201.31
646.628	204.31
646.833	191.31
647.038	206.31
647.243	209.31
647.447	196.31
647.652	203.31
647.857	195.31
648.062	216.31
648.266	216.31
648.471	212.31
648.676	223.31
648.88	210.31
649.085	216.31
649.289	212.31
649.494	230.31
649.698	231.31
649.903	219.31
650.107	203.31
650.312	215.31
650.516	209.31
650.721	186.31
650.925	193.31
651.13	191.31
651.334	190.31
651.539	182.31
651.743	181.31
651.947	184.31
652.152	165.31
652.356	167.31
652.56	165.31
652.764	151.31
652.969	168.31
653.173	155.31
653.377	161.31
653.581	160.31
653.785	175.31
653.99	171.31
654.194	161.31
654.398	165.31
654.602	174.31
654.806	155.31
655.01	180.31
655.214	145.31
655.418	156.31
655.622	144.31
655.826	155.31
656.03	177.31
656.234	155.31
656.438	161.31
656.642	162.31
656.846	161.31
657.049	154.31
657.253	139.31
657.457	121.31
657.661	133.31
657.865	129.31
658.068	124.31
658.272	105.31
658.476	120.31
658.68	129.31
658.883	101.31
659.087	108.31
659.291	118.31
659.494	118.31
659.698	113.31
659.901	89.31
660.105	108.31
660.309	88.31
660.512	113.31
660.716	102.31
660.919	93.31
661.123	99.31
661.326	88.31
661.53	90.31
661.733	96.31
661.936	96.31
662.14	95.31
662.343	85.31
662.546	109.31
662.75	95.31
662.953	92.31
663.156	92.31
663.36	99.31
663.563	94.31
663.766	90.31
663.969	91.31
664.173	86.31
664.376	77.31
664.579	77.31
664.782	83.31
664.985	84.31
665.188	90.31
665.391	84.31
665.594	83.31
665.797	74.31
666	77.31
666.203	78.31
666.406	73.31
666.609	87.31
666.812	89.31
667.015	92.31
667.218	99.31
667.421	80.31
667.624	80.31
667.827	67.31
668.03	64.31
668.232	73.31
668.435	90.31
668.638	84.31
668.841	81.31
669.043	78.31
669.246	80.31
669.449	81.31
669.651	87.31
669.854	73.31
670.057	88.31
670.259	75.31
670.462	88.31
670.665	77.31
670.867	81.31
671.07	67.31
671.272	75.31
671.475	84.31
671.677	80.31
671.88	87.31
672.082	72.31
672.284	74.31
672.487	77.31
672.689	81.31
672.892	78.31
