223.165	-0.75
223.4	-0.75
223.635	-0.75
223.869	-26.75
224.104	-23.75
224.338	-17.75
224.573	-16.75
224.808	-13.75
225.042	0.25
225.277	-14.75
225.511	-3.75
225.746	7.25
225.98	8.25
226.215	6.25
226.449	18.25
226.683	30.25
226.918	27.25
227.152	20.25
227.387	47.25
227.621	42.25
227.856	51.25
228.09	33.25
228.324	54.25
228.559	64.25
228.793	85.25
229.027	112.25
229.262	150.25
229.496	131.25
229.73	154.25
229.964	178.25
230.199	134.25
230.433	119.25
230.667	130.25
230.901	146.25
231.136	132.25
231.37	133.25
231.604	131.25
231.838	138.25
232.072	138.25
232.306	150.25
232.541	146.25
232.775	135.25
233.009	141.25
233.243	144.25
233.477	139.25
233.711	140.25
233.945	153.25
234.179	151.25
234.413	140.25
234.647	144.25
234.881	151.25
235.115	155.25
235.349	148.25
235.583	160.25
235.817	145.25
236.051	164.25
236.285	164.25
236.519	144.25
236.753	149.25
236.987	169.25
237.221	196.25
237.455	237.25
237.689	188.25
237.922	158.25
238.156	166.25
238.39	148.25
238.624	154.25
238.858	174.25
239.091	150.25
239.325	166.25
239.559	155.25
239.793	162.25
240.027	176.25
240.26	183.25
240.494	182.25
240.728	182.25
240.961	184.25
241.195	190.25
241.429	196.25
241.662	164.25
241.896	177.25
242.13	198.25
242.363	183.25
242.597	186.25
242.83	185.25
243.064	192.25
243.298	189.25
243.531	193.25
243.765	203.25
243.998	184.25
244.232	201.25
244.465	203.25
244.699	201.25
244.932	200.25
245.166	188.25
245.399	203.25
245.633	203.25
245.866	199.25
246.099	197.25
246.333	204.25
246.566	211.25
246.8	206.25
247.033	223.25
247.266	215.25
247.5	239.25
247.733	222.25
247.966	236.25
248.2	238.25
248.433	229.25
248.666	242.25
248.899	258.25
249.133	280.25
249.366	272.25
249.599	279.25
249.832	279.25
250.066	276.25
250.299	324.25
250.532	424.25
250.765	455.25
250.998	398.25
251.231	338.25
251.465	314.25
251.698	322.25
251.931	297.25
252.164	280.25
252.397	280.25
252.63	257.25
252.863	306.25
253.096	303.25
253.329	285.25
253.562	312.25
253.795	283.25
254.028	273.25
254.261	298.25
254.494	312.25
254.727	314.25
254.96	341.25
255.193	349.25
255.426	350.25
255.659	384.25
255.892	512.25
256.124	669.25
256.357	660.25
256.59	558.25
256.823	448.25
257.056	430.25
257.289	382.25
257.521	342.25
257.754	348.25
257.987	344.25
258.22	340.25
258.452	316.25
258.685	310.25
258.918	299.25
259.151	308.25
259.383	302.25
259.616	302.25
259.849	305.25
260.081	304.25
260.314	330.25
260.547	325.25
260.779	294.25
261.012	305.25
261.244	318.25
261.477	314.25
261.71	302.25
261.942	300.25
262.175	324.25
262.407	294.25
262.64	299.25
262.872	311.25
263.105	282.25
263.337	294.25
263.57	297.25
263.802	286.25
264.035	284.25
264.267	278.25
264.499	285.25
264.732	282.25
264.964	288.25
265.197	296.25
265.429	288.25
265.661	324.25
265.894	309.25
266.126	310.25
266.358	298.25
266.591	300.25
266.823	287.25
267.055	308.25
267.287	304.25
267.52	306.25
267.752	313.25
267.984	323.25
268.216	298.25
268.448	322.25
268.681	319.25
268.913	304.25
269.145	320.25
269.377	332.25
269.609	331.25
269.841	340.25
270.073	322.25
270.306	334.25
270.538	356.25
270.77	352.25
271.002	334.25
271.234	336.25
271.466	347.25
271.698	368.25
271.93	359.25
272.162	365.25
272.394	368.25
272.626	342.25
272.858	331.25
273.09	365.25
273.322	332.25
273.553	347.25
273.785	356.25
274.017	354.25
274.249	353.25
274.481	372.25
274.713	352.25
274.945	355.25
275.176	369.25
275.408	372.25
275.64	383.25
275.872	372.25
276.104	388.25
276.335	388.25
276.567	393.25
276.799	405.25
277.031	432.25
277.262	471.25
277.494	455.25
277.726	439.25
277.957	403.25
278.189	399.25
278.421	390.25
278.652	380.25
278.884	396.25
279.115	402.25
279.347	393.25
279.579	408.25
279.81	394.25
280.042	441.25
280.273	433.25
280.505	462.25
280.736	447.25
280.968	395.25
281.199	410.25
281.431	404.25
281.662	380.25
281.894	399.25
282.125	403.25
282.356	397.25
282.588	431.25
282.819	431.25
283.051	383.25
283.282	393.25
283.513	384.25
283.745	382.25
283.976	393.25
284.207	378.25
284.439	394.25
284.67	386.25
284.901	364.25
285.132	398.25
285.364	414.25
285.595	374.25
285.826	400.25
286.057	402.25
286.288	381.25
286.52	382.25
286.751	389.25
286.982	379.25
287.213	383.25
287.444	391.25
287.675	394.25
287.906	416.25
288.138	416.25
288.369	400.25
288.6	398.25
288.831	427.25
289.062	406.25
289.293	411.25
289.524	403.25
289.755	390.25
289.986	384.25
290.217	387.25
290.448	401.25
290.679	396.25
290.91	398.25
291.141	406.25
291.371	394.25
291.602	408.25
291.833	394.25
292.064	390.25
292.295	373.25
292.526	388.25
292.757	386.25
292.987	399.25
293.218	388.25
293.449	390.25
293.68	384.25
293.91	408.25
294.141	401.25
294.372	390.25
294.603	397.25
294.833	390.25
295.064	384.25
295.295	390.25
295.525	390.25
295.756	389.25
295.987	400.25
296.217	439.25
296.448	447.25
296.679	411.25
296.909	415.25
297.14	384.25
297.37	431.25
297.601	394.25
297.831	414.25
298.062	412.25
298.292	410.25
298.523	422.25
298.753	422.25
298.984	412.25
299.214	424.25
299.445	438.25
299.675	437.25
299.905	427.25
300.136	447.25
300.366	428.25
300.597	435.25
300.827	426.25
301.057	453.25
301.288	449.25
301.518	458.25
301.748	454.25
301.979	443.25
302.209	445.25
302.439	460.25
302.669	452.25
302.9	455.25
303.13	438.25
303.36	451.25
303.59	474.25
303.82	495.25
304.051	484.25
304.281	463.25
304.511	440.25
304.741	463.25
304.971	440.25
305.201	467.25
305.431	464.25
305.661	447.25
305.891	440.25
306.121	458.25
306.352	466.25
306.582	466.25
306.812	462.25
307.042	480.25
307.272	495.25
307.502	505.25
307.731	508.25
307.961	494.25
308.191	477.25
308.421	449.25
308.651	471.25
308.881	467.25
309.111	449.25
309.341	475.25
309.571	471.25
309.8	459.25
310.03	497.25
310.26	489.25
310.49	495.25
310.72	503.25
310.949	517.25
311.179	511.25
311.409	518.25
311.639	490.25
311.868	515.25
312.098	506.25
312.328	507.25
312.557	514.25
312.787	549.25
313.017	507.25
313.246	516.25
313.476	508.25
313.706	503.25
313.935	518.25
314.165	526.25
314.394	538.25
314.624	538.25
314.853	539.25
315.083	516.25
315.312	521.25
315.542	512.25
315.771	510.25
316.001	520.25
316.23	526.25
316.46	510.25
316.689	518.25
316.919	541.25
317.148	528.25
317.377	528.25
317.607	497.25
317.836	515.25
318.065	487.25
318.295	519.25
318.524	538.25
318.753	514.25
318.983	513.25
319.212	521.25
319.441	510.25
319.67	549.25
319.9	538.25
320.129	539.25
320.358	529.25
320.587	567.25
320.816	551.25
321.046	553.25
321.275	561.25
321.504	559.25
321.733	574.25
321.962	580.25
322.191	599.25
322.42	609.25
322.649	630.25
322.878	647.25
323.108	646.25
323.337	674.25
323.566	686.25
323.795	747.25
324.024	792.25
324.253	962.25
324.482	1344.25
324.71	2041.25
324.939	2866.25
325.168	2276.25
325.397	1289.25
325.626	952.25
325.855	850.25
326.084	797.25
326.313	777.25
326.542	778.25
326.77	859.25
326.999	1000.25
327.228	1328.25
327.457	1983.25
327.686	2316.25
327.914	1609.25
328.143	1402.25
328.372	1525.25
328.6	1342.25
328.829	1089.25
329.058	1012.25
329.287	1040.25
329.515	1090.25
329.744	1176.25
329.972	1471.25
330.201	1919.25
330.43	2344.25
330.658	1936.25
330.887	1354.25
331.115	1146.25
331.344	958.25
331.572	925.25
331.801	894.25
332.03	898.25
332.258	855.25
332.486	906.25
332.715	888.25
332.943	923.25
333.172	976.25
333.4	1033.25
333.629	1145.25
333.857	1310.25
334.085	1625.25
334.314	2126.25
334.542	2908.25
334.771	3070.25
334.999	1956.25
335.227	1342.25
335.455	1098.25
335.684	981.25
335.912	898.25
336.14	858.25
336.369	826.25
336.597	837.25
336.825	807.25
337.053	791.25
337.281	727.25
337.51	705.25
337.738	716.25
337.966	702.25
338.194	711.25
338.422	667.25
338.65	680.25
338.878	670.25
339.106	640.25
339.334	671.25
339.562	657.25
339.79	661.25
340.018	631.25
340.246	652.25
340.474	674.25
340.702	651.25
340.93	639.25
341.158	605.25
341.386	604.25
341.614	612.25
341.842	607.25
342.07	598.25
342.298	644.25
342.526	609.25
342.754	592.25
342.981	593.25
343.209	625.25
343.437	609.25
343.665	642.25
343.893	664.25
344.12	699.25
344.348	662.25
344.576	664.25
344.804	634.25
345.031	622.25
345.259	612.25
345.487	622.25
345.714	598.25
345.942	603.25
346.17	633.25
346.397	589.25
346.625	629.25
346.853	633.25
347.08	588.25
347.308	604.25
347.535	602.25
347.763	631.25
347.99	612.25
348.218	625.25
348.445	619.25
348.673	606.25
348.9	610.25
349.128	611.25
349.355	584.25
349.583	611.25
349.81	585.25
350.037	599.25
350.265	599.25
350.492	601.25
350.72	582.25
350.947	598.25
351.174	611.25
351.402	592.25
351.629	599.25
351.856	614.25
352.083	620.25
352.311	621.25
352.538	609.25
352.765	606.25
352.992	600.25
353.22	607.25
353.447	595.25
353.674	597.25
353.901	583.25
354.128	570.25
354.355	592.25
354.583	590.25
354.81	607.25
355.037	575.25
355.264	590.25
355.491	565.25
355.718	568.25
355.945	561.25
356.172	583.25
356.399	588.25
356.626	606.25
356.853	579.25
357.08	576.25
357.307	564.25
357.534	580.25
357.761	590.25
357.988	586.25
358.215	574.25
358.441	554.25
358.668	570.25
358.895	588.25
359.122	588.25
359.349	607.25
359.576	602.25
359.802	648.25
360.029	636.25
360.256	664.25
360.483	644.25
360.709	603.25
360.936	627.25
361.163	610.25
361.39	628.25
361.616	629.25
361.843	610.25
362.07	627.25
362.296	632.25
362.523	614.25
362.749	624.25
362.976	600.25
363.203	629.25
363.429	583.25
363.656	624.25
363.882	606.25
364.109	610.25
364.335	594.25
364.562	601.25
364.788	591.25
365.015	612.25
365.241	616.25
365.468	609.25
365.694	614.25
365.92	595.25
366.147	608.25
366.373	603.25
366.599	609.25
366.826	606.25
367.052	599.25
367.278	607.25
367.505	601.25
367.731	605.25
367.957	612.25
368.184	597.25
368.41	624.25
368.636	614.25
368.862	642.25
369.089	632.25
369.315	626.25
369.541	618.25
369.767	625.25
369.993	617.25
370.219	618.25
370.445	616.25
370.672	630.25
370.898	623.25
371.124	606.25
371.35	614.25
371.576	624.25
371.802	618.25
372.028	609.25
372.254	656.25
372.48	629.25
372.706	627.25
372.932	628.25
373.158	632.25
373.384	630.25
373.61	625.25
373.835	620.25
374.061	638.25
374.287	637.25
374.513	625.25
374.739	660.25
374.965	650.25
375.191	676.25
375.416	647.25
375.642	660.25
375.868	666.25
376.094	658.25
376.319	623.25
376.545	614.25
376.771	627.25
376.997	642.25
377.222	632.25
377.448	614.25
377.674	622.25
377.899	617.25
378.125	624.25
378.35	619.25
378.576	609.25
378.802	620.25
379.027	638.25
379.253	630.25
379.478	613.25
379.704	608.25
379.929	641.25
380.155	628.25
380.38	627.25
380.606	627.25
380.831	616.25
381.057	609.25
381.282	623.25
381.507	624.25
381.733	644.25
381.958	630.25
382.184	624.25
382.409	648.25
382.634	655.25
382.86	614.25
383.085	632.25
383.31	654.25
383.535	686.25
383.761	688.25
383.986	679.25
384.211	693.25
384.436	704.25
384.662	702.25
384.887	708.25
385.112	727.25
385.337	714.25
385.562	715.25
385.787	706.25
386.013	723.25
386.238	747.25
386.463	716.25
386.688	726.25
386.913	700.25
387.138	700.25
387.363	708.25
387.588	722.25
387.813	722.25
388.038	702.25
388.263	737.25
388.488	718.25
388.713	728.25
388.938	722.25
389.163	690.25
389.387	727.25
389.612	692.25
389.837	711.25
390.062	713.25
390.287	688.25
390.512	724.25
390.736	741.25
390.961	701.25
391.186	709.25
391.411	744.25
391.636	768.25
391.86	747.25
392.085	790.25
392.31	774.25
392.534	774.25
392.759	739.25
392.984	761.25
393.208	756.25
393.433	731.25
393.658	732.25
393.882	734.25
394.107	744.25
394.331	767.25
394.556	748.25
394.78	784.25
395.005	778.25
395.229	763.25
395.454	776.25
395.678	804.25
395.903	788.25
396.127	798.25
396.352	792.25
396.576	758.25
396.801	737.25
397.025	801.25
397.249	782.25
397.474	797.25
397.698	783.25
397.922	819.25
398.147	818.25
398.371	818.25
398.595	837.25
398.82	846.25
399.044	931.25
399.268	966.25
399.492	1088.25
399.717	1187.25
399.941	1184.25
400.165	1124.25
400.389	1092.25
400.613	980.25
400.837	938.25
401.062	895.25
401.286	871.25
401.51	887.25
401.734	905.25
401.958	930.25
402.182	912.25
402.406	965.25
402.63	956.25
402.854	957.25
403.078	956.25
403.302	961.25
403.526	978.25
403.75	997.25
403.974	1064.25
404.198	1038.25
404.422	1083.25
404.645	1066.25
404.869	1118.25
405.093	1165.25
405.317	1208.25
405.541	1237.25
405.765	1156.25
405.988	1128.25
406.212	1083.25
406.436	1103.25
406.66	1125.25
406.883	1078.25
407.107	1106.25
407.331	1166.25
407.555	1230.25
407.778	1228.25
408.002	1164.25
408.226	1118.25
408.449	1084.25
408.673	1057.25
408.896	1091.25
409.12	1138.25
409.344	1096.25
409.567	1032.25
409.791	1025.25
410.014	1035.25
410.238	1028.25
410.461	1030.25
410.685	1041.25
410.908	1012.25
411.132	1036.25
411.355	1089.25
411.578	1018.25
411.802	1048.25
412.025	1061.25
412.249	1108.25
412.472	1187.25
412.695	1210.25
412.919	1215.25
413.142	1162.25
413.365	1113.25
413.589	1066.25
413.812	1022.25
414.035	985.25
414.258	994.25
414.482	1009.25
414.705	982.25
414.928	966.25
415.151	979.25
415.374	962.25
415.597	934.25
415.821	930.25
416.044	943.25
416.267	926.25
416.49	930.25
416.713	921.25
416.936	947.25
417.159	957.25
417.382	973.25
417.605	961.25
417.828	1027.25
418.051	1020.25
418.274	963.25
418.497	958.25
418.72	996.25
418.943	966.25
419.166	1040.25
419.389	1096.25
419.611	1093.25
419.834	1053.25
420.057	1104.25
420.28	1172.25
420.503	1214.25
420.726	1152.25
420.948	1114.25
421.171	1090.25
421.394	1102.25
421.617	1014.25
421.839	982.25
422.062	1010.25
422.285	1023.25
422.507	1066.25
422.73	1082.25
422.953	1072.25
423.175	1073.25
423.398	1024.25
423.621	1022.25
423.843	1040.25
424.066	1028.25
424.288	1031.25
424.511	1043.25
424.733	1110.25
424.956	1140.25
425.178	1106.25
425.401	1091.25
425.623	1089.25
425.846	1037.25
426.068	1010.25
426.291	979.25
426.513	979.25
426.735	978.25
426.958	1013.25
427.18	1072.25
427.402	1212.25
427.625	1354.25
427.847	1307.25
428.069	1258.25
428.292	1140.25
428.514	1032.25
428.736	959.25
428.958	950.25
429.181	933.25
429.403	945.25
429.625	946.25
429.847	958.25
430.069	979.25
430.292	993.25
430.514	932.25
430.736	911.25
430.958	886.25
431.18	875.25
431.402	890.25
431.624	889.25
431.846	890.25
432.068	897.25
432.29	908.25
432.512	895.25
432.734	903.25
432.956	906.25
433.178	908.25
433.4	931.25
433.622	872.25
433.844	902.25
434.066	905.25
434.287	888.25
434.509	921.25
434.731	952.25
434.953	940.25
435.175	963.25
435.397	978.25
435.618	939.25
435.84	995.25
436.062	1082.25
436.284	1093.25
436.505	967.25
436.727	963.25
436.949	922.25
437.17	896.25
437.392	911.25
437.614	911.25
437.835	931.25
438.057	1047.25
438.278	1129.25
438.5	1095.25
438.721	1193.25
438.943	1165.25
439.165	1000.25
439.386	966.25
439.608	976.25
439.829	959.25
440.05	999.25
440.272	1044.25
440.493	1000.25
440.715	964.25
440.936	956.25
441.158	963.25
441.379	975.25
441.6	1002.25
441.822	1053.25
442.043	1047.25
442.264	1117.25
442.486	1122.25
442.707	1042.25
442.928	1010.25
443.149	1036.25
443.371	1040.25
443.592	1092.25
443.813	1160.25
444.034	1227.25
444.255	1111.25
444.476	1086.25
444.698	1086.25
444.919	1103.25
445.14	1222.25
445.361	1120.25
445.582	1091.25
445.803	1124.25
446.024	1190.25
446.245	1181.25
446.466	1091.25
446.687	974.25
446.908	950.25
447.129	953.25
447.35	923.25
447.571	896.25
447.792	904.25
448.013	917.25
448.234	895.25
448.455	950.25
448.675	1078.25
448.896	1155.25
449.117	1039.25
449.338	979.25
449.559	1145.25
449.779	1187.25
450	1011.25
450.221	926.25
450.442	930.25
450.662	891.25
450.883	895.25
451.104	911.25
451.324	932.25
451.545	910.25
451.766	872.25
451.986	871.25
452.207	862.25
452.428	844.25
452.648	831.25
452.869	844.25
453.089	849.25
453.31	850.25
453.53	841.25
453.751	828.25
453.971	837.25
454.192	878.25
454.412	812.25
454.633	814.25
454.853	815.25
455.073	797.25
455.294	850.25
455.514	908.25
455.734	855.25
455.955	821.25
456.175	781.25
456.395	744.25
456.616	781.25
456.836	786.25
457.056	751.25
457.276	766.25
457.497	800.25
457.717	792.25
457.937	809.25
458.157	816.25
458.377	820.25
458.598	873.25
458.818	943.25
459.038	1026.25
459.258	1015.25
459.478	929.25
459.698	912.25
459.918	866.25
460.138	919.25
460.358	952.25
460.578	960.25
460.798	983.25
461.018	985.25
461.238	970.25
461.458	956.25
461.678	958.25
461.898	944.25
462.118	976.25
462.338	1002.25
462.558	1008.25
462.777	1026.25
462.997	1130.25
463.217	1214.25
463.437	1232.25
463.657	1130.25
463.876	1096.25
464.096	1081.25
464.316	1102.25
464.536	1106.25
464.755	1076.25
464.975	1051.25
465.195	1078.25
465.414	1154.25
465.634	1022.25
465.854	951.25
466.073	931.25
466.293	935.25
466.512	940.25
466.732	929.25
466.951	865.25
467.171	877.25
467.391	896.25
467.61	954.25
467.829	990.25
468.049	1180.25
468.268	1573.25
468.488	1285.25
468.707	1055.25
468.927	1003.25
469.146	926.25
469.365	930.25
469.585	901.25
469.804	958.25
470.023	963.25
470.243	954.25
470.462	965.25
470.681	1017.25
470.901	997.25
471.12	951.25
471.339	944.25
471.558	956.25
471.777	1012.25
471.997	1122.25
472.216	1524.25
472.435	2915.25
472.654	2372.25
472.873	1562.25
473.092	1264.25
473.311	1164.25
473.53	1067.25
473.749	1060.25
473.968	1060.25
474.187	1123.25
474.406	1100.25
474.625	989.25
474.844	903.25
475.063	948.25
475.282	957.25
475.501	930.25
475.72	940.25
475.939	946.25
476.158	942.25
476.377	960.25
476.596	935.25
476.814	948.25
477.033	945.25
477.252	958.25
477.471	962.25
477.69	996.25
477.908	1018.25
478.127	1021.25
478.346	1034.25
478.564	1060.25
478.783	1071.25
479.002	1102.25
479.22	1101.25
479.439	1126.25
479.658	1179.25
479.876	1180.25
480.095	1219.25
480.313	1290.25
480.532	1319.25
480.751	1450.25
480.969	1851.25
481.188	3807.25
481.406	4984.25
481.624	2755.25
481.843	1961.25
482.061	1704.25
482.28	1492.25
482.498	1407.25
482.717	1371.25
482.935	1298.25
483.153	1270.25
483.372	1235.25
483.59	1189.25
483.808	1185.25
484.027	1188.25
484.245	1179.25
484.463	1160.25
484.681	1202.25
484.9	1162.25
485.118	1147.25
485.336	1164.25
485.554	1145.25
485.772	1147.25
485.99	1170.25
486.209	1168.25
486.427	1173.25
486.645	1191.25
486.863	1175.25
487.081	1205.25
487.299	1190.25
487.517	1211.25
487.735	1193.25
487.953	1182.25
488.171	1204.25
488.389	1166.25
488.607	1174.25
488.825	1180.25
489.043	1191.25
489.261	1179.25
489.479	1195.25
489.696	1224.25
489.914	1211.25
490.132	1242.25
490.35	1314.25
490.568	1292.25
490.786	1331.25
491.003	1382.25
491.221	1430.25
491.439	1450.25
491.657	1473.25
491.874	1467.25
492.092	1571.25
492.31	1548.25
492.527	1614.25
492.745	1655.25
492.963	1648.25
493.18	1634.25
493.398	1619.25
493.615	1590.25
493.833	1514.25
494.05	1531.25
494.268	1507.25
494.485	1465.25
494.703	1448.25
494.92	1446.25
495.138	1449.25
495.355	1376.25
495.573	1398.25
495.79	1382.25
496.008	1399.25
496.225	1380.25
496.442	1352.25
496.66	1371.25
496.877	1354.25
497.094	1363.25
497.312	1384.25
497.529	1400.25
497.746	1396.25
497.963	1408.25
498.181	1429.25
498.398	1444.25
498.615	1511.25
498.832	1580.25
499.049	1615.25
499.267	1687.25
499.484	1840.25
499.701	1904.25
499.918	2051.25
500.135	2252.25
500.352	2465.25
500.569	2569.25
500.786	2631.25
501.003	2454.25
501.22	2272.25
501.437	2019.25
501.654	1879.25
501.871	1763.25
502.088	1653.25
502.305	1609.25
502.522	1536.25
502.739	1456.25
502.956	1404.25
503.172	1389.25
503.389	1332.25
503.606	1326.25
503.823	1301.25
504.04	1279.25
504.256	1314.25
504.473	1274.25
504.69	1284.25
504.907	1284.25
505.123	1251.25
505.34	1208.25
505.557	1156.25
505.773	1179.25
505.99	1154.25
506.207	1111.25
506.423	1131.25
506.64	1099.25
506.856	1086.25
507.073	1115.25
507.289	1116.25
507.506	1127.25
507.722	1134.25
507.939	1154.25
508.155	1095.25
508.372	1066.25
508.588	1079.25
508.805	1070.25
509.021	1015.25
509.238	1060.25
509.454	1032.25
509.67	1004.25
509.887	1042.25
510.103	1048.25
510.319	1084.25
510.536	1241.25
510.752	2270.25
510.968	1661.25
511.184	1110.25
511.401	1067.25
511.617	1088.25
511.833	1174.25
512.049	1204.25
512.265	1182.25
512.481	1147.25
512.698	1067.25
512.914	1081.25
513.13	1040.25
513.346	1065.25
513.562	1055.25
513.778	1061.25
513.994	1036.25
514.21	1072.25
514.426	1111.25
514.642	1146.25
514.858	1190.25
515.074	1267.25
515.29	1461.25
515.506	2145.25
515.721	1699.25
515.937	1221.25
516.153	1158.25
516.369	1112.25
516.585	1138.25
516.801	1131.25
517.016	1113.25
517.232	1168.25
517.448	1172.25
517.664	1214.25
517.879	1238.25
518.095	1214.25
518.311	1193.25
518.527	1128.25
518.742	1151.25
518.958	1104.25
519.173	1066.25
519.389	1073.25
519.605	1061.25
519.82	1052.25
520.036	1083.25
520.251	1090.25
520.467	1090.25
520.682	1091.25
520.898	1119.25
521.113	1145.25
521.329	1182.25
521.544	1322.25
521.76	1700.25
521.975	2822.25
522.19	2600.25
522.406	1472.25
522.621	1145.25
522.836	1066.25
523.052	1033.25
523.267	957.25
523.482	950.25
523.698	944.25
523.913	953.25
524.128	964.25
524.343	898.25
524.559	893.25
524.774	932.25
524.989	920.25
525.204	925.25
525.419	920.25
525.634	911.25
525.849	864.25
526.064	896.25
526.28	880.25
526.495	858.25
526.71	852.25
526.925	883.25
527.14	844.25
527.355	846.25
527.57	852.25
527.785	843.25
527.999	851.25
528.214	840.25
528.429	839.25
528.644	861.25
528.859	850.25
529.074	864.25
529.289	910.25
529.503	993.25
529.718	943.25
529.933	903.25
530.148	859.25
530.363	853.25
530.577	845.25
530.792	834.25
531.007	840.25
531.221	827.25
531.436	836.25
531.651	859.25
531.865	847.25
532.08	835.25
532.295	840.25
532.509	821.25
532.724	832.25
532.938	830.25
533.153	835.25
533.367	836.25
533.582	853.25
533.796	831.25
534.011	810.25
534.225	806.25
534.44	791.25
534.654	799.25
534.868	789.25
535.083	798.25
535.297	802.25
535.511	817.25
535.726	827.25
535.94	810.25
536.154	794.25
536.369	792.25
536.583	779.25
536.797	786.25
537.011	780.25
537.225	775.25
537.44	783.25
537.654	775.25
537.868	766.25
538.082	762.25
538.296	776.25
538.51	779.25
538.724	794.25
538.938	763.25
539.153	773.25
539.367	772.25
539.581	764.25
539.795	745.25
540.009	756.25
540.222	771.25
540.436	767.25
540.65	760.25
540.864	772.25
541.078	755.25
541.292	765.25
541.506	776.25
541.72	777.25
541.934	784.25
542.147	791.25
542.361	772.25
542.575	764.25
542.789	726.25
543.002	720.25
543.216	725.25
543.43	728.25
543.644	753.25
543.857	763.25
544.071	743.25
544.285	755.25
544.498	740.25
544.712	743.25
544.925	772.25
545.139	774.25
545.352	768.25
545.566	775.25
545.779	768.25
545.993	792.25
546.206	756.25
546.42	762.25
546.633	761.25
546.847	734.25
547.06	758.25
547.274	770.25
547.487	767.25
547.7	740.25
547.914	733.25
548.127	772.25
548.34	761.25
548.554	741.25
548.767	756.25
548.98	747.25
549.193	735.25
549.407	736.25
549.62	771.25
549.833	746.25
550.046	740.25
550.259	752.25
550.473	726.25
550.686	720.25
550.899	735.25
551.112	728.25
551.325	751.25
551.538	733.25
551.751	704.25
551.964	713.25
552.177	748.25
552.39	724.25
552.603	759.25
552.816	751.25
553.029	795.25
553.242	792.25
553.455	808.25
553.667	817.25
553.88	795.25
554.093	790.25
554.306	774.25
554.519	752.25
554.732	746.25
554.944	727.25
555.157	728.25
555.37	727.25
555.583	719.25
555.795	692.25
556.008	675.25
556.221	678.25
556.433	685.25
556.646	664.25
556.859	677.25
557.071	642.25
557.284	643.25
557.496	662.25
557.709	667.25
557.921	659.25
558.134	648.25
558.346	629.25
558.559	652.25
558.771	656.25
558.984	631.25
559.196	644.25
559.409	627.25
559.621	616.25
559.833	632.25
560.046	623.25
560.258	643.25
560.47	635.25
560.683	611.25
560.895	603.25
561.107	624.25
561.32	617.25
561.532	609.25
561.744	617.25
561.956	625.25
562.168	641.25
562.381	638.25
562.593	605.25
562.805	621.25
563.017	630.25
563.229	608.25
563.441	617.25
563.653	613.25
563.865	616.25
564.077	634.25
564.289	624.25
564.501	633.25
564.713	638.25
564.925	675.25
565.137	668.25
565.349	670.25
565.561	660.25
565.773	676.25
565.985	716.25
566.197	745.25
566.408	753.25
566.62	802.25
566.832	811.25
567.044	844.25
567.255	852.25
567.467	855.25
567.679	898.25
567.891	928.25
568.102	937.25
568.314	884.25
568.526	832.25
568.737	786.25
568.949	707.25
569.161	684.25
569.372	637.25
569.584	636.25
569.795	617.25
570.007	619.25
570.218	665.25
570.43	632.25
570.641	594.25
570.853	593.25
571.064	592.25
571.276	583.25
571.487	584.25
571.698	571.25
571.91	533.25
572.121	570.25
572.333	528.25
572.544	538.25
572.755	513.25
572.966	535.25
573.178	524.25
573.389	501.25
573.6	519.25
573.811	480.25
574.023	504.25
574.234	503.25
574.445	497.25
574.656	508.25
574.867	487.25
575.078	490.25
575.289	491.25
575.501	486.25
575.712	475.25
575.923	473.25
576.134	486.25
576.345	459.25
576.556	480.25
576.767	472.25
576.978	503.25
577.188	489.25
577.399	459.25
577.61	479.25
577.821	476.25
578.032	468.25
578.243	525.25
578.454	843.25
578.665	594.25
578.875	478.25
579.086	455.25
579.297	466.25
579.508	452.25
579.718	440.25
579.929	437.25
580.14	444.25
580.35	425.25
580.561	427.25
580.772	453.25
580.982	452.25
581.193	434.25
581.403	431.25
581.614	438.25
581.825	422.25
582.035	437.25
582.246	436.25
582.456	407.25
582.667	436.25
582.877	400.25
583.087	429.25
583.298	418.25
583.508	430.25
583.719	428.25
583.929	396.25
584.139	416.25
584.35	409.25
584.56	419.25
584.77	425.25
584.981	415.25
585.191	431.25
585.401	424.25
585.611	407.25
585.821	406.25
586.032	425.25
586.242	410.25
586.452	421.25
586.662	408.25
586.872	397.25
587.082	403.25
587.292	413.25
587.502	404.25
587.713	422.25
587.923	399.25
588.133	418.25
588.343	396.25
588.553	402.25
588.762	394.25
588.972	394.25
589.182	391.25
589.392	402.25
589.602	437.25
589.812	441.25
590.022	423.25
590.232	396.25
590.441	386.25
590.651	399.25
590.861	396.25
591.071	391.25
591.281	401.25
591.49	408.25
591.7	411.25
591.91	428.25
592.119	443.25
592.329	428.25
592.539	444.25
592.748	448.25
592.958	444.25
593.167	475.25
593.377	457.25
593.587	467.25
593.796	456.25
594.006	480.25
594.215	460.25
594.424	460.25
594.634	494.25
594.843	447.25
595.053	431.25
595.262	422.25
595.472	424.25
595.681	406.25
595.89	413.25
596.1	404.25
596.309	391.25
596.518	380.25
596.727	382.25
596.937	384.25
597.146	401.25
597.355	375.25
597.564	387.25
597.774	382.25
597.983	366.25
598.192	372.25
598.401	353.25
598.61	357.25
598.819	362.25
599.028	367.25
599.237	348.25
599.446	359.25
599.655	358.25
599.864	374.25
600.073	354.25
600.282	371.25
600.491	338.25
600.7	332.25
600.909	348.25
601.118	355.25
601.327	349.25
601.536	355.25
601.745	362.25
601.953	358.25
602.162	380.25
602.371	351.25
602.58	351.25
602.789	372.25
602.997	361.25
603.206	352.25
603.415	348.25
603.623	337.25
603.832	358.25
604.041	344.25
604.249	336.25
604.458	357.25
604.666	334.25
604.875	350.25
605.084	340.25
605.292	358.25
605.501	360.25
605.709	338.25
605.918	342.25
606.126	352.25
606.334	349.25
606.543	346.25
606.751	336.25
606.96	338.25
607.168	327.25
607.376	326.25
607.585	352.25
607.793	345.25
608.001	347.25
608.21	341.25
608.418	346.25
608.626	323.25
608.834	341.25
609.043	354.25
609.251	343.25
609.459	325.25
609.667	344.25
609.875	335.25
610.083	357.25
610.291	355.25
610.499	342.25
610.707	340.25
610.916	343.25
611.124	323.25
611.332	338.25
611.54	335.25
611.748	355.25
611.955	339.25
612.163	335.25
612.371	331.25
612.579	326.25
612.787	320.25
612.995	322.25
613.203	340.25
613.411	340.25
613.618	329.25
613.826	321.25
614.034	343.25
614.242	335.25
614.449	323.25
614.657	327.25
614.865	316.25
615.072	344.25
615.28	319.25
615.488	327.25
615.695	332.25
615.903	323.25
616.111	311.25
616.318	335.25
616.526	336.25
616.733	341.25
616.941	325.25
617.148	297.25
617.356	322.25
617.563	329.25
617.771	314.25
617.978	319.25
618.185	320.25
618.393	335.25
618.6	328.25
618.807	323.25
619.015	338.25
619.222	323.25
619.429	316.25
619.637	309.25
619.844	310.25
620.051	296.25
620.258	291.25
620.466	299.25
620.673	291.25
620.88	305.25
621.087	289.25
621.294	274.25
621.501	308.25
621.708	300.25
621.915	296.25
622.122	298.25
622.329	296.25
622.536	290.25
622.743	294.25
622.95	297.25
623.157	298.25
623.364	283.25
623.571	284.25
623.778	285.25
623.985	273.25
624.192	287.25
624.399	283.25
624.606	271.25
624.812	256.25
625.019	274.25
625.226	283.25
625.433	281.25
625.639	266.25
625.846	275.25
626.053	273.25
626.259	261.25
626.466	261.25
626.673	279.25
626.879	255.25
627.086	275.25
627.293	269.25
627.499	272.25
627.706	289.25
627.912	272.25
628.119	266.25
628.325	268.25
628.532	264.25
628.738	266.25
628.945	273.25
629.151	263.25
629.357	249.25
629.564	267.25
629.77	264.25
629.976	259.25
630.183	254.25
630.389	246.25
630.595	245.25
630.802	230.25
631.008	266.25
631.214	242.25
631.42	247.25
631.627	252.25
631.833	241.25
632.039	246.25
632.245	223.25
632.451	254.25
632.657	252.25
632.863	262.25
633.069	239.25
633.275	248.25
633.481	257.25
633.688	235.25
633.893	250.25
634.099	240.25
634.305	244.25
634.511	232.25
634.717	251.25
634.923	238.25
635.129	227.25
635.335	238.25
635.541	254.25
635.747	252.25
635.952	258.25
636.158	289.25
636.364	357.25
636.57	416.25
636.775	356.25
636.981	319.25
637.187	275.25
637.392	286.25
637.598	258.25
637.804	252.25
638.009	251.25
638.215	250.25
638.421	258.25
638.626	248.25
638.832	234.25
639.037	251.25
639.243	235.25
639.448	233.25
639.654	219.25
639.859	214.25
640.065	232.25
640.27	238.25
640.475	223.25
640.681	212.25
640.886	224.25
641.091	220.25
641.297	212.25
641.502	214.25
641.707	210.25
641.913	224.25
642.118	221.25
642.323	213.25
642.528	204.25
642.733	217.25
642.939	222.25
643.144	213.25
643.349	205.25
643.554	207.25
643.759	214.25
643.964	219.25
644.169	218.25
644.374	205.25
644.579	202.25
644.784	204.25
644.989	207.25
645.194	201.25
645.399	205.25
645.604	214.25
645.809	213.25
646.014	218.25
646.219	199.25
646.423	217.25
646.628	203.25
646.833	210.25
647.038	226.25
647.243	204.25
647.447	210.25
647.652	200.25
647.857	212.25
648.062	226.25
648.266	214.25
648.471	218.25
648.676	210.25
648.88	209.25
649.085	218.25
649.289	211.25
649.494	202.25
649.698	248.25
649.903	226.25
650.107	202.25
650.312	204.25
650.516	198.25
650.721	194.25
650.925	202.25
651.13	187.25
651.334	188.25
651.539	197.25
651.743	180.25
651.947	197.25
652.152	175.25
652.356	175.25
652.56	167.25
652.764	178.25
652.969	169.25
653.173	155.25
653.377	163.25
653.581	163.25
653.785	164.25
653.99	174.25
654.194	157.25
654.398	169.25
654.602	161.25
654.806	168.25
655.01	171.25
655.214	172.25
655.418	159.25
655.622	162.25
655.826	176.25
656.03	166.25
656.234	186.25
656.438	173.25
656.642	172.25
656.846	144.25
657.049	147.25
657.253	143.25
657.457	138.25
657.661	128.25
657.865	136.25
658.068	123.25
658.272	123.25
658.476	135.25
658.68	118.25
658.883	115.25
659.087	122.25
659.291	127.25
659.494	98.25
659.698	115.25
659.901	107.25
660.105	108.25
660.309	109.25
660.512	103.25
660.716	107.25
660.919	96.25
661.123	114.25
661.326	110.25
661.53	100.25
661.733	99.25
661.936	101.25
662.14	99.25
662.343	86.25
662.546	88.25
662.75	99.25
662.953	104.25
663.156	94.25
663.36	86.25
663.563	97.25
663.766	88.25
663.969	82.25
664.173	70.25
664.376	81.25
664.579	79.25
664.782	76.25
664.985	94.25
665.188	85.25
665.391	84.25
665.594	91.25
665.797	86.25
666	87.25
666.203	87.25
666.406	86.25
666.609	90.25
666.812	77.25
667.015	97.25
667.218	100.25
667.421	84.25
667.624	91.25
667.827	80.25
668.03	84.25
668.232	79.25
668.435	96.25
668.638	92.25
668.841	96.25
669.043	89.25
669.246	80.25
669.449	83.25
669.651	83.25
669.854	76.25
670.057	86.25
670.259	95.25
670.462	61.25
670.665	75.25
670.867	80.25
671.07	87.25
671.272	92.25
671.475	97.25
671.677	66.25
671.88	85.25
672.082	82.25
672.284	87.25
672.487	86.25
672.689	76.25
672.892	71.25
