223.165	-17.56
223.4	-17.56
223.635	-17.56
223.869	-10.56
224.104	-8.56
224.338	5.44
224.573	-20.56
224.808	-19.56
225.042	-22.56
225.277	-6.56
225.511	-1.56
225.746	-1.56
225.98	10.44
226.215	-0.56
226.449	13.44
226.683	25.44
226.918	21.44
227.152	33.44
227.387	29.44
227.621	42.44
227.856	61.44
228.09	48.44
228.324	51.44
228.559	49.44
228.793	71.44
229.027	113.44
229.262	103.44
229.496	136.44
229.73	138.44
229.964	169.44
230.199	136.44
230.433	140.44
230.667	120.44
230.901	141.44
231.136	123.44
231.37	148.44
231.604	128.44
231.838	142.44
232.072	141.44
232.306	113.44
232.541	124.44
232.775	131.44
233.009	128.44
233.243	120.44
233.477	137.44
233.711	124.44
233.945	135.44
234.179	124.44
234.413	140.44
234.647	136.44
234.881	122.44
235.115	136.44
235.349	142.44
235.583	132.44
235.817	134.44
236.051	148.44
236.285	142.44
236.519	135.44
236.753	149.44
236.987	162.44
237.221	198.44
237.455	229.44
237.689	180.44
237.922	154.44
238.156	169.44
238.39	146.44
238.624	161.44
238.858	140.44
239.091	154.44
239.325	153.44
239.559	164.44
239.793	153.44
240.027	157.44
240.26	166.44
240.494	186.44
240.728	161.44
240.961	172.44
241.195	165.44
241.429	171.44
241.662	156.44
241.896	168.44
242.13	189.44
242.363	184.44
242.597	164.44
242.83	162.44
243.064	162.44
243.298	180.44
243.531	182.44
243.765	174.44
243.998	166.44
244.232	174.44
244.465	202.44
244.699	185.44
244.932	199.44
245.166	205.44
245.399	191.44
245.633	190.44
245.866	186.44
246.099	183.44
246.333	201.44
246.566	196.44
246.8	191.44
247.033	188.44
247.266	201.44
247.5	213.44
247.733	205.44
247.966	198.44
248.2	211.44
248.433	228.44
248.666	217.44
248.899	229.44
249.133	230.44
249.366	238.44
249.599	260.44
249.832	257.44
250.066	276.44
250.299	308.44
250.532	369.44
250.765	398.44
250.998	382.44
251.231	329.44
251.465	306.44
251.698	286.44
251.931	262.44
252.164	278.44
252.397	256.44
252.63	256.44
252.863	267.44
253.096	272.44
253.329	258.44
253.562	260.44
253.795	266.44
254.028	256.44
254.261	270.44
254.494	286.44
254.727	287.44
254.96	292.44
255.193	301.44
255.426	319.44
255.659	358.44
255.892	449.44
256.124	608.44
256.357	631.44
256.59	510.44
256.823	419.44
257.056	340.44
257.289	348.44
257.521	324.44
257.754	287.44
257.987	295.44
258.22	297.44
258.452	306.44
258.685	291.44
258.918	289.44
259.151	273.44
259.383	290.44
259.616	273.44
259.849	278.44
260.081	276.44
260.314	302.44
260.547	281.44
260.779	292.44
261.012	280.44
261.244	280.44
261.477	277.44
261.71	272.44
261.942	291.44
262.175	293.44
262.407	297.44
262.64	261.44
262.872	273.44
263.105	274.44
263.337	261.44
263.57	276.44
263.802	263.44
264.035	255.44
264.267	272.44
264.499	266.44
264.732	264.44
264.964	264.44
265.197	259.44
265.429	252.44
265.661	276.44
265.894	273.44
266.126	279.44
266.358	275.44
266.591	275.44
266.823	281.44
267.055	295.44
267.287	287.44
267.52	286.44
267.752	264.44
267.984	279.44
268.216	289.44
268.448	280.44
268.681	290.44
268.913	287.44
269.145	297.44
269.377	303.44
269.609	310.44
269.841	309.44
270.073	312.44
270.306	325.44
270.538	320.44
270.77	329.44
271.002	334.44
271.234	305.44
271.466	321.44
271.698	330.44
271.93	342.44
272.162	338.44
272.394	348.44
272.626	336.44
272.858	315.44
273.09	312.44
273.322	316.44
273.553	324.44
273.785	329.44
274.017	332.44
274.249	328.44
274.481	328.44
274.713	325.44
274.945	331.44
275.176	321.44
275.408	337.44
275.64	327.44
275.872	359.44
276.104	342.44
276.335	328.44
276.567	361.44
276.799	393.44
277.031	402.44
277.262	412.44
277.494	401.44
277.726	392.44
277.957	370.44
278.189	386.44
278.421	356.44
278.652	366.44
278.884	334.44
279.115	349.44
279.347	346.44
279.579	359.44
279.81	379.44
280.042	385.44
280.273	438.44
280.505	420.44
280.736	401.44
280.968	374.44
281.199	366.44
281.431	357.44
281.662	364.44
281.894	350.44
282.125	369.44
282.356	374.44
282.588	381.44
282.819	402.44
283.051	356.44
283.282	336.44
283.513	358.44
283.745	373.44
283.976	369.44
284.207	348.44
284.439	336.44
284.67	369.44
284.901	345.44
285.132	361.44
285.364	362.44
285.595	356.44
285.826	349.44
286.057	359.44
286.288	355.44
286.52	343.44
286.751	346.44
286.982	379.44
287.213	374.44
287.444	356.44
287.675	366.44
287.906	378.44
288.138	377.44
288.369	377.44
288.6	373.44
288.831	371.44
289.062	384.44
289.293	368.44
289.524	385.44
289.755	382.44
289.986	360.44
290.217	371.44
290.448	369.44
290.679	377.44
290.91	360.44
291.141	357.44
291.371	379.44
291.602	369.44
291.833	356.44
292.064	376.44
292.295	366.44
292.526	372.44
292.757	365.44
292.987	365.44
293.218	376.44
293.449	372.44
293.68	389.44
293.91	375.44
294.141	372.44
294.372	368.44
294.603	371.44
294.833	373.44
295.064	360.44
295.295	361.44
295.525	378.44
295.756	378.44
295.987	420.44
296.217	406.44
296.448	422.44
296.679	389.44
296.909	378.44
297.14	360.44
297.37	398.44
297.601	382.44
297.831	409.44
298.062	402.44
298.292	394.44
298.523	420.44
298.753	393.44
298.984	387.44
299.214	398.44
299.445	401.44
299.675	398.44
299.905	393.44
300.136	398.44
300.366	405.44
300.597	404.44
300.827	403.44
301.057	408.44
301.288	430.44
301.518	413.44
301.748	402.44
301.979	404.44
302.209	417.44
302.439	432.44
302.669	405.44
302.9	398.44
303.13	413.44
303.36	419.44
303.59	434.44
303.82	449.44
304.051	440.44
304.281	430.44
304.511	406.44
304.741	393.44
304.971	411.44
305.201	417.44
305.431	403.44
305.661	398.44
305.891	412.44
306.121	416.44
306.352	410.44
306.582	403.44
306.812	429.44
307.042	416.44
307.272	475.44
307.502	447.44
307.731	474.44
307.961	466.44
308.191	424.44
308.421	420.44
308.651	430.44
308.881	420.44
309.111	425.44
309.341	426.44
309.571	448.44
309.8	444.44
310.03	440.44
310.26	448.44
310.49	456.44
310.72	467.44
310.949	472.44
311.179	478.44
311.409	469.44
311.639	452.44
311.868	473.44
312.098	470.44
312.328	472.44
312.557	498.44
312.787	486.44
313.017	510.44
313.246	487.44
313.476	471.44
313.706	474.44
313.935	485.44
314.165	497.44
314.394	511.44
314.624	496.44
314.853	479.44
315.083	474.44
315.312	474.44
315.542	466.44
315.771	465.44
316.001	469.44
316.23	470.44
316.46	456.44
316.689	463.44
316.919	469.44
317.148	473.44
317.377	478.44
317.607	462.44
317.836	501.44
318.065	491.44
318.295	486.44
318.524	484.44
318.753	470.44
318.983	479.44
319.212	471.44
319.441	504.44
319.67	491.44
319.9	484.44
320.129	466.44
320.358	510.44
320.587	518.44
320.816	497.44
321.046	490.44
321.275	510.44
321.504	495.44
321.733	510.44
321.962	528.44
322.191	540.44
322.42	577.44
322.649	579.44
322.878	586.44
323.108	598.44
323.337	611.44
323.566	635.44
323.795	682.44
324.024	744.44
324.253	886.44
324.482	1234.44
324.71	1936.44
324.939	2674.44
325.168	2164.44
325.397	1163.44
325.626	877.44
325.855	776.44
326.084	750.44
326.313	736.44
326.542	753.44
326.77	798.44
326.999	883.44
327.228	1186.44
327.457	1840.44
327.686	2189.44
327.914	1525.44
328.143	1268.44
328.372	1328.44
328.6	1198.44
328.829	955.44
329.058	907.44
329.287	946.44
329.515	953.44
329.744	1037.44
329.972	1276.44
330.201	1684.44
330.43	2081.44
330.658	1685.44
330.887	1197.44
331.115	1026.44
331.344	883.44
331.572	818.44
331.801	804.44
332.03	785.44
332.258	781.44
332.486	792.44
332.715	847.44
332.943	835.44
333.172	888.44
333.4	913.44
333.629	977.44
333.857	1131.44
334.085	1412.44
334.314	1908.44
334.542	2534.44
334.771	2684.44
334.999	1711.44
335.227	1168.44
335.455	980.44
335.684	852.44
335.912	828.44
336.14	765.44
336.369	743.44
336.597	724.44
336.825	702.44
337.053	685.44
337.281	715.44
337.51	661.44
337.738	657.44
337.966	664.44
338.194	673.44
338.422	601.44
338.65	624.44
338.878	594.44
339.106	616.44
339.334	589.44
339.562	600.44
339.79	585.44
340.018	573.44
340.246	595.44
340.474	609.44
340.702	582.44
340.93	578.44
341.158	554.44
341.386	588.44
341.614	582.44
341.842	566.44
342.07	569.44
342.298	564.44
342.526	573.44
342.754	562.44
342.981	549.44
343.209	548.44
343.437	585.44
343.665	598.44
343.893	640.44
344.12	620.44
344.348	628.44
344.576	601.44
344.804	582.44
345.031	592.44
345.259	585.44
345.487	602.44
345.714	573.44
345.942	552.44
346.17	562.44
346.397	568.44
346.625	560.44
346.853	578.44
347.08	553.44
347.308	576.44
347.535	558.44
347.763	596.44
347.99	578.44
348.218	588.44
348.445	580.44
348.673	576.44
348.9	566.44
349.128	542.44
349.355	537.44
349.583	540.44
349.81	553.44
350.037	538.44
350.265	560.44
350.492	557.44
350.72	544.44
350.947	534.44
351.174	570.44
351.402	572.44
351.629	548.44
351.856	551.44
352.083	569.44
352.311	578.44
352.538	570.44
352.765	578.44
352.992	564.44
353.22	562.44
353.447	552.44
353.674	558.44
353.901	536.44
354.128	513.44
354.355	528.44
354.583	546.44
354.81	537.44
355.037	540.44
355.264	531.44
355.491	531.44
355.718	532.44
355.945	537.44
356.172	540.44
356.399	548.44
356.626	544.44
356.853	538.44
357.08	534.44
357.307	533.44
357.534	527.44
357.761	519.44
357.988	534.44
358.215	527.44
358.441	538.44
358.668	521.44
358.895	542.44
359.122	548.44
359.349	545.44
359.576	576.44
359.802	579.44
360.029	607.44
360.256	593.44
360.483	573.44
360.709	581.44
360.936	570.44
361.163	560.44
361.39	574.44
361.616	572.44
361.843	574.44
362.07	557.44
362.296	576.44
362.523	572.44
362.749	566.44
362.976	545.44
363.203	571.44
363.429	553.44
363.656	567.44
363.882	561.44
364.109	559.44
364.335	553.44
364.562	565.44
364.788	543.44
365.015	559.44
365.241	542.44
365.468	563.44
365.694	538.44
365.92	558.44
366.147	544.44
366.373	576.44
366.599	542.44
366.826	583.44
367.052	578.44
367.278	550.44
367.505	542.44
367.731	574.44
367.957	562.44
368.184	560.44
368.41	585.44
368.636	606.44
368.862	579.44
369.089	600.44
369.315	575.44
369.541	590.44
369.767	594.44
369.993	564.44
370.219	577.44
370.445	561.44
370.672	569.44
370.898	560.44
371.124	578.44
371.35	606.44
371.576	583.44
371.802	570.44
372.028	593.44
372.254	574.44
372.48	575.44
372.706	593.44
372.932	581.44
373.158	609.44
373.384	596.44
373.61	585.44
373.835	596.44
374.061	586.44
374.287	617.44
374.513	620.44
374.739	591.44
374.965	632.44
375.191	654.44
375.416	622.44
375.642	621.44
375.868	616.44
376.094	599.44
376.319	612.44
376.545	592.44
376.771	590.44
376.997	592.44
377.222	592.44
377.448	591.44
377.674	583.44
377.899	592.44
378.125	590.44
378.35	586.44
378.576	572.44
378.802	571.44
379.027	554.44
379.253	575.44
379.478	570.44
379.704	598.44
379.929	585.44
380.155	574.44
380.38	583.44
380.606	592.44
380.831	569.44
381.057	578.44
381.282	578.44
381.507	571.44
381.733	577.44
381.958	596.44
382.184	601.44
382.409	579.44
382.634	615.44
382.86	587.44
383.085	602.44
383.31	619.44
383.535	615.44
383.761	640.44
383.986	626.44
384.211	628.44
384.436	648.44
384.662	646.44
384.887	651.44
385.112	686.44
385.337	654.44
385.562	669.44
385.787	655.44
386.013	683.44
386.238	685.44
386.463	651.44
386.688	656.44
386.913	674.44
387.138	650.44
387.363	646.44
387.588	646.44
387.813	645.44
388.038	665.44
388.263	668.44
388.488	629.44
388.713	646.44
388.938	661.44
389.163	664.44
389.387	664.44
389.612	668.44
389.837	645.44
390.062	649.44
390.287	671.44
390.512	644.44
390.736	657.44
390.961	681.44
391.186	680.44
391.411	705.44
391.636	694.44
391.86	717.44
392.085	724.44
392.31	719.44
392.534	702.44
392.759	696.44
392.984	714.44
393.208	700.44
393.433	708.44
393.658	695.44
393.882	676.44
394.107	699.44
394.331	724.44
394.556	731.44
394.78	721.44
395.005	708.44
395.229	709.44
395.454	730.44
395.678	736.44
395.903	744.44
396.127	756.44
396.352	720.44
396.576	717.44
396.801	722.44
397.025	706.44
397.249	722.44
397.474	738.44
397.698	750.44
397.922	780.44
398.147	778.44
398.371	800.44
398.595	788.44
398.82	803.44
399.044	864.44
399.268	890.44
399.492	1022.44
399.717	1127.44
399.941	1133.44
400.165	1063.44
400.389	1026.44
400.613	918.44
400.837	858.44
401.062	837.44
401.286	839.44
401.51	832.44
401.734	824.44
401.958	865.44
402.182	840.44
402.406	890.44
402.63	905.44
402.854	872.44
403.078	902.44
403.302	914.44
403.526	937.44
403.75	964.44
403.974	961.44
404.198	983.44
404.422	992.44
404.645	1022.44
404.869	1038.44
405.093	1112.44
405.317	1196.44
405.541	1230.44
405.765	1111.44
405.988	1028.44
406.212	1021.44
406.436	1043.44
406.66	1012.44
406.883	1009.44
407.107	1084.44
407.331	1126.44
407.555	1164.44
407.778	1129.44
408.002	1072.44
408.226	1025.44
408.449	982.44
408.673	983.44
408.896	994.44
409.12	1030.44
409.344	997.44
409.567	976.44
409.791	972.44
410.014	963.44
410.238	962.44
410.461	927.44
410.685	972.44
410.908	961.44
411.132	961.44
411.355	962.44
411.578	968.44
411.802	951.44
412.025	974.44
412.249	1029.44
412.472	1110.44
412.695	1216.44
412.919	1163.44
413.142	1084.44
413.365	1026.44
413.589	1038.44
413.812	947.44
414.035	940.44
414.258	934.44
414.482	924.44
414.705	908.44
414.928	903.44
415.151	900.44
415.374	878.44
415.597	882.44
415.821	878.44
416.044	871.44
416.267	884.44
416.49	879.44
416.713	866.44
416.936	884.44
417.159	896.44
417.382	892.44
417.605	921.44
417.828	944.44
418.051	917.44
418.274	906.44
418.497	910.44
418.72	928.44
418.943	919.44
419.166	957.44
419.389	1016.44
419.611	1024.44
419.834	1001.44
420.057	1068.44
420.28	1068.44
420.503	1101.44
420.726	1056.44
420.948	1020.44
421.171	1035.44
421.394	1015.44
421.617	964.44
421.839	908.44
422.062	950.44
422.285	946.44
422.507	978.44
422.73	1033.44
422.953	1000.44
423.175	962.44
423.398	972.44
423.621	950.44
423.843	964.44
424.066	960.44
424.288	935.44
424.511	957.44
424.733	1023.44
424.956	1074.44
425.178	1030.44
425.401	1029.44
425.623	1055.44
425.846	932.44
426.068	915.44
426.291	935.44
426.513	888.44
426.735	928.44
426.958	962.44
427.18	1001.44
427.402	1162.44
427.625	1235.44
427.847	1223.44
428.069	1190.44
428.292	1062.44
428.514	941.44
428.736	880.44
428.958	878.44
429.181	861.44
429.403	863.44
429.625	868.44
429.847	888.44
430.069	946.44
430.292	926.44
430.514	861.44
430.736	862.44
430.958	829.44
431.18	825.44
431.402	794.44
431.624	803.44
431.846	834.44
432.068	828.44
432.29	827.44
432.512	814.44
432.734	827.44
432.956	845.44
433.178	849.44
433.4	856.44
433.622	837.44
433.844	841.44
434.066	830.44
434.287	831.44
434.509	865.44
434.731	877.44
434.953	908.44
435.175	921.44
435.397	901.44
435.618	890.44
435.84	914.44
436.062	1028.44
436.284	1032.44
436.505	954.44
436.727	902.44
436.949	856.44
437.17	848.44
437.392	860.44
437.614	825.44
437.835	879.44
438.057	955.44
438.278	1043.44
438.5	1035.44
438.721	1097.44
438.943	1053.44
439.165	906.44
439.386	876.44
439.608	860.44
439.829	896.44
440.05	938.44
440.272	959.44
440.493	953.44
440.715	893.44
440.936	905.44
441.158	888.44
441.379	879.44
441.6	915.44
441.822	952.44
442.043	999.44
442.264	1031.44
442.486	1043.44
442.707	976.44
442.928	944.44
443.149	976.44
443.371	974.44
443.592	1013.44
443.813	1098.44
444.034	1152.44
444.255	1037.44
444.476	974.44
444.698	1016.44
444.919	1046.44
445.14	1118.44
445.361	1057.44
445.582	970.44
445.803	1024.44
446.024	1105.44
446.245	1093.44
446.466	1032.44
446.687	900.44
446.908	902.44
447.129	864.44
447.35	869.44
447.571	842.44
447.792	833.44
448.013	846.44
448.234	862.44
448.455	902.44
448.675	1006.44
448.896	1065.44
449.117	932.44
449.338	952.44
449.559	1061.44
449.779	1151.44
450	925.44
450.221	871.44
450.442	806.44
450.662	826.44
450.883	836.44
451.104	845.44
451.324	858.44
451.545	845.44
451.766	796.44
451.986	816.44
452.207	770.44
452.428	761.44
452.648	771.44
452.869	800.44
453.089	764.44
453.31	788.44
453.53	760.44
453.751	761.44
453.971	766.44
454.192	790.44
454.412	764.44
454.633	757.44
454.853	744.44
455.073	728.44
455.294	788.44
455.514	810.44
455.734	805.44
455.955	743.44
456.175	743.44
456.395	736.44
456.616	705.44
456.836	751.44
457.056	718.44
457.276	722.44
457.497	705.44
457.717	722.44
457.937	764.44
458.157	744.44
458.377	750.44
458.598	754.44
458.818	846.44
459.038	925.44
459.258	958.44
459.478	872.44
459.698	835.44
459.918	857.44
460.138	879.44
460.358	884.44
460.578	880.44
460.798	896.44
461.018	912.44
461.238	905.44
461.458	904.44
461.678	901.44
461.898	890.44
462.118	919.44
462.338	935.44
462.558	964.44
462.777	1001.44
462.997	1069.44
463.217	1123.44
463.437	1139.44
463.657	1056.44
463.876	1055.44
464.096	1034.44
464.316	1032.44
464.536	1028.44
464.755	1017.44
464.975	986.44
465.195	1024.44
465.414	1102.44
465.634	956.44
465.854	890.44
466.073	881.44
466.293	840.44
466.512	826.44
466.732	829.44
466.951	826.44
467.171	835.44
467.391	846.44
467.61	867.44
467.829	882.44
468.049	1051.44
468.268	1395.44
468.488	1144.44
468.707	954.44
468.927	893.44
469.146	862.44
469.365	849.44
469.585	829.44
469.804	870.44
470.023	898.44
470.243	888.44
470.462	877.44
470.681	900.44
470.901	906.44
471.12	887.44
471.339	850.44
471.558	890.44
471.777	946.44
471.997	988.44
472.216	1348.44
472.435	2516.44
472.654	2042.44
472.873	1338.44
473.092	1143.44
473.311	1049.44
473.53	982.44
473.749	932.44
473.968	981.44
474.187	1011.44
474.406	979.44
474.625	921.44
474.844	879.44
475.063	852.44
475.282	866.44
475.501	872.44
475.72	859.44
475.939	861.44
476.158	903.44
476.377	864.44
476.596	872.44
476.814	857.44
477.033	897.44
477.252	906.44
477.471	887.44
477.69	916.44
477.908	905.44
478.127	983.44
478.346	983.44
478.564	959.44
478.783	961.44
479.002	1022.44
479.22	1002.44
479.439	1048.44
479.658	1074.44
479.876	1061.44
480.095	1104.44
480.313	1174.44
480.532	1212.44
480.751	1300.44
480.969	1630.44
481.188	3301.44
481.406	4366.44
481.624	2440.44
481.843	1748.44
482.061	1463.44
482.28	1322.44
482.498	1256.44
482.717	1178.44
482.935	1143.44
483.153	1103.44
483.372	1101.44
483.59	1074.44
483.808	1080.44
484.027	1065.44
484.245	1064.44
484.463	1073.44
484.681	1061.44
484.9	1058.44
485.118	1103.44
485.336	1068.44
485.554	1071.44
485.772	1079.44
485.99	1087.44
486.209	1086.44
486.427	1057.44
486.645	1106.44
486.863	1126.44
487.081	1104.44
487.299	1099.44
487.517	1075.44
487.735	1104.44
487.953	1112.44
488.171	1110.44
488.389	1112.44
488.607	1075.44
488.825	1074.44
489.043	1073.44
489.261	1099.44
489.479	1123.44
489.696	1129.44
489.914	1118.44
490.132	1166.44
490.35	1153.44
490.568	1193.44
490.786	1214.44
491.003	1250.44
491.221	1314.44
491.439	1367.44
491.657	1400.44
491.874	1404.44
492.092	1434.44
492.31	1468.44
492.527	1491.44
492.745	1493.44
492.963	1502.44
493.18	1483.44
493.398	1460.44
493.615	1436.44
493.833	1428.44
494.05	1393.44
494.268	1380.44
494.485	1346.44
494.703	1337.44
494.92	1326.44
495.138	1320.44
495.355	1283.44
495.573	1263.44
495.79	1277.44
496.008	1299.44
496.225	1241.44
496.442	1241.44
496.66	1253.44
496.877	1236.44
497.094	1272.44
497.312	1280.44
497.529	1288.44
497.746	1290.44
497.963	1293.44
498.181	1350.44
498.398	1322.44
498.615	1390.44
498.832	1438.44
499.049	1514.44
499.267	1577.44
499.484	1634.44
499.701	1772.44
499.918	1932.44
500.135	2108.44
500.352	2296.44
500.569	2419.44
500.786	2482.44
501.003	2334.44
501.22	2121.44
501.437	1934.44
501.654	1786.44
501.871	1641.44
502.088	1556.44
502.305	1446.44
502.522	1389.44
502.739	1332.44
502.956	1308.44
503.172	1265.44
503.389	1251.44
503.606	1238.44
503.823	1200.44
504.04	1196.44
504.256	1174.44
504.473	1214.44
504.69	1188.44
504.907	1183.44
505.123	1161.44
505.34	1123.44
505.557	1080.44
505.773	1098.44
505.99	1072.44
506.207	1040.44
506.423	1038.44
506.64	1030.44
506.856	1030.44
507.073	983.44
507.289	1004.44
507.506	1017.44
507.722	1031.44
507.939	1039.44
508.155	1023.44
508.372	995.44
508.588	965.44
508.805	976.44
509.021	958.44
509.238	976.44
509.454	945.44
509.67	943.44
509.887	963.44
510.103	962.44
510.319	996.44
510.536	1176.44
510.752	2141.44
510.968	1553.44
511.184	1050.44
511.401	999.44
511.617	1019.44
511.833	1070.44
512.049	1126.44
512.265	1081.44
512.481	1053.44
512.698	986.44
512.914	984.44
513.13	992.44
513.346	958.44
513.562	946.44
513.778	974.44
513.994	967.44
514.21	989.44
514.426	1007.44
514.642	1090.44
514.858	1119.44
515.074	1162.44
515.29	1360.44
515.506	2057.44
515.721	1623.44
515.937	1156.44
516.153	1058.44
516.369	1042.44
516.585	1015.44
516.801	1041.44
517.016	1070.44
517.232	1081.44
517.448	1082.44
517.664	1126.44
517.879	1130.44
518.095	1122.44
518.311	1123.44
518.527	1095.44
518.742	1049.44
518.958	1010.44
519.173	1005.44
519.389	1001.44
519.605	991.44
519.82	965.44
520.036	992.44
520.251	1001.44
520.467	1011.44
520.682	1018.44
520.898	1013.44
521.113	1050.44
521.329	1125.44
521.544	1233.44
521.76	1557.44
521.975	2663.44
522.19	2439.44
522.406	1352.44
522.621	1057.44
522.836	959.44
523.052	937.44
523.267	894.44
523.482	893.44
523.698	872.44
523.913	871.44
524.128	838.44
524.343	859.44
524.559	848.44
524.774	844.44
524.989	842.44
525.204	844.44
525.419	837.44
525.634	836.44
525.849	801.44
526.064	804.44
526.28	798.44
526.495	799.44
526.71	824.44
526.925	799.44
527.14	787.44
527.355	795.44
527.57	796.44
527.785	771.44
527.999	768.44
528.214	776.44
528.429	778.44
528.644	801.44
528.859	824.44
529.074	813.44
529.289	824.44
529.503	920.44
529.718	891.44
529.933	805.44
530.148	794.44
530.363	823.44
530.577	758.44
530.792	779.44
531.007	760.44
531.221	794.44
531.436	806.44
531.651	784.44
531.865	775.44
532.08	757.44
532.295	754.44
532.509	752.44
532.724	770.44
532.938	766.44
533.153	749.44
533.367	763.44
533.582	769.44
533.796	769.44
534.011	751.44
534.225	749.44
534.44	727.44
534.654	768.44
534.868	752.44
535.083	746.44
535.297	733.44
535.511	733.44
535.726	778.44
535.94	776.44
536.154	743.44
536.369	719.44
536.583	714.44
536.797	708.44
537.011	676.44
537.225	707.44
537.44	712.44
537.654	718.44
537.868	710.44
538.082	711.44
538.296	705.44
538.51	682.44
538.724	723.44
538.938	712.44
539.153	713.44
539.367	715.44
539.581	706.44
539.795	693.44
540.009	690.44
540.222	672.44
540.436	702.44
540.65	688.44
540.864	700.44
541.078	705.44
541.292	735.44
541.506	718.44
541.72	727.44
541.934	722.44
542.147	729.44
542.361	695.44
542.575	688.44
542.789	713.44
543.002	663.44
543.216	678.44
543.43	686.44
543.644	681.44
543.857	675.44
544.071	712.44
544.285	688.44
544.498	657.44
544.712	701.44
544.925	695.44
545.139	706.44
545.352	701.44
545.566	693.44
545.779	711.44
545.993	704.44
546.206	706.44
546.42	709.44
546.633	709.44
546.847	712.44
547.06	684.44
547.274	699.44
547.487	685.44
547.7	691.44
547.914	697.44
548.127	696.44
548.34	705.44
548.554	667.44
548.767	696.44
548.98	703.44
549.193	693.44
549.407	720.44
549.62	695.44
549.833	690.44
550.046	704.44
550.259	676.44
550.473	680.44
550.686	680.44
550.899	682.44
551.112	642.44
551.325	671.44
551.538	659.44
551.751	665.44
551.964	653.44
552.177	657.44
552.39	663.44
552.603	680.44
552.816	721.44
553.029	733.44
553.242	746.44
553.455	733.44
553.667	739.44
553.88	748.44
554.093	737.44
554.306	720.44
554.519	704.44
554.732	694.44
554.944	692.44
555.157	669.44
555.37	679.44
555.583	632.44
555.795	644.44
556.008	629.44
556.221	634.44
556.433	648.44
556.646	624.44
556.859	645.44
557.071	611.44
557.284	627.44
557.496	617.44
557.709	615.44
557.921	612.44
558.134	610.44
558.346	582.44
558.559	603.44
558.771	607.44
558.984	599.44
559.196	588.44
559.409	580.44
559.621	584.44
559.833	597.44
560.046	591.44
560.258	588.44
560.47	592.44
560.683	587.44
560.895	576.44
561.107	579.44
561.32	602.44
561.532	600.44
561.744	580.44
561.956	571.44
562.168	576.44
562.381	576.44
562.593	586.44
562.805	584.44
563.017	566.44
563.229	566.44
563.441	565.44
563.653	562.44
563.865	578.44
564.077	573.44
564.289	570.44
564.501	580.44
564.713	577.44
564.925	602.44
565.137	630.44
565.349	608.44
565.561	605.44
565.773	632.44
565.985	644.44
566.197	685.44
566.408	712.44
566.62	735.44
566.832	788.44
567.044	816.44
567.255	791.44
567.467	820.44
567.679	829.44
567.891	885.44
568.102	891.44
568.314	847.44
568.526	765.44
568.737	720.44
568.949	669.44
569.161	656.44
569.372	592.44
569.584	600.44
569.795	573.44
570.007	580.44
570.218	631.44
570.43	617.44
570.641	530.44
570.853	532.44
571.064	541.44
571.276	553.44
571.487	536.44
571.698	533.44
571.91	512.44
572.121	494.44
572.333	488.44
572.544	495.44
572.755	468.44
572.966	473.44
573.178	484.44
573.389	477.44
573.6	466.44
573.811	469.44
574.023	453.44
574.234	466.44
574.445	450.44
574.656	471.44
574.867	478.44
575.078	448.44
575.289	465.44
575.501	450.44
575.712	444.44
575.923	454.44
576.134	453.44
576.345	438.44
576.556	424.44
576.767	434.44
576.978	445.44
577.188	444.44
577.399	459.44
577.61	444.44
577.821	444.44
578.032	437.44
578.243	492.44
578.454	798.44
578.665	564.44
578.875	447.44
579.086	422.44
579.297	432.44
579.508	419.44
579.718	404.44
579.929	425.44
580.14	417.44
580.35	406.44
580.561	393.44
580.772	397.44
580.982	407.44
581.193	398.44
581.403	409.44
581.614	423.44
581.825	436.44
582.035	416.44
582.246	403.44
582.456	401.44
582.667	394.44
582.877	400.44
583.087	398.44
583.298	395.44
583.508	384.44
583.719	388.44
583.929	385.44
584.139	392.44
584.35	377.44
584.56	389.44
584.77	383.44
584.981	386.44
585.191	393.44
585.401	395.44
585.611	384.44
585.821	390.44
586.032	372.44
586.242	398.44
586.452	393.44
586.662	379.44
586.872	383.44
587.082	379.44
587.292	355.44
587.502	384.44
587.713	390.44
587.923	380.44
588.133	369.44
588.343	380.44
588.553	357.44
588.762	369.44
588.972	382.44
589.182	364.44
589.392	378.44
589.602	401.44
589.812	403.44
590.022	390.44
590.232	390.44
590.441	377.44
590.651	374.44
590.861	384.44
591.071	403.44
591.281	388.44
591.49	398.44
591.7	382.44
591.91	397.44
592.119	390.44
592.329	407.44
592.539	391.44
592.748	416.44
592.958	435.44
593.167	448.44
593.377	434.44
593.587	449.44
593.796	441.44
594.006	445.44
594.215	448.44
594.424	457.44
594.634	444.44
594.843	410.44
595.053	417.44
595.262	410.44
595.472	409.44
595.681	390.44
595.89	387.44
596.1	356.44
596.309	365.44
596.518	380.44
596.727	357.44
596.937	353.44
597.146	354.44
597.355	332.44
597.564	354.44
597.774	350.44
597.983	357.44
598.192	341.44
598.401	347.44
598.61	352.44
598.819	319.44
599.028	330.44
599.237	330.44
599.446	317.44
599.655	338.44
599.864	313.44
600.073	333.44
600.282	334.44
600.491	345.44
600.7	329.44
600.909	339.44
601.118	334.44
601.327	337.44
601.536	335.44
601.745	329.44
601.953	336.44
602.162	324.44
602.371	354.44
602.58	323.44
602.789	334.44
602.997	332.44
603.206	337.44
603.415	339.44
603.623	333.44
603.832	334.44
604.041	321.44
604.249	331.44
604.458	325.44
604.666	336.44
604.875	318.44
605.084	326.44
605.292	327.44
605.501	318.44
605.709	334.44
605.918	321.44
606.126	320.44
606.334	325.44
606.543	332.44
606.751	316.44
606.96	308.44
607.168	330.44
607.376	320.44
607.585	334.44
607.793	307.44
608.001	317.44
608.21	326.44
608.418	318.44
608.626	318.44
608.834	320.44
609.043	303.44
609.251	336.44
609.459	330.44
609.667	328.44
609.875	321.44
610.083	320.44
610.291	321.44
610.499	325.44
610.707	317.44
610.916	327.44
611.124	308.44
611.332	325.44
611.54	321.44
611.748	321.44
611.955	300.44
612.163	295.44
612.371	308.44
612.579	310.44
612.787	308.44
612.995	316.44
613.203	329.44
613.411	323.44
613.618	292.44
613.826	320.44
614.034	295.44
614.242	301.44
614.449	304.44
614.657	293.44
614.865	307.44
615.072	318.44
615.28	294.44
615.488	296.44
615.695	304.44
615.903	309.44
616.111	295.44
616.318	316.44
616.526	289.44
616.733	313.44
616.941	310.44
617.148	314.44
617.356	311.44
617.563	298.44
617.771	311.44
617.978	296.44
618.185	296.44
618.393	302.44
618.6	300.44
618.807	297.44
619.015	306.44
619.222	283.44
619.429	310.44
619.637	280.44
619.844	279.44
620.051	306.44
620.258	294.44
620.466	284.44
620.673	268.44
620.88	274.44
621.087	261.44
621.294	254.44
621.501	277.44
621.708	274.44
621.915	266.44
622.122	275.44
622.329	286.44
622.536	266.44
622.743	277.44
622.95	292.44
623.157	273.44
623.364	275.44
623.571	269.44
623.778	258.44
623.985	268.44
624.192	270.44
624.399	272.44
624.606	276.44
624.812	265.44
625.019	240.44
625.226	267.44
625.433	278.44
625.639	248.44
625.846	272.44
626.053	272.44
626.259	261.44
626.466	241.44
626.673	242.44
626.879	243.44
627.086	231.44
627.293	244.44
627.499	275.44
627.706	236.44
627.912	238.44
628.119	263.44
628.325	233.44
628.532	253.44
628.738	250.44
628.945	230.44
629.151	234.44
629.357	250.44
629.564	239.44
629.77	240.44
629.976	233.44
630.183	232.44
630.389	248.44
630.595	231.44
630.802	232.44
631.008	235.44
631.214	248.44
631.42	240.44
631.627	214.44
631.833	231.44
632.039	233.44
632.245	228.44
632.451	237.44
632.657	226.44
632.863	224.44
633.069	237.44
633.275	238.44
633.481	215.44
633.688	217.44
633.893	230.44
634.099	222.44
634.305	219.44
634.511	229.44
634.717	214.44
634.923	217.44
635.129	238.44
635.335	208.44
635.541	236.44
635.747	254.44
635.952	254.44
636.158	264.44
636.364	337.44
636.57	377.44
636.775	307.44
636.981	284.44
637.187	262.44
637.392	268.44
637.598	253.44
637.804	234.44
638.009	227.44
638.215	232.44
638.421	220.44
638.626	231.44
638.832	243.44
639.037	204.44
639.243	211.44
639.448	219.44
639.654	219.44
639.859	213.44
640.065	221.44
640.27	217.44
640.475	214.44
640.681	216.44
640.886	213.44
641.091	213.44
641.297	199.44
641.502	193.44
641.707	205.44
641.913	210.44
642.118	203.44
642.323	217.44
642.528	214.44
642.733	210.44
642.939	203.44
643.144	198.44
643.349	188.44
643.554	196.44
643.759	201.44
643.964	205.44
644.169	186.44
644.374	208.44
644.579	186.44
644.784	198.44
644.989	197.44
645.194	193.44
645.399	200.44
645.604	201.44
645.809	189.44
646.014	198.44
646.219	202.44
646.423	205.44
646.628	203.44
646.833	185.44
647.038	215.44
647.243	188.44
647.447	190.44
647.652	204.44
647.857	202.44
648.062	202.44
648.266	202.44
648.471	208.44
648.676	186.44
648.88	202.44
649.085	195.44
649.289	217.44
649.494	199.44
649.698	217.44
649.903	222.44
650.107	197.44
650.312	180.44
650.516	196.44
650.721	185.44
650.925	177.44
651.13	185.44
651.334	175.44
651.539	180.44
651.743	165.44
651.947	173.44
652.152	175.44
652.356	175.44
652.56	178.44
652.764	165.44
652.969	167.44
653.173	164.44
653.377	160.44
653.581	149.44
653.785	163.44
653.99	146.44
654.194	162.44
654.398	153.44
654.602	154.44
654.806	159.44
655.01	155.44
655.214	152.44
655.418	143.44
655.622	163.44
655.826	151.44
656.03	144.44
656.234	169.44
656.438	162.44
656.642	147.44
656.846	160.44
657.049	137.44
657.253	157.44
657.457	146.44
657.661	128.44
657.865	115.44
658.068	119.44
658.272	129.44
658.476	131.44
658.68	122.44
658.883	114.44
659.087	111.44
659.291	112.44
659.494	115.44
659.698	90.44
659.901	113.44
660.105	119.44
660.309	109.44
660.512	107.44
660.716	99.44
660.919	95.44
661.123	99.44
661.326	99.44
661.53	96.44
661.733	99.44
661.936	89.44
662.14	84.44
662.343	85.44
662.546	80.44
662.75	76.44
662.953	87.44
663.156	81.44
663.36	94.44
663.563	88.44
663.766	104.44
663.969	82.44
664.173	70.44
664.376	91.44
664.579	90.44
664.782	90.44
664.985	71.44
665.188	77.44
665.391	78.44
665.594	77.44
665.797	80.44
666	72.44
666.203	93.44
666.406	73.44
666.609	80.44
666.812	90.44
667.015	85.44
667.218	81.44
667.421	86.44
667.624	86.44
667.827	92.44
668.03	80.44
668.232	77.44
668.435	83.44
668.638	85.44
668.841	84.44
669.043	76.44
669.246	84.44
669.449	81.44
669.651	78.44
669.854	80.44
670.057	80.44
670.259	74.44
670.462	92.44
670.665	91.44
670.867	92.44
671.07	78.44
671.272	79.44
671.475	85.44
671.677	83.44
671.88	78.44
672.082	67.44
672.284	89.44
672.487	82.44
672.689	98.44
672.892	76.44
