223.165	-16.38
223.4	-16.38
223.635	-16.38
223.869	-28.38
224.104	-23.38
224.338	2.62
224.573	-17.38
224.808	-6.38
225.042	-7.38
225.277	-11.38
225.511	2.62
225.746	5.62
225.98	0.62
226.215	4.62
226.449	18.62
226.683	20.62
226.918	22.62
227.152	32.62
227.387	47.62
227.621	39.62
227.856	54.62
228.09	44.62
228.324	43.62
228.559	48.62
228.793	77.62
229.027	118.62
229.262	124.62
229.496	121.62
229.73	139.62
229.964	171.62
230.199	152.62
230.433	126.62
230.667	134.62
230.901	140.62
231.136	128.62
231.37	129.62
231.604	123.62
231.838	132.62
232.072	136.62
232.306	131.62
232.541	138.62
232.775	140.62
233.009	136.62
233.243	124.62
233.477	132.62
233.711	130.62
233.945	136.62
234.179	145.62
234.413	146.62
234.647	142.62
234.881	144.62
235.115	140.62
235.349	146.62
235.583	128.62
235.817	144.62
236.051	148.62
236.285	143.62
236.519	166.62
236.753	149.62
236.987	163.62
237.221	200.62
237.455	211.62
237.689	177.62
237.922	179.62
238.156	152.62
238.39	156.62
238.624	152.62
238.858	147.62
239.091	147.62
239.325	149.62
239.559	165.62
239.793	181.62
240.027	166.62
240.26	156.62
240.494	189.62
240.728	175.62
240.961	176.62
241.195	179.62
241.429	180.62
241.662	184.62
241.896	166.62
242.13	164.62
242.363	183.62
242.597	191.62
242.83	189.62
243.064	193.62
243.298	192.62
243.531	177.62
243.765	199.62
243.998	192.62
244.232	191.62
244.465	192.62
244.699	202.62
244.932	202.62
245.166	209.62
245.399	197.62
245.633	200.62
245.866	200.62
246.099	196.62
246.333	198.62
246.566	212.62
246.8	217.62
247.033	225.62
247.266	192.62
247.5	204.62
247.733	227.62
247.966	208.62
248.2	213.62
248.433	233.62
248.666	211.62
248.899	256.62
249.133	253.62
249.366	260.62
249.599	252.62
249.832	267.62
250.066	280.62
250.299	319.62
250.532	401.62
250.765	438.62
250.998	376.62
251.231	356.62
251.465	306.62
251.698	304.62
251.931	300.62
252.164	295.62
252.397	278.62
252.63	292.62
252.863	280.62
253.096	281.62
253.329	304.62
253.562	272.62
253.795	296.62
254.028	277.62
254.261	281.62
254.494	272.62
254.727	305.62
254.96	328.62
255.193	338.62
255.426	336.62
255.659	366.62
255.892	464.62
256.124	634.62
256.357	650.62
256.59	523.62
256.823	446.62
257.056	402.62
257.289	352.62
257.521	352.62
257.754	334.62
257.987	340.62
258.22	316.62
258.452	321.62
258.685	317.62
258.918	293.62
259.151	293.62
259.383	296.62
259.616	281.62
259.849	310.62
260.081	318.62
260.314	318.62
260.547	318.62
260.779	320.62
261.012	285.62
261.244	317.62
261.477	306.62
261.71	298.62
261.942	296.62
262.175	306.62
262.407	297.62
262.64	289.62
262.872	284.62
263.105	285.62
263.337	308.62
263.57	277.62
263.802	272.62
264.035	304.62
264.267	287.62
264.499	276.62
264.732	302.62
264.964	291.62
265.197	285.62
265.429	304.62
265.661	291.62
265.894	287.62
266.126	298.62
266.358	297.62
266.591	293.62
266.823	302.62
267.055	291.62
267.287	298.62
267.52	298.62
267.752	300.62
267.984	294.62
268.216	292.62
268.448	303.62
268.681	327.62
268.913	321.62
269.145	341.62
269.377	335.62
269.609	336.62
269.841	313.62
270.073	310.62
270.306	334.62
270.538	342.62
270.77	343.62
271.002	339.62
271.234	339.62
271.466	345.62
271.698	366.62
271.93	338.62
272.162	365.62
272.394	357.62
272.626	357.62
272.858	340.62
273.09	352.62
273.322	334.62
273.553	351.62
273.785	321.62
274.017	354.62
274.249	334.62
274.481	337.62
274.713	335.62
274.945	365.62
275.176	375.62
275.408	348.62
275.64	358.62
275.872	369.62
276.104	374.62
276.335	379.62
276.567	374.62
276.799	389.62
277.031	415.62
277.262	440.62
277.494	434.62
277.726	407.62
277.957	408.62
278.189	400.62
278.421	359.62
278.652	377.62
278.884	393.62
279.115	391.62
279.347	370.62
279.579	397.62
279.81	400.62
280.042	418.62
280.273	439.62
280.505	462.62
280.736	417.62
280.968	407.62
281.199	380.62
281.431	388.62
281.662	381.62
281.894	394.62
282.125	393.62
282.356	402.62
282.588	436.62
282.819	421.62
283.051	387.62
283.282	368.62
283.513	384.62
283.745	370.62
283.976	382.62
284.207	379.62
284.439	382.62
284.67	362.62
284.901	374.62
285.132	376.62
285.364	376.62
285.595	393.62
285.826	391.62
286.057	398.62
286.288	390.62
286.52	394.62
286.751	384.62
286.982	394.62
287.213	391.62
287.444	400.62
287.675	388.62
287.906	386.62
288.138	395.62
288.369	390.62
288.6	395.62
288.831	389.62
289.062	397.62
289.293	407.62
289.524	391.62
289.755	377.62
289.986	405.62
290.217	385.62
290.448	408.62
290.679	402.62
290.91	377.62
291.141	377.62
291.371	392.62
291.602	409.62
291.833	386.62
292.064	397.62
292.295	378.62
292.526	403.62
292.757	386.62
292.987	384.62
293.218	381.62
293.449	366.62
293.68	370.62
293.91	397.62
294.141	388.62
294.372	376.62
294.603	395.62
294.833	397.62
295.064	383.62
295.295	386.62
295.525	415.62
295.756	400.62
295.987	405.62
296.217	423.62
296.448	428.62
296.679	408.62
296.909	424.62
297.14	403.62
297.37	396.62
297.601	403.62
297.831	392.62
298.062	414.62
298.292	425.62
298.523	408.62
298.753	422.62
298.984	420.62
299.214	409.62
299.445	407.62
299.675	436.62
299.905	428.62
300.136	419.62
300.366	414.62
300.597	440.62
300.827	442.62
301.057	454.62
301.288	454.62
301.518	449.62
301.748	442.62
301.979	435.62
302.209	425.62
302.439	449.62
302.669	449.62
302.9	428.62
303.13	471.62
303.36	460.62
303.59	417.62
303.82	463.62
304.051	480.62
304.281	455.62
304.511	438.62
304.741	439.62
304.971	455.62
305.201	439.62
305.431	438.62
305.661	423.62
305.891	438.62
306.121	435.62
306.352	432.62
306.582	469.62
306.812	467.62
307.042	463.62
307.272	453.62
307.502	480.62
307.731	514.62
307.961	484.62
308.191	460.62
308.421	462.62
308.651	456.62
308.881	432.62
309.111	480.62
309.341	449.62
309.571	457.62
309.8	483.62
310.03	471.62
310.26	499.62
310.49	487.62
310.72	492.62
310.949	503.62
311.179	517.62
311.409	499.62
311.639	507.62
311.868	478.62
312.098	500.62
312.328	498.62
312.557	522.62
312.787	513.62
313.017	517.62
313.246	499.62
313.476	505.62
313.706	471.62
313.935	524.62
314.165	532.62
314.394	530.62
314.624	532.62
314.853	521.62
315.083	494.62
315.312	520.62
315.542	506.62
315.771	494.62
316.001	485.62
316.23	507.62
316.46	517.62
316.689	521.62
316.919	496.62
317.148	513.62
317.377	512.62
317.607	520.62
317.836	518.62
318.065	523.62
318.295	497.62
318.524	500.62
318.753	509.62
318.983	512.62
319.212	524.62
319.441	515.62
319.67	541.62
319.9	530.62
320.129	535.62
320.358	522.62
320.587	545.62
320.816	518.62
321.046	536.62
321.275	543.62
321.504	545.62
321.733	562.62
321.962	570.62
322.191	567.62
322.42	594.62
322.649	586.62
322.878	618.62
323.108	648.62
323.337	656.62
323.566	693.62
323.795	715.62
324.024	774.62
324.253	941.62
324.482	1276.62
324.71	1871.62
324.939	2664.62
325.168	2115.62
325.397	1212.62
325.626	934.62
325.855	797.62
326.084	779.62
326.313	756.62
326.542	766.62
326.77	853.62
326.999	944.62
327.228	1278.62
327.457	1857.62
327.686	2160.62
327.914	1563.62
328.143	1353.62
328.372	1431.62
328.6	1294.62
328.829	1045.62
329.058	983.62
329.287	1028.62
329.515	1030.62
329.744	1135.62
329.972	1386.62
330.201	1780.62
330.43	2232.62
330.658	1833.62
330.887	1291.62
331.115	1082.62
331.344	950.62
331.572	909.62
331.801	880.62
332.03	895.62
332.258	888.62
332.486	858.62
332.715	861.62
332.943	892.62
333.172	937.62
333.4	1001.62
333.629	1106.62
333.857	1300.62
334.085	1549.62
334.314	1998.62
334.542	2723.62
334.771	2878.62
334.999	1861.62
335.227	1305.62
335.455	1030.62
335.684	926.62
335.912	888.62
336.14	844.62
336.369	836.62
336.597	803.62
336.825	758.62
337.053	744.62
337.281	742.62
337.51	722.62
337.738	699.62
337.966	698.62
338.194	700.62
338.422	694.62
338.65	632.62
338.878	668.62
339.106	656.62
339.334	676.62
339.562	655.62
339.79	631.62
340.018	646.62
340.246	634.62
340.474	632.62
340.702	611.62
340.93	625.62
341.158	624.62
341.386	613.62
341.614	622.62
341.842	622.62
342.07	633.62
342.298	595.62
342.526	615.62
342.754	570.62
342.981	600.62
343.209	603.62
343.437	621.62
343.665	615.62
343.893	657.62
344.12	691.62
344.348	640.62
344.576	660.62
344.804	642.62
345.031	631.62
345.259	624.62
345.487	624.62
345.714	609.62
345.942	620.62
346.17	591.62
346.397	577.62
346.625	592.62
346.853	582.62
347.08	559.62
347.308	572.62
347.535	631.62
347.763	609.62
347.99	629.62
348.218	601.62
348.445	615.62
348.673	591.62
348.9	605.62
349.128	600.62
349.355	586.62
349.583	580.62
349.81	575.62
350.037	585.62
350.265	567.62
350.492	592.62
350.72	580.62
350.947	578.62
351.174	584.62
351.402	604.62
351.629	582.62
351.856	599.62
352.083	604.62
352.311	608.62
352.538	607.62
352.765	605.62
352.992	595.62
353.22	592.62
353.447	593.62
353.674	576.62
353.901	594.62
354.128	549.62
354.355	584.62
354.583	583.62
354.81	561.62
355.037	565.62
355.264	582.62
355.491	573.62
355.718	560.62
355.945	570.62
356.172	572.62
356.399	558.62
356.626	573.62
356.853	568.62
357.08	570.62
357.307	570.62
357.534	566.62
357.761	569.62
357.988	595.62
358.215	580.62
358.441	580.62
358.668	586.62
358.895	579.62
359.122	579.62
359.349	593.62
359.576	602.62
359.802	614.62
360.029	630.62
360.256	640.62
360.483	614.62
360.709	590.62
360.936	597.62
361.163	602.62
361.39	605.62
361.616	592.62
361.843	607.62
362.07	595.62
362.296	606.62
362.523	603.62
362.749	604.62
362.976	596.62
363.203	586.62
363.429	601.62
363.656	600.62
363.882	608.62
364.109	592.62
364.335	601.62
364.562	592.62
364.788	596.62
365.015	596.62
365.241	585.62
365.468	610.62
365.694	599.62
365.92	592.62
366.147	605.62
366.373	592.62
366.599	577.62
366.826	595.62
367.052	594.62
367.278	605.62
367.505	587.62
367.731	620.62
367.957	628.62
368.184	611.62
368.41	626.62
368.636	615.62
368.862	601.62
369.089	616.62
369.315	578.62
369.541	625.62
369.767	615.62
369.993	617.62
370.219	621.62
370.445	644.62
370.672	626.62
370.898	617.62
371.124	612.62
371.35	629.62
371.576	606.62
371.802	611.62
372.028	626.62
372.254	612.62
372.48	632.62
372.706	607.62
372.932	634.62
373.158	634.62
373.384	629.62
373.61	604.62
373.835	644.62
374.061	626.62
374.287	650.62
374.513	629.62
374.739	676.62
374.965	654.62
375.191	658.62
375.416	661.62
375.642	627.62
375.868	646.62
376.094	631.62
376.319	631.62
376.545	624.62
376.771	633.62
376.997	624.62
377.222	638.62
377.448	617.62
377.674	613.62
377.899	622.62
378.125	612.62
378.35	612.62
378.576	625.62
378.802	604.62
379.027	599.62
379.253	604.62
379.478	628.62
379.704	612.62
379.929	619.62
380.155	624.62
380.38	625.62
380.606	628.62
380.831	644.62
381.057	628.62
381.282	629.62
381.507	624.62
381.733	627.62
381.958	658.62
382.184	634.62
382.409	641.62
382.634	632.62
382.86	668.62
383.085	673.62
383.31	650.62
383.535	657.62
383.761	660.62
383.986	663.62
384.211	706.62
384.436	706.62
384.662	688.62
384.887	679.62
385.112	698.62
385.337	696.62
385.562	726.62
385.787	717.62
386.013	774.62
386.238	711.62
386.463	714.62
386.688	708.62
386.913	710.62
387.138	708.62
387.363	719.62
387.588	691.62
387.813	694.62
388.038	697.62
388.263	706.62
388.488	718.62
388.713	711.62
388.938	697.62
389.163	712.62
389.387	714.62
389.612	689.62
389.837	676.62
390.062	688.62
390.287	714.62
390.512	702.62
390.736	715.62
390.961	741.62
391.186	727.62
391.411	736.62
391.636	756.62
391.86	776.62
392.085	776.62
392.31	791.62
392.534	751.62
392.759	737.62
392.984	753.62
393.208	744.62
393.433	752.62
393.658	753.62
393.882	733.62
394.107	757.62
394.331	742.62
394.556	749.62
394.78	750.62
395.005	741.62
395.229	776.62
395.454	768.62
395.678	817.62
395.903	771.62
396.127	795.62
396.352	794.62
396.576	788.62
396.801	779.62
397.025	756.62
397.249	772.62
397.474	808.62
397.698	793.62
397.922	837.62
398.147	804.62
398.371	849.62
398.595	844.62
398.82	847.62
399.044	906.62
399.268	964.62
399.492	1100.62
399.717	1201.62
399.941	1212.62
400.165	1117.62
400.389	1041.62
400.613	958.62
400.837	950.62
401.062	896.62
401.286	892.62
401.51	872.62
401.734	890.62
401.958	925.62
402.182	907.62
402.406	949.62
402.63	963.62
402.854	937.62
403.078	972.62
403.302	966.62
403.526	1017.62
403.75	1038.62
403.974	1044.62
404.198	1044.62
404.422	1058.62
404.645	1071.62
404.869	1112.62
405.093	1147.62
405.317	1212.62
405.541	1241.62
405.765	1143.62
405.988	1091.62
406.212	1074.62
406.436	1083.62
406.66	1120.62
406.883	1027.62
407.107	1093.62
407.331	1162.62
407.555	1234.62
407.778	1240.62
408.002	1129.62
408.226	1092.62
408.449	1091.62
408.673	1033.62
408.896	1064.62
409.12	1115.62
409.344	1058.62
409.567	1028.62
409.791	1009.62
410.014	1023.62
410.238	986.62
410.461	1031.62
410.685	1011.62
410.908	988.62
411.132	1034.62
411.355	1020.62
411.578	1040.62
411.802	1013.62
412.025	1054.62
412.249	1089.62
412.472	1172.62
412.695	1246.62
412.919	1208.62
413.142	1145.62
413.365	1078.62
413.589	1049.62
413.812	1009.62
414.035	980.62
414.258	966.62
414.482	965.62
414.705	983.62
414.928	966.62
415.151	974.62
415.374	979.62
415.597	958.62
415.821	923.62
416.044	955.62
416.267	927.62
416.49	918.62
416.713	957.62
416.936	957.62
417.159	932.62
417.382	950.62
417.605	980.62
417.828	984.62
418.051	1022.62
418.274	991.62
418.497	934.62
418.72	955.62
418.943	965.62
419.166	1021.62
419.389	1081.62
419.611	1092.62
419.834	1060.62
420.057	1091.62
420.28	1147.62
420.503	1156.62
420.726	1115.62
420.948	1106.62
421.171	1084.62
421.394	1089.62
421.617	975.62
421.839	985.62
422.062	995.62
422.285	980.62
422.507	1058.62
422.73	1087.62
422.953	1081.62
423.175	1023.62
423.398	1029.62
423.621	1000.62
423.843	1048.62
424.066	1011.62
424.288	1025.62
424.511	1010.62
424.733	1043.62
424.956	1112.62
425.178	1090.62
425.401	1086.62
425.623	1087.62
425.846	1004.62
426.068	968.62
426.291	958.62
426.513	974.62
426.735	979.62
426.958	994.62
427.18	1066.62
427.402	1209.62
427.625	1295.62
427.847	1258.62
428.069	1256.62
428.292	1133.62
428.514	1039.62
428.736	991.62
428.958	953.62
429.181	919.62
429.403	918.62
429.625	909.62
429.847	928.62
430.069	982.62
430.292	955.62
430.514	910.62
430.736	868.62
430.958	869.62
431.18	888.62
431.402	882.62
431.624	907.62
431.846	878.62
432.068	854.62
432.29	884.62
432.512	863.62
432.734	892.62
432.956	862.62
433.178	888.62
433.4	886.62
433.622	894.62
433.844	912.62
434.066	918.62
434.287	940.62
434.509	927.62
434.731	903.62
434.953	976.62
435.175	935.62
435.397	969.62
435.618	944.62
435.84	981.62
436.062	1064.62
436.284	1078.62
436.505	982.62
436.727	917.62
436.949	908.62
437.17	904.62
437.392	914.62
437.614	912.62
437.835	928.62
438.057	1027.62
438.278	1098.62
438.5	1103.62
438.721	1186.62
438.943	1103.62
439.165	959.62
439.386	952.62
439.608	937.62
439.829	936.62
440.05	992.62
440.272	1049.62
440.493	994.62
440.715	965.62
440.936	934.62
441.158	937.62
441.379	949.62
441.6	1012.62
441.822	1014.62
442.043	1036.62
442.264	1106.62
442.486	1107.62
442.707	1031.62
442.928	1011.62
443.149	1005.62
443.371	1000.62
443.592	1057.62
443.813	1137.62
444.034	1202.62
444.255	1064.62
444.476	1078.62
444.698	1089.62
444.919	1101.62
445.14	1218.62
445.361	1084.62
445.582	1062.62
445.803	1094.62
446.024	1146.62
446.245	1146.62
446.466	1061.62
446.687	973.62
446.908	944.62
447.129	924.62
447.35	911.62
447.571	898.62
447.792	884.62
448.013	884.62
448.234	886.62
448.455	918.62
448.675	1050.62
448.896	1128.62
449.117	1001.62
449.338	989.62
449.559	1085.62
449.779	1186.62
450	994.62
450.221	895.62
450.442	901.62
450.662	864.62
450.883	900.62
451.104	942.62
451.324	903.62
451.545	869.62
451.766	849.62
451.986	855.62
452.207	836.62
452.428	808.62
452.648	822.62
452.869	825.62
453.089	822.62
453.31	845.62
453.53	798.62
453.751	835.62
453.971	821.62
454.192	850.62
454.412	821.62
454.633	807.62
454.853	782.62
455.073	786.62
455.294	826.62
455.514	847.62
455.734	828.62
455.955	788.62
456.175	764.62
456.395	766.62
456.616	769.62
456.836	751.62
457.056	785.62
457.276	779.62
457.497	802.62
457.717	784.62
457.937	754.62
458.157	788.62
458.377	796.62
458.598	826.62
458.818	915.62
459.038	1013.62
459.258	990.62
459.478	922.62
459.698	926.62
459.918	926.62
460.138	915.62
460.358	964.62
460.578	976.62
460.798	944.62
461.018	968.62
461.238	946.62
461.458	937.62
461.678	944.62
461.898	974.62
462.118	962.62
462.338	1016.62
462.558	1024.62
462.777	1046.62
462.997	1152.62
463.217	1205.62
463.437	1183.62
463.657	1115.62
463.876	1106.62
464.096	1064.62
464.316	1086.62
464.536	1096.62
464.755	1060.62
464.975	1063.62
465.195	1078.62
465.414	1132.62
465.634	1026.62
465.854	955.62
466.073	916.62
466.293	920.62
466.512	884.62
466.732	867.62
466.951	884.62
467.171	890.62
467.391	893.62
467.61	909.62
467.829	960.62
468.049	1132.62
468.268	1472.62
468.488	1202.62
468.707	1040.62
468.927	977.62
469.146	923.62
469.365	911.62
469.585	911.62
469.804	928.62
470.023	946.62
470.243	922.62
470.462	957.62
470.681	988.62
470.901	978.62
471.12	966.62
471.339	960.62
471.558	969.62
471.777	1018.62
471.997	1064.62
472.216	1479.62
472.435	2709.62
472.654	2236.62
472.873	1483.62
473.092	1219.62
473.311	1101.62
473.53	1040.62
473.749	1025.62
473.968	1042.62
474.187	1070.62
474.406	1050.62
474.625	974.62
474.844	956.62
475.063	944.62
475.282	927.62
475.501	924.62
475.72	935.62
475.939	929.62
476.158	957.62
476.377	953.62
476.596	933.62
476.814	936.62
477.033	967.62
477.252	976.62
477.471	950.62
477.69	972.62
477.908	989.62
478.127	995.62
478.346	1000.62
478.564	1050.62
478.783	1031.62
479.002	1097.62
479.22	1074.62
479.439	1090.62
479.658	1142.62
479.876	1129.62
480.095	1160.62
480.313	1253.62
480.532	1257.62
480.751	1385.62
480.969	1779.62
481.188	3565.62
481.406	4667.62
481.624	2629.62
481.843	1912.62
482.061	1606.62
482.28	1429.62
482.498	1356.62
482.717	1268.62
482.935	1258.62
483.153	1241.62
483.372	1215.62
483.59	1186.62
483.808	1154.62
484.027	1156.62
484.245	1144.62
484.463	1142.62
484.681	1129.62
484.9	1144.62
485.118	1156.62
485.336	1137.62
485.554	1126.62
485.772	1150.62
485.99	1122.62
486.209	1156.62
486.427	1155.62
486.645	1161.62
486.863	1173.62
487.081	1198.62
487.299	1144.62
487.517	1136.62
487.735	1154.62
487.953	1182.62
488.171	1141.62
488.389	1172.62
488.607	1157.62
488.825	1185.62
489.043	1159.62
489.261	1155.62
489.479	1181.62
489.696	1230.62
489.914	1241.62
490.132	1213.62
490.35	1262.62
490.568	1280.62
490.786	1305.62
491.003	1352.62
491.221	1373.62
491.439	1464.62
491.657	1475.62
491.874	1489.62
492.092	1505.62
492.31	1544.62
492.527	1574.62
492.745	1595.62
492.963	1619.62
493.18	1560.62
493.398	1600.62
493.615	1566.62
493.833	1516.62
494.05	1476.62
494.268	1523.62
494.485	1438.62
494.703	1409.62
494.92	1404.62
495.138	1407.62
495.355	1409.62
495.573	1353.62
495.79	1345.62
496.008	1366.62
496.225	1326.62
496.442	1344.62
496.66	1325.62
496.877	1329.62
497.094	1329.62
497.312	1328.62
497.529	1352.62
497.746	1362.62
497.963	1385.62
498.181	1395.62
498.398	1438.62
498.615	1454.62
498.832	1522.62
499.049	1591.62
499.267	1681.62
499.484	1740.62
499.701	1886.62
499.918	2006.62
500.135	2241.62
500.352	2507.62
500.569	2572.62
500.786	2679.62
501.003	2443.62
501.22	2239.62
501.437	2038.62
501.654	1859.62
501.871	1724.62
502.088	1652.62
502.305	1550.62
502.522	1468.62
502.739	1454.62
502.956	1412.62
503.172	1324.62
503.389	1302.62
503.606	1280.62
503.823	1273.62
504.04	1301.62
504.256	1276.62
504.473	1273.62
504.69	1288.62
504.907	1265.62
505.123	1235.62
505.34	1191.62
505.557	1148.62
505.773	1146.62
505.99	1103.62
506.207	1108.62
506.423	1109.62
506.64	1107.62
506.856	1081.62
507.073	1091.62
507.289	1057.62
507.506	1090.62
507.722	1073.62
507.939	1116.62
508.155	1086.62
508.372	1048.62
508.588	1051.62
508.805	1026.62
509.021	997.62
509.238	1039.62
509.454	1004.62
509.67	1007.62
509.887	1023.62
510.103	1046.62
510.319	1068.62
510.536	1208.62
510.752	2134.62
510.968	1608.62
511.184	1096.62
511.401	1069.62
511.617	1034.62
511.833	1127.62
512.049	1208.62
512.265	1143.62
512.481	1086.62
512.698	1068.62
512.914	1028.62
513.13	1023.62
513.346	1021.62
513.562	1021.62
513.778	1028.62
513.994	1058.62
514.21	1062.62
514.426	1055.62
514.642	1137.62
514.858	1156.62
515.074	1217.62
515.29	1405.62
515.506	2018.62
515.721	1625.62
515.937	1214.62
516.153	1144.62
516.369	1100.62
516.585	1132.62
516.801	1099.62
517.016	1122.62
517.232	1146.62
517.448	1172.62
517.664	1183.62
517.879	1208.62
518.095	1164.62
518.311	1164.62
518.527	1140.62
518.742	1115.62
518.958	1092.62
519.173	1059.62
519.389	1060.62
519.605	1016.62
519.82	1027.62
520.036	1055.62
520.251	1038.62
520.467	1080.62
520.682	1072.62
520.898	1066.62
521.113	1128.62
521.329	1159.62
521.544	1296.62
521.76	1582.62
521.975	2581.62
522.19	2424.62
522.406	1370.62
522.621	1110.62
522.836	1017.62
523.052	981.62
523.267	972.62
523.482	927.62
523.698	920.62
523.913	921.62
524.128	935.62
524.343	888.62
524.559	907.62
524.774	906.62
524.989	898.62
525.204	891.62
525.419	909.62
525.634	870.62
525.849	886.62
526.064	853.62
526.28	846.62
526.495	855.62
526.71	845.62
526.925	846.62
527.14	824.62
527.355	821.62
527.57	854.62
527.785	838.62
527.999	827.62
528.214	824.62
528.429	855.62
528.644	843.62
528.859	854.62
529.074	895.62
529.289	882.62
529.503	974.62
529.718	963.62
529.933	860.62
530.148	846.62
530.363	847.62
530.577	839.62
530.792	811.62
531.007	802.62
531.221	821.62
531.436	818.62
531.651	820.62
531.865	820.62
532.08	823.62
532.295	807.62
532.509	806.62
532.724	809.62
532.938	820.62
533.153	798.62
533.367	812.62
533.582	804.62
533.796	789.62
534.011	812.62
534.225	804.62
534.44	796.62
534.654	764.62
534.868	770.62
535.083	790.62
535.297	794.62
535.511	826.62
535.726	782.62
535.94	794.62
536.154	787.62
536.369	780.62
536.583	774.62
536.797	738.62
537.011	736.62
537.225	758.62
537.44	733.62
537.654	745.62
537.868	751.62
538.082	741.62
538.296	760.62
538.51	750.62
538.724	763.62
538.938	750.62
539.153	770.62
539.367	766.62
539.581	762.62
539.795	726.62
540.009	748.62
540.222	732.62
540.436	765.62
540.65	768.62
540.864	733.62
541.078	729.62
541.292	743.62
541.506	737.62
541.72	766.62
541.934	772.62
542.147	756.62
542.361	765.62
542.575	754.62
542.789	733.62
543.002	744.62
543.216	731.62
543.43	753.62
543.644	740.62
543.857	711.62
544.071	732.62
544.285	756.62
544.498	733.62
544.712	760.62
544.925	727.62
545.139	736.62
545.352	754.62
545.566	753.62
545.779	756.62
545.993	733.62
546.206	770.62
546.42	761.62
546.633	740.62
546.847	736.62
547.06	741.62
547.274	748.62
547.487	745.62
547.7	746.62
547.914	734.62
548.127	751.62
548.34	736.62
548.554	736.62
548.767	738.62
548.98	762.62
549.193	764.62
549.407	764.62
549.62	775.62
549.833	729.62
550.046	744.62
550.259	714.62
550.473	740.62
550.686	713.62
550.899	733.62
551.112	733.62
551.325	702.62
551.538	728.62
551.751	719.62
551.964	710.62
552.177	691.62
552.39	725.62
552.603	740.62
552.816	734.62
553.029	751.62
553.242	783.62
553.455	778.62
553.667	780.62
553.88	790.62
554.093	748.62
554.306	751.62
554.519	772.62
554.732	733.62
554.944	712.62
555.157	708.62
555.37	699.62
555.583	694.62
555.795	699.62
556.008	684.62
556.221	681.62
556.433	648.62
556.646	656.62
556.859	639.62
557.071	672.62
557.284	635.62
557.496	634.62
557.709	640.62
557.921	621.62
558.134	624.62
558.346	629.62
558.559	662.62
558.771	626.62
558.984	640.62
559.196	615.62
559.409	620.62
559.621	623.62
559.833	597.62
560.046	626.62
560.258	610.62
560.47	638.62
560.683	644.62
560.895	625.62
561.107	602.62
561.32	629.62
561.532	614.62
561.744	621.62
561.956	630.62
562.168	629.62
562.381	615.62
562.593	605.62
562.805	604.62
563.017	606.62
563.229	595.62
563.441	617.62
563.653	622.62
563.865	584.62
564.077	612.62
564.289	610.62
564.501	607.62
564.713	638.62
564.925	640.62
565.137	659.62
565.349	654.62
565.561	657.62
565.773	692.62
565.985	695.62
566.197	712.62
566.408	739.62
566.62	792.62
566.832	872.62
567.044	832.62
567.255	832.62
567.467	847.62
567.679	831.62
567.891	935.62
568.102	949.62
568.314	892.62
568.526	853.62
568.737	769.62
568.949	719.62
569.161	687.62
569.372	641.62
569.584	621.62
569.795	601.62
570.007	609.62
570.218	665.62
570.43	648.62
570.641	584.62
570.853	567.62
571.064	581.62
571.276	585.62
571.487	582.62
571.698	570.62
571.91	553.62
572.121	544.62
572.333	524.62
572.544	521.62
572.755	524.62
572.966	517.62
573.178	497.62
573.389	502.62
573.6	492.62
573.811	511.62
574.023	471.62
574.234	484.62
574.445	484.62
574.656	487.62
574.867	475.62
575.078	492.62
575.289	492.62
575.501	517.62
575.712	477.62
575.923	466.62
576.134	475.62
576.345	473.62
576.556	459.62
576.767	465.62
576.978	488.62
577.188	452.62
577.399	459.62
577.61	454.62
577.821	456.62
578.032	478.62
578.243	507.62
578.454	784.62
578.665	572.62
578.875	471.62
579.086	461.62
579.297	452.62
579.508	453.62
579.718	432.62
579.929	463.62
580.14	453.62
580.35	447.62
580.561	429.62
580.772	447.62
580.982	419.62
581.193	420.62
581.403	428.62
581.614	441.62
581.825	412.62
582.035	420.62
582.246	424.62
582.456	421.62
582.667	416.62
582.877	410.62
583.087	420.62
583.298	418.62
583.508	420.62
583.719	408.62
583.929	416.62
584.139	406.62
584.35	410.62
584.56	389.62
584.77	416.62
584.981	413.62
585.191	404.62
585.401	407.62
585.611	420.62
585.821	406.62
586.032	406.62
586.242	383.62
586.452	389.62
586.662	400.62
586.872	386.62
587.082	393.62
587.292	411.62
587.502	409.62
587.713	407.62
587.923	393.62
588.133	388.62
588.343	409.62
588.553	398.62
588.762	401.62
588.972	418.62
589.182	413.62
589.392	409.62
589.602	436.62
589.812	412.62
590.022	399.62
590.232	404.62
590.441	395.62
590.651	390.62
590.861	397.62
591.071	393.62
591.281	382.62
591.49	425.62
591.7	402.62
591.91	421.62
592.119	412.62
592.329	422.62
592.539	407.62
592.748	458.62
592.958	440.62
593.167	449.62
593.377	470.62
593.587	465.62
593.796	448.62
594.006	464.62
594.215	460.62
594.424	474.62
594.634	450.62
594.843	452.62
595.053	435.62
595.262	410.62
595.472	406.62
595.681	410.62
595.89	397.62
596.1	392.62
596.309	392.62
596.518	377.62
596.727	375.62
596.937	387.62
597.146	375.62
597.355	369.62
597.564	361.62
597.774	351.62
597.983	364.62
598.192	368.62
598.401	362.62
598.61	351.62
598.819	343.62
599.028	361.62
599.237	353.62
599.446	353.62
599.655	360.62
599.864	354.62
600.073	338.62
600.282	353.62
600.491	353.62
600.7	354.62
600.909	356.62
601.118	350.62
601.327	351.62
601.536	350.62
601.745	350.62
601.953	365.62
602.162	368.62
602.371	362.62
602.58	364.62
602.789	351.62
602.997	346.62
603.206	339.62
603.415	342.62
603.623	371.62
603.832	343.62
604.041	345.62
604.249	333.62
604.458	339.62
604.666	343.62
604.875	342.62
605.084	352.62
605.292	352.62
605.501	347.62
605.709	338.62
605.918	351.62
606.126	359.62
606.334	348.62
606.543	344.62
606.751	340.62
606.96	336.62
607.168	350.62
607.376	337.62
607.585	327.62
607.793	325.62
608.001	329.62
608.21	320.62
608.418	325.62
608.626	335.62
608.834	334.62
609.043	346.62
609.251	343.62
609.459	324.62
609.667	338.62
609.875	333.62
610.083	338.62
610.291	326.62
610.499	352.62
610.707	343.62
610.916	332.62
611.124	335.62
611.332	338.62
611.54	328.62
611.748	314.62
611.955	322.62
612.163	313.62
612.371	338.62
612.579	310.62
612.787	314.62
612.995	323.62
613.203	337.62
613.411	316.62
613.618	310.62
613.826	320.62
614.034	325.62
614.242	319.62
614.449	316.62
614.657	305.62
614.865	320.62
615.072	319.62
615.28	314.62
615.488	310.62
615.695	327.62
615.903	324.62
616.111	320.62
616.318	327.62
616.526	320.62
616.733	312.62
616.941	312.62
617.148	322.62
617.356	327.62
617.563	316.62
617.771	300.62
617.978	291.62
618.185	308.62
618.393	324.62
618.6	324.62
618.807	309.62
619.015	319.62
619.222	306.62
619.429	308.62
619.637	306.62
619.844	289.62
620.051	288.62
620.258	281.62
620.466	288.62
620.673	278.62
620.88	293.62
621.087	267.62
621.294	294.62
621.501	297.62
621.708	280.62
621.915	293.62
622.122	292.62
622.329	293.62
622.536	287.62
622.743	292.62
622.95	295.62
623.157	296.62
623.364	282.62
623.571	272.62
623.778	266.62
623.985	290.62
624.192	282.62
624.399	274.62
624.606	268.62
624.812	273.62
625.019	273.62
625.226	263.62
625.433	283.62
625.639	272.62
625.846	269.62
626.053	271.62
626.259	275.62
626.466	276.62
626.673	261.62
626.879	248.62
627.086	260.62
627.293	242.62
627.499	258.62
627.706	244.62
627.912	270.62
628.119	260.62
628.325	269.62
628.532	259.62
628.738	257.62
628.945	242.62
629.151	247.62
629.357	252.62
629.564	233.62
629.77	250.62
629.976	252.62
630.183	227.62
630.389	240.62
630.595	250.62
630.802	268.62
631.008	245.62
631.214	252.62
631.42	242.62
631.627	241.62
631.833	234.62
632.039	238.62
632.245	241.62
632.451	231.62
632.657	222.62
632.863	238.62
633.069	232.62
633.275	236.62
633.481	236.62
633.688	254.62
633.893	242.62
634.099	246.62
634.305	240.62
634.511	220.62
634.717	242.62
634.923	247.62
635.129	239.62
635.335	242.62
635.541	256.62
635.747	240.62
635.952	255.62
636.158	276.62
636.364	346.62
636.57	388.62
636.775	355.62
636.981	290.62
637.187	283.62
637.392	260.62
637.598	261.62
637.804	255.62
638.009	266.62
638.215	254.62
638.421	233.62
638.626	237.62
638.832	227.62
639.037	240.62
639.243	231.62
639.448	220.62
639.654	223.62
639.859	210.62
640.065	226.62
640.27	237.62
640.475	225.62
640.681	223.62
640.886	216.62
641.091	222.62
641.297	216.62
641.502	187.62
641.707	222.62
641.913	226.62
642.118	224.62
642.323	217.62
642.528	213.62
642.733	222.62
642.939	196.62
643.144	201.62
643.349	196.62
643.554	213.62
643.759	211.62
643.964	208.62
644.169	218.62
644.374	217.62
644.579	213.62
644.784	213.62
644.989	205.62
645.194	199.62
645.399	222.62
645.604	200.62
645.809	213.62
646.014	212.62
646.219	209.62
646.423	186.62
646.628	202.62
646.833	209.62
647.038	217.62
647.243	222.62
647.447	213.62
647.652	211.62
647.857	225.62
648.062	219.62
648.266	208.62
648.471	222.62
648.676	207.62
648.88	202.62
649.085	217.62
649.289	214.62
649.494	224.62
649.698	215.62
649.903	215.62
650.107	205.62
650.312	196.62
650.516	202.62
650.721	201.62
650.925	176.62
651.13	184.62
651.334	188.62
651.539	178.62
651.743	170.62
651.947	175.62
652.152	184.62
652.356	170.62
652.56	177.62
652.764	184.62
652.969	175.62
653.173	182.62
653.377	168.62
653.581	174.62
653.785	169.62
653.99	156.62
654.194	151.62
654.398	149.62
654.602	160.62
654.806	161.62
655.01	182.62
655.214	176.62
655.418	164.62
655.622	154.62
655.826	161.62
656.03	165.62
656.234	148.62
656.438	172.62
656.642	162.62
656.846	153.62
657.049	147.62
657.253	144.62
657.457	145.62
657.661	142.62
657.865	134.62
658.068	128.62
658.272	126.62
658.476	114.62
658.68	130.62
658.883	116.62
659.087	109.62
659.291	128.62
659.494	109.62
659.698	105.62
659.901	115.62
660.105	99.62
660.309	112.62
660.512	114.62
660.716	98.62
660.919	109.62
661.123	116.62
661.326	102.62
661.53	102.62
661.733	96.62
661.936	111.62
662.14	85.62
662.343	90.62
662.546	95.62
662.75	79.62
662.953	103.62
663.156	85.62
663.36	87.62
663.563	87.62
663.766	89.62
663.969	89.62
664.173	72.62
664.376	80.62
664.579	90.62
664.782	73.62
664.985	82.62
665.188	86.62
665.391	93.62
665.594	81.62
665.797	81.62
666	87.62
666.203	84.62
666.406	72.62
666.609	95.62
666.812	80.62
667.015	89.62
667.218	84.62
667.421	86.62
667.624	92.62
667.827	85.62
668.03	81.62
668.232	86.62
668.435	75.62
668.638	95.62
668.841	92.62
669.043	77.62
669.246	95.62
669.449	89.62
669.651	94.62
669.854	83.62
670.057	91.62
670.259	86.62
670.462	82.62
670.665	77.62
670.867	82.62
671.07	92.62
671.272	92.62
671.475	81.62
671.677	81.62
671.88	81.62
672.082	83.62
672.284	75.62
672.487	91.62
672.689	73.62
672.892	100.62
