223.165	-31.81
223.4	-31.81
223.635	-31.81
223.869	-10.81
224.104	-16.81
224.338	-7.81
224.573	-3.81
224.808	2.19
225.042	-11.81
225.277	-15.81
225.511	-4.81
225.746	-8.81
225.98	6.19
226.215	7.19
226.449	28.19
226.683	27.19
226.918	16.19
227.152	25.19
227.387	38.19
227.621	48.19
227.856	45.19
228.09	47.19
228.324	52.19
228.559	37.19
228.793	74.19
229.027	110.19
229.262	129.19
229.496	139.19
229.73	130.19
229.964	169.19
230.199	136.19
230.433	141.19
230.667	142.19
230.901	139.19
231.136	115.19
231.37	146.19
231.604	130.19
231.838	127.19
232.072	138.19
232.306	129.19
232.541	123.19
232.775	121.19
233.009	121.19
233.243	130.19
233.477	126.19
233.711	140.19
233.945	133.19
234.179	145.19
234.413	139.19
234.647	141.19
234.881	130.19
235.115	139.19
235.349	128.19
235.583	132.19
235.817	147.19
236.051	146.19
236.285	142.19
236.519	131.19
236.753	159.19
236.987	172.19
237.221	182.19
237.455	223.19
237.689	165.19
237.922	159.19
238.156	154.19
238.39	159.19
238.624	147.19
238.858	161.19
239.091	150.19
239.325	153.19
239.559	159.19
239.793	163.19
240.027	150.19
240.26	161.19
240.494	161.19
240.728	174.19
240.961	173.19
241.195	157.19
241.429	169.19
241.662	169.19
241.896	170.19
242.13	163.19
242.363	177.19
242.597	175.19
242.83	170.19
243.064	188.19
243.298	195.19
243.531	183.19
243.765	181.19
243.998	187.19
244.232	185.19
244.465	188.19
244.699	183.19
244.932	186.19
245.166	183.19
245.399	181.19
245.633	191.19
245.866	199.19
246.099	203.19
246.333	210.19
246.566	190.19
246.8	202.19
247.033	193.19
247.266	203.19
247.5	198.19
247.733	193.19
247.966	205.19
248.2	219.19
248.433	212.19
248.666	235.19
248.899	238.19
249.133	228.19
249.366	268.19
249.599	255.19
249.832	259.19
250.066	267.19
250.299	310.19
250.532	373.19
250.765	403.19
250.998	368.19
251.231	341.19
251.465	292.19
251.698	276.19
251.931	276.19
252.164	268.19
252.397	268.19
252.63	281.19
252.863	277.19
253.096	284.19
253.329	263.19
253.562	281.19
253.795	269.19
254.028	292.19
254.261	285.19
254.494	276.19
254.727	284.19
254.96	322.19
255.193	317.19
255.426	323.19
255.659	356.19
255.892	447.19
256.124	614.19
256.357	629.19
256.59	519.19
256.823	414.19
257.056	386.19
257.289	357.19
257.521	354.19
257.754	303.19
257.987	297.19
258.22	310.19
258.452	315.19
258.685	295.19
258.918	300.19
259.151	284.19
259.383	297.19
259.616	285.19
259.849	277.19
260.081	294.19
260.314	293.19
260.547	286.19
260.779	275.19
261.012	299.19
261.244	291.19
261.477	292.19
261.71	295.19
261.942	280.19
262.175	291.19
262.407	285.19
262.64	297.19
262.872	289.19
263.105	283.19
263.337	281.19
263.57	270.19
263.802	286.19
264.035	267.19
264.267	278.19
264.499	275.19
264.732	262.19
264.964	271.19
265.197	295.19
265.429	269.19
265.661	279.19
265.894	283.19
266.126	272.19
266.358	291.19
266.591	285.19
266.823	285.19
267.055	303.19
267.287	276.19
267.52	284.19
267.752	297.19
267.984	299.19
268.216	304.19
268.448	313.19
268.681	296.19
268.913	309.19
269.145	318.19
269.377	309.19
269.609	309.19
269.841	318.19
270.073	305.19
270.306	309.19
270.538	322.19
270.77	358.19
271.002	331.19
271.234	319.19
271.466	344.19
271.698	349.19
271.93	355.19
272.162	322.19
272.394	356.19
272.626	328.19
272.858	340.19
273.09	313.19
273.322	320.19
273.553	320.19
273.785	338.19
274.017	317.19
274.249	343.19
274.481	331.19
274.713	330.19
274.945	352.19
275.176	356.19
275.408	353.19
275.64	355.19
275.872	364.19
276.104	362.19
276.335	365.19
276.567	362.19
276.799	381.19
277.031	390.19
277.262	401.19
277.494	416.19
277.726	378.19
277.957	382.19
278.189	390.19
278.421	374.19
278.652	353.19
278.884	338.19
279.115	361.19
279.347	371.19
279.579	375.19
279.81	370.19
280.042	403.19
280.273	407.19
280.505	409.19
280.736	383.19
280.968	363.19
281.199	392.19
281.431	366.19
281.662	371.19
281.894	352.19
282.125	359.19
282.356	380.19
282.588	409.19
282.819	400.19
283.051	378.19
283.282	368.19
283.513	366.19
283.745	363.19
283.976	342.19
284.207	350.19
284.439	375.19
284.67	358.19
284.901	347.19
285.132	369.19
285.364	376.19
285.595	353.19
285.826	356.19
286.057	373.19
286.288	358.19
286.52	365.19
286.751	379.19
286.982	374.19
287.213	388.19
287.444	382.19
287.675	372.19
287.906	375.19
288.138	384.19
288.369	395.19
288.6	371.19
288.831	370.19
289.062	389.19
289.293	382.19
289.524	382.19
289.755	371.19
289.986	375.19
290.217	387.19
290.448	385.19
290.679	388.19
290.91	374.19
291.141	367.19
291.371	380.19
291.602	363.19
291.833	368.19
292.064	368.19
292.295	359.19
292.526	396.19
292.757	401.19
292.987	383.19
293.218	380.19
293.449	386.19
293.68	381.19
293.91	375.19
294.141	395.19
294.372	365.19
294.603	380.19
294.833	388.19
295.064	395.19
295.295	389.19
295.525	368.19
295.756	387.19
295.987	398.19
296.217	415.19
296.448	430.19
296.679	405.19
296.909	377.19
297.14	385.19
297.37	395.19
297.601	391.19
297.831	397.19
298.062	403.19
298.292	394.19
298.523	404.19
298.753	417.19
298.984	407.19
299.214	392.19
299.445	404.19
299.675	388.19
299.905	403.19
300.136	414.19
300.366	414.19
300.597	402.19
300.827	401.19
301.057	436.19
301.288	438.19
301.518	447.19
301.748	420.19
301.979	420.19
302.209	438.19
302.439	442.19
302.669	435.19
302.9	419.19
303.13	428.19
303.36	427.19
303.59	450.19
303.82	463.19
304.051	451.19
304.281	427.19
304.511	437.19
304.741	425.19
304.971	425.19
305.201	415.19
305.431	411.19
305.661	415.19
305.891	416.19
306.121	431.19
306.352	427.19
306.582	414.19
306.812	412.19
307.042	435.19
307.272	461.19
307.502	473.19
307.731	478.19
307.961	459.19
308.191	435.19
308.421	447.19
308.651	468.19
308.881	430.19
309.111	437.19
309.341	438.19
309.571	452.19
309.8	444.19
310.03	452.19
310.26	449.19
310.49	475.19
310.72	492.19
310.949	494.19
311.179	479.19
311.409	476.19
311.639	477.19
311.868	462.19
312.098	470.19
312.328	481.19
312.557	492.19
312.787	514.19
313.017	490.19
313.246	509.19
313.476	480.19
313.706	486.19
313.935	480.19
314.165	511.19
314.394	495.19
314.624	503.19
314.853	514.19
315.083	483.19
315.312	489.19
315.542	463.19
315.771	503.19
316.001	480.19
316.23	494.19
316.46	475.19
316.689	468.19
316.919	486.19
317.148	502.19
317.377	493.19
317.607	497.19
317.836	493.19
318.065	468.19
318.295	484.19
318.524	470.19
318.753	507.19
318.983	489.19
319.212	491.19
319.441	479.19
319.67	525.19
319.9	511.19
320.129	510.19
320.358	506.19
320.587	511.19
320.816	514.19
321.046	537.19
321.275	540.19
321.504	543.19
321.733	518.19
321.962	550.19
322.191	571.19
322.42	558.19
322.649	593.19
322.878	590.19
323.108	618.19
323.337	647.19
323.566	668.19
323.795	727.19
324.024	765.19
324.253	895.19
324.482	1277.19
324.71	1923.19
324.939	2671.19
325.168	2131.19
325.397	1179.19
325.626	889.19
325.855	769.19
326.084	750.19
326.313	737.19
326.542	747.19
326.77	823.19
326.999	918.19
327.228	1255.19
327.457	1872.19
327.686	2181.19
327.914	1547.19
328.143	1281.19
328.372	1296.19
328.6	1186.19
328.829	992.19
329.058	937.19
329.287	924.19
329.515	959.19
329.744	1041.19
329.972	1281.19
330.201	1659.19
330.43	2038.19
330.658	1670.19
330.887	1211.19
331.115	1029.19
331.344	893.19
331.572	839.19
331.801	837.19
332.03	808.19
332.258	787.19
332.486	791.19
332.715	835.19
332.943	853.19
333.172	892.19
333.4	978.19
333.629	1050.19
333.857	1169.19
334.085	1401.19
334.314	1827.19
334.542	2476.19
334.771	2605.19
334.999	1672.19
335.227	1174.19
335.455	982.19
335.684	867.19
335.912	829.19
336.14	797.19
336.369	746.19
336.597	758.19
336.825	727.19
337.053	742.19
337.281	670.19
337.51	683.19
337.738	690.19
337.966	643.19
338.194	665.19
338.422	663.19
338.65	631.19
338.878	625.19
339.106	608.19
339.334	619.19
339.562	604.19
339.79	607.19
340.018	610.19
340.246	602.19
340.474	600.19
340.702	606.19
340.93	621.19
341.158	598.19
341.386	619.19
341.614	589.19
341.842	589.19
342.07	606.19
342.298	554.19
342.526	581.19
342.754	563.19
342.981	572.19
343.209	577.19
343.437	589.19
343.665	614.19
343.893	651.19
344.12	647.19
344.348	643.19
344.576	602.19
344.804	619.19
345.031	605.19
345.259	620.19
345.487	623.19
345.714	581.19
345.942	548.19
346.17	562.19
346.397	579.19
346.625	572.19
346.853	584.19
347.08	566.19
347.308	592.19
347.535	599.19
347.763	623.19
347.99	591.19
348.218	613.19
348.445	609.19
348.673	591.19
348.9	583.19
349.128	584.19
349.355	581.19
349.583	560.19
349.81	556.19
350.037	548.19
350.265	571.19
350.492	559.19
350.72	569.19
350.947	574.19
351.174	570.19
351.402	587.19
351.629	572.19
351.856	557.19
352.083	582.19
352.311	589.19
352.538	607.19
352.765	599.19
352.992	580.19
353.22	602.19
353.447	577.19
353.674	564.19
353.901	562.19
354.128	558.19
354.355	540.19
354.583	549.19
354.81	574.19
355.037	536.19
355.264	561.19
355.491	546.19
355.718	572.19
355.945	553.19
356.172	563.19
356.399	550.19
356.626	539.19
356.853	565.19
357.08	534.19
357.307	528.19
357.534	525.19
357.761	554.19
357.988	553.19
358.215	528.19
358.441	551.19
358.668	541.19
358.895	572.19
359.122	570.19
359.349	565.19
359.576	593.19
359.802	587.19
360.029	614.19
360.256	643.19
360.483	611.19
360.709	586.19
360.936	594.19
361.163	594.19
361.39	597.19
361.616	590.19
361.843	576.19
362.07	617.19
362.296	589.19
362.523	584.19
362.749	596.19
362.976	570.19
363.203	568.19
363.429	578.19
363.656	575.19
363.882	549.19
364.109	572.19
364.335	575.19
364.562	574.19
364.788	569.19
365.015	557.19
365.241	582.19
365.468	578.19
365.694	559.19
365.92	584.19
366.147	594.19
366.373	579.19
366.599	577.19
366.826	558.19
367.052	579.19
367.278	576.19
367.505	587.19
367.731	585.19
367.957	583.19
368.184	585.19
368.41	605.19
368.636	590.19
368.862	591.19
369.089	576.19
369.315	592.19
369.541	602.19
369.767	585.19
369.993	608.19
370.219	606.19
370.445	592.19
370.672	597.19
370.898	587.19
371.124	609.19
371.35	606.19
371.576	589.19
371.802	597.19
372.028	602.19
372.254	594.19
372.48	583.19
372.706	614.19
372.932	617.19
373.158	619.19
373.384	598.19
373.61	622.19
373.835	611.19
374.061	603.19
374.287	591.19
374.513	610.19
374.739	617.19
374.965	648.19
375.191	654.19
375.416	640.19
375.642	653.19
375.868	639.19
376.094	608.19
376.319	608.19
376.545	605.19
376.771	599.19
376.997	588.19
377.222	614.19
377.448	602.19
377.674	636.19
377.899	579.19
378.125	588.19
378.35	605.19
378.576	585.19
378.802	602.19
379.027	626.19
379.253	587.19
379.478	604.19
379.704	598.19
379.929	612.19
380.155	590.19
380.38	591.19
380.606	598.19
380.831	602.19
381.057	608.19
381.282	611.19
381.507	595.19
381.733	628.19
381.958	621.19
382.184	611.19
382.409	605.19
382.634	615.19
382.86	630.19
383.085	624.19
383.31	625.19
383.535	642.19
383.761	646.19
383.986	624.19
384.211	660.19
384.436	674.19
384.662	690.19
384.887	655.19
385.112	683.19
385.337	697.19
385.562	702.19
385.787	684.19
386.013	702.19
386.238	691.19
386.463	721.19
386.688	692.19
386.913	681.19
387.138	693.19
387.363	682.19
387.588	688.19
387.813	693.19
388.038	704.19
388.263	678.19
388.488	683.19
388.713	677.19
388.938	689.19
389.163	673.19
389.387	660.19
389.612	693.19
389.837	680.19
390.062	667.19
390.287	682.19
390.512	677.19
390.736	707.19
390.961	708.19
391.186	704.19
391.411	716.19
391.636	738.19
391.86	759.19
392.085	747.19
392.31	765.19
392.534	731.19
392.759	743.19
392.984	721.19
393.208	740.19
393.433	736.19
393.658	709.19
393.882	705.19
394.107	691.19
394.331	747.19
394.556	719.19
394.78	761.19
395.005	732.19
395.229	728.19
395.454	739.19
395.678	760.19
395.903	779.19
396.127	790.19
396.352	765.19
396.576	740.19
396.801	757.19
397.025	771.19
397.249	763.19
397.474	775.19
397.698	749.19
397.922	788.19
398.147	773.19
398.371	772.19
398.595	791.19
398.82	851.19
399.044	901.19
399.268	941.19
399.492	1046.19
399.717	1173.19
399.941	1170.19
400.165	1094.19
400.389	1033.19
400.613	949.19
400.837	894.19
401.062	869.19
401.286	850.19
401.51	853.19
401.734	857.19
401.958	890.19
402.182	877.19
402.406	921.19
402.63	910.19
402.854	904.19
403.078	960.19
403.302	948.19
403.526	957.19
403.75	958.19
403.974	985.19
404.198	1001.19
404.422	1028.19
404.645	1027.19
404.869	1068.19
405.093	1117.19
405.317	1199.19
405.541	1241.19
405.765	1133.19
405.988	1078.19
406.212	1030.19
406.436	1046.19
406.66	1083.19
406.883	1037.19
407.107	1062.19
407.331	1151.19
407.555	1195.19
407.778	1158.19
408.002	1127.19
408.226	1054.19
408.449	1023.19
408.673	1018.19
408.896	1031.19
409.12	1090.19
409.344	1049.19
409.567	987.19
409.791	1014.19
410.014	990.19
410.238	967.19
410.461	995.19
410.685	981.19
410.908	1004.19
411.132	1039.19
411.355	991.19
411.578	981.19
411.802	970.19
412.025	974.19
412.249	1052.19
412.472	1147.19
412.695	1229.19
412.919	1180.19
413.142	1131.19
413.365	1077.19
413.589	1014.19
413.812	995.19
414.035	968.19
414.258	935.19
414.482	932.19
414.705	953.19
414.928	917.19
415.151	928.19
415.374	917.19
415.597	865.19
415.821	894.19
416.044	901.19
416.267	916.19
416.49	921.19
416.713	916.19
416.936	893.19
417.159	929.19
417.382	916.19
417.605	976.19
417.828	972.19
418.051	960.19
418.274	958.19
418.497	960.19
418.72	955.19
418.943	926.19
419.166	977.19
419.389	1050.19
419.611	1014.19
419.834	1025.19
420.057	1069.19
420.28	1123.19
420.503	1119.19
420.726	1096.19
420.948	1019.19
421.171	1060.19
421.394	1042.19
421.617	992.19
421.839	975.19
422.062	974.19
422.285	966.19
422.507	1005.19
422.73	1053.19
422.953	1013.19
423.175	1009.19
423.398	978.19
423.621	1005.19
423.843	978.19
424.066	998.19
424.288	1007.19
424.511	982.19
424.733	1042.19
424.956	1097.19
425.178	1059.19
425.401	1100.19
425.623	1095.19
425.846	988.19
426.068	964.19
426.291	947.19
426.513	941.19
426.735	949.19
426.958	957.19
427.18	1023.19
427.402	1189.19
427.625	1312.19
427.847	1243.19
428.069	1235.19
428.292	1120.19
428.514	994.19
428.736	961.19
428.958	912.19
429.181	901.19
429.403	880.19
429.625	883.19
429.847	898.19
430.069	971.19
430.292	951.19
430.514	878.19
430.736	883.19
430.958	893.19
431.18	869.19
431.402	841.19
431.624	837.19
431.846	849.19
432.068	818.19
432.29	876.19
432.512	849.19
432.734	875.19
432.956	855.19
433.178	854.19
433.4	877.19
433.622	881.19
433.844	872.19
434.066	875.19
434.287	863.19
434.509	891.19
434.731	889.19
434.953	929.19
435.175	965.19
435.397	959.19
435.618	926.19
435.84	962.19
436.062	1048.19
436.284	1078.19
436.505	950.19
436.727	917.19
436.949	913.19
437.17	886.19
437.392	876.19
437.614	867.19
437.835	897.19
438.057	1015.19
438.278	1072.19
438.5	1078.19
438.721	1198.19
438.943	1097.19
439.165	950.19
439.386	911.19
439.608	957.19
439.829	897.19
440.05	986.19
440.272	1003.19
440.493	949.19
440.715	945.19
440.936	922.19
441.158	902.19
441.379	934.19
441.6	992.19
441.822	1022.19
442.043	1044.19
442.264	1073.19
442.486	1094.19
442.707	1006.19
442.928	967.19
443.149	1017.19
443.371	1025.19
443.592	1052.19
443.813	1157.19
444.034	1150.19
444.255	1044.19
444.476	1038.19
444.698	1051.19
444.919	1058.19
445.14	1153.19
445.361	1090.19
445.582	1025.19
445.803	1073.19
446.024	1169.19
446.245	1154.19
446.466	1089.19
446.687	955.19
446.908	939.19
447.129	920.19
447.35	892.19
447.571	852.19
447.792	871.19
448.013	847.19
448.234	901.19
448.455	897.19
448.675	1034.19
448.896	1111.19
449.117	997.19
449.338	968.19
449.559	1104.19
449.779	1173.19
450	970.19
450.221	874.19
450.442	844.19
450.662	853.19
450.883	875.19
451.104	911.19
451.324	884.19
451.545	857.19
451.766	835.19
451.986	812.19
452.207	823.19
452.428	816.19
452.648	820.19
452.869	814.19
453.089	814.19
453.31	818.19
453.53	805.19
453.751	776.19
453.971	803.19
454.192	834.19
454.412	795.19
454.633	787.19
454.853	773.19
455.073	751.19
455.294	804.19
455.514	844.19
455.734	812.19
455.955	775.19
456.175	756.19
456.395	740.19
456.616	731.19
456.836	743.19
457.056	742.19
457.276	721.19
457.497	740.19
457.717	761.19
457.937	765.19
458.157	778.19
458.377	762.19
458.598	817.19
458.818	864.19
459.038	973.19
459.258	953.19
459.478	923.19
459.698	888.19
459.918	874.19
460.138	903.19
460.358	932.19
460.578	945.19
460.798	918.19
461.018	962.19
461.238	925.19
461.458	939.19
461.678	919.19
461.898	907.19
462.118	933.19
462.338	983.19
462.558	986.19
462.777	1032.19
462.997	1101.19
463.217	1170.19
463.437	1152.19
463.657	1077.19
463.876	1035.19
464.096	1045.19
464.316	1052.19
464.536	1069.19
464.755	1041.19
464.975	1008.19
465.195	1084.19
465.414	1152.19
465.634	1001.19
465.854	938.19
466.073	902.19
466.293	873.19
466.512	875.19
466.732	842.19
466.951	872.19
467.171	839.19
467.391	873.19
467.61	893.19
467.829	921.19
468.049	1095.19
468.268	1398.19
468.488	1157.19
468.707	957.19
468.927	902.19
469.146	884.19
469.365	876.19
469.585	861.19
469.804	915.19
470.023	926.19
470.243	902.19
470.462	892.19
470.681	921.19
470.901	913.19
471.12	913.19
471.339	925.19
471.558	906.19
471.777	939.19
471.997	1027.19
472.216	1368.19
472.435	2461.19
472.654	1993.19
472.873	1357.19
473.092	1133.19
473.311	1055.19
473.53	996.19
473.749	975.19
473.968	979.19
474.187	1049.19
474.406	1024.19
474.625	925.19
474.844	901.19
475.063	913.19
475.282	873.19
475.501	852.19
475.72	872.19
475.939	897.19
476.158	916.19
476.377	897.19
476.596	901.19
476.814	891.19
477.033	901.19
477.252	915.19
477.471	926.19
477.69	951.19
477.908	955.19
478.127	988.19
478.346	989.19
478.564	1003.19
478.783	1011.19
479.002	1043.19
479.22	1067.19
479.439	1067.19
479.658	1050.19
479.876	1112.19
480.095	1139.19
480.313	1184.19
480.532	1241.19
480.751	1300.19
480.969	1638.19
481.188	3227.19
481.406	4208.19
481.624	2388.19
481.843	1775.19
482.061	1479.19
482.28	1362.19
482.498	1271.19
482.717	1196.19
482.935	1177.19
483.153	1134.19
483.372	1125.19
483.59	1133.19
483.808	1122.19
484.027	1133.19
484.245	1086.19
484.463	1101.19
484.681	1113.19
484.9	1080.19
485.118	1103.19
485.336	1100.19
485.554	1117.19
485.772	1096.19
485.99	1098.19
486.209	1117.19
486.427	1091.19
486.645	1130.19
486.863	1136.19
487.081	1123.19
487.299	1120.19
487.517	1119.19
487.735	1138.19
487.953	1137.19
488.171	1131.19
488.389	1102.19
488.607	1161.19
488.825	1122.19
489.043	1130.19
489.261	1127.19
489.479	1165.19
489.696	1138.19
489.914	1181.19
490.132	1203.19
490.35	1216.19
490.568	1228.19
490.786	1266.19
491.003	1273.19
491.221	1302.19
491.439	1378.19
491.657	1433.19
491.874	1446.19
492.092	1502.19
492.31	1515.19
492.527	1485.19
492.745	1550.19
492.963	1553.19
493.18	1570.19
493.398	1535.19
493.615	1498.19
493.833	1461.19
494.05	1452.19
494.268	1420.19
494.485	1394.19
494.703	1358.19
494.92	1404.19
495.138	1375.19
495.355	1357.19
495.573	1332.19
495.79	1322.19
496.008	1320.19
496.225	1312.19
496.442	1293.19
496.66	1298.19
496.877	1309.19
497.094	1277.19
497.312	1321.19
497.529	1325.19
497.746	1350.19
497.963	1309.19
498.181	1367.19
498.398	1387.19
498.615	1427.19
498.832	1501.19
499.049	1556.19
499.267	1635.19
499.484	1683.19
499.701	1858.19
499.918	1988.19
500.135	2181.19
500.352	2438.19
500.569	2534.19
500.786	2563.19
501.003	2432.19
501.22	2207.19
501.437	2013.19
501.654	1783.19
501.871	1702.19
502.088	1614.19
502.305	1530.19
502.522	1489.19
502.739	1400.19
502.956	1360.19
503.172	1344.19
503.389	1246.19
503.606	1277.19
503.823	1278.19
504.04	1250.19
504.256	1218.19
504.473	1254.19
504.69	1298.19
504.907	1222.19
505.123	1166.19
505.34	1157.19
505.557	1133.19
505.773	1106.19
505.99	1077.19
506.207	1068.19
506.423	1067.19
506.64	1073.19
506.856	1061.19
507.073	1060.19
507.289	1051.19
507.506	1051.19
507.722	1068.19
507.939	1063.19
508.155	1048.19
508.372	1020.19
508.588	1002.19
508.805	1009.19
509.021	1026.19
509.238	994.19
509.454	1008.19
509.67	1005.19
509.887	999.19
510.103	1020.19
510.319	1060.19
510.536	1217.19
510.752	2191.19
510.968	1606.19
511.184	1091.19
511.401	1063.19
511.617	1047.19
511.833	1082.19
512.049	1171.19
512.265	1109.19
512.481	1090.19
512.698	1017.19
512.914	1027.19
513.13	994.19
513.346	1018.19
513.562	1018.19
513.778	986.19
513.994	1027.19
514.21	1033.19
514.426	1074.19
514.642	1111.19
514.858	1121.19
515.074	1174.19
515.29	1457.19
515.506	2072.19
515.721	1648.19
515.937	1161.19
516.153	1115.19
516.369	1075.19
516.585	1070.19
516.801	1073.19
517.016	1106.19
517.232	1115.19
517.448	1159.19
517.664	1143.19
517.879	1187.19
518.095	1148.19
518.311	1139.19
518.527	1149.19
518.742	1115.19
518.958	1085.19
519.173	1056.19
519.389	1034.19
519.605	1017.19
519.82	987.19
520.036	1037.19
520.251	1023.19
520.467	1094.19
520.682	1032.19
520.898	1045.19
521.113	1089.19
521.329	1155.19
521.544	1264.19
521.76	1617.19
521.975	2671.19
522.19	2485.19
522.406	1422.19
522.621	1102.19
522.836	1013.19
523.052	939.19
523.267	913.19
523.482	893.19
523.698	873.19
523.913	908.19
524.128	894.19
524.343	884.19
524.559	882.19
524.774	852.19
524.989	848.19
525.204	880.19
525.419	862.19
525.634	821.19
525.849	855.19
526.064	858.19
526.28	813.19
526.495	798.19
526.71	822.19
526.925	804.19
527.14	838.19
527.355	806.19
527.57	794.19
527.785	809.19
527.999	787.19
528.214	815.19
528.429	807.19
528.644	830.19
528.859	820.19
529.074	838.19
529.289	855.19
529.503	967.19
529.718	920.19
529.933	864.19
530.148	821.19
530.363	814.19
530.577	806.19
530.792	789.19
531.007	799.19
531.221	782.19
531.436	799.19
531.651	765.19
531.865	814.19
532.08	773.19
532.295	772.19
532.509	797.19
532.724	786.19
532.938	809.19
533.153	784.19
533.367	785.19
533.582	773.19
533.796	806.19
534.011	801.19
534.225	766.19
534.44	759.19
534.654	755.19
534.868	764.19
535.083	767.19
535.297	758.19
535.511	764.19
535.726	802.19
535.94	795.19
536.154	768.19
536.369	766.19
536.583	738.19
536.797	740.19
537.011	732.19
537.225	716.19
537.44	710.19
537.654	723.19
537.868	751.19
538.082	732.19
538.296	745.19
538.51	733.19
538.724	725.19
538.938	739.19
539.153	745.19
539.367	746.19
539.581	771.19
539.795	757.19
540.009	721.19
540.222	724.19
540.436	704.19
540.65	725.19
540.864	728.19
541.078	740.19
541.292	718.19
541.506	722.19
541.72	705.19
541.934	741.19
542.147	735.19
542.361	718.19
542.575	720.19
542.789	713.19
543.002	704.19
543.216	719.19
543.43	714.19
543.644	706.19
543.857	717.19
544.071	714.19
544.285	717.19
544.498	734.19
544.712	724.19
544.925	713.19
545.139	742.19
545.352	708.19
545.566	738.19
545.779	732.19
545.993	720.19
546.206	736.19
546.42	739.19
546.633	718.19
546.847	743.19
547.06	721.19
547.274	705.19
547.487	723.19
547.7	734.19
547.914	736.19
548.127	703.19
548.34	727.19
548.554	720.19
548.767	717.19
548.98	710.19
549.193	731.19
549.407	722.19
549.62	730.19
549.833	734.19
550.046	723.19
550.259	727.19
550.473	713.19
550.686	694.19
550.899	708.19
551.112	703.19
551.325	716.19
551.538	702.19
551.751	691.19
551.964	699.19
552.177	700.19
552.39	729.19
552.603	740.19
552.816	743.19
553.029	726.19
553.242	738.19
553.455	761.19
553.667	788.19
553.88	772.19
554.093	746.19
554.306	720.19
554.519	735.19
554.732	713.19
554.944	688.19
555.157	654.19
555.37	657.19
555.583	668.19
555.795	676.19
556.008	650.19
556.221	637.19
556.433	614.19
556.646	645.19
556.859	635.19
557.071	623.19
557.284	649.19
557.496	610.19
557.709	617.19
557.921	645.19
558.134	609.19
558.346	599.19
558.559	597.19
558.771	618.19
558.984	601.19
559.196	610.19
559.409	604.19
559.621	614.19
559.833	611.19
560.046	600.19
560.258	636.19
560.47	599.19
560.683	606.19
560.895	603.19
561.107	590.19
561.32	587.19
561.532	607.19
561.744	587.19
561.956	603.19
562.168	574.19
562.381	610.19
562.593	587.19
562.805	589.19
563.017	612.19
563.229	574.19
563.441	584.19
563.653	604.19
563.865	580.19
564.077	580.19
564.289	594.19
564.501	618.19
564.713	602.19
564.925	620.19
565.137	623.19
565.349	630.19
565.561	653.19
565.773	657.19
565.985	661.19
566.197	686.19
566.408	705.19
566.62	791.19
566.832	799.19
567.044	816.19
567.255	822.19
567.467	833.19
567.679	843.19
567.891	894.19
568.102	923.19
568.314	849.19
568.526	797.19
568.737	737.19
568.949	702.19
569.161	657.19
569.372	619.19
569.584	622.19
569.795	597.19
570.007	598.19
570.218	642.19
570.43	628.19
570.641	563.19
570.853	574.19
571.064	560.19
571.276	566.19
571.487	570.19
571.698	548.19
571.91	543.19
572.121	532.19
572.333	518.19
572.544	524.19
572.755	506.19
572.966	505.19
573.178	500.19
573.389	478.19
573.6	489.19
573.811	482.19
574.023	487.19
574.234	474.19
574.445	468.19
574.656	496.19
574.867	492.19
575.078	484.19
575.289	467.19
575.501	468.19
575.712	471.19
575.923	479.19
576.134	444.19
576.345	478.19
576.556	454.19
576.767	452.19
576.978	464.19
577.188	459.19
577.399	436.19
577.61	468.19
577.821	446.19
578.032	457.19
578.243	509.19
578.454	830.19
578.665	588.19
578.875	470.19
579.086	447.19
579.297	420.19
579.508	444.19
579.718	420.19
579.929	446.19
580.14	428.19
580.35	425.19
580.561	410.19
580.772	420.19
580.982	420.19
581.193	410.19
581.403	395.19
581.614	400.19
581.825	406.19
582.035	405.19
582.246	417.19
582.456	398.19
582.667	391.19
582.877	405.19
583.087	423.19
583.298	397.19
583.508	389.19
583.719	403.19
583.929	413.19
584.139	397.19
584.35	406.19
584.56	391.19
584.77	396.19
584.981	382.19
585.191	392.19
585.401	419.19
585.611	391.19
585.821	387.19
586.032	407.19
586.242	398.19
586.452	397.19
586.662	397.19
586.872	394.19
587.082	395.19
587.292	395.19
587.502	396.19
587.713	382.19
587.923	407.19
588.133	393.19
588.343	368.19
588.553	394.19
588.762	375.19
588.972	395.19
589.182	362.19
589.392	395.19
589.602	397.19
589.812	394.19
590.022	403.19
590.232	402.19
590.441	389.19
590.651	391.19
590.861	380.19
591.071	395.19
591.281	383.19
591.49	411.19
591.7	397.19
591.91	419.19
592.119	403.19
592.329	405.19
592.539	410.19
592.748	443.19
592.958	447.19
593.167	445.19
593.377	436.19
593.587	433.19
593.796	462.19
594.006	447.19
594.215	465.19
594.424	460.19
594.634	455.19
594.843	431.19
595.053	419.19
595.262	406.19
595.472	402.19
595.681	403.19
595.89	376.19
596.1	381.19
596.309	370.19
596.518	371.19
596.727	353.19
596.937	369.19
597.146	361.19
597.355	356.19
597.564	370.19
597.774	361.19
597.983	348.19
598.192	352.19
598.401	351.19
598.61	335.19
598.819	337.19
599.028	340.19
599.237	319.19
599.446	342.19
599.655	340.19
599.864	331.19
600.073	349.19
600.282	361.19
600.491	319.19
600.7	358.19
600.909	345.19
601.118	347.19
601.327	326.19
601.536	337.19
601.745	339.19
601.953	340.19
602.162	326.19
602.371	341.19
602.58	346.19
602.789	349.19
602.997	349.19
603.206	331.19
603.415	333.19
603.623	330.19
603.832	354.19
604.041	345.19
604.249	340.19
604.458	325.19
604.666	327.19
604.875	331.19
605.084	313.19
605.292	334.19
605.501	333.19
605.709	330.19
605.918	333.19
606.126	333.19
606.334	350.19
606.543	326.19
606.751	327.19
606.96	336.19
607.168	321.19
607.376	347.19
607.585	340.19
607.793	336.19
608.001	340.19
608.21	342.19
608.418	320.19
608.626	311.19
608.834	335.19
609.043	314.19
609.251	331.19
609.459	329.19
609.667	325.19
609.875	338.19
610.083	341.19
610.291	330.19
610.499	333.19
610.707	340.19
610.916	334.19
611.124	339.19
611.332	337.19
611.54	318.19
611.748	305.19
611.955	305.19
612.163	299.19
612.371	338.19
612.579	315.19
612.787	319.19
612.995	341.19
613.203	311.19
613.411	328.19
613.618	324.19
613.826	322.19
614.034	315.19
614.242	319.19
614.449	315.19
614.657	313.19
614.865	309.19
615.072	298.19
615.28	314.19
615.488	308.19
615.695	316.19
615.903	306.19
616.111	303.19
616.318	324.19
616.526	316.19
616.733	308.19
616.941	319.19
617.148	326.19
617.356	311.19
617.563	301.19
617.771	305.19
617.978	308.19
618.185	298.19
618.393	305.19
618.6	310.19
618.807	310.19
619.015	298.19
619.222	300.19
619.429	292.19
619.637	273.19
619.844	283.19
620.051	285.19
620.258	296.19
620.466	277.19
620.673	264.19
620.88	276.19
621.087	271.19
621.294	265.19
621.501	284.19
621.708	276.19
621.915	287.19
622.122	270.19
622.329	281.19
622.536	283.19
622.743	285.19
622.95	269.19
623.157	274.19
623.364	278.19
623.571	265.19
623.778	272.19
623.985	269.19
624.192	255.19
624.399	278.19
624.606	276.19
624.812	263.19
625.019	258.19
625.226	270.19
625.433	252.19
625.639	254.19
625.846	255.19
626.053	253.19
626.259	245.19
626.466	260.19
626.673	261.19
626.879	233.19
627.086	250.19
627.293	264.19
627.499	275.19
627.706	257.19
627.912	255.19
628.119	255.19
628.325	250.19
628.532	236.19
628.738	242.19
628.945	240.19
629.151	253.19
629.357	246.19
629.564	255.19
629.77	236.19
629.976	234.19
630.183	229.19
630.389	236.19
630.595	227.19
630.802	233.19
631.008	239.19
631.214	247.19
631.42	238.19
631.627	238.19
631.833	234.19
632.039	237.19
632.245	255.19
632.451	251.19
632.657	229.19
632.863	235.19
633.069	232.19
633.275	215.19
633.481	214.19
633.688	215.19
633.893	219.19
634.099	223.19
634.305	230.19
634.511	226.19
634.717	234.19
634.923	245.19
635.129	234.19
635.335	236.19
635.541	249.19
635.747	238.19
635.952	235.19
636.158	265.19
636.364	317.19
636.57	363.19
636.775	306.19
636.981	275.19
637.187	272.19
637.392	247.19
637.598	246.19
637.804	240.19
638.009	260.19
638.215	230.19
638.421	225.19
638.626	225.19
638.832	224.19
639.037	214.19
639.243	228.19
639.448	224.19
639.654	226.19
639.859	230.19
640.065	214.19
640.27	197.19
640.475	213.19
640.681	211.19
640.886	212.19
641.091	203.19
641.297	220.19
641.502	217.19
641.707	199.19
641.913	214.19
642.118	205.19
642.323	204.19
642.528	227.19
642.733	214.19
642.939	205.19
643.144	213.19
643.349	209.19
643.554	214.19
643.759	206.19
643.964	206.19
644.169	194.19
644.374	201.19
644.579	197.19
644.784	191.19
644.989	200.19
645.194	207.19
645.399	201.19
645.604	197.19
645.809	202.19
646.014	211.19
646.219	183.19
646.423	196.19
646.628	189.19
646.833	202.19
647.038	195.19
647.243	207.19
647.447	206.19
647.652	211.19
647.857	207.19
648.062	194.19
648.266	210.19
648.471	203.19
648.676	194.19
648.88	215.19
649.085	220.19
649.289	213.19
649.494	213.19
649.698	222.19
649.903	202.19
650.107	191.19
650.312	198.19
650.516	197.19
650.721	190.19
650.925	177.19
651.13	192.19
651.334	179.19
651.539	161.19
651.743	188.19
651.947	186.19
652.152	175.19
652.356	182.19
652.56	176.19
652.764	161.19
652.969	169.19
653.173	161.19
653.377	153.19
653.581	163.19
653.785	158.19
653.99	160.19
654.194	148.19
654.398	162.19
654.602	170.19
654.806	158.19
655.01	167.19
655.214	157.19
655.418	162.19
655.622	164.19
655.826	143.19
656.03	158.19
656.234	156.19
656.438	163.19
656.642	157.19
656.846	146.19
657.049	147.19
657.253	150.19
657.457	130.19
657.661	140.19
657.865	119.19
658.068	135.19
658.272	112.19
658.476	107.19
658.68	110.19
658.883	116.19
659.087	105.19
659.291	105.19
659.494	114.19
659.698	94.19
659.901	113.19
660.105	91.19
660.309	110.19
660.512	100.19
660.716	94.19
660.919	100.19
661.123	94.19
661.326	101.19
661.53	86.19
661.733	81.19
661.936	93.19
662.14	85.19
662.343	73.19
662.546	96.19
662.75	92.19
662.953	84.19
663.156	79.19
663.36	81.19
663.563	75.19
663.766	75.19
663.969	92.19
664.173	68.19
664.376	80.19
664.579	77.19
664.782	82.19
664.985	69.19
665.188	96.19
665.391	94.19
665.594	85.19
665.797	85.19
666	81.19
666.203	65.19
666.406	67.19
666.609	76.19
666.812	70.19
667.015	74.19
667.218	94.19
667.421	78.19
667.624	69.19
667.827	82.19
668.03	92.19
668.232	74.19
668.435	90.19
668.638	86.19
668.841	92.19
669.043	104.19
669.246	91.19
669.449	82.19
669.651	85.19
669.854	86.19
670.057	88.19
670.259	84.19
670.462	89.19
670.665	77.19
670.867	84.19
671.07	73.19
671.272	75.19
671.475	66.19
671.677	75.19
671.88	85.19
672.082	77.19
672.284	75.19
672.487	75.19
672.689	91.19
672.892	80.19
