223.165	-18
223.4	-18
223.635	-18
223.869	-26
224.104	-2
224.338	-16
224.573	-13
224.808	-20
225.042	8
225.277	-9
225.511	-11
225.746	3
225.98	3
226.215	11
226.449	7
226.683	28
226.918	27
227.152	28
227.387	28
227.621	35
227.856	50
228.09	49
228.324	45
228.559	39
228.793	70
229.027	113
229.262	118
229.496	134
229.73	146
229.964	154
230.199	147
230.433	126
230.667	126
230.901	127
231.136	117
231.37	120
231.604	126
231.838	134
232.072	128
232.306	127
232.541	135
232.775	150
233.009	125
233.243	133
233.477	136
233.711	149
233.945	135
234.179	139
234.413	148
234.647	143
234.881	158
235.115	147
235.349	138
235.583	137
235.817	140
236.051	155
236.285	161
236.519	143
236.753	151
236.987	155
237.221	181
237.455	235
237.689	198
237.922	159
238.156	167
238.39	155
238.624	157
238.858	159
239.091	157
239.325	151
239.559	166
239.793	164
240.027	169
240.26	172
240.494	174
240.728	175
240.961	181
241.195	184
241.429	168
241.662	165
241.896	169
242.13	155
242.363	167
242.597	189
242.83	182
243.064	183
243.298	223
243.531	188
243.765	188
243.998	185
244.232	167
244.465	189
244.699	205
244.932	187
245.166	187
245.399	199
245.633	197
245.866	197
246.099	203
246.333	192
246.566	218
246.8	194
247.033	222
247.266	209
247.5	205
247.733	225
247.966	236
248.2	222
248.433	218
248.666	205
248.899	259
249.133	265
249.366	255
249.599	262
249.832	259
250.066	291
250.299	315
250.532	410
250.765	415
250.998	378
251.231	351
251.465	296
251.698	293
251.931	284
252.164	285
252.397	280
252.63	284
252.863	262
253.096	296
253.329	291
253.562	285
253.795	271
254.028	275
254.261	295
254.494	306
254.727	312
254.96	316
255.193	327
255.426	339
255.659	388
255.892	465
256.124	634
256.357	672
256.59	535
256.823	466
257.056	400
257.289	369
257.521	346
257.754	326
257.987	334
258.22	326
258.452	302
258.685	316
258.918	316
259.151	304
259.383	308
259.616	316
259.849	273
260.081	308
260.314	311
260.547	319
260.779	311
261.012	310
261.244	310
261.477	295
261.71	288
261.942	304
262.175	309
262.407	291
262.64	305
262.872	288
263.105	282
263.337	270
263.57	282
263.802	299
264.035	282
264.267	292
264.499	282
264.732	291
264.964	304
265.197	306
265.429	277
265.661	303
265.894	290
266.126	302
266.358	302
266.591	305
266.823	299
267.055	315
267.287	291
267.52	283
267.752	282
267.984	279
268.216	306
268.448	300
268.681	308
268.913	319
269.145	303
269.377	318
269.609	311
269.841	330
270.073	317
270.306	352
270.538	327
270.77	338
271.002	332
271.234	324
271.466	346
271.698	357
271.93	353
272.162	368
272.394	354
272.626	343
272.858	350
273.09	336
273.322	325
273.553	356
273.785	336
274.017	336
274.249	358
274.481	342
274.713	345
274.945	352
275.176	363
275.408	364
275.64	365
275.872	372
276.104	367
276.335	389
276.567	371
276.799	389
277.031	424
277.262	430
277.494	426
277.726	431
277.957	411
278.189	406
278.421	402
278.652	384
278.884	376
279.115	373
279.347	388
279.579	389
279.81	369
280.042	421
280.273	463
280.505	451
280.736	424
280.968	405
281.199	366
281.431	375
281.662	364
281.894	391
282.125	370
282.356	393
282.588	409
282.819	416
283.051	380
283.282	393
283.513	388
283.745	377
283.976	378
284.207	384
284.439	379
284.67	365
284.901	397
285.132	385
285.364	389
285.595	364
285.826	393
286.057	386
286.288	381
286.52	387
286.751	386
286.982	396
287.213	380
287.444	387
287.675	384
287.906	394
288.138	414
288.369	398
288.6	392
288.831	374
289.062	399
289.293	393
289.524	395
289.755	390
289.986	384
290.217	387
290.448	389
290.679	389
290.91	397
291.141	384
291.371	404
291.602	374
291.833	393
292.064	386
292.295	389
292.526	389
292.757	380
292.987	402
293.218	374
293.449	394
293.68	362
293.91	394
294.141	372
294.372	379
294.603	394
294.833	391
295.064	390
295.295	378
295.525	383
295.756	376
295.987	399
296.217	430
296.448	446
296.679	397
296.909	374
297.14	407
297.37	400
297.601	409
297.831	406
298.062	376
298.292	386
298.523	433
298.753	415
298.984	428
299.214	418
299.445	417
299.675	419
299.905	423
300.136	429
300.366	404
300.597	411
300.827	437
301.057	438
301.288	437
301.518	423
301.748	454
301.979	455
302.209	455
302.439	452
302.669	440
302.9	451
303.13	414
303.36	442
303.59	460
303.82	468
304.051	472
304.281	462
304.511	455
304.741	446
304.971	443
305.201	443
305.431	427
305.661	431
305.891	447
306.121	447
306.352	439
306.582	450
306.812	427
307.042	470
307.272	485
307.502	493
307.731	487
307.961	455
308.191	455
308.421	465
308.651	458
308.881	457
309.111	466
309.341	444
309.571	468
309.8	484
310.03	479
310.26	473
310.49	478
310.72	498
310.949	516
311.179	486
311.409	485
311.639	478
311.868	502
312.098	497
312.328	514
312.557	521
312.787	526
313.017	532
313.246	508
313.476	495
313.706	514
313.935	505
314.165	504
314.394	520
314.624	517
314.853	502
315.083	508
315.312	494
315.542	512
315.771	508
316.001	498
316.23	483
316.46	510
316.689	490
316.919	493
317.148	507
317.377	518
317.607	508
317.836	514
318.065	508
318.295	508
318.524	510
318.753	491
318.983	499
319.212	528
319.441	532
319.67	517
319.9	535
320.129	519
320.358	518
320.587	533
320.816	528
321.046	537
321.275	552
321.504	559
321.733	554
321.962	557
322.191	565
322.42	588
322.649	593
322.878	618
323.108	608
323.337	646
323.566	670
323.795	704
324.024	790
324.253	906
324.482	1267
324.71	1953
324.939	2702
325.168	2174
325.397	1210
325.626	926
325.855	811
326.084	804
326.313	772
326.542	795
326.77	860
326.999	976
327.228	1280
327.457	1868
327.686	2232
327.914	1593
328.143	1384
328.372	1446
328.6	1289
328.829	1066
329.058	1024
329.287	997
329.515	1050
329.744	1143
329.972	1386
330.201	1856
330.43	2267
330.658	1841
330.887	1316
331.115	1108
331.344	950
331.572	906
331.801	890
332.03	861
332.258	838
332.486	869
332.715	883
332.943	896
333.172	949
333.4	1038
333.629	1118
333.857	1273
334.085	1579
334.314	2088
334.542	2747
334.771	2881
334.999	1892
335.227	1278
335.455	1071
335.684	980
335.912	897
336.14	840
336.369	823
336.597	782
336.825	768
337.053	741
337.281	718
337.51	706
337.738	718
337.966	678
338.194	694
338.422	661
338.65	665
338.878	633
339.106	637
339.334	667
339.562	610
339.79	637
340.018	629
340.246	613
340.474	636
340.702	623
340.93	613
341.158	605
341.386	627
341.614	631
341.842	598
342.07	571
342.298	600
342.526	592
342.754	593
342.981	583
343.209	598
343.437	610
343.665	642
343.893	668
344.12	675
344.348	644
344.576	637
344.804	628
345.031	609
345.259	605
345.487	646
345.714	590
345.942	610
346.17	587
346.397	607
346.625	607
346.853	603
347.08	610
347.308	597
347.535	604
347.763	616
347.99	603
348.218	615
348.445	594
348.673	608
348.9	584
349.128	582
349.355	597
349.583	567
349.81	571
350.037	574
350.265	573
350.492	579
350.72	572
350.947	566
351.174	583
351.402	581
351.629	607
351.856	579
352.083	567
352.311	613
352.538	617
352.765	608
352.992	592
353.22	614
353.447	593
353.674	570
353.901	578
354.128	548
354.355	551
354.583	584
354.81	564
355.037	570
355.264	564
355.491	559
355.718	557
355.945	550
356.172	575
356.399	551
356.626	564
356.853	565
357.08	579
357.307	556
357.534	556
357.761	567
357.988	575
358.215	576
358.441	559
358.668	574
358.895	576
359.122	577
359.349	588
359.576	595
359.802	615
360.029	642
360.256	650
360.483	611
360.709	593
360.936	572
361.163	574
361.39	610
361.616	606
361.843	617
362.07	616
362.296	599
362.523	595
362.749	576
362.976	607
363.203	580
363.429	576
363.656	599
363.882	587
364.109	587
364.335	587
364.562	585
364.788	584
365.015	597
365.241	590
365.468	591
365.694	573
365.92	599
366.147	610
366.373	593
366.599	581
366.826	594
367.052	586
367.278	608
367.505	585
367.731	595
367.957	580
368.184	614
368.41	604
368.636	621
368.862	636
369.089	625
369.315	629
369.541	621
369.767	619
369.993	609
370.219	576
370.445	627
370.672	624
370.898	602
371.124	597
371.35	608
371.576	628
371.802	620
372.028	629
372.254	620
372.48	602
372.706	644
372.932	631
373.158	632
373.384	619
373.61	632
373.835	627
374.061	619
374.287	635
374.513	635
374.739	634
374.965	677
375.191	666
375.416	670
375.642	657
375.868	654
376.094	640
376.319	624
376.545	624
376.771	624
376.997	631
377.222	618
377.448	632
377.674	629
377.899	604
378.125	598
378.35	620
378.576	599
378.802	592
379.027	607
379.253	621
379.478	607
379.704	605
379.929	590
380.155	624
380.38	611
380.606	622
380.831	623
381.057	624
381.282	613
381.507	599
381.733	614
381.958	610
382.184	621
382.409	625
382.634	647
382.86	636
383.085	651
383.31	675
383.535	672
383.761	651
383.986	688
384.211	684
384.436	700
384.662	699
384.887	712
385.112	711
385.337	712
385.562	706
385.787	708
386.013	727
386.238	703
386.463	724
386.688	739
386.913	717
387.138	689
387.363	712
387.588	680
387.813	673
388.038	697
388.263	714
388.488	700
388.713	698
388.938	702
389.163	715
389.387	688
389.612	696
389.837	692
390.062	684
390.287	706
390.512	711
390.736	685
390.961	695
391.186	705
391.411	714
391.636	748
391.86	758
392.085	752
392.31	766
392.534	747
392.759	762
392.984	754
393.208	736
393.433	735
393.658	754
393.882	709
394.107	724
394.331	750
394.556	755
394.78	756
395.005	745
395.229	770
395.454	774
395.678	779
395.903	798
396.127	800
396.352	800
396.576	773
396.801	742
397.025	763
397.249	766
397.474	787
397.698	804
397.922	795
398.147	808
398.371	808
398.595	824
398.82	874
399.044	906
399.268	970
399.492	1083
399.717	1142
399.941	1211
400.165	1125
400.389	1038
400.613	947
400.837	908
401.062	890
401.286	897
401.51	887
401.734	888
401.958	887
402.182	916
402.406	922
402.63	949
402.854	978
403.078	966
403.302	986
403.526	1003
403.75	977
403.974	1004
404.198	1032
404.422	1042
404.645	1047
404.869	1101
405.093	1171
405.317	1230
405.541	1240
405.765	1143
405.988	1113
406.212	1074
406.436	1087
406.66	1115
406.883	1080
407.107	1121
407.331	1161
407.555	1206
407.778	1215
408.002	1177
408.226	1095
408.449	1084
408.673	1063
408.896	1082
409.12	1109
409.344	1050
409.567	1036
409.791	1056
410.014	1005
410.238	1018
410.461	1030
410.685	1014
410.908	1007
411.132	1044
411.355	1052
411.578	1015
411.802	1013
412.025	1043
412.249	1080
412.472	1155
412.695	1248
412.919	1212
413.142	1152
413.365	1107
413.589	1056
413.812	1022
414.035	1005
414.258	1012
414.482	959
414.705	972
414.928	960
415.151	981
415.374	943
415.597	938
415.821	951
416.044	922
416.267	930
416.49	922
416.713	934
416.936	924
417.159	942
417.382	961
417.605	984
417.828	1017
418.051	1018
418.274	971
418.497	934
418.72	954
418.943	966
419.166	1026
419.389	1089
419.611	1061
419.834	1059
420.057	1090
420.28	1169
420.503	1196
420.726	1127
420.948	1094
421.171	1100
421.394	1094
421.617	1026
421.839	1004
422.062	1012
422.285	988
422.507	1074
422.73	1098
422.953	1072
423.175	1039
423.398	991
423.621	1018
423.843	1027
424.066	1037
424.288	1003
424.511	1048
424.733	1058
424.956	1144
425.178	1118
425.401	1097
425.623	1095
425.846	1020
426.068	985
426.291	976
426.513	945
426.735	971
426.958	1006
427.18	1045
427.402	1196
427.625	1337
427.847	1247
428.069	1282
428.292	1143
428.514	1030
428.736	949
428.958	940
429.181	926
429.403	925
429.625	931
429.847	958
430.069	983
430.292	960
430.514	902
430.736	892
430.958	884
431.18	853
431.402	870
431.624	879
431.846	874
432.068	890
432.29	868
432.512	882
432.734	901
432.956	890
433.178	902
433.4	911
433.622	901
433.844	892
434.066	869
434.287	895
434.509	924
434.731	909
434.953	930
435.175	995
435.397	968
435.618	963
435.84	979
436.062	1055
436.284	1100
436.505	991
436.727	954
436.949	922
437.17	905
437.392	904
437.614	927
437.835	922
438.057	1025
438.278	1117
438.5	1089
438.721	1190
438.943	1130
439.165	987
439.386	943
439.608	932
439.829	967
440.05	989
440.272	1016
440.493	987
440.715	966
440.936	970
441.158	953
441.379	940
441.6	1002
441.822	1022
442.043	1044
442.264	1105
442.486	1122
442.707	1031
442.928	988
443.149	1029
443.371	1050
443.592	1056
443.813	1164
444.034	1212
444.255	1072
444.476	1041
444.698	1075
444.919	1092
445.14	1182
445.361	1107
445.582	1074
445.803	1125
446.024	1185
446.245	1159
446.466	1079
446.687	1002
446.908	956
447.129	933
447.35	912
447.571	904
447.792	882
448.013	884
448.234	887
448.455	926
448.675	1066
448.896	1154
449.117	986
449.338	986
449.559	1128
449.779	1208
450	1016
450.221	888
450.442	876
450.662	864
450.883	896
451.104	935
451.324	915
451.545	898
451.766	870
451.986	820
452.207	822
452.428	826
452.648	838
452.869	799
453.089	830
453.31	829
453.53	826
453.751	800
453.971	823
454.192	821
454.412	826
454.633	791
454.853	782
455.073	793
455.294	800
455.514	896
455.734	846
455.955	760
456.175	791
456.395	779
456.616	744
456.836	775
457.056	772
457.276	744
457.497	774
457.717	760
457.937	781
458.157	769
458.377	797
458.598	847
458.818	883
459.038	972
459.258	1024
459.478	919
459.698	935
459.918	917
460.138	904
460.358	971
460.578	972
460.798	990
461.018	964
461.238	947
461.458	942
461.678	934
461.898	962
462.118	947
462.338	1003
462.558	987
462.777	1068
462.997	1130
463.217	1183
463.437	1211
463.657	1111
463.876	1075
464.096	1097
464.316	1081
464.536	1109
464.755	1074
464.975	1062
465.195	1082
465.414	1162
465.634	1002
465.854	954
466.073	907
466.293	901
466.512	865
466.732	862
466.951	887
467.171	867
467.391	884
467.61	915
467.829	999
468.049	1148
468.268	1518
468.488	1254
468.707	1046
468.927	989
469.146	910
469.365	911
469.585	921
469.804	931
470.023	948
470.243	942
470.462	951
470.681	980
470.901	963
471.12	943
471.339	952
471.558	957
471.777	1002
471.997	1101
472.216	1455
472.435	2765
472.654	2238
472.873	1467
473.092	1230
473.311	1124
473.53	1058
473.749	1030
473.968	1043
474.187	1082
474.406	1093
474.625	999
474.844	978
475.063	932
475.282	937
475.501	918
475.72	951
475.939	943
476.158	935
476.377	954
476.596	926
476.814	960
477.033	970
477.252	946
477.471	970
477.69	1000
477.908	1008
478.127	1011
478.346	1014
478.564	1072
478.783	1052
479.002	1059
479.22	1096
479.439	1110
479.658	1104
479.876	1153
480.095	1156
480.313	1198
480.532	1296
480.751	1410
480.969	1694
481.188	3626
481.406	4698
481.624	2663
481.843	1978
482.061	1644
482.28	1470
482.498	1370
482.717	1339
482.935	1256
483.153	1228
483.372	1232
483.59	1206
483.808	1178
484.027	1151
484.245	1132
484.463	1179
484.681	1162
484.9	1139
485.118	1196
485.336	1160
485.554	1155
485.772	1138
485.99	1140
486.209	1157
486.427	1169
486.645	1181
486.863	1174
487.081	1163
487.299	1171
487.517	1166
487.735	1180
487.953	1176
488.171	1180
488.389	1176
488.607	1190
488.825	1201
489.043	1142
489.261	1173
489.479	1185
489.696	1199
489.914	1243
490.132	1227
490.35	1287
490.568	1263
490.786	1349
491.003	1363
491.221	1403
491.439	1478
491.657	1484
491.874	1509
492.092	1531
492.31	1539
492.527	1595
492.745	1652
492.963	1600
493.18	1587
493.398	1592
493.615	1583
493.833	1532
494.05	1530
494.268	1507
494.485	1468
494.703	1452
494.92	1451
495.138	1416
495.355	1412
495.573	1396
495.79	1345
496.008	1367
496.225	1319
496.442	1357
496.66	1339
496.877	1343
497.094	1346
497.312	1363
497.529	1384
497.746	1376
497.963	1407
498.181	1419
498.398	1489
498.615	1487
498.832	1537
499.049	1610
499.267	1672
499.484	1786
499.701	1903
499.918	2087
500.135	2234
500.352	2485
500.569	2595
500.786	2593
501.003	2454
501.22	2273
501.437	2015
501.654	1895
501.871	1797
502.088	1669
502.305	1584
502.522	1527
502.739	1450
502.956	1414
503.172	1388
503.389	1338
503.606	1334
503.823	1288
504.04	1243
504.256	1265
504.473	1250
504.69	1310
504.907	1263
505.123	1216
505.34	1178
505.557	1172
505.773	1129
505.99	1125
506.207	1125
506.423	1083
506.64	1085
506.856	1100
507.073	1094
507.289	1089
507.506	1084
507.722	1097
507.939	1096
508.155	1064
508.372	1055
508.588	1031
508.805	1053
509.021	1055
509.238	1039
509.454	1040
509.67	996
509.887	1018
510.103	1032
510.319	1042
510.536	1248
510.752	2123
510.968	1618
511.184	1107
511.401	1078
511.617	1068
511.833	1157
512.049	1212
512.265	1153
512.481	1100
512.698	1059
512.914	1054
513.13	1008
513.346	997
513.562	1049
513.778	1009
513.994	1016
514.21	1044
514.426	1092
514.642	1130
514.858	1142
515.074	1227
515.29	1408
515.506	2046
515.721	1630
515.937	1200
516.153	1152
516.369	1106
516.585	1098
516.801	1095
517.016	1146
517.232	1169
517.448	1172
517.664	1180
517.879	1208
518.095	1213
518.311	1192
518.527	1154
518.742	1110
518.958	1109
519.173	1074
519.389	1070
519.605	1050
519.82	1044
520.036	1048
520.251	1039
520.467	1085
520.682	1089
520.898	1108
521.113	1109
521.329	1176
521.544	1294
521.76	1590
521.975	2612
522.19	2444
522.406	1415
522.621	1114
522.836	1031
523.052	1009
523.267	967
523.482	960
523.698	939
523.913	969
524.128	939
524.343	937
524.559	888
524.774	908
524.989	911
525.204	880
525.419	891
525.634	854
525.849	870
526.064	884
526.28	854
526.495	846
526.71	851
526.925	854
527.14	844
527.355	843
527.57	825
527.785	834
527.999	825
528.214	836
528.429	838
528.644	838
528.859	887
529.074	876
529.289	894
529.503	981
529.718	973
529.933	877
530.148	834
530.363	836
530.577	835
530.792	832
531.007	806
531.221	822
531.436	820
531.651	840
531.865	808
532.08	798
532.295	828
532.509	825
532.724	820
532.938	815
533.153	803
533.367	824
533.582	808
533.796	808
534.011	790
534.225	783
534.44	770
534.654	798
534.868	801
535.083	802
535.297	785
535.511	784
535.726	795
535.94	799
536.154	767
536.369	777
536.583	754
536.797	749
537.011	761
537.225	750
537.44	772
537.654	794
537.868	769
538.082	749
538.296	748
538.51	772
538.724	793
538.938	792
539.153	772
539.367	776
539.581	756
539.795	754
540.009	756
540.222	732
540.436	743
540.65	751
540.864	720
541.078	762
541.292	780
541.506	769
541.72	761
541.934	790
542.147	748
542.361	770
542.575	729
542.789	741
543.002	732
543.216	750
543.43	720
543.644	733
543.857	772
544.071	734
544.285	762
544.498	736
544.712	706
544.925	749
545.139	768
545.352	735
545.566	780
545.779	753
545.993	751
546.206	767
546.42	759
546.633	759
546.847	764
547.06	752
547.274	724
547.487	768
547.7	728
547.914	751
548.127	736
548.34	744
548.554	769
548.767	739
548.98	756
549.193	740
549.407	756
549.62	762
549.833	737
550.046	728
550.259	739
550.473	734
550.686	717
550.899	724
551.112	720
551.325	700
551.538	714
551.751	700
551.964	705
552.177	724
552.39	716
552.603	763
552.816	747
553.029	767
553.242	797
553.455	795
553.667	824
553.88	782
554.093	788
554.306	771
554.519	730
554.732	726
554.944	703
555.157	718
555.37	709
555.583	711
555.795	722
556.008	686
556.221	666
556.433	623
556.646	674
556.859	675
557.071	670
557.284	642
557.496	675
557.709	629
557.921	625
558.134	640
558.346	613
558.559	654
558.771	638
558.984	611
559.196	592
559.409	642
559.621	626
559.833	619
560.046	609
560.258	601
560.47	631
560.683	631
560.895	628
561.107	627
561.32	628
561.532	592
561.744	618
561.956	614
562.168	582
562.381	599
562.593	601
562.805	624
563.017	591
563.229	614
563.441	622
563.653	604
563.865	612
564.077	613
564.289	598
564.501	629
564.713	631
564.925	642
565.137	648
565.349	636
565.561	646
565.773	672
565.985	689
566.197	690
566.408	730
566.62	775
566.832	844
567.044	845
567.255	854
567.467	851
567.679	862
567.891	940
568.102	929
568.314	920
568.526	838
568.737	773
568.949	727
569.161	660
569.372	637
569.584	632
569.795	612
570.007	602
570.218	663
570.43	622
570.641	565
570.853	572
571.064	600
571.276	602
571.487	581
571.698	572
571.91	547
572.121	555
572.333	549
572.544	527
572.755	536
572.966	513
573.178	506
573.389	506
573.6	487
573.811	483
574.023	480
574.234	515
574.445	497
574.656	502
574.867	500
575.078	467
575.289	498
575.501	481
575.712	465
575.923	474
576.134	470
576.345	475
576.556	480
576.767	476
576.978	461
577.188	448
577.399	474
577.61	475
577.821	470
578.032	458
578.243	514
578.454	812
578.665	598
578.875	468
579.086	448
579.297	434
579.508	442
579.718	416
579.929	425
580.14	431
580.35	442
580.561	441
580.772	431
580.982	423
581.193	454
581.403	416
581.614	417
581.825	432
582.035	409
582.246	408
582.456	390
582.667	420
582.877	421
583.087	404
583.298	398
583.508	416
583.719	416
583.929	408
584.139	408
584.35	399
584.56	396
584.77	413
584.981	411
585.191	414
585.401	407
585.611	390
585.821	414
586.032	415
586.242	388
586.452	395
586.662	418
586.872	392
587.082	399
587.292	396
587.502	396
587.713	411
587.923	414
588.133	398
588.343	381
588.553	402
588.762	418
588.972	381
589.182	397
589.392	419
589.602	426
589.812	434
590.022	410
590.232	399
590.441	392
590.651	391
590.861	403
591.071	393
591.281	399
591.49	410
591.7	398
591.91	421
592.119	400
592.329	404
592.539	429
592.748	442
592.958	416
593.167	435
593.377	466
593.587	459
593.796	464
594.006	461
594.215	450
594.424	461
594.634	472
594.843	419
595.053	436
595.262	420
595.472	415
595.681	414
595.89	412
596.1	381
596.309	379
596.518	397
596.727	391
596.937	390
597.146	385
597.355	378
597.564	379
597.774	360
597.983	362
598.192	375
598.401	351
598.61	342
598.819	358
599.028	351
599.237	323
599.446	368
599.655	355
599.864	365
600.073	340
600.282	369
600.491	353
600.7	338
600.909	344
601.118	367
601.327	352
601.536	337
601.745	369
601.953	358
602.162	351
602.371	357
602.58	354
602.789	358
602.997	360
603.206	357
603.415	351
603.623	339
603.832	331
604.041	362
604.249	372
604.458	343
604.666	318
604.875	331
605.084	318
605.292	347
605.501	346
605.709	342
605.918	346
606.126	334
606.334	326
606.543	350
606.751	341
606.96	343
607.168	352
607.376	338
607.585	325
607.793	332
608.001	336
608.21	343
608.418	332
608.626	332
608.834	335
609.043	336
609.251	349
609.459	344
609.667	348
609.875	345
610.083	333
610.291	339
610.499	341
610.707	352
610.916	337
611.124	355
611.332	322
611.54	334
611.748	328
611.955	341
612.163	325
612.371	317
612.579	326
612.787	312
612.995	331
613.203	331
613.411	323
613.618	317
613.826	331
614.034	304
614.242	320
614.449	315
614.657	327
614.865	328
615.072	307
615.28	307
615.488	323
615.695	305
615.903	308
616.111	322
616.318	303
616.526	317
616.733	317
616.941	324
617.148	322
617.356	294
617.563	305
617.771	308
617.978	309
618.185	298
618.393	320
618.6	316
618.807	312
619.015	307
619.222	319
619.429	298
619.637	310
619.844	323
620.051	313
620.258	298
620.466	292
620.673	280
620.88	280
621.087	311
621.294	295
621.501	272
621.708	301
621.915	275
622.122	288
622.329	295
622.536	285
622.743	283
622.95	290
623.157	283
623.364	281
623.571	282
623.778	281
623.985	264
624.192	272
624.399	274
624.606	265
624.812	275
625.019	279
625.226	262
625.433	252
625.639	270
625.846	257
626.053	260
626.259	268
626.466	262
626.673	243
626.879	254
627.086	264
627.293	240
627.499	245
627.706	254
627.912	242
628.119	267
628.325	259
628.532	251
628.738	255
628.945	260
629.151	245
629.357	248
629.564	241
629.77	252
629.976	250
630.183	245
630.389	250
630.595	255
630.802	259
631.008	251
631.214	243
631.42	250
631.627	245
631.833	231
632.039	256
632.245	240
632.451	237
632.657	242
632.863	224
633.069	251
633.275	248
633.481	227
633.688	227
633.893	250
634.099	240
634.305	247
634.511	246
634.717	231
634.923	245
635.129	238
635.335	228
635.541	242
635.747	259
635.952	278
636.158	284
636.364	332
636.57	389
636.775	339
636.981	300
637.187	285
637.392	270
637.598	264
637.804	256
638.009	251
638.215	240
638.421	250
638.626	223
638.832	235
639.037	210
639.243	229
639.448	230
639.654	229
639.859	222
640.065	234
640.27	245
640.475	229
640.681	217
640.886	206
641.091	231
641.297	219
641.502	212
641.707	235
641.913	229
642.118	228
642.323	219
642.528	211
642.733	198
642.939	208
643.144	202
643.349	211
643.554	193
643.759	206
643.964	192
644.169	189
644.374	196
644.579	195
644.784	206
644.989	217
645.194	194
645.399	206
645.604	199
645.809	207
646.014	215
646.219	210
646.423	206
646.628	205
646.833	202
647.038	189
647.243	191
647.447	208
647.652	194
647.857	211
648.062	212
648.266	197
648.471	214
648.676	221
648.88	218
649.085	200
649.289	201
649.494	213
649.698	220
649.903	216
650.107	215
650.312	195
650.516	200
650.721	186
650.925	197
651.13	195
651.334	181
651.539	174
651.743	171
651.947	177
652.152	186
652.356	185
652.56	171
652.764	148
652.969	164
653.173	162
653.377	150
653.581	155
653.785	160
653.99	155
654.194	158
654.398	164
654.602	160
654.806	147
655.01	160
655.214	164
655.418	165
655.622	162
655.826	160
656.03	170
656.234	170
656.438	153
656.642	163
656.846	164
657.049	138
657.253	148
657.457	134
657.661	149
657.865	119
658.068	118
658.272	123
658.476	126
658.68	120
658.883	107
659.087	117
659.291	96
659.494	118
659.698	110
659.901	115
660.105	92
660.309	85
660.512	112
660.716	90
660.919	90
661.123	110
661.326	101
661.53	87
661.733	100
661.936	91
662.14	90
662.343	88
662.546	83
662.75	77
662.953	88
663.156	99
663.36	70
663.563	84
663.766	76
663.969	88
664.173	87
664.376	89
664.579	79
664.782	78
664.985	80
665.188	84
665.391	81
665.594	83
665.797	70
666	82
666.203	82
666.406	67
666.609	84
666.812	83
667.015	86
667.218	74
667.421	91
667.624	80
667.827	84
668.03	81
668.232	77
668.435	76
668.638	84
668.841	80
669.043	90
669.246	67
669.449	84
669.651	79
669.854	84
670.057	90
670.259	86
670.462	81
670.665	90
670.867	73
671.07	77
671.272	93
671.475	85
671.677	94
671.88	90
672.082	77
672.284	78
672.487	89
672.689	83
672.892	81
