223.165	-12.5
223.4	-12.5
223.635	-12.5
223.869	-22.5
224.104	-23.5
224.338	-4.5
224.573	-0.5
224.808	-19.5
225.042	-24.5
225.277	-16.5
225.511	-0.5
225.746	6.5
225.98	6.5
226.215	25.5
226.449	11.5
226.683	16.5
226.918	38.5
227.152	19.5
227.387	35.5
227.621	37.5
227.856	47.5
228.09	37.5
228.324	53.5
228.559	60.5
228.793	78.5
229.027	109.5
229.262	136.5
229.496	133.5
229.73	145.5
229.964	165.5
230.199	128.5
230.433	128.5
230.667	137.5
230.901	118.5
231.136	123.5
231.37	136.5
231.604	128.5
231.838	135.5
232.072	132.5
232.306	135.5
232.541	130.5
232.775	142.5
233.009	131.5
233.243	121.5
233.477	134.5
233.711	125.5
233.945	115.5
234.179	135.5
234.413	142.5
234.647	135.5
234.881	136.5
235.115	146.5
235.349	131.5
235.583	129.5
235.817	140.5
236.051	151.5
236.285	141.5
236.519	146.5
236.753	153.5
236.987	149.5
237.221	202.5
237.455	223.5
237.689	190.5
237.922	154.5
238.156	146.5
238.39	158.5
238.624	167.5
238.858	169.5
239.091	162.5
239.325	135.5
239.559	137.5
239.793	162.5
240.027	174.5
240.26	166.5
240.494	158.5
240.728	175.5
240.961	175.5
241.195	172.5
241.429	181.5
241.662	164.5
241.896	165.5
242.13	177.5
242.363	187.5
242.597	185.5
242.83	200.5
243.064	190.5
243.298	195.5
243.531	179.5
243.765	175.5
243.998	191.5
244.232	211.5
244.465	193.5
244.699	191.5
244.932	185.5
245.166	204.5
245.399	198.5
245.633	191.5
245.866	201.5
246.099	176.5
246.333	198.5
246.566	212.5
246.8	205.5
247.033	227.5
247.266	215.5
247.5	189.5
247.733	213.5
247.966	221.5
248.2	230.5
248.433	205.5
248.666	232.5
248.899	248.5
249.133	216.5
249.366	255.5
249.599	259.5
249.832	245.5
250.066	275.5
250.299	321.5
250.532	403.5
250.765	429.5
250.998	383.5
251.231	347.5
251.465	297.5
251.698	307.5
251.931	291.5
252.164	270.5
252.397	281.5
252.63	271.5
252.863	266.5
253.096	283.5
253.329	280.5
253.562	269.5
253.795	262.5
254.028	275.5
254.261	281.5
254.494	271.5
254.727	300.5
254.96	296.5
255.193	313.5
255.426	347.5
255.659	375.5
255.892	472.5
256.124	629.5
256.357	654.5
256.59	528.5
256.823	429.5
257.056	389.5
257.289	365.5
257.521	321.5
257.754	333.5
257.987	327.5
258.22	317.5
258.452	315.5
258.685	304.5
258.918	295.5
259.151	299.5
259.383	297.5
259.616	279.5
259.849	287.5
260.081	287.5
260.314	303.5
260.547	299.5
260.779	296.5
261.012	283.5
261.244	290.5
261.477	309.5
261.71	288.5
261.942	283.5
262.175	318.5
262.407	288.5
262.64	287.5
262.872	295.5
263.105	273.5
263.337	283.5
263.57	289.5
263.802	272.5
264.035	262.5
264.267	270.5
264.499	287.5
264.732	288.5
264.964	264.5
265.197	277.5
265.429	276.5
265.661	282.5
265.894	283.5
266.126	295.5
266.358	278.5
266.591	304.5
266.823	299.5
267.055	303.5
267.287	303.5
267.52	289.5
267.752	294.5
267.984	284.5
268.216	288.5
268.448	306.5
268.681	309.5
268.913	300.5
269.145	315.5
269.377	317.5
269.609	329.5
269.841	311.5
270.073	332.5
270.306	336.5
270.538	339.5
270.77	328.5
271.002	330.5
271.234	349.5
271.466	338.5
271.698	335.5
271.93	369.5
272.162	338.5
272.394	321.5
272.626	346.5
272.858	329.5
273.09	342.5
273.322	323.5
273.553	319.5
273.785	324.5
274.017	314.5
274.249	350.5
274.481	344.5
274.713	333.5
274.945	357.5
275.176	352.5
275.408	358.5
275.64	365.5
275.872	361.5
276.104	352.5
276.335	378.5
276.567	369.5
276.799	400.5
277.031	401.5
277.262	431.5
277.494	421.5
277.726	391.5
277.957	387.5
278.189	384.5
278.421	372.5
278.652	380.5
278.884	376.5
279.115	367.5
279.347	383.5
279.579	372.5
279.81	371.5
280.042	429.5
280.273	432.5
280.505	435.5
280.736	405.5
280.968	382.5
281.199	378.5
281.431	392.5
281.662	383.5
281.894	377.5
282.125	362.5
282.356	394.5
282.588	413.5
282.819	406.5
283.051	361.5
283.282	355.5
283.513	355.5
283.745	355.5
283.976	379.5
284.207	368.5
284.439	377.5
284.67	356.5
284.901	367.5
285.132	379.5
285.364	365.5
285.595	390.5
285.826	383.5
286.057	371.5
286.288	372.5
286.52	363.5
286.751	376.5
286.982	376.5
287.213	375.5
287.444	379.5
287.675	376.5
287.906	375.5
288.138	387.5
288.369	388.5
288.6	390.5
288.831	375.5
289.062	386.5
289.293	394.5
289.524	394.5
289.755	389.5
289.986	379.5
290.217	375.5
290.448	355.5
290.679	379.5
290.91	349.5
291.141	360.5
291.371	383.5
291.602	381.5
291.833	381.5
292.064	370.5
292.295	367.5
292.526	378.5
292.757	382.5
292.987	373.5
293.218	386.5
293.449	381.5
293.68	381.5
293.91	388.5
294.141	366.5
294.372	371.5
294.603	387.5
294.833	396.5
295.064	368.5
295.295	375.5
295.525	381.5
295.756	377.5
295.987	381.5
296.217	400.5
296.448	431.5
296.679	406.5
296.909	389.5
297.14	392.5
297.37	392.5
297.601	403.5
297.831	393.5
298.062	399.5
298.292	423.5
298.523	414.5
298.753	399.5
298.984	419.5
299.214	405.5
299.445	411.5
299.675	413.5
299.905	413.5
300.136	410.5
300.366	423.5
300.597	415.5
300.827	409.5
301.057	441.5
301.288	432.5
301.518	420.5
301.748	435.5
301.979	441.5
302.209	440.5
302.439	454.5
302.669	431.5
302.9	424.5
303.13	447.5
303.36	427.5
303.59	444.5
303.82	464.5
304.051	443.5
304.281	428.5
304.511	442.5
304.741	434.5
304.971	432.5
305.201	444.5
305.431	429.5
305.661	416.5
305.891	415.5
306.121	418.5
306.352	444.5
306.582	435.5
306.812	436.5
307.042	432.5
307.272	485.5
307.502	516.5
307.731	483.5
307.961	464.5
308.191	447.5
308.421	443.5
308.651	438.5
308.881	453.5
309.111	434.5
309.341	442.5
309.571	449.5
309.8	461.5
310.03	458.5
310.26	479.5
310.49	465.5
310.72	467.5
310.949	473.5
311.179	495.5
311.409	479.5
311.639	461.5
311.868	482.5
312.098	499.5
312.328	489.5
312.557	480.5
312.787	485.5
313.017	487.5
313.246	499.5
313.476	478.5
313.706	488.5
313.935	473.5
314.165	487.5
314.394	518.5
314.624	511.5
314.853	512.5
315.083	491.5
315.312	485.5
315.542	471.5
315.771	507.5
316.001	492.5
316.23	476.5
316.46	485.5
316.689	505.5
316.919	521.5
317.148	508.5
317.377	497.5
317.607	482.5
317.836	485.5
318.065	504.5
318.295	487.5
318.524	506.5
318.753	493.5
318.983	501.5
319.212	504.5
319.441	505.5
319.67	526.5
319.9	507.5
320.129	513.5
320.358	510.5
320.587	513.5
320.816	518.5
321.046	515.5
321.275	547.5
321.504	534.5
321.733	552.5
321.962	545.5
322.191	558.5
322.42	568.5
322.649	591.5
322.878	595.5
323.108	584.5
323.337	661.5
323.566	669.5
323.795	712.5
324.024	777.5
324.253	912.5
324.482	1259.5
324.71	1894.5
324.939	2711.5
325.168	2143.5
325.397	1175.5
325.626	888.5
325.855	805.5
326.084	765.5
326.313	753.5
326.542	749.5
326.77	824.5
326.999	933.5
327.228	1214.5
327.457	1859.5
327.686	2193.5
327.914	1517.5
328.143	1343.5
328.372	1411.5
328.6	1275.5
328.829	1027.5
329.058	975.5
329.287	998.5
329.515	973.5
329.744	1104.5
329.972	1364.5
330.201	1807.5
330.43	2248.5
330.658	1819.5
330.887	1248.5
331.115	1062.5
331.344	913.5
331.572	880.5
331.801	868.5
332.03	853.5
332.258	856.5
332.486	854.5
332.715	836.5
332.943	889.5
333.172	926.5
333.4	996.5
333.629	1073.5
333.857	1248.5
334.085	1506.5
334.314	2022.5
334.542	2765.5
334.771	2932.5
334.999	1868.5
335.227	1284.5
335.455	1053.5
335.684	969.5
335.912	876.5
336.14	823.5
336.369	783.5
336.597	799.5
336.825	773.5
337.053	741.5
337.281	709.5
337.51	700.5
337.738	688.5
337.966	661.5
338.194	650.5
338.422	665.5
338.65	663.5
338.878	655.5
339.106	645.5
339.334	649.5
339.562	644.5
339.79	626.5
340.018	608.5
340.246	613.5
340.474	611.5
340.702	595.5
340.93	612.5
341.158	606.5
341.386	578.5
341.614	606.5
341.842	594.5
342.07	583.5
342.298	592.5
342.526	569.5
342.754	584.5
342.981	547.5
343.209	589.5
343.437	610.5
343.665	591.5
343.893	661.5
344.12	639.5
344.348	653.5
344.576	613.5
344.804	613.5
345.031	614.5
345.259	608.5
345.487	612.5
345.714	576.5
345.942	563.5
346.17	589.5
346.397	564.5
346.625	586.5
346.853	566.5
347.08	567.5
347.308	567.5
347.535	584.5
347.763	585.5
347.99	597.5
348.218	597.5
348.445	600.5
348.673	579.5
348.9	580.5
349.128	592.5
349.355	570.5
349.583	582.5
349.81	573.5
350.037	574.5
350.265	565.5
350.492	557.5
350.72	564.5
350.947	556.5
351.174	563.5
351.402	575.5
351.629	593.5
351.856	593.5
352.083	594.5
352.311	601.5
352.538	576.5
352.765	583.5
352.992	594.5
353.22	575.5
353.447	557.5
353.674	576.5
353.901	545.5
354.128	551.5
354.355	543.5
354.583	564.5
354.81	553.5
355.037	570.5
355.264	552.5
355.491	557.5
355.718	565.5
355.945	540.5
356.172	567.5
356.399	577.5
356.626	557.5
356.853	555.5
357.08	558.5
357.307	553.5
357.534	571.5
357.761	570.5
357.988	563.5
358.215	574.5
358.441	537.5
358.668	572.5
358.895	563.5
359.122	561.5
359.349	569.5
359.576	587.5
359.802	592.5
360.029	626.5
360.256	627.5
360.483	632.5
360.709	589.5
360.936	581.5
361.163	580.5
361.39	574.5
361.616	587.5
361.843	569.5
362.07	598.5
362.296	594.5
362.523	589.5
362.749	588.5
362.976	577.5
363.203	576.5
363.429	574.5
363.656	579.5
363.882	586.5
364.109	553.5
364.335	538.5
364.562	559.5
364.788	563.5
365.015	587.5
365.241	586.5
365.468	582.5
365.694	576.5
365.92	587.5
366.147	575.5
366.373	599.5
366.599	575.5
366.826	571.5
367.052	572.5
367.278	601.5
367.505	580.5
367.731	563.5
367.957	561.5
368.184	591.5
368.41	601.5
368.636	609.5
368.862	593.5
369.089	596.5
369.315	596.5
369.541	598.5
369.767	598.5
369.993	595.5
370.219	619.5
370.445	589.5
370.672	593.5
370.898	597.5
371.124	599.5
371.35	609.5
371.576	607.5
371.802	611.5
372.028	593.5
372.254	603.5
372.48	615.5
372.706	614.5
372.932	610.5
373.158	627.5
373.384	612.5
373.61	598.5
373.835	600.5
374.061	608.5
374.287	615.5
374.513	607.5
374.739	628.5
374.965	637.5
375.191	645.5
375.416	639.5
375.642	657.5
375.868	649.5
376.094	617.5
376.319	586.5
376.545	593.5
376.771	617.5
376.997	590.5
377.222	594.5
377.448	604.5
377.674	587.5
377.899	590.5
378.125	591.5
378.35	603.5
378.576	597.5
378.802	614.5
379.027	585.5
379.253	604.5
379.478	599.5
379.704	592.5
379.929	590.5
380.155	604.5
380.38	577.5
380.606	610.5
380.831	604.5
381.057	603.5
381.282	604.5
381.507	578.5
381.733	606.5
381.958	590.5
382.184	606.5
382.409	614.5
382.634	610.5
382.86	608.5
383.085	628.5
383.31	627.5
383.535	628.5
383.761	642.5
383.986	656.5
384.211	653.5
384.436	668.5
384.662	653.5
384.887	675.5
385.112	651.5
385.337	686.5
385.562	693.5
385.787	696.5
386.013	686.5
386.238	706.5
386.463	704.5
386.688	718.5
386.913	690.5
387.138	677.5
387.363	681.5
387.588	683.5
387.813	692.5
388.038	671.5
388.263	659.5
388.488	687.5
388.713	709.5
388.938	708.5
389.163	703.5
389.387	652.5
389.612	664.5
389.837	667.5
390.062	663.5
390.287	656.5
390.512	671.5
390.736	697.5
390.961	701.5
391.186	707.5
391.411	709.5
391.636	727.5
391.86	729.5
392.085	741.5
392.31	739.5
392.534	730.5
392.759	731.5
392.984	716.5
393.208	690.5
393.433	720.5
393.658	738.5
393.882	731.5
394.107	701.5
394.331	737.5
394.556	737.5
394.78	741.5
395.005	725.5
395.229	728.5
395.454	764.5
395.678	744.5
395.903	753.5
396.127	750.5
396.352	775.5
396.576	717.5
396.801	744.5
397.025	727.5
397.249	732.5
397.474	775.5
397.698	755.5
397.922	792.5
398.147	765.5
398.371	821.5
398.595	806.5
398.82	830.5
399.044	891.5
399.268	935.5
399.492	1042.5
399.717	1179.5
399.941	1162.5
400.165	1085.5
400.389	1010.5
400.613	957.5
400.837	897.5
401.062	853.5
401.286	875.5
401.51	860.5
401.734	864.5
401.958	876.5
402.182	879.5
402.406	903.5
402.63	910.5
402.854	924.5
403.078	948.5
403.302	977.5
403.526	947.5
403.75	958.5
403.974	979.5
404.198	967.5
404.422	1014.5
404.645	1046.5
404.869	1056.5
405.093	1168.5
405.317	1239.5
405.541	1246.5
405.765	1133.5
405.988	1043.5
406.212	1077.5
406.436	1075.5
406.66	1088.5
406.883	1063.5
407.107	1098.5
407.331	1154.5
407.555	1187.5
407.778	1161.5
408.002	1095.5
408.226	1025.5
408.449	1034.5
408.673	1017.5
408.896	1055.5
409.12	1085.5
409.344	1043.5
409.567	1004.5
409.791	1009.5
410.014	1007.5
410.238	981.5
410.461	963.5
410.685	996.5
410.908	998.5
411.132	974.5
411.355	1021.5
411.578	1008.5
411.802	963.5
412.025	1031.5
412.249	1048.5
412.472	1179.5
412.695	1259.5
412.919	1181.5
413.142	1103.5
413.365	1084.5
413.589	1026.5
413.812	973.5
414.035	968.5
414.258	950.5
414.482	990.5
414.705	956.5
414.928	913.5
415.151	935.5
415.374	914.5
415.597	894.5
415.821	881.5
416.044	894.5
416.267	888.5
416.49	925.5
416.713	941.5
416.936	915.5
417.159	899.5
417.382	905.5
417.605	946.5
417.828	975.5
418.051	982.5
418.274	955.5
418.497	909.5
418.72	925.5
418.943	926.5
419.166	963.5
419.389	1059.5
419.611	1033.5
419.834	1026.5
420.057	1055.5
420.28	1159.5
420.503	1148.5
420.726	1063.5
420.948	1072.5
421.171	1023.5
421.394	1020.5
421.617	990.5
421.839	953.5
422.062	958.5
422.285	973.5
422.507	1042.5
422.73	1080.5
422.953	1031.5
423.175	993.5
423.398	961.5
423.621	980.5
423.843	1007.5
424.066	1008.5
424.288	998.5
424.511	1041.5
424.733	1059.5
424.956	1079.5
425.178	1042.5
425.401	1036.5
425.623	1062.5
425.846	983.5
426.068	970.5
426.291	924.5
426.513	921.5
426.735	920.5
426.958	962.5
427.18	1022.5
427.402	1169.5
427.625	1287.5
427.847	1248.5
428.069	1237.5
428.292	1121.5
428.514	953.5
428.736	929.5
428.958	933.5
429.181	905.5
429.403	846.5
429.625	902.5
429.847	913.5
430.069	962.5
430.292	918.5
430.514	888.5
430.736	901.5
430.958	859.5
431.18	865.5
431.402	858.5
431.624	872.5
431.846	859.5
432.068	847.5
432.29	850.5
432.512	847.5
432.734	859.5
432.956	852.5
433.178	875.5
433.4	869.5
433.622	879.5
433.844	893.5
434.066	842.5
434.287	871.5
434.509	864.5
434.731	905.5
434.953	926.5
435.175	943.5
435.397	950.5
435.618	936.5
435.84	947.5
436.062	1007.5
436.284	1048.5
436.505	956.5
436.727	939.5
436.949	912.5
437.17	867.5
437.392	885.5
437.614	879.5
437.835	887.5
438.057	969.5
438.278	1084.5
438.5	1053.5
438.721	1178.5
438.943	1073.5
439.165	947.5
439.386	927.5
439.608	949.5
439.829	919.5
440.05	959.5
440.272	1013.5
440.493	960.5
440.715	911.5
440.936	905.5
441.158	906.5
441.379	945.5
441.6	961.5
441.822	998.5
442.043	1017.5
442.264	1076.5
442.486	1092.5
442.707	993.5
442.928	974.5
443.149	975.5
443.371	991.5
443.592	1010.5
443.813	1149.5
444.034	1172.5
444.255	1032.5
444.476	1045.5
444.698	1069.5
444.919	1079.5
445.14	1187.5
445.361	1079.5
445.582	1039.5
445.803	1080.5
446.024	1140.5
446.245	1138.5
446.466	1069.5
446.687	969.5
446.908	930.5
447.129	881.5
447.35	867.5
447.571	882.5
447.792	863.5
448.013	858.5
448.234	884.5
448.455	915.5
448.675	1025.5
448.896	1116.5
449.117	979.5
449.338	981.5
449.559	1095.5
449.779	1138.5
450	982.5
450.221	900.5
450.442	872.5
450.662	847.5
450.883	855.5
451.104	889.5
451.324	872.5
451.545	848.5
451.766	829.5
451.986	828.5
452.207	822.5
452.428	815.5
452.648	779.5
452.869	817.5
453.089	817.5
453.31	836.5
453.53	799.5
453.751	769.5
453.971	776.5
454.192	813.5
454.412	811.5
454.633	805.5
454.853	804.5
455.073	787.5
455.294	791.5
455.514	853.5
455.734	844.5
455.955	773.5
456.175	761.5
456.395	733.5
456.616	739.5
456.836	757.5
457.056	735.5
457.276	743.5
457.497	744.5
457.717	744.5
457.937	742.5
458.157	738.5
458.377	789.5
458.598	835.5
458.818	887.5
459.038	945.5
459.258	966.5
459.478	887.5
459.698	865.5
459.918	860.5
460.138	921.5
460.358	927.5
460.578	958.5
460.798	911.5
461.018	935.5
461.238	945.5
461.458	924.5
461.678	944.5
461.898	943.5
462.118	937.5
462.338	977.5
462.558	1006.5
462.777	1029.5
462.997	1085.5
463.217	1171.5
463.437	1170.5
463.657	1109.5
463.876	1042.5
464.096	1073.5
464.316	1044.5
464.536	1093.5
464.755	1055.5
464.975	1033.5
465.195	1047.5
465.414	1110.5
465.634	952.5
465.854	926.5
466.073	891.5
466.293	862.5
466.512	855.5
466.732	875.5
466.951	836.5
467.171	840.5
467.391	890.5
467.61	911.5
467.829	947.5
468.049	1122.5
468.268	1509.5
468.488	1221.5
468.707	999.5
468.927	925.5
469.146	906.5
469.365	905.5
469.585	872.5
469.804	883.5
470.023	915.5
470.243	913.5
470.462	930.5
470.681	960.5
470.901	954.5
471.12	931.5
471.339	924.5
471.558	956.5
471.777	983.5
471.997	1056.5
472.216	1481.5
472.435	2728.5
472.654	2159.5
472.873	1467.5
473.092	1229.5
473.311	1116.5
473.53	1041.5
473.749	973.5
473.968	1002.5
474.187	1079.5
474.406	1046.5
474.625	968.5
474.844	891.5
475.063	890.5
475.282	893.5
475.501	890.5
475.72	915.5
475.939	912.5
476.158	905.5
476.377	901.5
476.596	896.5
476.814	910.5
477.033	949.5
477.252	943.5
477.471	940.5
477.69	932.5
477.908	982.5
478.127	990.5
478.346	1014.5
478.564	1009.5
478.783	1039.5
479.002	1081.5
479.22	1048.5
479.439	1071.5
479.658	1113.5
479.876	1123.5
480.095	1142.5
480.313	1203.5
480.532	1262.5
480.751	1361.5
480.969	1714.5
481.188	3604.5
481.406	4704.5
481.624	2616.5
481.843	1883.5
482.061	1591.5
482.28	1453.5
482.498	1324.5
482.717	1263.5
482.935	1203.5
483.153	1163.5
483.372	1181.5
483.59	1161.5
483.808	1164.5
484.027	1138.5
484.245	1137.5
484.463	1127.5
484.681	1135.5
484.9	1141.5
485.118	1111.5
485.336	1093.5
485.554	1104.5
485.772	1124.5
485.99	1136.5
486.209	1137.5
486.427	1139.5
486.645	1101.5
486.863	1144.5
487.081	1153.5
487.299	1138.5
487.517	1161.5
487.735	1126.5
487.953	1151.5
488.171	1121.5
488.389	1133.5
488.607	1128.5
488.825	1139.5
489.043	1125.5
489.261	1136.5
489.479	1144.5
489.696	1155.5
489.914	1182.5
490.132	1220.5
490.35	1213.5
490.568	1247.5
490.786	1302.5
491.003	1315.5
491.221	1341.5
491.439	1410.5
491.657	1439.5
491.874	1480.5
492.092	1475.5
492.31	1480.5
492.527	1527.5
492.745	1565.5
492.963	1557.5
493.18	1536.5
493.398	1527.5
493.615	1525.5
493.833	1498.5
494.05	1423.5
494.268	1430.5
494.485	1437.5
494.703	1375.5
494.92	1390.5
495.138	1355.5
495.355	1341.5
495.573	1348.5
495.79	1336.5
496.008	1329.5
496.225	1297.5
496.442	1291.5
496.66	1299.5
496.877	1281.5
497.094	1321.5
497.312	1335.5
497.529	1306.5
497.746	1355.5
497.963	1368.5
498.181	1387.5
498.398	1417.5
498.615	1432.5
498.832	1462.5
499.049	1551.5
499.267	1613.5
499.484	1755.5
499.701	1841.5
499.918	1991.5
500.135	2195.5
500.352	2402.5
500.569	2509.5
500.786	2510.5
501.003	2362.5
501.22	2144.5
501.437	1963.5
501.654	1838.5
501.871	1703.5
502.088	1606.5
502.305	1497.5
502.522	1464.5
502.739	1420.5
502.956	1348.5
503.172	1310.5
503.389	1311.5
503.606	1267.5
503.823	1254.5
504.04	1231.5
504.256	1211.5
504.473	1253.5
504.69	1272.5
504.907	1254.5
505.123	1185.5
505.34	1146.5
505.557	1109.5
505.773	1097.5
505.99	1103.5
506.207	1081.5
506.423	1088.5
506.64	1062.5
506.856	1074.5
507.073	1019.5
507.289	1039.5
507.506	1045.5
507.722	1038.5
507.939	1089.5
508.155	1043.5
508.372	1003.5
508.588	1033.5
508.805	997.5
509.021	1020.5
509.238	1015.5
509.454	977.5
509.67	988.5
509.887	989.5
510.103	983.5
510.319	991.5
510.536	1163.5
510.752	2106.5
510.968	1583.5
511.184	1027.5
511.401	1045.5
511.617	1059.5
511.833	1131.5
512.049	1135.5
512.265	1113.5
512.481	1060.5
512.698	1021.5
512.914	990.5
513.13	1004.5
513.346	1004.5
513.562	961.5
513.778	1008.5
513.994	996.5
514.21	1038.5
514.426	1045.5
514.642	1102.5
514.858	1099.5
515.074	1176.5
515.29	1407.5
515.506	1973.5
515.721	1573.5
515.937	1184.5
516.153	1102.5
516.369	1067.5
516.585	1071.5
516.801	1078.5
517.016	1095.5
517.232	1143.5
517.448	1143.5
517.664	1171.5
517.879	1155.5
518.095	1156.5
518.311	1121.5
518.527	1120.5
518.742	1085.5
518.958	1056.5
519.173	1037.5
519.389	1039.5
519.605	1037.5
519.82	1004.5
520.036	1024.5
520.251	1052.5
520.467	1052.5
520.682	1047.5
520.898	1035.5
521.113	1069.5
521.329	1120.5
521.544	1257.5
521.76	1494.5
521.975	2519.5
522.19	2316.5
522.406	1347.5
522.621	1079.5
522.836	1020.5
523.052	963.5
523.267	928.5
523.482	904.5
523.698	913.5
523.913	891.5
524.128	893.5
524.343	871.5
524.559	889.5
524.774	872.5
524.989	856.5
525.204	871.5
525.419	899.5
525.634	875.5
525.849	840.5
526.064	858.5
526.28	838.5
526.495	831.5
526.71	841.5
526.925	814.5
527.14	805.5
527.355	801.5
527.57	811.5
527.785	825.5
527.999	797.5
528.214	808.5
528.429	818.5
528.644	843.5
528.859	841.5
529.074	843.5
529.289	880.5
529.503	934.5
529.718	944.5
529.933	872.5
530.148	838.5
530.363	832.5
530.577	839.5
530.792	792.5
531.007	787.5
531.221	801.5
531.436	809.5
531.651	812.5
531.865	785.5
532.08	817.5
532.295	773.5
532.509	808.5
532.724	806.5
532.938	781.5
533.153	795.5
533.367	808.5
533.582	819.5
533.796	779.5
534.011	798.5
534.225	790.5
534.44	761.5
534.654	771.5
534.868	762.5
535.083	786.5
535.297	753.5
535.511	775.5
535.726	764.5
535.94	811.5
536.154	764.5
536.369	757.5
536.583	726.5
536.797	733.5
537.011	751.5
537.225	740.5
537.44	750.5
537.654	750.5
537.868	728.5
538.082	728.5
538.296	725.5
538.51	735.5
538.724	734.5
538.938	713.5
539.153	728.5
539.367	748.5
539.581	740.5
539.795	727.5
540.009	728.5
540.222	718.5
540.436	735.5
540.65	731.5
540.864	728.5
541.078	747.5
541.292	753.5
541.506	742.5
541.72	747.5
541.934	699.5
542.147	757.5
542.361	736.5
542.575	743.5
542.789	707.5
543.002	713.5
543.216	716.5
543.43	730.5
543.644	707.5
543.857	718.5
544.071	717.5
544.285	739.5
544.498	735.5
544.712	729.5
544.925	710.5
545.139	729.5
545.352	723.5
545.566	762.5
545.779	731.5
545.993	727.5
546.206	718.5
546.42	720.5
546.633	701.5
546.847	723.5
547.06	719.5
547.274	704.5
547.487	737.5
547.7	724.5
547.914	734.5
548.127	734.5
548.34	735.5
548.554	705.5
548.767	712.5
548.98	737.5
549.193	724.5
549.407	725.5
549.62	698.5
549.833	734.5
550.046	724.5
550.259	703.5
550.473	685.5
550.686	693.5
550.899	686.5
551.112	700.5
551.325	690.5
551.538	692.5
551.751	674.5
551.964	691.5
552.177	687.5
552.39	711.5
552.603	699.5
552.816	695.5
553.029	761.5
553.242	751.5
553.455	767.5
553.667	791.5
553.88	757.5
554.093	756.5
554.306	722.5
554.519	730.5
554.732	691.5
554.944	701.5
555.157	691.5
555.37	679.5
555.583	654.5
555.795	676.5
556.008	690.5
556.221	629.5
556.433	653.5
556.646	662.5
556.859	659.5
557.071	647.5
557.284	613.5
557.496	615.5
557.709	633.5
557.921	631.5
558.134	647.5
558.346	623.5
558.559	630.5
558.771	611.5
558.984	613.5
559.196	570.5
559.409	609.5
559.621	598.5
559.833	600.5
560.046	613.5
560.258	598.5
560.47	632.5
560.683	627.5
560.895	605.5
561.107	584.5
561.32	596.5
561.532	604.5
561.744	583.5
561.956	615.5
562.168	576.5
562.381	592.5
562.593	602.5
562.805	607.5
563.017	604.5
563.229	589.5
563.441	577.5
563.653	587.5
563.865	589.5
564.077	592.5
564.289	613.5
564.501	588.5
564.713	603.5
564.925	630.5
565.137	639.5
565.349	626.5
565.561	629.5
565.773	662.5
565.985	672.5
566.197	694.5
566.408	717.5
566.62	753.5
566.832	792.5
567.044	825.5
567.255	822.5
567.467	836.5
567.679	863.5
567.891	913.5
568.102	915.5
568.314	857.5
568.526	795.5
568.737	733.5
568.949	716.5
569.161	662.5
569.372	649.5
569.584	589.5
569.795	589.5
570.007	589.5
570.218	647.5
570.43	599.5
570.641	568.5
570.853	560.5
571.064	590.5
571.276	579.5
571.487	559.5
571.698	566.5
571.91	530.5
572.121	513.5
572.333	515.5
572.544	494.5
572.755	501.5
572.966	512.5
573.178	506.5
573.389	507.5
573.6	507.5
573.811	477.5
574.023	474.5
574.234	479.5
574.445	480.5
574.656	455.5
574.867	478.5
575.078	457.5
575.289	457.5
575.501	476.5
575.712	454.5
575.923	456.5
576.134	462.5
576.345	477.5
576.556	489.5
576.767	466.5
576.978	463.5
577.188	435.5
577.399	445.5
577.61	475.5
577.821	456.5
578.032	478.5
578.243	495.5
578.454	752.5
578.665	583.5
578.875	461.5
579.086	433.5
579.297	425.5
579.508	427.5
579.718	445.5
579.929	408.5
580.14	392.5
580.35	431.5
580.561	423.5
580.772	439.5
580.982	420.5
581.193	416.5
581.403	415.5
581.614	422.5
581.825	418.5
582.035	413.5
582.246	424.5
582.456	421.5
582.667	418.5
582.877	410.5
583.087	426.5
583.298	404.5
583.508	403.5
583.719	407.5
583.929	389.5
584.139	412.5
584.35	406.5
584.56	379.5
584.77	397.5
584.981	389.5
585.191	383.5
585.401	392.5
585.611	408.5
585.821	380.5
586.032	403.5
586.242	402.5
586.452	393.5
586.662	385.5
586.872	376.5
587.082	404.5
587.292	376.5
587.502	388.5
587.713	393.5
587.923	407.5
588.133	397.5
588.343	377.5
588.553	386.5
588.762	375.5
588.972	392.5
589.182	390.5
589.392	401.5
589.602	423.5
589.812	421.5
590.022	414.5
590.232	401.5
590.441	393.5
590.651	385.5
590.861	398.5
591.071	389.5
591.281	390.5
591.49	405.5
591.7	395.5
591.91	407.5
592.119	412.5
592.329	381.5
592.539	422.5
592.748	434.5
592.958	445.5
593.167	442.5
593.377	448.5
593.587	451.5
593.796	441.5
594.006	472.5
594.215	444.5
594.424	453.5
594.634	445.5
594.843	438.5
595.053	416.5
595.262	415.5
595.472	394.5
595.681	410.5
595.89	370.5
596.1	370.5
596.309	356.5
596.518	381.5
596.727	381.5
596.937	368.5
597.146	384.5
597.355	348.5
597.564	362.5
597.774	353.5
597.983	364.5
598.192	358.5
598.401	347.5
598.61	358.5
598.819	338.5
599.028	355.5
599.237	350.5
599.446	321.5
599.655	330.5
599.864	345.5
600.073	335.5
600.282	324.5
600.491	367.5
600.7	339.5
600.909	366.5
601.118	341.5
601.327	327.5
601.536	351.5
601.745	352.5
601.953	337.5
602.162	337.5
602.371	347.5
602.58	334.5
602.789	345.5
602.997	357.5
603.206	354.5
603.415	349.5
603.623	366.5
603.832	324.5
604.041	333.5
604.249	337.5
604.458	328.5
604.666	337.5
604.875	322.5
605.084	310.5
605.292	336.5
605.501	337.5
605.709	364.5
605.918	339.5
606.126	307.5
606.334	329.5
606.543	338.5
606.751	326.5
606.96	317.5
607.168	329.5
607.376	336.5
607.585	318.5
607.793	328.5
608.001	331.5
608.21	332.5
608.418	319.5
608.626	333.5
608.834	327.5
609.043	328.5
609.251	341.5
609.459	320.5
609.667	323.5
609.875	341.5
610.083	332.5
610.291	325.5
610.499	344.5
610.707	323.5
610.916	338.5
611.124	332.5
611.332	316.5
611.54	324.5
611.748	323.5
611.955	323.5
612.163	328.5
612.371	315.5
612.579	330.5
612.787	315.5
612.995	309.5
613.203	333.5
613.411	313.5
613.618	295.5
613.826	307.5
614.034	317.5
614.242	311.5
614.449	300.5
614.657	300.5
614.865	308.5
615.072	301.5
615.28	299.5
615.488	329.5
615.695	321.5
615.903	302.5
616.111	295.5
616.318	310.5
616.526	311.5
616.733	309.5
616.941	306.5
617.148	333.5
617.356	303.5
617.563	315.5
617.771	315.5
617.978	305.5
618.185	317.5
618.393	308.5
618.6	285.5
618.807	304.5
619.015	287.5
619.222	297.5
619.429	297.5
619.637	295.5
619.844	283.5
620.051	291.5
620.258	285.5
620.466	284.5
620.673	272.5
620.88	294.5
621.087	287.5
621.294	305.5
621.501	261.5
621.708	273.5
621.915	287.5
622.122	273.5
622.329	282.5
622.536	300.5
622.743	288.5
622.95	263.5
623.157	268.5
623.364	287.5
623.571	259.5
623.778	265.5
623.985	271.5
624.192	282.5
624.399	294.5
624.606	259.5
624.812	279.5
625.019	255.5
625.226	246.5
625.433	271.5
625.639	272.5
625.846	255.5
626.053	261.5
626.259	265.5
626.466	247.5
626.673	260.5
626.879	255.5
627.086	254.5
627.293	257.5
627.499	256.5
627.706	272.5
627.912	265.5
628.119	260.5
628.325	255.5
628.532	256.5
628.738	257.5
628.945	242.5
629.151	235.5
629.357	244.5
629.564	242.5
629.77	237.5
629.976	230.5
630.183	253.5
630.389	249.5
630.595	249.5
630.802	244.5
631.008	242.5
631.214	236.5
631.42	232.5
631.627	231.5
631.833	251.5
632.039	241.5
632.245	232.5
632.451	247.5
632.657	239.5
632.863	234.5
633.069	241.5
633.275	228.5
633.481	239.5
633.688	229.5
633.893	231.5
634.099	229.5
634.305	238.5
634.511	228.5
634.717	211.5
634.923	242.5
635.129	245.5
635.335	244.5
635.541	231.5
635.747	256.5
635.952	242.5
636.158	259.5
636.364	347.5
636.57	394.5
636.775	333.5
636.981	297.5
637.187	277.5
637.392	270.5
637.598	264.5
637.804	255.5
638.009	258.5
638.215	244.5
638.421	230.5
638.626	215.5
638.832	224.5
639.037	241.5
639.243	224.5
639.448	221.5
639.654	214.5
639.859	221.5
640.065	220.5
640.27	208.5
640.475	202.5
640.681	214.5
640.886	208.5
641.091	205.5
641.297	228.5
641.502	212.5
641.707	209.5
641.913	202.5
642.118	219.5
642.323	203.5
642.528	206.5
642.733	207.5
642.939	208.5
643.144	199.5
643.349	210.5
643.554	199.5
643.759	201.5
643.964	199.5
644.169	220.5
644.374	201.5
644.579	202.5
644.784	221.5
644.989	210.5
645.194	206.5
645.399	190.5
645.604	206.5
645.809	207.5
646.014	190.5
646.219	220.5
646.423	194.5
646.628	212.5
646.833	215.5
647.038	200.5
647.243	203.5
647.447	225.5
647.652	208.5
647.857	194.5
648.062	205.5
648.266	202.5
648.471	216.5
648.676	222.5
648.88	224.5
649.085	211.5
649.289	217.5
649.494	207.5
649.698	231.5
649.903	230.5
650.107	185.5
650.312	203.5
650.516	183.5
650.721	184.5
650.925	188.5
651.13	180.5
651.334	174.5
651.539	160.5
651.743	171.5
651.947	182.5
652.152	182.5
652.356	160.5
652.56	175.5
652.764	164.5
652.969	152.5
653.173	157.5
653.377	159.5
653.581	166.5
653.785	145.5
653.99	153.5
654.194	159.5
654.398	164.5
654.602	174.5
654.806	150.5
655.01	168.5
655.214	163.5
655.418	150.5
655.622	161.5
655.826	146.5
656.03	156.5
656.234	173.5
656.438	162.5
656.642	172.5
656.846	168.5
657.049	145.5
657.253	127.5
657.457	140.5
657.661	131.5
657.865	131.5
658.068	127.5
658.272	119.5
658.476	127.5
658.68	117.5
658.883	107.5
659.087	110.5
659.291	121.5
659.494	122.5
659.698	101.5
659.901	112.5
660.105	100.5
660.309	105.5
660.512	103.5
660.716	110.5
660.919	112.5
661.123	100.5
661.326	95.5
661.53	111.5
661.733	99.5
661.936	92.5
662.14	95.5
662.343	98.5
662.546	90.5
662.75	80.5
662.953	78.5
663.156	82.5
663.36	90.5
663.563	96.5
663.766	93.5
663.969	93.5
664.173	83.5
664.376	88.5
664.579	99.5
664.782	96.5
664.985	75.5
665.188	84.5
665.391	87.5
665.594	87.5
665.797	88.5
666	93.5
666.203	92.5
666.406	96.5
666.609	87.5
666.812	87.5
667.015	98.5
667.218	95.5
667.421	82.5
667.624	78.5
667.827	71.5
668.03	71.5
668.232	81.5
668.435	92.5
668.638	87.5
668.841	90.5
669.043	82.5
669.246	79.5
669.449	78.5
669.651	96.5
669.854	85.5
670.057	67.5
670.259	79.5
670.462	86.5
670.665	81.5
670.867	85.5
671.07	80.5
671.272	82.5
671.475	85.5
671.677	85.5
671.88	67.5
672.082	86.5
672.284	81.5
672.487	83.5
672.689	77.5
672.892	89.5
