223.165	-15.31
223.4	-15.31
223.635	-15.31
223.869	-29.31
224.104	-8.31
224.338	-16.31
224.573	-27.31
224.808	-20.31
225.042	1.69
225.277	-0.31
225.511	0.69
225.746	-4.31
225.98	-6.31
226.215	20.69
226.449	15.69
226.683	23.69
226.918	21.69
227.152	43.69
227.387	20.69
227.621	26.69
227.856	44.69
228.09	48.69
228.324	49.69
228.559	51.69
228.793	76.69
229.027	122.69
229.262	116.69
229.496	125.69
229.73	129.69
229.964	138.69
230.199	143.69
230.433	123.69
230.667	126.69
230.901	137.69
231.136	118.69
231.37	108.69
231.604	137.69
231.838	115.69
232.072	135.69
232.306	122.69
232.541	133.69
232.775	132.69
233.009	138.69
233.243	142.69
233.477	135.69
233.711	147.69
233.945	127.69
234.179	138.69
234.413	141.69
234.647	149.69
234.881	152.69
235.115	131.69
235.349	137.69
235.583	136.69
235.817	145.69
236.051	139.69
236.285	152.69
236.519	140.69
236.753	156.69
236.987	180.69
237.221	204.69
237.455	224.69
237.689	181.69
237.922	162.69
238.156	171.69
238.39	169.69
238.624	158.69
238.858	165.69
239.091	150.69
239.325	158.69
239.559	155.69
239.793	161.69
240.027	153.69
240.26	177.69
240.494	177.69
240.728	195.69
240.961	184.69
241.195	158.69
241.429	183.69
241.662	163.69
241.896	177.69
242.13	179.69
242.363	163.69
242.597	173.69
242.83	168.69
243.064	168.69
243.298	191.69
243.531	195.69
243.765	178.69
243.998	181.69
244.232	190.69
244.465	176.69
244.699	184.69
244.932	192.69
245.166	200.69
245.399	198.69
245.633	190.69
245.866	179.69
246.099	207.69
246.333	198.69
246.566	205.69
246.8	208.69
247.033	193.69
247.266	204.69
247.5	218.69
247.733	210.69
247.966	205.69
248.2	231.69
248.433	223.69
248.666	200.69
248.899	238.69
249.133	260.69
249.366	274.69
249.599	276.69
249.832	272.69
250.066	285.69
250.299	328.69
250.532	373.69
250.765	431.69
250.998	392.69
251.231	350.69
251.465	320.69
251.698	299.69
251.931	289.69
252.164	278.69
252.397	279.69
252.63	271.69
252.863	280.69
253.096	265.69
253.329	300.69
253.562	295.69
253.795	278.69
254.028	284.69
254.261	274.69
254.494	296.69
254.727	304.69
254.96	326.69
255.193	343.69
255.426	349.69
255.659	375.69
255.892	481.69
256.124	646.69
256.357	687.69
256.59	540.69
256.823	447.69
257.056	388.69
257.289	363.69
257.521	345.69
257.754	336.69
257.987	336.69
258.22	314.69
258.452	305.69
258.685	325.69
258.918	301.69
259.151	299.69
259.383	298.69
259.616	288.69
259.849	314.69
260.081	316.69
260.314	311.69
260.547	312.69
260.779	297.69
261.012	305.69
261.244	297.69
261.477	303.69
261.71	289.69
261.942	283.69
262.175	313.69
262.407	305.69
262.64	291.69
262.872	297.69
263.105	288.69
263.337	287.69
263.57	280.69
263.802	289.69
264.035	289.69
264.267	269.69
264.499	287.69
264.732	264.69
264.964	293.69
265.197	291.69
265.429	288.69
265.661	301.69
265.894	302.69
266.126	292.69
266.358	288.69
266.591	289.69
266.823	297.69
267.055	328.69
267.287	311.69
267.52	291.69
267.752	312.69
267.984	297.69
268.216	309.69
268.448	318.69
268.681	302.69
268.913	308.69
269.145	298.69
269.377	316.69
269.609	332.69
269.841	333.69
270.073	305.69
270.306	329.69
270.538	350.69
270.77	329.69
271.002	350.69
271.234	340.69
271.466	350.69
271.698	352.69
271.93	351.69
272.162	365.69
272.394	377.69
272.626	360.69
272.858	344.69
273.09	341.69
273.322	345.69
273.553	346.69
273.785	347.69
274.017	354.69
274.249	343.69
274.481	343.69
274.713	354.69
274.945	355.69
275.176	355.69
275.408	351.69
275.64	356.69
275.872	382.69
276.104	370.69
276.335	366.69
276.567	379.69
276.799	387.69
277.031	429.69
277.262	436.69
277.494	425.69
277.726	435.69
277.957	397.69
278.189	397.69
278.421	379.69
278.652	374.69
278.884	377.69
279.115	367.69
279.347	392.69
279.579	383.69
279.81	385.69
280.042	403.69
280.273	453.69
280.505	445.69
280.736	423.69
280.968	389.69
281.199	383.69
281.431	375.69
281.662	385.69
281.894	400.69
282.125	396.69
282.356	404.69
282.588	418.69
282.819	431.69
283.051	386.69
283.282	383.69
283.513	389.69
283.745	395.69
283.976	365.69
284.207	372.69
284.439	369.69
284.67	387.69
284.901	368.69
285.132	369.69
285.364	397.69
285.595	349.69
285.826	353.69
286.057	363.69
286.288	359.69
286.52	379.69
286.751	409.69
286.982	370.69
287.213	388.69
287.444	386.69
287.675	386.69
287.906	397.69
288.138	391.69
288.369	392.69
288.6	387.69
288.831	408.69
289.062	376.69
289.293	396.69
289.524	391.69
289.755	370.69
289.986	380.69
290.217	379.69
290.448	388.69
290.679	394.69
290.91	411.69
291.141	390.69
291.371	385.69
291.602	399.69
291.833	386.69
292.064	400.69
292.295	390.69
292.526	395.69
292.757	379.69
292.987	377.69
293.218	359.69
293.449	396.69
293.68	403.69
293.91	378.69
294.141	367.69
294.372	380.69
294.603	388.69
294.833	384.69
295.064	398.69
295.295	396.69
295.525	386.69
295.756	406.69
295.987	397.69
296.217	439.69
296.448	448.69
296.679	385.69
296.909	402.69
297.14	388.69
297.37	392.69
297.601	397.69
297.831	388.69
298.062	397.69
298.292	405.69
298.523	401.69
298.753	430.69
298.984	429.69
299.214	429.69
299.445	400.69
299.675	427.69
299.905	415.69
300.136	421.69
300.366	426.69
300.597	402.69
300.827	436.69
301.057	445.69
301.288	456.69
301.518	449.69
301.748	441.69
301.979	459.69
302.209	422.69
302.439	439.69
302.669	448.69
302.9	422.69
303.13	426.69
303.36	431.69
303.59	465.69
303.82	479.69
304.051	482.69
304.281	455.69
304.511	455.69
304.741	434.69
304.971	420.69
305.201	436.69
305.431	443.69
305.661	428.69
305.891	441.69
306.121	436.69
306.352	449.69
306.582	455.69
306.812	444.69
307.042	436.69
307.272	471.69
307.502	501.69
307.731	502.69
307.961	470.69
308.191	454.69
308.421	448.69
308.651	441.69
308.881	435.69
309.111	435.69
309.341	461.69
309.571	482.69
309.8	471.69
310.03	480.69
310.26	493.69
310.49	477.69
310.72	471.69
310.949	505.69
311.179	495.69
311.409	480.69
311.639	505.69
311.868	493.69
312.098	478.69
312.328	505.69
312.557	525.69
312.787	551.69
313.017	548.69
313.246	509.69
313.476	513.69
313.706	507.69
313.935	497.69
314.165	520.69
314.394	533.69
314.624	515.69
314.853	512.69
315.083	507.69
315.312	498.69
315.542	507.69
315.771	483.69
316.001	527.69
316.23	510.69
316.46	483.69
316.689	512.69
316.919	510.69
317.148	513.69
317.377	517.69
317.607	504.69
317.836	509.69
318.065	501.69
318.295	491.69
318.524	510.69
318.753	496.69
318.983	492.69
319.212	505.69
319.441	521.69
319.67	535.69
319.9	502.69
320.129	519.69
320.358	517.69
320.587	535.69
320.816	547.69
321.046	555.69
321.275	555.69
321.504	537.69
321.733	537.69
321.962	566.69
322.191	583.69
322.42	587.69
322.649	634.69
322.878	603.69
323.108	599.69
323.337	657.69
323.566	693.69
323.795	747.69
324.024	787.69
324.253	928.69
324.482	1359.69
324.71	2021.69
324.939	2803.69
325.168	2260.69
325.397	1250.69
325.626	916.69
325.855	841.69
326.084	788.69
326.313	773.69
326.542	763.69
326.77	837.69
326.999	1018.69
327.228	1316.69
327.457	2002.69
327.686	2297.69
327.914	1647.69
328.143	1381.69
328.372	1490.69
328.6	1305.69
328.829	1059.69
329.058	1013.69
329.287	1032.69
329.515	1032.69
329.744	1133.69
329.972	1362.69
330.201	1887.69
330.43	2313.69
330.658	1876.69
330.887	1295.69
331.115	1071.69
331.344	955.69
331.572	889.69
331.801	895.69
332.03	891.69
332.258	868.69
332.486	842.69
332.715	873.69
332.943	924.69
333.172	950.69
333.4	990.69
333.629	1112.69
333.857	1249.69
334.085	1532.69
334.314	2051.69
334.542	2786.69
334.771	2988.69
334.999	1902.69
335.227	1293.69
335.455	1108.69
335.684	952.69
335.912	901.69
336.14	855.69
336.369	798.69
336.597	815.69
336.825	786.69
337.053	767.69
337.281	738.69
337.51	724.69
337.738	690.69
337.966	670.69
338.194	700.69
338.422	680.69
338.65	639.69
338.878	652.69
339.106	635.69
339.334	635.69
339.562	636.69
339.79	631.69
340.018	631.69
340.246	628.69
340.474	637.69
340.702	611.69
340.93	600.69
341.158	593.69
341.386	623.69
341.614	627.69
341.842	622.69
342.07	619.69
342.298	600.69
342.526	597.69
342.754	577.69
342.981	594.69
343.209	577.69
343.437	611.69
343.665	635.69
343.893	659.69
344.12	683.69
344.348	641.69
344.576	645.69
344.804	621.69
345.031	656.69
345.259	637.69
345.487	617.69
345.714	612.69
345.942	613.69
346.17	606.69
346.397	597.69
346.625	597.69
346.853	601.69
347.08	579.69
347.308	633.69
347.535	621.69
347.763	627.69
347.99	609.69
348.218	620.69
348.445	612.69
348.673	604.69
348.9	619.69
349.128	599.69
349.355	590.69
349.583	601.69
349.81	557.69
350.037	564.69
350.265	564.69
350.492	569.69
350.72	579.69
350.947	579.69
351.174	595.69
351.402	585.69
351.629	608.69
351.856	573.69
352.083	593.69
352.311	599.69
352.538	594.69
352.765	603.69
352.992	592.69
353.22	589.69
353.447	592.69
353.674	570.69
353.901	581.69
354.128	555.69
354.355	562.69
354.583	554.69
354.81	524.69
355.037	572.69
355.264	578.69
355.491	563.69
355.718	558.69
355.945	578.69
356.172	556.69
356.399	581.69
356.626	555.69
356.853	557.69
357.08	546.69
357.307	549.69
357.534	566.69
357.761	559.69
357.988	594.69
358.215	578.69
358.441	580.69
358.668	582.69
358.895	595.69
359.122	610.69
359.349	579.69
359.576	627.69
359.802	625.69
360.029	642.69
360.256	665.69
360.483	651.69
360.709	632.69
360.936	605.69
361.163	626.69
361.39	599.69
361.616	585.69
361.843	594.69
362.07	608.69
362.296	603.69
362.523	584.69
362.749	614.69
362.976	591.69
363.203	568.69
363.429	580.69
363.656	585.69
363.882	599.69
364.109	576.69
364.335	593.69
364.562	574.69
364.788	594.69
365.015	596.69
365.241	585.69
365.468	583.69
365.694	603.69
365.92	603.69
366.147	573.69
366.373	594.69
366.599	593.69
366.826	590.69
367.052	577.69
367.278	605.69
367.505	593.69
367.731	603.69
367.957	605.69
368.184	606.69
368.41	610.69
368.636	619.69
368.862	605.69
369.089	627.69
369.315	612.69
369.541	631.69
369.767	596.69
369.993	606.69
370.219	612.69
370.445	609.69
370.672	606.69
370.898	623.69
371.124	635.69
371.35	634.69
371.576	633.69
371.802	612.69
372.028	601.69
372.254	603.69
372.48	637.69
372.706	637.69
372.932	636.69
373.158	604.69
373.384	645.69
373.61	635.69
373.835	635.69
374.061	618.69
374.287	610.69
374.513	631.69
374.739	641.69
374.965	664.69
375.191	662.69
375.416	672.69
375.642	653.69
375.868	637.69
376.094	630.69
376.319	617.69
376.545	632.69
376.771	637.69
376.997	627.69
377.222	635.69
377.448	609.69
377.674	610.69
377.899	615.69
378.125	629.69
378.35	598.69
378.576	602.69
378.802	605.69
379.027	633.69
379.253	633.69
379.478	599.69
379.704	617.69
379.929	630.69
380.155	620.69
380.38	608.69
380.606	617.69
380.831	613.69
381.057	601.69
381.282	621.69
381.507	623.69
381.733	620.69
381.958	639.69
382.184	647.69
382.409	649.69
382.634	666.69
382.86	635.69
383.085	649.69
383.31	645.69
383.535	658.69
383.761	669.69
383.986	658.69
384.211	655.69
384.436	685.69
384.662	699.69
384.887	707.69
385.112	689.69
385.337	705.69
385.562	702.69
385.787	719.69
386.013	699.69
386.238	709.69
386.463	727.69
386.688	721.69
386.913	699.69
387.138	722.69
387.363	709.69
387.588	706.69
387.813	711.69
388.038	692.69
388.263	679.69
388.488	681.69
388.713	707.69
388.938	693.69
389.163	691.69
389.387	705.69
389.612	690.69
389.837	677.69
390.062	716.69
390.287	711.69
390.512	694.69
390.736	700.69
390.961	725.69
391.186	700.69
391.411	727.69
391.636	789.69
391.86	777.69
392.085	785.69
392.31	775.69
392.534	757.69
392.759	747.69
392.984	736.69
393.208	748.69
393.433	746.69
393.658	769.69
393.882	744.69
394.107	744.69
394.331	723.69
394.556	775.69
394.78	729.69
395.005	773.69
395.229	767.69
395.454	807.69
395.678	800.69
395.903	792.69
396.127	798.69
396.352	773.69
396.576	783.69
396.801	729.69
397.025	752.69
397.249	788.69
397.474	794.69
397.698	779.69
397.922	797.69
398.147	819.69
398.371	839.69
398.595	811.69
398.82	858.69
399.044	908.69
399.268	955.69
399.492	1102.69
399.717	1175.69
399.941	1193.69
400.165	1119.69
400.389	1047.69
400.613	1004.69
400.837	928.69
401.062	916.69
401.286	863.69
401.51	889.69
401.734	893.69
401.958	922.69
402.182	924.69
402.406	938.69
402.63	946.69
402.854	977.69
403.078	975.69
403.302	995.69
403.526	966.69
403.75	1015.69
403.974	1045.69
404.198	1033.69
404.422	1081.69
404.645	1089.69
404.869	1121.69
405.093	1171.69
405.317	1226.69
405.541	1241.69
405.765	1163.69
405.988	1093.69
406.212	1088.69
406.436	1092.69
406.66	1123.69
406.883	1099.69
407.107	1104.69
407.331	1200.69
407.555	1260.69
407.778	1235.69
408.002	1138.69
408.226	1084.69
408.449	1049.69
408.673	1067.69
408.896	1076.69
409.12	1090.69
409.344	1095.69
409.567	1037.69
409.791	1038.69
410.014	1012.69
410.238	1012.69
410.461	1025.69
410.685	996.69
410.908	1013.69
411.132	1036.69
411.355	1040.69
411.578	1038.69
411.802	1025.69
412.025	1043.69
412.249	1069.69
412.472	1165.69
412.695	1244.69
412.919	1228.69
413.142	1139.69
413.365	1081.69
413.589	1049.69
413.812	1025.69
414.035	1005.69
414.258	994.69
414.482	1011.69
414.705	975.69
414.928	970.69
415.151	970.69
415.374	950.69
415.597	954.69
415.821	936.69
416.044	940.69
416.267	956.69
416.49	922.69
416.713	909.69
416.936	926.69
417.159	957.69
417.382	952.69
417.605	962.69
417.828	1029.69
418.051	1023.69
418.274	975.69
418.497	946.69
418.72	967.69
418.943	958.69
419.166	1035.69
419.389	1092.69
419.611	1103.69
419.834	1081.69
420.057	1104.69
420.28	1154.69
420.503	1185.69
420.726	1108.69
420.948	1073.69
421.171	1065.69
421.394	1082.69
421.617	1001.69
421.839	1003.69
422.062	1022.69
422.285	989.69
422.507	1057.69
422.73	1098.69
422.953	1069.69
423.175	1042.69
423.398	1039.69
423.621	1016.69
423.843	988.69
424.066	1014.69
424.288	1047.69
424.511	1041.69
424.733	1103.69
424.956	1102.69
425.178	1093.69
425.401	1085.69
425.623	1104.69
425.846	1042.69
426.068	961.69
426.291	957.69
426.513	973.69
426.735	973.69
426.958	993.69
427.18	1107.69
427.402	1187.69
427.625	1364.69
427.847	1322.69
428.069	1248.69
428.292	1133.69
428.514	1023.69
428.736	969.69
428.958	967.69
429.181	933.69
429.403	916.69
429.625	941.69
429.847	939.69
430.069	998.69
430.292	958.69
430.514	911.69
430.736	884.69
430.958	908.69
431.18	881.69
431.402	889.69
431.624	888.69
431.846	864.69
432.068	899.69
432.29	899.69
432.512	877.69
432.734	921.69
432.956	880.69
433.178	887.69
433.4	894.69
433.622	891.69
433.844	879.69
434.066	877.69
434.287	891.69
434.509	883.69
434.731	935.69
434.953	931.69
435.175	988.69
435.397	995.69
435.618	965.69
435.84	1020.69
436.062	1089.69
436.284	1130.69
436.505	997.69
436.727	948.69
436.949	949.69
437.17	921.69
437.392	900.69
437.614	885.69
437.835	948.69
438.057	1063.69
438.278	1133.69
438.5	1108.69
438.721	1204.69
438.943	1144.69
439.165	1004.69
439.386	943.69
439.608	945.69
439.829	953.69
440.05	997.69
440.272	1026.69
440.493	1004.69
440.715	972.69
440.936	957.69
441.158	969.69
441.379	971.69
441.6	971.69
441.822	1001.69
442.043	1051.69
442.264	1111.69
442.486	1141.69
442.707	1054.69
442.928	997.69
443.149	1035.69
443.371	1048.69
443.592	1096.69
443.813	1179.69
444.034	1231.69
444.255	1103.69
444.476	1045.69
444.698	1088.69
444.919	1117.69
445.14	1195.69
445.361	1091.69
445.582	1073.69
445.803	1117.69
446.024	1165.69
446.245	1183.69
446.466	1120.69
446.687	978.69
446.908	964.69
447.129	937.69
447.35	920.69
447.571	885.69
447.792	889.69
448.013	909.69
448.234	906.69
448.455	948.69
448.675	1084.69
448.896	1179.69
449.117	1007.69
449.338	1028.69
449.559	1118.69
449.779	1239.69
450	1002.69
450.221	923.69
450.442	895.69
450.662	879.69
450.883	891.69
451.104	944.69
451.324	901.69
451.545	876.69
451.766	866.69
451.986	833.69
452.207	842.69
452.428	825.69
452.648	831.69
452.869	800.69
453.089	811.69
453.31	855.69
453.53	829.69
453.751	811.69
453.971	821.69
454.192	869.69
454.412	784.69
454.633	811.69
454.853	797.69
455.073	831.69
455.294	833.69
455.514	878.69
455.734	856.69
455.955	791.69
456.175	787.69
456.395	776.69
456.616	740.69
456.836	772.69
457.056	747.69
457.276	763.69
457.497	744.69
457.717	768.69
457.937	793.69
458.157	785.69
458.377	783.69
458.598	832.69
458.818	913.69
459.038	999.69
459.258	991.69
459.478	915.69
459.698	917.69
459.918	920.69
460.138	933.69
460.358	978.69
460.578	957.69
460.798	993.69
461.018	965.69
461.238	940.69
461.458	939.69
461.678	957.69
461.898	952.69
462.118	990.69
462.338	976.69
462.558	1016.69
462.777	1052.69
462.997	1134.69
463.217	1211.69
463.437	1220.69
463.657	1140.69
463.876	1093.69
464.096	1100.69
464.316	1099.69
464.536	1115.69
464.755	1100.69
464.975	1015.69
465.195	1119.69
465.414	1147.69
465.634	1035.69
465.854	939.69
466.073	935.69
466.293	923.69
466.512	910.69
466.732	890.69
466.951	886.69
467.171	883.69
467.391	925.69
467.61	939.69
467.829	985.69
468.049	1145.69
468.268	1531.69
468.488	1249.69
468.707	1050.69
468.927	964.69
469.146	941.69
469.365	913.69
469.585	912.69
469.804	921.69
470.023	942.69
470.243	932.69
470.462	972.69
470.681	971.69
470.901	984.69
471.12	957.69
471.339	951.69
471.558	953.69
471.777	969.69
471.997	1083.69
472.216	1497.69
472.435	2769.69
472.654	2227.69
472.873	1485.69
473.092	1234.69
473.311	1081.69
473.53	1081.69
473.749	1051.69
473.968	1025.69
474.187	1097.69
474.406	1075.69
474.625	981.69
474.844	967.69
475.063	927.69
475.282	955.69
475.501	940.69
475.72	929.69
475.939	940.69
476.158	933.69
476.377	929.69
476.596	895.69
476.814	960.69
477.033	976.69
477.252	979.69
477.471	965.69
477.69	966.69
477.908	1005.69
478.127	1031.69
478.346	1022.69
478.564	1015.69
478.783	1053.69
479.002	1068.69
479.22	1090.69
479.439	1122.69
479.658	1119.69
479.876	1167.69
480.095	1171.69
480.313	1233.69
480.532	1304.69
480.751	1428.69
480.969	1776.69
481.188	3605.69
481.406	4795.69
481.624	2663.69
481.843	1935.69
482.061	1643.69
482.28	1464.69
482.498	1367.69
482.717	1302.69
482.935	1272.69
483.153	1256.69
483.372	1233.69
483.59	1193.69
483.808	1194.69
484.027	1142.69
484.245	1159.69
484.463	1160.69
484.681	1155.69
484.9	1169.69
485.118	1145.69
485.336	1144.69
485.554	1154.69
485.772	1148.69
485.99	1131.69
486.209	1160.69
486.427	1158.69
486.645	1160.69
486.863	1176.69
487.081	1161.69
487.299	1152.69
487.517	1168.69
487.735	1200.69
487.953	1184.69
488.171	1187.69
488.389	1154.69
488.607	1163.69
488.825	1165.69
489.043	1168.69
489.261	1204.69
489.479	1190.69
489.696	1222.69
489.914	1208.69
490.132	1258.69
490.35	1261.69
490.568	1283.69
490.786	1328.69
491.003	1370.69
491.221	1398.69
491.439	1489.69
491.657	1465.69
491.874	1519.69
492.092	1559.69
492.31	1547.69
492.527	1623.69
492.745	1644.69
492.963	1623.69
493.18	1641.69
493.398	1578.69
493.615	1551.69
493.833	1549.69
494.05	1523.69
494.268	1490.69
494.485	1486.69
494.703	1444.69
494.92	1442.69
495.138	1420.69
495.355	1409.69
495.573	1394.69
495.79	1344.69
496.008	1380.69
496.225	1344.69
496.442	1325.69
496.66	1380.69
496.877	1353.69
497.094	1337.69
497.312	1378.69
497.529	1386.69
497.746	1381.69
497.963	1417.69
498.181	1425.69
498.398	1458.69
498.615	1484.69
498.832	1527.69
499.049	1639.69
499.267	1717.69
499.484	1803.69
499.701	1915.69
499.918	2068.69
500.135	2279.69
500.352	2467.69
500.569	2538.69
500.786	2581.69
501.003	2421.69
501.22	2239.69
501.437	2051.69
501.654	1865.69
501.871	1791.69
502.088	1675.69
502.305	1553.69
502.522	1493.69
502.739	1477.69
502.956	1425.69
503.172	1356.69
503.389	1347.69
503.606	1323.69
503.823	1338.69
504.04	1289.69
504.256	1269.69
504.473	1256.69
504.69	1321.69
504.907	1275.69
505.123	1203.69
505.34	1198.69
505.557	1137.69
505.773	1113.69
505.99	1130.69
506.207	1147.69
506.423	1115.69
506.64	1102.69
506.856	1079.69
507.073	1080.69
507.289	1082.69
507.506	1093.69
507.722	1110.69
507.939	1132.69
508.155	1067.69
508.372	1059.69
508.588	1047.69
508.805	1037.69
509.021	1044.69
509.238	1038.69
509.454	1034.69
509.67	1025.69
509.887	1001.69
510.103	1037.69
510.319	1079.69
510.536	1250.69
510.752	2261.69
510.968	1678.69
511.184	1120.69
511.401	1083.69
511.617	1085.69
511.833	1164.69
512.049	1209.69
512.265	1181.69
512.481	1120.69
512.698	1078.69
512.914	1057.69
513.13	1036.69
513.346	1058.69
513.562	1029.69
513.778	1068.69
513.994	1050.69
514.21	1026.69
514.426	1120.69
514.642	1150.69
514.858	1178.69
515.074	1271.69
515.29	1491.69
515.506	2091.69
515.721	1740.69
515.937	1227.69
516.153	1160.69
516.369	1122.69
516.585	1109.69
516.801	1128.69
517.016	1131.69
517.232	1151.69
517.448	1193.69
517.664	1197.69
517.879	1180.69
518.095	1203.69
518.311	1180.69
518.527	1164.69
518.742	1154.69
518.958	1123.69
519.173	1088.69
519.389	1069.69
519.605	1072.69
519.82	1037.69
520.036	1047.69
520.251	1077.69
520.467	1106.69
520.682	1104.69
520.898	1091.69
521.113	1155.69
521.329	1186.69
521.544	1324.69
521.76	1651.69
521.975	2827.69
522.19	2586.69
522.406	1429.69
522.621	1146.69
522.836	1065.69
523.052	1017.69
523.267	978.69
523.482	949.69
523.698	917.69
523.913	949.69
524.128	968.69
524.343	920.69
524.559	903.69
524.774	922.69
524.989	909.69
525.204	891.69
525.419	901.69
525.634	904.69
525.849	877.69
526.064	839.69
526.28	864.69
526.495	876.69
526.71	854.69
526.925	864.69
527.14	841.69
527.355	853.69
527.57	830.69
527.785	837.69
527.999	831.69
528.214	823.69
528.429	863.69
528.644	843.69
528.859	833.69
529.074	863.69
529.289	911.69
529.503	982.69
529.718	966.69
529.933	878.69
530.148	859.69
530.363	847.69
530.577	829.69
530.792	837.69
531.007	796.69
531.221	813.69
531.436	803.69
531.651	827.69
531.865	837.69
532.08	822.69
532.295	829.69
532.509	827.69
532.724	802.69
532.938	809.69
533.153	822.69
533.367	820.69
533.582	802.69
533.796	802.69
534.011	800.69
534.225	781.69
534.44	787.69
534.654	780.69
534.868	776.69
535.083	817.69
535.297	793.69
535.511	813.69
535.726	781.69
535.94	802.69
536.154	792.69
536.369	785.69
536.583	771.69
536.797	777.69
537.011	745.69
537.225	778.69
537.44	743.69
537.654	765.69
537.868	740.69
538.082	755.69
538.296	723.69
538.51	747.69
538.724	754.69
538.938	789.69
539.153	796.69
539.367	779.69
539.581	766.69
539.795	761.69
540.009	754.69
540.222	733.69
540.436	751.69
540.65	747.69
540.864	749.69
541.078	769.69
541.292	777.69
541.506	794.69
541.72	747.69
541.934	765.69
542.147	779.69
542.361	744.69
542.575	725.69
542.789	727.69
543.002	727.69
543.216	732.69
543.43	755.69
543.644	731.69
543.857	754.69
544.071	762.69
544.285	751.69
544.498	767.69
544.712	727.69
544.925	770.69
545.139	769.69
545.352	757.69
545.566	765.69
545.779	754.69
545.993	749.69
546.206	724.69
546.42	740.69
546.633	756.69
546.847	746.69
547.06	755.69
547.274	718.69
547.487	745.69
547.7	759.69
547.914	746.69
548.127	745.69
548.34	748.69
548.554	729.69
548.767	734.69
548.98	738.69
549.193	732.69
549.407	746.69
549.62	740.69
549.833	725.69
550.046	735.69
550.259	710.69
550.473	730.69
550.686	721.69
550.899	714.69
551.112	720.69
551.325	708.69
551.538	718.69
551.751	704.69
551.964	708.69
552.177	727.69
552.39	716.69
552.603	751.69
552.816	751.69
553.029	798.69
553.242	777.69
553.455	771.69
553.667	794.69
553.88	789.69
554.093	780.69
554.306	767.69
554.519	743.69
554.732	736.69
554.944	708.69
555.157	711.69
555.37	700.69
555.583	697.69
555.795	689.69
556.008	684.69
556.221	668.69
556.433	641.69
556.646	668.69
556.859	621.69
557.071	665.69
557.284	674.69
557.496	643.69
557.709	656.69
557.921	659.69
558.134	652.69
558.346	644.69
558.559	635.69
558.771	635.69
558.984	617.69
559.196	612.69
559.409	612.69
559.621	595.69
559.833	629.69
560.046	641.69
560.258	630.69
560.47	645.69
560.683	618.69
560.895	599.69
561.107	600.69
561.32	609.69
561.532	601.69
561.744	585.69
561.956	597.69
562.168	617.69
562.381	617.69
562.593	608.69
562.805	606.69
563.017	605.69
563.229	603.69
563.441	623.69
563.653	607.69
563.865	595.69
564.077	596.69
564.289	612.69
564.501	623.69
564.713	626.69
564.925	634.69
565.137	667.69
565.349	641.69
565.561	646.69
565.773	649.69
565.985	665.69
566.197	741.69
566.408	771.69
566.62	804.69
566.832	813.69
567.044	836.69
567.255	817.69
567.467	853.69
567.679	871.69
567.891	927.69
568.102	914.69
568.314	889.69
568.526	827.69
568.737	781.69
568.949	738.69
569.161	679.69
569.372	657.69
569.584	623.69
569.795	618.69
570.007	603.69
570.218	668.69
570.43	627.69
570.641	565.69
570.853	588.69
571.064	606.69
571.276	611.69
571.487	586.69
571.698	566.69
571.91	535.69
572.121	549.69
572.333	534.69
572.544	508.69
572.755	516.69
572.966	505.69
573.178	484.69
573.389	506.69
573.6	491.69
573.811	482.69
574.023	477.69
574.234	505.69
574.445	493.69
574.656	485.69
574.867	485.69
575.078	489.69
575.289	465.69
575.501	485.69
575.712	461.69
575.923	484.69
576.134	454.69
576.345	470.69
576.556	485.69
576.767	458.69
576.978	448.69
577.188	479.69
577.399	478.69
577.61	439.69
577.821	466.69
578.032	466.69
578.243	506.69
578.454	815.69
578.665	609.69
578.875	471.69
579.086	488.69
579.297	447.69
579.508	449.69
579.718	431.69
579.929	434.69
580.14	435.69
580.35	427.69
580.561	407.69
580.772	427.69
580.982	401.69
581.193	416.69
581.403	432.69
581.614	407.69
581.825	415.69
582.035	406.69
582.246	413.69
582.456	420.69
582.667	429.69
582.877	421.69
583.087	437.69
583.298	423.69
583.508	415.69
583.719	432.69
583.929	407.69
584.139	394.69
584.35	423.69
584.56	408.69
584.77	377.69
584.981	385.69
585.191	417.69
585.401	403.69
585.611	415.69
585.821	399.69
586.032	404.69
586.242	409.69
586.452	414.69
586.662	376.69
586.872	409.69
587.082	402.69
587.292	420.69
587.502	394.69
587.713	404.69
587.923	408.69
588.133	415.69
588.343	397.69
588.553	375.69
588.762	381.69
588.972	402.69
589.182	418.69
589.392	407.69
589.602	412.69
589.812	412.69
590.022	409.69
590.232	381.69
590.441	403.69
590.651	411.69
590.861	383.69
591.071	399.69
591.281	407.69
591.49	402.69
591.7	403.69
591.91	380.69
592.119	392.69
592.329	404.69
592.539	449.69
592.748	441.69
592.958	450.69
593.167	455.69
593.377	448.69
593.587	457.69
593.796	435.69
594.006	458.69
594.215	473.69
594.424	474.69
594.634	463.69
594.843	448.69
595.053	415.69
595.262	420.69
595.472	399.69
595.681	402.69
595.89	416.69
596.1	401.69
596.309	383.69
596.518	377.69
596.727	373.69
596.937	357.69
597.146	357.69
597.355	370.69
597.564	347.69
597.774	358.69
597.983	371.69
598.192	376.69
598.401	350.69
598.61	368.69
598.819	357.69
599.028	346.69
599.237	351.69
599.446	368.69
599.655	354.69
599.864	355.69
600.073	357.69
600.282	340.69
600.491	354.69
600.7	347.69
600.909	356.69
601.118	375.69
601.327	345.69
601.536	335.69
601.745	347.69
601.953	362.69
602.162	371.69
602.371	369.69
602.58	360.69
602.789	359.69
602.997	349.69
603.206	329.69
603.415	358.69
603.623	336.69
603.832	337.69
604.041	351.69
604.249	347.69
604.458	328.69
604.666	344.69
604.875	327.69
605.084	341.69
605.292	344.69
605.501	345.69
605.709	337.69
605.918	347.69
606.126	334.69
606.334	359.69
606.543	324.69
606.751	336.69
606.96	327.69
607.168	311.69
607.376	331.69
607.585	351.69
607.793	344.69
608.001	349.69
608.21	345.69
608.418	357.69
608.626	328.69
608.834	336.69
609.043	318.69
609.251	343.69
609.459	321.69
609.667	328.69
609.875	348.69
610.083	324.69
610.291	326.69
610.499	344.69
610.707	340.69
610.916	331.69
611.124	336.69
611.332	339.69
611.54	347.69
611.748	355.69
611.955	329.69
612.163	334.69
612.371	324.69
612.579	325.69
612.787	322.69
612.995	301.69
613.203	327.69
613.411	325.69
613.618	306.69
613.826	315.69
614.034	316.69
614.242	298.69
614.449	306.69
614.657	320.69
614.865	317.69
615.072	319.69
615.28	321.69
615.488	309.69
615.695	312.69
615.903	325.69
616.111	328.69
616.318	325.69
616.526	305.69
616.733	329.69
616.941	327.69
617.148	323.69
617.356	308.69
617.563	322.69
617.771	315.69
617.978	320.69
618.185	321.69
618.393	308.69
618.6	313.69
618.807	301.69
619.015	309.69
619.222	303.69
619.429	299.69
619.637	299.69
619.844	287.69
620.051	287.69
620.258	283.69
620.466	280.69
620.673	274.69
620.88	278.69
621.087	271.69
621.294	270.69
621.501	295.69
621.708	291.69
621.915	281.69
622.122	268.69
622.329	263.69
622.536	272.69
622.743	285.69
622.95	270.69
623.157	276.69
623.364	272.69
623.571	264.69
623.778	283.69
623.985	275.69
624.192	277.69
624.399	276.69
624.606	269.69
624.812	260.69
625.019	266.69
625.226	253.69
625.433	273.69
625.639	283.69
625.846	277.69
626.053	255.69
626.259	250.69
626.466	241.69
626.673	245.69
626.879	245.69
627.086	251.69
627.293	257.69
627.499	257.69
627.706	273.69
627.912	256.69
628.119	271.69
628.325	260.69
628.532	253.69
628.738	255.69
628.945	257.69
629.151	249.69
629.357	242.69
629.564	249.69
629.77	244.69
629.976	239.69
630.183	251.69
630.389	241.69
630.595	255.69
630.802	250.69
631.008	236.69
631.214	236.69
631.42	248.69
631.627	229.69
631.833	231.69
632.039	225.69
632.245	237.69
632.451	242.69
632.657	255.69
632.863	260.69
633.069	247.69
633.275	232.69
633.481	225.69
633.688	247.69
633.893	237.69
634.099	235.69
634.305	214.69
634.511	241.69
634.717	239.69
634.923	216.69
635.129	219.69
635.335	231.69
635.541	232.69
635.747	260.69
635.952	266.69
636.158	272.69
636.364	348.69
636.57	397.69
636.775	331.69
636.981	287.69
637.187	287.69
637.392	273.69
637.598	279.69
637.804	253.69
638.009	249.69
638.215	231.69
638.421	241.69
638.626	234.69
638.832	223.69
639.037	226.69
639.243	214.69
639.448	227.69
639.654	226.69
639.859	219.69
640.065	213.69
640.27	218.69
640.475	224.69
640.681	207.69
640.886	200.69
641.091	224.69
641.297	216.69
641.502	199.69
641.707	226.69
641.913	218.69
642.118	201.69
642.323	191.69
642.528	216.69
642.733	210.69
642.939	202.69
643.144	214.69
643.349	200.69
643.554	204.69
643.759	211.69
643.964	212.69
644.169	192.69
644.374	199.69
644.579	180.69
644.784	188.69
644.989	206.69
645.194	204.69
645.399	194.69
645.604	218.69
645.809	189.69
646.014	207.69
646.219	207.69
646.423	202.69
646.628	197.69
646.833	184.69
647.038	209.69
647.243	209.69
647.447	191.69
647.652	211.69
647.857	215.69
648.062	195.69
648.266	203.69
648.471	199.69
648.676	199.69
648.88	211.69
649.085	202.69
649.289	207.69
649.494	226.69
649.698	225.69
649.903	196.69
650.107	196.69
650.312	201.69
650.516	183.69
650.721	189.69
650.925	188.69
651.13	177.69
651.334	171.69
651.539	162.69
651.743	173.69
651.947	161.69
652.152	159.69
652.356	167.69
652.56	179.69
652.764	163.69
652.969	162.69
653.173	176.69
653.377	159.69
653.581	159.69
653.785	150.69
653.99	155.69
654.194	153.69
654.398	144.69
654.602	147.69
654.806	151.69
655.01	163.69
655.214	148.69
655.418	129.69
655.622	150.69
655.826	155.69
656.03	145.69
656.234	167.69
656.438	153.69
656.642	148.69
656.846	154.69
657.049	156.69
657.253	138.69
657.457	127.69
657.661	119.69
657.865	145.69
658.068	123.69
658.272	122.69
658.476	108.69
658.68	100.69
658.883	111.69
659.087	114.69
659.291	90.69
659.494	103.69
659.698	115.69
659.901	117.69
660.105	103.69
660.309	105.69
660.512	100.69
660.716	103.69
660.919	88.69
661.123	73.69
661.326	94.69
661.53	85.69
661.733	87.69
661.936	93.69
662.14	69.69
662.343	76.69
662.546	86.69
662.75	75.69
662.953	77.69
663.156	81.69
663.36	84.69
663.563	79.69
663.766	78.69
663.969	77.69
664.173	93.69
664.376	81.69
664.579	74.69
664.782	61.69
664.985	80.69
665.188	74.69
665.391	61.69
665.594	87.69
665.797	78.69
666	71.69
666.203	87.69
666.406	70.69
666.609	65.69
666.812	74.69
667.015	80.69
667.218	84.69
667.421	79.69
667.624	85.69
667.827	78.69
668.03	79.69
668.232	80.69
668.435	84.69
668.638	85.69
668.841	66.69
669.043	78.69
669.246	79.69
669.449	74.69
669.651	84.69
669.854	81.69
670.057	87.69
670.259	89.69
670.462	60.69
670.665	88.69
670.867	84.69
671.07	70.69
671.272	79.69
671.475	92.69
671.677	80.69
671.88	89.69
672.082	88.69
672.284	71.69
672.487	77.69
672.689	77.69
672.892	81.69
