223.165	-28.38
223.4	-28.38
223.635	-28.38
223.869	-19.38
224.104	-15.38
224.338	-9.38
224.573	-23.38
224.808	-19.38
225.042	-2.38
225.277	3.62
225.511	-3.38
225.746	-8.38
225.98	-3.38
226.215	13.62
226.449	30.62
226.683	16.62
226.918	29.62
227.152	38.62
227.387	48.62
227.621	25.62
227.856	41.62
228.09	56.62
228.324	47.62
228.559	65.62
228.793	67.62
229.027	115.62
229.262	112.62
229.496	114.62
229.73	149.62
229.964	158.62
230.199	159.62
230.433	141.62
230.667	143.62
230.901	134.62
231.136	126.62
231.37	121.62
231.604	121.62
231.838	128.62
232.072	141.62
232.306	138.62
232.541	121.62
232.775	117.62
233.009	126.62
233.243	145.62
233.477	132.62
233.711	144.62
233.945	135.62
234.179	139.62
234.413	149.62
234.647	144.62
234.881	136.62
235.115	137.62
235.349	135.62
235.583	136.62
235.817	141.62
236.051	146.62
236.285	139.62
236.519	158.62
236.753	154.62
236.987	175.62
237.221	200.62
237.455	228.62
237.689	192.62
237.922	152.62
238.156	145.62
238.39	137.62
238.624	160.62
238.858	136.62
239.091	165.62
239.325	156.62
239.559	173.62
239.793	161.62
240.027	174.62
240.26	175.62
240.494	171.62
240.728	160.62
240.961	174.62
241.195	160.62
241.429	187.62
241.662	174.62
241.896	173.62
242.13	168.62
242.363	180.62
242.597	164.62
242.83	171.62
243.064	169.62
243.298	196.62
243.531	187.62
243.765	175.62
243.998	190.62
244.232	191.62
244.465	212.62
244.699	182.62
244.932	195.62
245.166	186.62
245.399	200.62
245.633	198.62
245.866	185.62
246.099	196.62
246.333	179.62
246.566	204.62
246.8	211.62
247.033	207.62
247.266	224.62
247.5	213.62
247.733	205.62
247.966	211.62
248.2	237.62
248.433	202.62
248.666	215.62
248.899	231.62
249.133	235.62
249.366	268.62
249.599	273.62
249.832	264.62
250.066	287.62
250.299	323.62
250.532	371.62
250.765	422.62
250.998	369.62
251.231	321.62
251.465	301.62
251.698	289.62
251.931	273.62
252.164	289.62
252.397	261.62
252.63	259.62
252.863	255.62
253.096	290.62
253.329	290.62
253.562	278.62
253.795	262.62
254.028	265.62
254.261	277.62
254.494	279.62
254.727	317.62
254.96	339.62
255.193	321.62
255.426	363.62
255.659	374.62
255.892	468.62
256.124	648.62
256.357	661.62
256.59	561.62
256.823	451.62
257.056	403.62
257.289	347.62
257.521	337.62
257.754	325.62
257.987	315.62
258.22	310.62
258.452	309.62
258.685	291.62
258.918	294.62
259.151	296.62
259.383	289.62
259.616	293.62
259.849	306.62
260.081	318.62
260.314	317.62
260.547	311.62
260.779	296.62
261.012	296.62
261.244	292.62
261.477	288.62
261.71	301.62
261.942	321.62
262.175	318.62
262.407	304.62
262.64	293.62
262.872	283.62
263.105	272.62
263.337	280.62
263.57	282.62
263.802	274.62
264.035	278.62
264.267	272.62
264.499	280.62
264.732	286.62
264.964	291.62
265.197	269.62
265.429	283.62
265.661	297.62
265.894	278.62
266.126	285.62
266.358	306.62
266.591	287.62
266.823	273.62
267.055	292.62
267.287	296.62
267.52	306.62
267.752	294.62
267.984	300.62
268.216	289.62
268.448	312.62
268.681	296.62
268.913	301.62
269.145	308.62
269.377	320.62
269.609	299.62
269.841	311.62
270.073	299.62
270.306	332.62
270.538	346.62
270.77	334.62
271.002	328.62
271.234	320.62
271.466	328.62
271.698	345.62
271.93	359.62
272.162	347.62
272.394	336.62
272.626	347.62
272.858	340.62
273.09	343.62
273.322	328.62
273.553	331.62
273.785	344.62
274.017	342.62
274.249	336.62
274.481	342.62
274.713	339.62
274.945	348.62
275.176	335.62
275.408	366.62
275.64	353.62
275.872	365.62
276.104	363.62
276.335	365.62
276.567	361.62
276.799	371.62
277.031	393.62
277.262	427.62
277.494	405.62
277.726	418.62
277.957	384.62
278.189	387.62
278.421	370.62
278.652	374.62
278.884	366.62
279.115	376.62
279.347	373.62
279.579	374.62
279.81	382.62
280.042	416.62
280.273	417.62
280.505	435.62
280.736	399.62
280.968	394.62
281.199	382.62
281.431	361.62
281.662	379.62
281.894	389.62
282.125	393.62
282.356	400.62
282.588	388.62
282.819	390.62
283.051	388.62
283.282	382.62
283.513	364.62
283.745	385.62
283.976	365.62
284.207	368.62
284.439	364.62
284.67	367.62
284.901	377.62
285.132	369.62
285.364	378.62
285.595	375.62
285.826	376.62
286.057	364.62
286.288	373.62
286.52	363.62
286.751	374.62
286.982	398.62
287.213	368.62
287.444	392.62
287.675	381.62
287.906	407.62
288.138	384.62
288.369	392.62
288.6	388.62
288.831	385.62
289.062	391.62
289.293	416.62
289.524	369.62
289.755	372.62
289.986	395.62
290.217	365.62
290.448	391.62
290.679	380.62
290.91	393.62
291.141	389.62
291.371	395.62
291.602	384.62
291.833	395.62
292.064	385.62
292.295	384.62
292.526	377.62
292.757	366.62
292.987	373.62
293.218	365.62
293.449	367.62
293.68	356.62
293.91	379.62
294.141	379.62
294.372	393.62
294.603	375.62
294.833	386.62
295.064	396.62
295.295	389.62
295.525	379.62
295.756	394.62
295.987	406.62
296.217	431.62
296.448	432.62
296.679	424.62
296.909	403.62
297.14	393.62
297.37	385.62
297.601	410.62
297.831	421.62
298.062	406.62
298.292	401.62
298.523	412.62
298.753	410.62
298.984	413.62
299.214	376.62
299.445	403.62
299.675	417.62
299.905	421.62
300.136	409.62
300.366	393.62
300.597	407.62
300.827	430.62
301.057	444.62
301.288	427.62
301.518	434.62
301.748	438.62
301.979	447.62
302.209	446.62
302.439	431.62
302.669	439.62
302.9	429.62
303.13	441.62
303.36	435.62
303.59	446.62
303.82	453.62
304.051	462.62
304.281	450.62
304.511	436.62
304.741	421.62
304.971	440.62
305.201	437.62
305.431	449.62
305.661	438.62
305.891	435.62
306.121	442.62
306.352	436.62
306.582	418.62
306.812	437.62
307.042	447.62
307.272	458.62
307.502	468.62
307.731	479.62
307.961	467.62
308.191	468.62
308.421	471.62
308.651	440.62
308.881	437.62
309.111	445.62
309.341	417.62
309.571	451.62
309.8	460.62
310.03	462.62
310.26	463.62
310.49	483.62
310.72	456.62
310.949	491.62
311.179	499.62
311.409	499.62
311.639	477.62
311.868	489.62
312.098	488.62
312.328	491.62
312.557	495.62
312.787	528.62
313.017	509.62
313.246	495.62
313.476	479.62
313.706	497.62
313.935	512.62
314.165	515.62
314.394	535.62
314.624	508.62
314.853	484.62
315.083	496.62
315.312	475.62
315.542	487.62
315.771	488.62
316.001	470.62
316.23	501.62
316.46	496.62
316.689	466.62
316.919	492.62
317.148	512.62
317.377	491.62
317.607	501.62
317.836	505.62
318.065	480.62
318.295	505.62
318.524	503.62
318.753	493.62
318.983	485.62
319.212	519.62
319.441	517.62
319.67	513.62
319.9	513.62
320.129	502.62
320.358	521.62
320.587	505.62
320.816	547.62
321.046	551.62
321.275	544.62
321.504	517.62
321.733	541.62
321.962	546.62
322.191	553.62
322.42	567.62
322.649	600.62
322.878	589.62
323.108	611.62
323.337	647.62
323.566	647.62
323.795	699.62
324.024	780.62
324.253	926.62
324.482	1256.62
324.71	1919.62
324.939	2683.62
325.168	2179.62
325.397	1204.62
325.626	889.62
325.855	803.62
326.084	761.62
326.313	719.62
326.542	744.62
326.77	845.62
326.999	939.62
327.228	1256.62
327.457	1884.62
327.686	2212.62
327.914	1559.62
328.143	1352.62
328.372	1397.62
328.6	1250.62
328.829	1035.62
329.058	930.62
329.287	983.62
329.515	1002.62
329.744	1128.62
329.972	1368.62
330.201	1800.62
330.43	2179.62
330.658	1793.62
330.887	1285.62
331.115	1065.62
331.344	908.62
331.572	876.62
331.801	835.62
332.03	873.62
332.258	834.62
332.486	836.62
332.715	833.62
332.943	877.62
333.172	902.62
333.4	999.62
333.629	1067.62
333.857	1232.62
334.085	1508.62
334.314	2000.62
334.542	2669.62
334.771	2875.62
334.999	1801.62
335.227	1267.62
335.455	1031.62
335.684	946.62
335.912	836.62
336.14	822.62
336.369	785.62
336.597	781.62
336.825	755.62
337.053	745.62
337.281	717.62
337.51	684.62
337.738	704.62
337.966	680.62
338.194	665.62
338.422	642.62
338.65	636.62
338.878	636.62
339.106	628.62
339.334	642.62
339.562	623.62
339.79	617.62
340.018	629.62
340.246	619.62
340.474	615.62
340.702	601.62
340.93	616.62
341.158	618.62
341.386	611.62
341.614	604.62
341.842	589.62
342.07	577.62
342.298	610.62
342.526	573.62
342.754	576.62
342.981	595.62
343.209	585.62
343.437	612.62
343.665	641.62
343.893	653.62
344.12	661.62
344.348	645.62
344.576	632.62
344.804	628.62
345.031	618.62
345.259	600.62
345.487	605.62
345.714	621.62
345.942	568.62
346.17	589.62
346.397	594.62
346.625	577.62
346.853	592.62
347.08	582.62
347.308	576.62
347.535	613.62
347.763	631.62
347.99	592.62
348.218	594.62
348.445	593.62
348.673	609.62
348.9	612.62
349.128	591.62
349.355	575.62
349.583	568.62
349.81	574.62
350.037	557.62
350.265	563.62
350.492	561.62
350.72	548.62
350.947	569.62
351.174	576.62
351.402	583.62
351.629	576.62
351.856	607.62
352.083	595.62
352.311	583.62
352.538	597.62
352.765	619.62
352.992	588.62
353.22	613.62
353.447	567.62
353.674	589.62
353.901	559.62
354.128	566.62
354.355	568.62
354.583	564.62
354.81	546.62
355.037	534.62
355.264	562.62
355.491	549.62
355.718	547.62
355.945	563.62
356.172	556.62
356.399	575.62
356.626	546.62
356.853	571.62
357.08	579.62
357.307	549.62
357.534	576.62
357.761	565.62
357.988	562.62
358.215	553.62
358.441	562.62
358.668	567.62
358.895	547.62
359.122	544.62
359.349	563.62
359.576	572.62
359.802	612.62
360.029	633.62
360.256	637.62
360.483	633.62
360.709	597.62
360.936	584.62
361.163	572.62
361.39	608.62
361.616	569.62
361.843	587.62
362.07	572.62
362.296	597.62
362.523	598.62
362.749	591.62
362.976	570.62
363.203	581.62
363.429	581.62
363.656	552.62
363.882	591.62
364.109	577.62
364.335	576.62
364.562	583.62
364.788	573.62
365.015	569.62
365.241	578.62
365.468	610.62
365.694	623.62
365.92	585.62
366.147	596.62
366.373	592.62
366.599	581.62
366.826	587.62
367.052	573.62
367.278	577.62
367.505	585.62
367.731	601.62
367.957	599.62
368.184	593.62
368.41	587.62
368.636	624.62
368.862	642.62
369.089	625.62
369.315	614.62
369.541	580.62
369.767	599.62
369.993	605.62
370.219	585.62
370.445	605.62
370.672	601.62
370.898	593.62
371.124	590.62
371.35	599.62
371.576	598.62
371.802	610.62
372.028	608.62
372.254	633.62
372.48	582.62
372.706	607.62
372.932	624.62
373.158	628.62
373.384	607.62
373.61	623.62
373.835	623.62
374.061	586.62
374.287	607.62
374.513	612.62
374.739	635.62
374.965	649.62
375.191	663.62
375.416	655.62
375.642	663.62
375.868	631.62
376.094	648.62
376.319	639.62
376.545	622.62
376.771	607.62
376.997	589.62
377.222	606.62
377.448	597.62
377.674	612.62
377.899	583.62
378.125	592.62
378.35	595.62
378.576	593.62
378.802	589.62
379.027	582.62
379.253	597.62
379.478	603.62
379.704	606.62
379.929	612.62
380.155	618.62
380.38	604.62
380.606	614.62
380.831	605.62
381.057	605.62
381.282	612.62
381.507	623.62
381.733	603.62
381.958	614.62
382.184	617.62
382.409	630.62
382.634	643.62
382.86	641.62
383.085	614.62
383.31	637.62
383.535	649.62
383.761	637.62
383.986	670.62
384.211	692.62
384.436	659.62
384.662	696.62
384.887	694.62
385.112	673.62
385.337	712.62
385.562	690.62
385.787	716.62
386.013	693.62
386.238	715.62
386.463	718.62
386.688	712.62
386.913	712.62
387.138	699.62
387.363	716.62
387.588	683.62
387.813	684.62
388.038	687.62
388.263	685.62
388.488	697.62
388.713	692.62
388.938	713.62
389.163	695.62
389.387	685.62
389.612	671.62
389.837	692.62
390.062	718.62
390.287	676.62
390.512	710.62
390.736	698.62
390.961	705.62
391.186	697.62
391.411	725.62
391.636	731.62
391.86	753.62
392.085	771.62
392.31	749.62
392.534	745.62
392.759	731.62
392.984	751.62
393.208	729.62
393.433	737.62
393.658	757.62
393.882	726.62
394.107	747.62
394.331	739.62
394.556	728.62
394.78	743.62
395.005	752.62
395.229	761.62
395.454	767.62
395.678	807.62
395.903	788.62
396.127	784.62
396.352	787.62
396.576	738.62
396.801	742.62
397.025	780.62
397.249	766.62
397.474	793.62
397.698	784.62
397.922	784.62
398.147	805.62
398.371	791.62
398.595	815.62
398.82	855.62
399.044	875.62
399.268	972.62
399.492	1060.62
399.717	1157.62
399.941	1166.62
400.165	1100.62
400.389	1042.62
400.613	983.62
400.837	909.62
401.062	896.62
401.286	897.62
401.51	884.62
401.734	884.62
401.958	868.62
402.182	899.62
402.406	917.62
402.63	931.62
402.854	956.62
403.078	953.62
403.302	960.62
403.526	960.62
403.75	995.62
403.974	1019.62
404.198	1055.62
404.422	1055.62
404.645	1046.62
404.869	1097.62
405.093	1125.62
405.317	1235.62
405.541	1248.62
405.765	1140.62
405.988	1080.62
406.212	1073.62
406.436	1084.62
406.66	1088.62
406.883	1071.62
407.107	1115.62
407.331	1170.62
407.555	1223.62
407.778	1179.62
408.002	1111.62
408.226	1053.62
408.449	1068.62
408.673	1039.62
408.896	1057.62
409.12	1078.62
409.344	1071.62
409.567	1025.62
409.791	1015.62
410.014	1030.62
410.238	1012.62
410.461	1025.62
410.685	982.62
410.908	1006.62
411.132	1014.62
411.355	1026.62
411.578	1013.62
411.802	999.62
412.025	1031.62
412.249	1042.62
412.472	1151.62
412.695	1257.62
412.919	1219.62
413.142	1103.62
413.365	1102.62
413.589	1019.62
413.812	992.62
414.035	980.62
414.258	963.62
414.482	952.62
414.705	979.62
414.928	973.62
415.151	943.62
415.374	897.62
415.597	950.62
415.821	914.62
416.044	919.62
416.267	922.62
416.49	915.62
416.713	903.62
416.936	923.62
417.159	944.62
417.382	927.62
417.605	995.62
417.828	1001.62
418.051	973.62
418.274	952.62
418.497	935.62
418.72	947.62
418.943	984.62
419.166	998.62
419.389	1056.62
419.611	1075.62
419.834	1050.62
420.057	1103.62
420.28	1138.62
420.503	1119.62
420.726	1113.62
420.948	1077.62
421.171	1064.62
421.394	1076.62
421.617	1021.62
421.839	973.62
422.062	982.62
422.285	1000.62
422.507	1028.62
422.73	1091.62
422.953	1026.62
423.175	981.62
423.398	1024.62
423.621	1006.62
423.843	976.62
424.066	1031.62
424.288	998.62
424.511	1032.62
424.733	1037.62
424.956	1107.62
425.178	1075.62
425.401	1044.62
425.623	1067.62
425.846	1010.62
426.068	977.62
426.291	942.62
426.513	946.62
426.735	958.62
426.958	1014.62
427.18	1070.62
427.402	1173.62
427.625	1300.62
427.847	1228.62
428.069	1236.62
428.292	1107.62
428.514	995.62
428.736	936.62
428.958	941.62
429.181	925.62
429.403	893.62
429.625	925.62
429.847	920.62
430.069	1000.62
430.292	964.62
430.514	883.62
430.736	867.62
430.958	874.62
431.18	887.62
431.402	861.62
431.624	864.62
431.846	832.62
432.068	876.62
432.29	878.62
432.512	866.62
432.734	878.62
432.956	888.62
433.178	869.62
433.4	865.62
433.622	848.62
433.844	883.62
434.066	870.62
434.287	874.62
434.509	903.62
434.731	923.62
434.953	928.62
435.175	949.62
435.397	959.62
435.618	939.62
435.84	951.62
436.062	1055.62
436.284	1096.62
436.505	1004.62
436.727	935.62
436.949	910.62
437.17	887.62
437.392	902.62
437.614	892.62
437.835	909.62
438.057	1035.62
438.278	1068.62
438.5	1077.62
438.721	1174.62
438.943	1098.62
439.165	951.62
439.386	914.62
439.608	904.62
439.829	942.62
440.05	968.62
440.272	995.62
440.493	984.62
440.715	960.62
440.936	927.62
441.158	917.62
441.379	951.62
441.6	963.62
441.822	991.62
442.043	1017.62
442.264	1061.62
442.486	1119.62
442.707	1026.62
442.928	1015.62
443.149	1021.62
443.371	1036.62
443.592	1063.62
443.813	1147.62
444.034	1170.62
444.255	1089.62
444.476	1079.62
444.698	1075.62
444.919	1069.62
445.14	1159.62
445.361	1104.62
445.582	1003.62
445.803	1087.62
446.024	1148.62
446.245	1173.62
446.466	1078.62
446.687	959.62
446.908	935.62
447.129	910.62
447.35	884.62
447.571	858.62
447.792	887.62
448.013	871.62
448.234	877.62
448.455	927.62
448.675	1028.62
448.896	1155.62
449.117	1006.62
449.338	985.62
449.559	1101.62
449.779	1167.62
450	993.62
450.221	907.62
450.442	864.62
450.662	853.62
450.883	881.62
451.104	923.62
451.324	883.62
451.545	859.62
451.766	843.62
451.986	811.62
452.207	790.62
452.428	824.62
452.648	804.62
452.869	834.62
453.089	831.62
453.31	820.62
453.53	806.62
453.751	799.62
453.971	804.62
454.192	833.62
454.412	816.62
454.633	797.62
454.853	761.62
455.073	776.62
455.294	819.62
455.514	852.62
455.734	839.62
455.955	767.62
456.175	745.62
456.395	750.62
456.616	752.62
456.836	727.62
457.056	747.62
457.276	729.62
457.497	776.62
457.717	761.62
457.937	759.62
458.157	801.62
458.377	768.62
458.598	788.62
458.818	871.62
459.038	973.62
459.258	974.62
459.478	891.62
459.698	911.62
459.918	868.62
460.138	904.62
460.358	926.62
460.578	962.62
460.798	947.62
461.018	955.62
461.238	939.62
461.458	937.62
461.678	927.62
461.898	939.62
462.118	962.62
462.338	962.62
462.558	1007.62
462.777	1045.62
462.997	1085.62
463.217	1200.62
463.437	1150.62
463.657	1102.62
463.876	1067.62
464.096	1079.62
464.316	1087.62
464.536	1068.62
464.755	1071.62
464.975	1025.62
465.195	1045.62
465.414	1121.62
465.634	1024.62
465.854	961.62
466.073	893.62
466.293	878.62
466.512	856.62
466.732	866.62
466.951	875.62
467.171	859.62
467.391	861.62
467.61	880.62
467.829	936.62
468.049	1102.62
468.268	1497.62
468.488	1221.62
468.707	1043.62
468.927	957.62
469.146	893.62
469.365	905.62
469.585	889.62
469.804	924.62
470.023	942.62
470.243	906.62
470.462	934.62
470.681	959.62
470.901	973.62
471.12	945.62
471.339	898.62
471.558	918.62
471.777	968.62
471.997	1043.62
472.216	1413.62
472.435	2660.62
472.654	2208.62
472.873	1446.62
473.092	1192.62
473.311	1100.62
473.53	1033.62
473.749	1007.62
473.968	999.62
474.187	1047.62
474.406	1034.62
474.625	991.62
474.844	935.62
475.063	899.62
475.282	896.62
475.501	911.62
475.72	906.62
475.939	889.62
476.158	907.62
476.377	949.62
476.596	913.62
476.814	939.62
477.033	905.62
477.252	917.62
477.471	952.62
477.69	972.62
477.908	992.62
478.127	998.62
478.346	991.62
478.564	1028.62
478.783	1043.62
479.002	1071.62
479.22	1067.62
479.439	1103.62
479.658	1102.62
479.876	1086.62
480.095	1146.62
480.313	1230.62
480.532	1273.62
480.751	1374.62
480.969	1750.62
481.188	3488.62
481.406	4608.62
481.624	2630.62
481.843	1911.62
482.061	1557.62
482.28	1413.62
482.498	1352.62
482.717	1243.62
482.935	1218.62
483.153	1189.62
483.372	1160.62
483.59	1183.62
483.808	1135.62
484.027	1139.62
484.245	1138.62
484.463	1154.62
484.681	1134.62
484.9	1155.62
485.118	1163.62
485.336	1111.62
485.554	1135.62
485.772	1159.62
485.99	1121.62
486.209	1124.62
486.427	1144.62
486.645	1144.62
486.863	1135.62
487.081	1138.62
487.299	1135.62
487.517	1143.62
487.735	1139.62
487.953	1172.62
488.171	1142.62
488.389	1131.62
488.607	1159.62
488.825	1161.62
489.043	1137.62
489.261	1186.62
489.479	1163.62
489.696	1142.62
489.914	1191.62
490.132	1223.62
490.35	1243.62
490.568	1294.62
490.786	1300.62
491.003	1330.62
491.221	1388.62
491.439	1424.62
491.657	1471.62
491.874	1447.62
492.092	1497.62
492.31	1528.62
492.527	1604.62
492.745	1616.62
492.963	1596.62
493.18	1563.62
493.398	1547.62
493.615	1512.62
493.833	1508.62
494.05	1475.62
494.268	1463.62
494.485	1437.62
494.703	1413.62
494.92	1390.62
495.138	1390.62
495.355	1351.62
495.573	1366.62
495.79	1324.62
496.008	1343.62
496.225	1318.62
496.442	1316.62
496.66	1285.62
496.877	1289.62
497.094	1321.62
497.312	1302.62
497.529	1314.62
497.746	1345.62
497.963	1369.62
498.181	1419.62
498.398	1412.62
498.615	1466.62
498.832	1493.62
499.049	1607.62
499.267	1666.62
499.484	1764.62
499.701	1884.62
499.918	2029.62
500.135	2213.62
500.352	2451.62
500.569	2539.62
500.786	2584.62
501.003	2379.62
501.22	2200.62
501.437	2053.62
501.654	1843.62
501.871	1762.62
502.088	1655.62
502.305	1546.62
502.522	1476.62
502.739	1431.62
502.956	1381.62
503.172	1309.62
503.389	1317.62
503.606	1301.62
503.823	1267.62
504.04	1256.62
504.256	1235.62
504.473	1275.62
504.69	1275.62
504.907	1288.62
505.123	1199.62
505.34	1172.62
505.557	1136.62
505.773	1115.62
505.99	1110.62
506.207	1061.62
506.423	1089.62
506.64	1077.62
506.856	1044.62
507.073	1056.62
507.289	1084.62
507.506	1063.62
507.722	1051.62
507.939	1101.62
508.155	1042.62
508.372	1029.62
508.588	1042.62
508.805	1021.62
509.021	1022.62
509.238	1001.62
509.454	995.62
509.67	1006.62
509.887	975.62
510.103	1016.62
510.319	1047.62
510.536	1243.62
510.752	2145.62
510.968	1604.62
511.184	1103.62
511.401	1054.62
511.617	1038.62
511.833	1132.62
512.049	1182.62
512.265	1151.62
512.481	1092.62
512.698	1009.62
512.914	1037.62
513.13	1030.62
513.346	1029.62
513.562	1005.62
513.778	1017.62
513.994	1011.62
514.21	1007.62
514.426	1065.62
514.642	1103.62
514.858	1117.62
515.074	1208.62
515.29	1419.62
515.506	2035.62
515.721	1637.62
515.937	1167.62
516.153	1088.62
516.369	1082.62
516.585	1092.62
516.801	1093.62
517.016	1069.62
517.232	1142.62
517.448	1165.62
517.664	1206.62
517.879	1165.62
518.095	1167.62
518.311	1143.62
518.527	1113.62
518.742	1083.62
518.958	1077.62
519.173	1061.62
519.389	1046.62
519.605	1014.62
519.82	995.62
520.036	1011.62
520.251	1065.62
520.467	1079.62
520.682	1040.62
520.898	1076.62
521.113	1067.62
521.329	1133.62
521.544	1256.62
521.76	1591.62
521.975	2694.62
522.19	2433.62
522.406	1375.62
522.621	1094.62
522.836	1028.62
523.052	976.62
523.267	964.62
523.482	921.62
523.698	913.62
523.913	919.62
524.128	913.62
524.343	871.62
524.559	888.62
524.774	877.62
524.989	867.62
525.204	884.62
525.419	897.62
525.634	871.62
525.849	839.62
526.064	852.62
526.28	847.62
526.495	837.62
526.71	834.62
526.925	809.62
527.14	830.62
527.355	798.62
527.57	802.62
527.785	820.62
527.999	797.62
528.214	827.62
528.429	827.62
528.644	823.62
528.859	850.62
529.074	819.62
529.289	877.62
529.503	949.62
529.718	937.62
529.933	888.62
530.148	828.62
530.363	835.62
530.577	820.62
530.792	818.62
531.007	793.62
531.221	828.62
531.436	813.62
531.651	807.62
531.865	791.62
532.08	815.62
532.295	795.62
532.509	796.62
532.724	819.62
532.938	786.62
533.153	811.62
533.367	779.62
533.582	789.62
533.796	800.62
534.011	788.62
534.225	793.62
534.44	771.62
534.654	767.62
534.868	808.62
535.083	744.62
535.297	767.62
535.511	763.62
535.726	789.62
535.94	777.62
536.154	782.62
536.369	764.62
536.583	743.62
536.797	763.62
537.011	717.62
537.225	728.62
537.44	729.62
537.654	734.62
537.868	743.62
538.082	732.62
538.296	741.62
538.51	738.62
538.724	754.62
538.938	759.62
539.153	767.62
539.367	757.62
539.581	784.62
539.795	737.62
540.009	737.62
540.222	731.62
540.436	712.62
540.65	707.62
540.864	735.62
541.078	743.62
541.292	760.62
541.506	752.62
541.72	737.62
541.934	747.62
542.147	755.62
542.361	727.62
542.575	736.62
542.789	731.62
543.002	710.62
543.216	710.62
543.43	699.62
543.644	719.62
543.857	729.62
544.071	732.62
544.285	727.62
544.498	705.62
544.712	726.62
544.925	729.62
545.139	748.62
545.352	743.62
545.566	732.62
545.779	769.62
545.993	734.62
546.206	744.62
546.42	726.62
546.633	731.62
546.847	741.62
547.06	708.62
547.274	718.62
547.487	718.62
547.7	741.62
547.914	736.62
548.127	734.62
548.34	732.62
548.554	718.62
548.767	721.62
548.98	734.62
549.193	713.62
549.407	731.62
549.62	736.62
549.833	751.62
550.046	716.62
550.259	721.62
550.473	721.62
550.686	727.62
550.899	707.62
551.112	696.62
551.325	696.62
551.538	695.62
551.751	662.62
551.964	673.62
552.177	723.62
552.39	716.62
552.603	707.62
552.816	733.62
553.029	748.62
553.242	744.62
553.455	777.62
553.667	749.62
553.88	790.62
554.093	766.62
554.306	736.62
554.519	743.62
554.732	708.62
554.944	716.62
555.157	679.62
555.37	689.62
555.583	659.62
555.795	683.62
556.008	643.62
556.221	658.62
556.433	646.62
556.646	625.62
556.859	649.62
557.071	643.62
557.284	635.62
557.496	636.62
557.709	650.62
557.921	635.62
558.134	610.62
558.346	627.62
558.559	629.62
558.771	639.62
558.984	622.62
559.196	608.62
559.409	590.62
559.621	626.62
559.833	647.62
560.046	619.62
560.258	639.62
560.47	632.62
560.683	615.62
560.895	623.62
561.107	619.62
561.32	607.62
561.532	601.62
561.744	595.62
561.956	596.62
562.168	624.62
562.381	619.62
562.593	601.62
562.805	616.62
563.017	604.62
563.229	608.62
563.441	597.62
563.653	597.62
563.865	609.62
564.077	584.62
564.289	588.62
564.501	589.62
564.713	635.62
564.925	643.62
565.137	631.62
565.349	646.62
565.561	637.62
565.773	673.62
565.985	683.62
566.197	700.62
566.408	759.62
566.62	777.62
566.832	802.62
567.044	842.62
567.255	827.62
567.467	836.62
567.679	863.62
567.891	918.62
568.102	944.62
568.314	894.62
568.526	818.62
568.737	757.62
568.949	733.62
569.161	671.62
569.372	616.62
569.584	630.62
569.795	604.62
570.007	597.62
570.218	652.62
570.43	635.62
570.641	579.62
570.853	581.62
571.064	587.62
571.276	561.62
571.487	570.62
571.698	553.62
571.91	520.62
572.121	502.62
572.333	531.62
572.544	518.62
572.755	501.62
572.966	499.62
573.178	479.62
573.389	472.62
573.6	512.62
573.811	518.62
574.023	484.62
574.234	497.62
574.445	495.62
574.656	469.62
574.867	494.62
575.078	503.62
575.289	480.62
575.501	489.62
575.712	481.62
575.923	469.62
576.134	450.62
576.345	479.62
576.556	472.62
576.767	488.62
576.978	463.62
577.188	471.62
577.399	471.62
577.61	455.62
577.821	445.62
578.032	481.62
578.243	516.62
578.454	813.62
578.665	574.62
578.875	462.62
579.086	432.62
579.297	443.62
579.508	417.62
579.718	438.62
579.929	407.62
580.14	432.62
580.35	423.62
580.561	438.62
580.772	420.62
580.982	404.62
581.193	404.62
581.403	424.62
581.614	419.62
581.825	410.62
582.035	421.62
582.246	417.62
582.456	413.62
582.667	405.62
582.877	424.62
583.087	398.62
583.298	414.62
583.508	400.62
583.719	410.62
583.929	403.62
584.139	420.62
584.35	406.62
584.56	393.62
584.77	404.62
584.981	419.62
585.191	414.62
585.401	395.62
585.611	379.62
585.821	417.62
586.032	400.62
586.242	394.62
586.452	421.62
586.662	399.62
586.872	399.62
587.082	383.62
587.292	391.62
587.502	396.62
587.713	388.62
587.923	383.62
588.133	375.62
588.343	368.62
588.553	382.62
588.762	396.62
588.972	399.62
589.182	398.62
589.392	383.62
589.602	427.62
589.812	410.62
590.022	419.62
590.232	401.62
590.441	378.62
590.651	400.62
590.861	400.62
591.071	392.62
591.281	393.62
591.49	389.62
591.7	394.62
591.91	404.62
592.119	400.62
592.329	404.62
592.539	440.62
592.748	435.62
592.958	422.62
593.167	434.62
593.377	438.62
593.587	464.62
593.796	444.62
594.006	428.62
594.215	464.62
594.424	462.62
594.634	467.62
594.843	446.62
595.053	449.62
595.262	429.62
595.472	399.62
595.681	405.62
595.89	382.62
596.1	369.62
596.309	355.62
596.518	389.62
596.727	383.62
596.937	381.62
597.146	368.62
597.355	350.62
597.564	384.62
597.774	373.62
597.983	363.62
598.192	361.62
598.401	371.62
598.61	363.62
598.819	347.62
599.028	349.62
599.237	347.62
599.446	351.62
599.655	334.62
599.864	343.62
600.073	356.62
600.282	335.62
600.491	324.62
600.7	347.62
600.909	340.62
601.118	334.62
601.327	358.62
601.536	357.62
601.745	360.62
601.953	361.62
602.162	358.62
602.371	354.62
602.58	329.62
602.789	357.62
602.997	326.62
603.206	336.62
603.415	358.62
603.623	355.62
603.832	339.62
604.041	340.62
604.249	333.62
604.458	332.62
604.666	312.62
604.875	325.62
605.084	353.62
605.292	354.62
605.501	347.62
605.709	355.62
605.918	326.62
606.126	350.62
606.334	345.62
606.543	335.62
606.751	337.62
606.96	317.62
607.168	332.62
607.376	329.62
607.585	344.62
607.793	342.62
608.001	339.62
608.21	336.62
608.418	329.62
608.626	321.62
608.834	333.62
609.043	325.62
609.251	344.62
609.459	333.62
609.667	327.62
609.875	340.62
610.083	337.62
610.291	325.62
610.499	321.62
610.707	345.62
610.916	329.62
611.124	326.62
611.332	336.62
611.54	343.62
611.748	338.62
611.955	330.62
612.163	328.62
612.371	309.62
612.579	335.62
612.787	309.62
612.995	324.62
613.203	316.62
613.411	310.62
613.618	326.62
613.826	313.62
614.034	329.62
614.242	308.62
614.449	305.62
614.657	309.62
614.865	319.62
615.072	314.62
615.28	313.62
615.488	309.62
615.695	312.62
615.903	310.62
616.111	310.62
616.318	324.62
616.526	313.62
616.733	327.62
616.941	303.62
617.148	344.62
617.356	301.62
617.563	302.62
617.771	301.62
617.978	314.62
618.185	309.62
618.393	314.62
618.6	298.62
618.807	299.62
619.015	312.62
619.222	315.62
619.429	281.62
619.637	301.62
619.844	277.62
620.051	294.62
620.258	292.62
620.466	285.62
620.673	272.62
620.88	288.62
621.087	289.62
621.294	283.62
621.501	294.62
621.708	298.62
621.915	285.62
622.122	285.62
622.329	307.62
622.536	275.62
622.743	283.62
622.95	278.62
623.157	277.62
623.364	280.62
623.571	280.62
623.778	286.62
623.985	275.62
624.192	264.62
624.399	261.62
624.606	267.62
624.812	270.62
625.019	249.62
625.226	269.62
625.433	265.62
625.639	262.62
625.846	283.62
626.053	265.62
626.259	270.62
626.466	255.62
626.673	250.62
626.879	253.62
627.086	238.62
627.293	264.62
627.499	274.62
627.706	258.62
627.912	259.62
628.119	252.62
628.325	269.62
628.532	259.62
628.738	232.62
628.945	231.62
629.151	247.62
629.357	258.62
629.564	261.62
629.77	241.62
629.976	236.62
630.183	234.62
630.389	245.62
630.595	233.62
630.802	242.62
631.008	247.62
631.214	244.62
631.42	235.62
631.627	223.62
631.833	239.62
632.039	228.62
632.245	229.62
632.451	232.62
632.657	241.62
632.863	228.62
633.069	229.62
633.275	236.62
633.481	255.62
633.688	238.62
633.893	232.62
634.099	241.62
634.305	228.62
634.511	217.62
634.717	236.62
634.923	224.62
635.129	221.62
635.335	227.62
635.541	238.62
635.747	253.62
635.952	253.62
636.158	288.62
636.364	340.62
636.57	407.62
636.775	351.62
636.981	297.62
637.187	289.62
637.392	272.62
637.598	246.62
637.804	260.62
638.009	246.62
638.215	242.62
638.421	227.62
638.626	235.62
638.832	214.62
639.037	230.62
639.243	212.62
639.448	226.62
639.654	223.62
639.859	232.62
640.065	220.62
640.27	245.62
640.475	230.62
640.681	227.62
640.886	221.62
641.091	224.62
641.297	226.62
641.502	192.62
641.707	213.62
641.913	213.62
642.118	217.62
642.323	209.62
642.528	221.62
642.733	214.62
642.939	213.62
643.144	200.62
643.349	195.62
643.554	177.62
643.759	196.62
643.964	186.62
644.169	200.62
644.374	186.62
644.579	189.62
644.784	204.62
644.989	211.62
645.194	210.62
645.399	205.62
645.604	205.62
645.809	187.62
646.014	208.62
646.219	208.62
646.423	192.62
646.628	213.62
646.833	199.62
647.038	222.62
647.243	200.62
647.447	215.62
647.652	215.62
647.857	211.62
648.062	206.62
648.266	213.62
648.471	211.62
648.676	221.62
648.88	203.62
649.085	223.62
649.289	221.62
649.494	207.62
649.698	232.62
649.903	205.62
650.107	190.62
650.312	204.62
650.516	188.62
650.721	202.62
650.925	193.62
651.13	171.62
651.334	182.62
651.539	177.62
651.743	189.62
651.947	172.62
652.152	161.62
652.356	190.62
652.56	165.62
652.764	172.62
652.969	166.62
653.173	160.62
653.377	153.62
653.581	179.62
653.785	160.62
653.99	168.62
654.194	150.62
654.398	149.62
654.602	159.62
654.806	171.62
655.01	166.62
655.214	152.62
655.418	146.62
655.622	167.62
655.826	152.62
656.03	166.62
656.234	168.62
656.438	175.62
656.642	148.62
656.846	137.62
657.049	156.62
657.253	153.62
657.457	144.62
657.661	121.62
657.865	127.62
658.068	116.62
658.272	127.62
658.476	118.62
658.68	114.62
658.883	120.62
659.087	110.62
659.291	104.62
659.494	109.62
659.698	119.62
659.901	115.62
660.105	102.62
660.309	99.62
660.512	103.62
660.716	104.62
660.919	94.62
661.123	102.62
661.326	106.62
661.53	101.62
661.733	89.62
661.936	104.62
662.14	95.62
662.343	89.62
662.546	84.62
662.75	79.62
662.953	85.62
663.156	85.62
663.36	85.62
663.563	80.62
663.766	79.62
663.969	93.62
664.173	81.62
664.376	88.62
664.579	73.62
664.782	78.62
664.985	68.62
665.188	86.62
665.391	76.62
665.594	97.62
665.797	88.62
666	86.62
666.203	80.62
666.406	87.62
666.609	80.62
666.812	96.62
667.015	83.62
667.218	79.62
667.421	69.62
667.624	77.62
667.827	83.62
668.03	67.62
668.232	80.62
668.435	87.62
668.638	80.62
668.841	68.62
669.043	98.62
669.246	84.62
669.449	90.62
669.651	77.62
669.854	77.62
670.057	79.62
670.259	100.62
670.462	84.62
670.665	92.62
670.867	94.62
671.07	77.62
671.272	83.62
671.475	83.62
671.677	77.62
671.88	100.62
672.082	95.62
672.284	88.62
672.487	92.62
672.689	74.62
672.892	83.62
